/*--------------------------------*- C++ -*----------------------------------*\
| =========                 |                                                 |
| \\      /  F ield         | OpenFOAM: The Open Source CFD Toolbox           |
|  \\    /   O peration     | Version:  4.1                                   |
|   \\  /    A nd           | Web:      www.OpenFOAM.org                      |
|    \\/     M anipulation  |                                                 |
\*---------------------------------------------------------------------------*/
FoamFile
{
    version     2.0;
    format      ascii;
    class       volVectorField;
    location    "0.2";
    object      U;
}
// * * * * * * * * * * * * * * * * * * * * * * * * * * * * * * * * * * * * * //

dimensions      [0 1 -1 0 0 0 0];

internalField   nonuniform List<vector> 
2000
(
(0.0304364 -0.0256928 -3.90427e-20)
(0.0461765 -0.0351132 0)
(0.0494643 -0.0326678 -6.66937e-20)
(0.049839 -0.0285554 -3.10009e-20)
(0.0497246 -0.0248876 5.73718e-20)
(0.0496002 -0.0218988 7.89929e-20)
(0.0495357 -0.0195224 -2.40552e-20)
(0.0494927 -0.0176655 0)
(0.0491152 -0.0164342 2.17663e-20)
(0.0480881 -0.0159564 0)
(0.0344665 -0.0250846 1.90671e-20)
(0.0516603 -0.0342866 -1.86718e-20)
(0.0545391 -0.0319171 6.9364e-20)
(0.0542367 -0.0279226 9.61379e-20)
(0.0534949 -0.024359 1.45637e-21)
(0.0528131 -0.021443 -2.60206e-20)
(0.0522382 -0.019077 2.71848e-20)
(0.0517433 -0.0171263 2.46337e-20)
(0.0510329 -0.0157701 -2.17663e-20)
(0.0498029 -0.0153248 -4.18207e-20)
(0.038343 -0.0238462 -2.09244e-20)
(0.05693 -0.0325948 1.96005e-20)
(0.0594144 -0.0303526 -3.54094e-20)
(0.0584649 -0.0265629 1.61835e-21)
(0.057134 -0.023175 -3.04253e-20)
(0.0559519 -0.0203875 -2.82988e-20)
(0.0549557 -0.0180964 -2.63771e-20)
(0.0541239 -0.0161674 -2.46337e-20)
(0.0532398 -0.0148092 -2.43832e-20)
(0.0520326 -0.0144131 2.29104e-20)
(0.041972 -0.0220112 -1.0714e-23)
(0.0618592 -0.030085 2.0539e-20)
(0.0639757 -0.0280211 0)
(0.0624259 -0.0245259 -3.34337e-20)
(0.0605541 -0.0213953 3.28558e-20)
(0.0589211 -0.0188108 0)
(0.0575532 -0.0166744 0)
(0.0564194 -0.0148655 0)
(0.0553458 -0.0135965 2.43832e-20)
(0.0541174 -0.0132456 -4.56985e-20)
(0.0452662 -0.0196277 -4.64838e-20)
(0.0663291 -0.0268247 -5.21362e-22)
(0.068113 -0.0249879 -2.0397e-20)
(0.0660229 -0.021872 -1.71656e-20)
(0.0636668 -0.0190771 -1.76385e-20)
(0.0616321 -0.0167647 -1.64768e-20)
(0.0599334 -0.0148474 0)
(0.0585253 -0.0132199 -1.44921e-20)
(0.057265 -0.0120811 6.64432e-20)
(0.0559848 -0.0117677 -8.73499e-20)
(0.0481465 -0.0167567 7.16267e-20)
(0.0702323 -0.0228989 -4.99358e-22)
(0.0717259 -0.0213335 4.12472e-20)
(0.0691667 -0.0186737 -3.83497e-20)
(0.0663916 -0.0162851 5.36969e-20)
(0.0640101 -0.0143059 -1.73771e-20)
(0.0620255 -0.0126618 0)
(0.0603782 -0.0112643 1.44921e-20)
(0.0589531 -0.010288 -1.36353e-20)
(0.0576245 -0.0100172 -5.35963e-20)
(0.0505437 -0.0134702 0)
(0.0734749 -0.0184074 0)
(0.0747266 -0.0171518 2.18422e-20)
(0.0717793 -0.0150139 -2.03357e-20)
(0.0686584 -0.0130919 1.8925e-20)
(0.0659911 -0.0114978 -1.7768e-20)
(0.0637706 -0.010172 -3.32324e-20)
(0.0619254 -0.00904373 3.14117e-20)
(0.0603641 -0.00825683 2.94939e-20)
(0.0589962 -0.00803617 -1.44307e-20)
(0.0524002 -0.0098496 -1.34568e-20)
(0.0759791 -0.0134624 0)
(0.0770421 -0.0125481 1.11675e-20)
(0.0737958 -0.0109851 -4.25372e-20)
(0.0704092 -0.00957823 3.00394e-20)
(0.0675227 -0.00841052 0)
(0.065121 -0.00743846 0)
(0.0631237 -0.00661076 0)
(0.0614582 -0.00603452 3.10998e-20)
(0.0600607 -0.00587049 -2.9558e-20)
(0.0536719 -0.00598378 6.5789e-21)
(0.0776843 -0.00818611 -1.41726e-22)
(0.0786161 -0.0076364 1.16904e-20)
(0.0751661 -0.00668742 -5.68267e-21)
(0.0715995 -0.00583098 -5.08736e-21)
(0.0685647 -0.00511972 -9.75225e-21)
(0.0660404 -0.00452725 0)
(0.0639399 -0.00402281 4.43258e-21)
(0.0622042 -0.00367239 2.05639e-20)
(0.0607868 -0.00356912 -1.55545e-20)
(0.0543297 -0.00196618 0)
(0.078548 -0.00270717 6.58454e-21)
(0.0794101 -0.00253803 0)
(0.0758564 -0.00222667 2.77994e-21)
(0.0721992 -0.00194213 2.59812e-21)
(0.0690899 -0.0017055 5.09733e-21)
(0.066504 -0.00150823 0)
(0.0643518 -0.00134079 -4.43259e-21)
(0.0625811 -0.00122496 -4.19724e-21)
(0.0611533 -0.00118466 -4.08349e-21)
(0.00259537 -0.00198513 0)
(0.00800812 -0.00271787 3.39992e-21)
(0.0137592 -0.00252054 0)
(0.018407 -0.00219028 4.26994e-21)
(0.0220954 -0.00189043 1.30109e-21)
(0.0250705 -0.00163754 -2.35904e-21)
(0.0274946 -0.00142509 2.2216e-21)
(0.0294855 -0.00124563 -2.01336e-21)
(0.0311312 -0.00109267 -4.16411e-23)
(0.0324968 -0.000958471 -1.71151e-21)
(0.0032182 -0.00591524 1.08808e-20)
(0.00886928 -0.00809032 -6.75841e-21)
(0.0145731 -0.00750503 6.25749e-21)
(0.0191253 -0.00652228 -2.84314e-21)
(0.0227282 -0.00562902 -1.30454e-20)
(0.0256328 -0.00487557 4.85501e-21)
(0.0279983 -0.00424266 0)
(0.0299418 -0.00370794 2.00665e-21)
(0.0315611 -0.00325136 1.83758e-21)
(0.0328902 -0.00285318 0)
(0.00445698 -0.00971152 -7.26813e-21)
(0.0105765 -0.0132728 0)
(0.0161805 -0.0123146 -1.87628e-20)
(0.0205466 -0.0107023 2.30933e-20)
(0.0239818 -0.00923568 -5.44098e-21)
(0.0267473 -0.00799839 0)
(0.0289967 -0.00695897 0)
(0.0308454 -0.00608059 0)
(0.0324107 -0.00532807 -1.47363e-20)
(0.0336806 -0.00467944 1.40058e-20)
(0.00628272 -0.0132787 0)
(0.0130905 -0.0181437 1.39041e-20)
(0.0185445 -0.0168332 -2.56229e-20)
(0.0226376 -0.0146285 1.18631e-20)
(0.0258267 -0.0126226 -1.0698e-20)
(0.0283883 -0.0109294 2.96543e-20)
(0.0304671 -0.00950603 -5.00546e-22)
(0.0321732 -0.00830167 -1.69913e-20)
(0.0336497 -0.00726183 -1.51032e-20)
(0.0348388 -0.00636937 2.15216e-20)
(0.00865379 -0.0165338 -1.50321e-20)
(0.0163534 -0.0225883 2.87854e-20)
(0.0216106 -0.0209553 2.77841e-22)
(0.0253497 -0.0182102 -1.02079e-22)
(0.0282211 -0.015712 -1.06914e-20)
(0.0305206 -0.013601 3.09838e-20)
(0.0323818 -0.0118238 0)
(0.0339055 -0.0103165 8.77367e-21)
(0.03527 -0.00899921 -8.0753e-21)
(0.0363971 -0.0078652 2.8838e-20)
(0.0115159 -0.0193984 2.25423e-22)
(0.0202889 -0.0264986 -2.9198e-20)
(0.0253061 -0.0245826 -1.33338e-20)
(0.0286181 -0.0213639 -1.30577e-20)
(0.0311087 -0.0184337 -1.12701e-20)
(0.0330971 -0.0159539 -1.03649e-20)
(0.0347012 -0.0138604 0)
(0.0360048 -0.0120765 -8.77368e-21)
(0.0372152 -0.0104891 -2.43151e-20)
(0.0382494 -0.00909288 7.86896e-21)
(0.014802 -0.0218003 6.15248e-24)
(0.0248023 -0.0297773 -1.51904e-20)
(0.02954 -0.0276276 0)
(0.0323616 -0.0240172 2.46204e-20)
(0.03442 -0.02073 -2.39001e-20)
(0.0360621 -0.017943 0)
(0.0373906 -0.0155799 0)
(0.0384693 -0.0135499 0)
(0.0395442 -0.011693 1.75752e-20)
(0.0405929 -0.00998863 3.03532e-20)
(0.0184322 -0.0236765 1.68212e-20)
(0.0297814 -0.03234 -1.57569e-20)
(0.0342036 -0.0300154 -2.9636e-20)
(0.0364814 -0.0261106 -1.06881e-21)
(0.038066 -0.0225582 -2.52117e-20)
(0.0393373 -0.0195433 -2.32883e-20)
(0.0403816 -0.0169744 -2.15307e-20)
(0.041229 -0.0147389 -1.99219e-20)
(0.0421168 -0.0126028 -1.75752e-20)
(0.043029 -0.0104676 1.62473e-20)
(0.0223157 -0.0249745 5.32514e-20)
(0.0350977 -0.0341165 1.6327e-20)
(0.0391714 -0.0316842 6.03168e-20)
(0.0408601 -0.0275968 2.78168e-20)
(0.0419385 -0.0238907 -1.14e-21)
(0.0428337 -0.0207576 2.25012e-20)
(0.0436421 -0.0180921 -2.32873e-20)
(0.0444005 -0.0157443 1.99219e-20)
(0.0453875 -0.0133332 -1.94439e-20)
(0.0467078 -0.0105681 3.44374e-20)
(0.0263519 -0.0256546 -3.57478e-20)
(0.0406104 -0.0350529 0)
(0.0443036 -0.0325829 -3.08996e-20)
(0.0453558 -0.0284316 4.6828e-22)
(0.0458728 -0.0246983 -7.5352e-22)
(0.0463245 -0.0215959 -2.51443e-20)
(0.0468189 -0.0190364 6.92507e-20)
(0.0473891 -0.0168599 0)
(0.0481637 -0.0145883 1.9444e-20)
(0.0490828 -0.0114713 0)
(0.0336698 -0.000861609 0)
(0.0348958 -0.00075105 1.47497e-21)
(0.0359721 -0.000649301 -2.8905e-21)
(0.0369032 -0.000564805 1.2423e-21)
(0.0377216 -0.000493013 0)
(0.0384422 -0.000431336 -1.19431e-21)
(0.0390756 -0.000378267 1.20023e-21)
(0.0396314 -0.00033241 0)
(0.0401178 -0.000292497 0)
(0.0405414 -0.000257387 -1.16036e-22)
(0.0409068 -0.000225961 0)
(0.0412163 -0.000196814 0)
(0.0414715 -0.000168204 0)
(0.0416827 -0.000140873 0)
(0.0418646 -0.000114968 1.14064e-22)
(0.0420231 -9.05302e-05 -1.14654e-22)
(0.0421568 -6.77253e-05 0)
(0.0422653 -4.66534e-05 2.32396e-23)
(0.0423502 -2.77204e-05 -2.33619e-23)
(0.0424123 -1.32935e-05 0)
(0.0338232 -0.00258341 0)
(0.0350696 -0.00222765 -3.83749e-22)
(0.0361352 -0.00191326 0)
(0.0370423 -0.00165405 -5.21603e-21)
(0.0378421 -0.0014318 5.08187e-21)
(0.0385475 -0.00123973 -3.1262e-22)
(0.0391681 -0.00107367 2.2478e-21)
(0.0397136 -0.000929598 -4.62365e-21)
(0.0401919 -0.000803955 3.77906e-21)
(0.0406096 -0.000693606 -2.05896e-21)
(0.040972 -0.000595764 -1.6033e-21)
(0.0412823 -0.000507788 2.85381e-21)
(0.0415389 -0.000427133 -1.44147e-21)
(0.0417491 -0.000353154 -6.93414e-22)
(0.041929 -0.000284781 5.47516e-22)
(0.0420846 -0.000223432 -1.04057e-22)
(0.042215 -0.000167882 -8.14025e-23)
(0.0423198 -0.000116734 -9.29552e-23)
(0.042401 -7.01641e-05 9.34054e-23)
(0.0424596 -3.43827e-05 -1.2038e-23)
(0.0341702 -0.00430918 4.09637e-22)
(0.0354604 -0.00366702 3.84415e-22)
(0.036485 -0.00314826 3.74872e-22)
(0.0373425 -0.00272982 0)
(0.0381058 -0.00237188 5.8473e-21)
(0.0387801 -0.00206492 -4.56767e-21)
(0.0393739 -0.00180095 0)
(0.0398966 -0.0015725 5.52065e-22)
(0.040356 -0.00137341 2.53265e-22)
(0.0407581 -0.00119846 -3.1063e-21)
(0.0411073 -0.00104301 3.52375e-22)
(0.0414062 -0.000902567 3.6363e-21)
(0.0416535 -0.00077205 1.72521e-22)
(0.0418564 -0.00064297 1.47545e-22)
(0.0420271 -0.000521738 1.27876e-22)
(0.0421727 -0.000410615 -2.66403e-22)
(0.042297 -0.000307943 2.55444e-22)
(0.0423988 -0.000212981 2.79742e-22)
(0.0424779 -0.000126897 5.90085e-23)
(0.0425333 -6.04782e-05 9.24257e-26)
(0.0347124 -0.00599054 1.26054e-20)
(0.0360537 -0.00498475 -6.21159e-22)
(0.0369706 -0.00425411 -1.00955e-21)
(0.0377468 -0.00365886 -1.18784e-20)
(0.0384532 -0.00314614 -1.03154e-21)
(0.0390807 -0.002709 -3.1818e-22)
(0.0396371 -0.00233545 8.69861e-21)
(0.0401307 -0.00201481 -5.29273e-21)
(0.0405674 -0.00173819 -4.3356e-21)
(0.0409527 -0.00149785 3.89031e-21)
(0.0412915 -0.00128692 -3.58168e-22)
(0.0415888 -0.0010991 -3.89321e-21)
(0.0418481 -0.000927974 -1.71084e-22)
(0.0420596 -0.000766251 -1.41836e-21)
(0.0422248 -0.000616536 9.90026e-22)
(0.0423624 -0.000482557 7.4808e-22)
(0.0424773 -0.000361407 -6.65269e-22)
(0.0425681 -0.000250577 0)
(0.0426356 -0.000149796 -1.06783e-22)
(0.0426802 -7.16613e-05 -1.1916e-23)
(0.035549 -0.00762562 -2.82308e-20)
(0.0369583 -0.00623097 1.20441e-20)
(0.0376962 -0.00536441 -1.29074e-20)
(0.0383677 -0.00464266 0)
(0.0389888 -0.00402362 6.93733e-22)
(0.0395398 -0.00349789 1.02351e-20)
(0.0400318 -0.00304614 -9.52448e-23)
(0.0404716 -0.00265511 -7.13296e-22)
(0.0408642 -0.00231459 -8.8616e-21)
(0.0412136 -0.002016 -4.80688e-22)
(0.0415229 -0.00175198 0)
(0.0417947 -0.00151596 3.91847e-22)
(0.0420318 -0.0013006 0)
(0.0422287 -0.00109736 3.01363e-22)
(0.042379 -0.00089609 0)
(0.0424977 -0.000705582 0)
(0.0426004 -0.000528851 -1.63476e-22)
(0.0426863 -0.000365224 1.89522e-22)
(0.0427524 -0.00021628 -1.66924e-22)
(0.0427935 -9.98837e-05 4.8268e-23)
(0.0365428 -0.0091001 0)
(0.0379757 -0.00718363 8.46926e-22)
(0.0384376 -0.00613729 2.55248e-20)
(0.0389881 -0.00520233 -2.4732e-20)
(0.0395157 -0.00441278 7.45377e-22)
(0.0399964 -0.00375437 0)
(0.0404366 -0.00320076 9.88028e-21)
(0.040836 -0.00273381 -1.84165e-20)
(0.0411963 -0.00233778 9.69928e-21)
(0.0415202 -0.00199944 5.10222e-22)
(0.0418109 -0.00170778 4.62325e-22)
(0.0420733 -0.00145321 4.14204e-22)
(0.0423156 -0.00122695 0)
(0.042533 -0.00102254 -1.99062e-21)
(0.0427013 -0.000829136 4.50065e-21)
(0.0428196 -0.00064556 -1.92406e-21)
(0.0429091 -0.000476253 1.71033e-22)
(0.0429767 -0.000326442 1.22192e-22)
(0.0430216 -0.000192809 -4.81412e-23)
(0.0430442 -8.88008e-05 4.88196e-23)
(0.0380341 -0.0104782 -3.11756e-20)
(0.0395127 -0.00821671 0)
(0.0396215 -0.00723989 8.80506e-22)
(0.0399937 -0.00627323 -1.62388e-21)
(0.0403369 -0.00545244 -1.52592e-21)
(0.0406617 -0.00474219 -7.29602e-22)
(0.0409754 -0.00412128 -6.79144e-22)
(0.0412742 -0.00357906 8.81392e-21)
(0.0415558 -0.00310514 -1.05281e-20)
(0.0418183 -0.00269002 -8.87015e-21)
(0.0420602 -0.00232488 7.36348e-21)
(0.0422811 -0.00200181 -8.35062e-22)
(0.0424828 -0.00171458 2.73416e-21)
(0.0426685 -0.00145928 -7.00577e-22)
(0.0428224 -0.00122454 -2.87316e-21)
(0.0429321 -0.000980468 -2.24509e-22)
(0.0430055 -0.000735876 2.40343e-22)
(0.0430592 -0.000507956 -3.12482e-22)
(0.0431019 -0.000299362 -4.60666e-22)
(0.0431236 -0.000132657 -2.50491e-23)
(0.0393268 -0.0113504 0)
(0.0406826 -0.00837525 2.99757e-20)
(0.0404594 -0.00710439 -3.0728e-20)
(0.0407357 -0.00585043 8.33542e-22)
(0.0410072 -0.00486586 1.59801e-21)
(0.0412824 -0.00406729 7.28982e-22)
(0.0415515 -0.0034112 1.38397e-21)
(0.0418073 -0.00286728 0)
(0.0420484 -0.00241212 5.73533e-22)
(0.0422745 -0.00202864 5.22138e-22)
(0.0424858 -0.00170377 4.91191e-22)
(0.0426828 -0.00142707 8.58083e-22)
(0.0428675 -0.00118986 0)
(0.0430451 -0.000985612 0)
(0.0432257 -0.000809432 2.69042e-22)
(0.0433786 -0.000648898 2.0488e-21)
(0.0434645 -0.000492049 -1.42422e-21)
(0.0435039 -0.00032645 1.2582e-22)
(0.0435202 -0.000180793 2.45981e-22)
(0.0435181 -7.78209e-05 -7.52949e-23)
(0.0419918 -0.0123224 -3.59085e-20)
(0.0431108 -0.0100132 0)
(0.0423055 -0.00912971 0)
(0.0421254 -0.00799733 2.7767e-20)
(0.0420206 -0.00697793 -2.52903e-21)
(0.0420246 -0.00605379 -4.9649e-20)
(0.0420995 -0.00523616 2.31016e-20)
(0.0422161 -0.00452069 0)
(0.0423554 -0.00389609 0)
(0.0425045 -0.00334965 0)
(0.0426554 -0.00286926 -2.29789e-22)
(0.042803 -0.00244424 -6.57694e-22)
(0.0429442 -0.00206563 -5.73869e-21)
(0.0430776 -0.00172686 5.52814e-21)
(0.0432024 -0.0014255 -2.02364e-21)
(0.0433195 -0.00116602 1.78714e-21)
(0.043423 -0.000924926 0)
(0.0434768 -0.000677359 -5.78346e-23)
(0.0434717 -0.000418531 -7.26644e-23)
(0.0434522 -0.000183157 0)
(0.0428027 -0.0102157 5.67956e-22)
(0.0435588 -0.00721875 3.42795e-20)
(0.0433209 -0.0058049 -3.39229e-20)
(0.0432409 -0.00472105 0)
(0.0431562 -0.00386245 -2.7727e-20)
(0.0431048 -0.00315276 5.30757e-20)
(0.0430988 -0.00255634 -2.53721e-20)
(0.0431337 -0.00205545 0)
(0.0432006 -0.00163745 -9.79221e-21)
(0.0432903 -0.00129143 1.85179e-20)
(0.0433946 -0.00100736 -8.98712e-21)
(0.0435071 -0.000776116 2.22732e-22)
(0.0436233 -0.000589499 0)
(0.04374 -0.000440509 5.27695e-21)
(0.0438539 -0.000323786 -7.17191e-21)
(0.0439603 -0.000235934 2.09081e-21)
(0.0440585 -0.00017584 1.24514e-21)
(0.0441468 -0.000138739 -8.84096e-22)
(0.0442059 -9.88795e-05 -4.07804e-22)
(0.0442178 -5.32263e-05 0)
(0.048578 -0.014986 0)
(0.0461641 -0.0141404 0)
(0.045211 -0.0122517 0)
(0.0446774 -0.0105834 0)
(0.0442923 -0.00919743 0)
(0.044034 -0.00801517 0)
(0.0438733 -0.00698333 0)
(0.0437844 -0.00607121 0)
(0.0437484 -0.00525933 0)
(0.0437509 -0.00453351 0)
(0.0437805 -0.00388227 0)
(0.0438281 -0.00329594 0)
(0.0438872 -0.00276632 0)
(0.0439525 -0.00228667 0)
(0.0440196 -0.00185156 0)
(0.0440838 -0.00145595 0)
(0.0441401 -0.0010942 0)
(0.044183 -0.000764766 0)
(0.0442079 -0.000468503 0)
(0.044219 -0.000222063 0)
(0.0504981 -0.0106459 0)
(0.0479041 -0.00991876 0)
(0.0465446 -0.00879806 0)
(0.0457372 -0.00773664 0)
(0.04518 -0.00678619 0)
(0.0447967 -0.00593714 0)
(0.0445348 -0.00517732 0)
(0.0443592 -0.00449684 0)
(0.0442471 -0.00388759 0)
(0.0441819 -0.00334242 0)
(0.0441513 -0.00285467 0)
(0.0441458 -0.00241807 0)
(0.0441579 -0.00202675 0)
(0.0441819 -0.00167537 0)
(0.0442126 -0.00135913 0)
(0.0442458 -0.0010734 0)
(0.0442773 -0.000813181 0)
(0.0443029 -0.000573103 0)
(0.0443182 -0.000349712 0)
(0.0443251 -0.000162075 0)
(0.050504 -0.0090448 0)
(0.0484983 -0.00878085 0)
(0.0473674 -0.00811633 0)
(0.0465792 -0.00735351 0)
(0.0459774 -0.00659353 0)
(0.045532 -0.00587096 0)
(0.0452052 -0.00519805 0)
(0.0449674 -0.00457781 0)
(0.0447973 -0.00400938 0)
(0.0446791 -0.00349008 0)
(0.0446007 -0.00301635 0)
(0.0445523 -0.00258424 0)
(0.0445264 -0.00218967 0)
(0.0445168 -0.00182862 0)
(0.0445184 -0.00149717 0)
(0.0445265 -0.00119137 0)
(0.0445375 -0.000907141 0)
(0.0445477 -0.000640543 0)
(0.0445539 -0.000390074 0)
(0.0445583 -0.000178775 0)
(0.0505656 -0.00799338 0)
(0.0489141 -0.00776396 0)
(0.047971 -0.00728659 0)
(0.0472438 -0.0067124 0)
(0.0466451 -0.0061063 0)
(0.0461751 -0.00550344 0)
(0.0458112 -0.00492273 0)
(0.0455314 -0.00437347 0)
(0.0453184 -0.00385969 0)
(0.0451586 -0.0033824 0)
(0.0450409 -0.00294084 0)
(0.0449563 -0.00253316 0)
(0.0448974 -0.00215694 0)
(0.0448583 -0.00180936 0)
(0.0448338 -0.00148736 0)
(0.0448197 -0.00118767 0)
(0.0448125 -0.000906742 0)
(0.0448089 -0.000641085 0)
(0.0448066 -0.000390088 0)
(0.0448071 -0.000178472 0)
(0.0506027 -0.00702679 0)
(0.04922 -0.00683848 0)
(0.0484189 -0.00648273 0)
(0.0477575 -0.00604541 0)
(0.0471843 -0.00556468 0)
(0.0467135 -0.00506897 0)
(0.0463332 -0.00457724 0)
(0.0460284 -0.0041009 0)
(0.0457864 -0.00364646 0)
(0.045596 -0.00321725 0)
(0.045448 -0.00281448 0)
(0.0453343 -0.00243796 0)
(0.0452483 -0.00208657 0)
(0.0451845 -0.00175854 0)
(0.0451381 -0.00145168 0)
(0.0451052 -0.00116338 0)
(0.0450827 -0.00089077 0)
(0.0450675 -0.000630993 0)
(0.0450576 -0.000384248 0)
(0.0450543 -0.000175914 0)
(0.0506696 -0.00621114 0)
(0.0494664 -0.0060544 0)
(0.0487643 -0.00577956 0)
(0.0481616 -0.00543855 0)
(0.0476213 -0.00505327 0)
(0.0471623 -0.0046449 0)
(0.0467791 -0.00422973 0)
(0.046462 -0.00381893 0)
(0.0462019 -0.00341978 0)
(0.0459904 -0.00303673 0)
(0.04582 -0.00267221 0)
(0.045684 -0.00232716 0)
(0.0455767 -0.00200145 0)
(0.045493 -0.00169422 0)
(0.0454288 -0.00140399 0)
(0.0453805 -0.00112888 0)
(0.0453452 -0.00086664 0)
(0.0453204 -0.000615058 0)
(0.045304 -0.000374987 0)
(0.0452972 -0.000171915 0)
(0.0507125 -0.00548724 0)
(0.0496589 -0.0053645 0)
(0.049035 -0.00514933 0)
(0.0484837 -0.00487948 0)
(0.0479779 -0.00456804 0)
(0.047537 -0.00423054 0)
(0.0471591 -0.00388027 0)
(0.0468384 -0.00352716 0)
(0.0465685 -0.00317834 0)
(0.0463436 -0.00283863 0)
(0.0461575 -0.00251108 0)
(0.046005 -0.00219734 0)
(0.0458812 -0.00189801 0)
(0.0457819 -0.00161288 0)
(0.0457034 -0.00134112 0)
(0.0456426 -0.00108143 0)
(0.045597 -0.00083213 0)
(0.0455642 -0.000591582 0)
(0.0455424 -0.000361109 0)
(0.0455326 -0.000165808 0)
(0.0507393 -0.00484192 0)
(0.0498106 -0.00474692 0)
(0.0492496 -0.00457742 0)
(0.0487428 -0.00436214 0)
(0.0482702 -0.00410897 0)
(0.0478501 -0.00382939 0)
(0.0474825 -0.00353403 0)
(0.0471639 -0.00323138 0)
(0.0468904 -0.00292792 0)
(0.0466577 -0.00262842 0)
(0.0464613 -0.00233611 0)
(0.0462971 -0.00205303 0)
(0.0461611 -0.00178025 0)
(0.0460499 -0.00151804 0)
(0.0459602 -0.00126607 0)
(0.0458895 -0.00102352 0)
(0.0458356 -0.000789193 0)
(0.0457964 -0.000561937 0)
(0.0457701 -0.000343411 0)
(0.0457577 -0.000157915 0)
(0.0507476 -0.00426025 0)
(0.0499284 -0.00418871 0)
(0.04942 -0.00405529 0)
(0.0489522 -0.0038829 0)
(0.0485106 -0.00367641 0)
(0.0481119 -0.00344449 0)
(0.0477572 -0.00319561 0)
(0.0474445 -0.00293687 0)
(0.0471715 -0.00267399 0)
(0.0469354 -0.00241136 0)
(0.0467329 -0.00215219 0)
(0.0465609 -0.00189867 0)
(0.0464162 -0.00165211 0)
(0.0462961 -0.00141312 0)
(0.0461979 -0.00118173 0)
(0.0461195 -0.00095751 0)
(0.046059 -0.000739661 0)
(0.0460147 -0.000527415 0)
(0.0459849 -0.000322658 0)
(0.0459705 -0.000148569 0)
(0.0507427 -0.00373402 0)
(0.0500194 -0.00368098 0)
(0.0495555 -0.00357615 0)
(0.0491217 -0.00343793 0)
(0.0487086 -0.00326927 0)
(0.0483309 -0.00307684 0)
(0.0479901 -0.00286742 0)
(0.0476855 -0.00264689 0)
(0.0474159 -0.00242016 0)
(0.0471795 -0.00219115 0)
(0.046974 -0.0019629 0)
(0.0467972 -0.00173756 0)
(0.0466467 -0.00151658 0)
(0.0465202 -0.00130075 0)
(0.0464158 -0.00109036 0)
(0.0463316 -0.000885254 0)
(0.0462661 -0.000684968 0)
(0.0462178 -0.000489036 0)
(0.0461852 -0.000299468 0)
(0.0461691 -0.000138052 0)
(0.050728 -0.00325499 0)
(0.0500893 -0.00321636 0)
(0.0496631 -0.00313426 0)
(0.049259 -0.0030235 0)
(0.0488717 -0.0028858 0)
(0.0485138 -0.00272636 0)
(0.0481871 -0.00255061 0)
(0.0478917 -0.00236338 0)
(0.0476272 -0.00216884 0)
(0.0473926 -0.00197044 0)
(0.0471865 -0.00177091 0)
(0.0470072 -0.00157229 0)
(0.046853 -0.00137604 0)
(0.0467223 -0.00118306 0)
(0.0466134 -0.000993794 0)
(0.046525 -0.000808295 0)
(0.0464557 -0.000626329 0)
(0.0464043 -0.000447674 0)
(0.0463696 -0.000274375 0)
(0.0463523 -0.000126612 0)
(0.0507072 -0.00281632 0)
(0.0501425 -0.00278865 0)
(0.0497484 -0.00272462 0)
(0.0493701 -0.0026361 0)
(0.0490058 -0.00252396 0)
(0.0486661 -0.00239228 0)
(0.0483531 -0.00224543 0)
(0.0480673 -0.00208737 0)
(0.0478088 -0.00192159 0)
(0.0475774 -0.00175105 0)
(0.0473722 -0.00157816 0)
(0.0471921 -0.00140481 0)
(0.0470359 -0.00123238 0)
(0.0469025 -0.00106178 0)
(0.0467906 -0.000893559 0)
(0.0466991 -0.000727904 0)
(0.0466271 -0.000564755 0)
(0.0465735 -0.000404063 0)
(0.0465371 -0.000247834 0)
(0.0465189 -0.000114463 0)
(0.0506831 -0.0024118 0)
(0.0501827 -0.00239239 0)
(0.0498157 -0.00234277 0)
(0.0494596 -0.00227239 0)
(0.0491155 -0.00218153 0)
(0.0487923 -0.00207342 0)
(0.048492 -0.00195158 0)
(0.0482156 -0.00181922 0)
(0.0479636 -0.00167924 0)
(0.0477361 -0.00153414 0)
(0.0475327 -0.00138602 0)
(0.047353 -0.00123655 0)
(0.0471961 -0.00108698 0)
(0.0470611 -0.000938224 0)
(0.0469473 -0.000790838 0)
(0.0468538 -0.0006451 0)
(0.0467799 -0.000501064 0)
(0.0467247 -0.000358803 0)
(0.0466871 -0.000220219 0)
(0.0466682 -0.000101784 0)
(0.050658 -0.0020358 0)
(0.0502129 -0.0020227 0)
(0.0498684 -0.00198466 0)
(0.0495313 -0.00192919 0)
(0.0492047 -0.00185623 0)
(0.048896 -0.00176833 0)
(0.0486073 -0.00166832 0)
(0.0483396 -0.0015588 0)
(0.0480939 -0.00144212 0)
(0.0478706 -0.00132038 0)
(0.0476698 -0.00119535 0)
(0.0474911 -0.00106847 0)
(0.0473342 -0.000940874 0)
(0.0471986 -0.000813379 0)
(0.0470837 -0.000686541 0)
(0.0469889 -0.000560672 0)
(0.0469137 -0.000435901 0)
(0.0468574 -0.000312372 0)
(0.046819 -0.000191829 0)
(0.0467996 -8.87173e-05 0)
(0.0506331 -0.00168369 0)
(0.050235 -0.00167529 0)
(0.0499092 -0.00164659 0)
(0.0495881 -0.00160348 0)
(0.0492764 -0.00154573 0)
(0.0489802 -0.00147538 0)
(0.0487015 -0.00139464 0)
(0.0484418 -0.0013056 0)
(0.048202 -0.00121015 0)
(0.0479828 -0.00111 0)
(0.0477846 -0.00100661 0)
(0.0476075 -0.000901205 0)
(0.0474512 -0.00079474 0)
(0.0473155 -0.000687946 0)
(0.0472 -0.000581334 0)
(0.0471045 -0.000475217 0)
(0.0470284 -0.000369757 0)
(0.0469714 -0.000265137 0)
(0.0469325 -0.000162901 0)
(0.0469127 -7.53772e-05 0)
(0.0506107 -0.00135048 0)
(0.050251 -0.00134616 0)
(0.0499402 -0.00132515 0)
(0.0496322 -0.0012924 0)
(0.0493328 -0.00124776 0)
(0.0490471 -0.00119281 0)
(0.048777 -0.0011293 0)
(0.0485241 -0.00105885 0)
(0.0482895 -0.000982938 0)
(0.0480742 -0.00090292 0)
(0.0478786 -0.000819965 0)
(0.047703 -0.000735058 0)
(0.0475475 -0.000648995 0)
(0.047412 -0.000562388 0)
(0.0472964 -0.00047568 0)
(0.0472005 -0.00038916 0)
(0.047124 -0.000302996 0)
(0.0470665 -0.000217378 0)
(0.0470272 -0.00013361 0)
(0.0470072 -6.18505e-05 0)
(0.050588 -0.00103442 0)
(0.0502612 -0.00103228 0)
(0.049963 -0.0010173 0)
(0.0496655 -0.000993247 0)
(0.049376 -0.000960016 0)
(0.0490987 -0.000918813 0)
(0.0488355 -0.000870939 0)
(0.0485882 -0.000817591 0)
(0.0483579 -0.000759883 0)
(0.0481458 -0.000698829 0)
(0.0479525 -0.000635322 0)
(0.0477785 -0.000570119 0)
(0.0476239 -0.000503841 0)
(0.0474888 -0.000436974 0)
(0.0473733 -0.000369877 0)
(0.0472772 -0.000302793 0)
(0.0472004 -0.000235874 0)
(0.0471427 -0.000169291 0)
(0.0471031 -0.000104088 0)
(0.047083 -4.82026e-05 0)
(0.0505745 -0.000728067 0)
(0.0502691 -0.000729855 0)
(0.0499793 -0.000719965 0)
(0.0496895 -0.000703321 0)
(0.0494074 -0.000680225 0)
(0.0491363 -0.000651526 0)
(0.0488784 -0.000618097 0)
(0.0486353 -0.000580742 0)
(0.0484085 -0.000540223 0)
(0.0481989 -0.000497242 0)
(0.0480075 -0.000452422 0)
(0.0478347 -0.0004063 0)
(0.0476808 -0.000359319 0)
(0.0475462 -0.000311828 0)
(0.0474309 -0.000264093 0)
(0.0473347 -0.000216297 0)
(0.0472579 -0.000168559 0)
(0.0472 -0.000121014 0)
(0.0471603 -7.44285e-05 0)
(0.0471401 -3.44852e-05 0)
(0.0505507 -0.000442784 0)
(0.0502709 -0.000438943 0)
(0.0499899 -0.00043076 0)
(0.0497056 -0.000420005 0)
(0.0494283 -0.000406041 0)
(0.0491614 -0.000388986 0)
(0.048907 -0.000369192 0)
(0.0486668 -0.000347068 0)
(0.0484423 -0.000323036 0)
(0.0482345 -0.000297503 0)
(0.0480444 -0.000270833 0)
(0.0478725 -0.000243347 0)
(0.0477193 -0.000215309 0)
(0.047585 -0.00018693 0)
(0.0474698 -0.000158373 0)
(0.0473737 -0.000129751 0)
(0.0472969 -0.000101138 0)
(0.0472389 -7.2622e-05 0)
(0.0471991 -4.46889e-05 0)
(0.0471789 -2.07382e-05 0)
(0.050578 -0.00014612 0)
(0.0502858 -0.000147401 0)
(0.0499995 -0.000143873 0)
(0.0497152 -0.000139811 0)
(0.0494396 -0.000135002 0)
(0.0491747 -0.000129303 0)
(0.0489221 -0.00012274 0)
(0.0486835 -0.000115414 0)
(0.0484602 -0.000107454 0)
(0.0482535 -9.899e-05 0)
(0.0480641 -9.01422e-05 0)
(0.0478927 -8.10156e-05 0)
(0.0477399 -7.16987e-05 0)
(0.0476058 -6.22624e-05 0)
(0.0474907 -5.27608e-05 0)
(0.0473947 -4.32326e-05 0)
(0.0473178 -3.37021e-05 0)
(0.0472597 -2.42008e-05 0)
(0.04722 -1.49016e-05 0)
(0.0471998 -6.93044e-06 0)
(0.060169 -0.000620328 3.98903e-21)
(0.0599852 -0.00186385 0)
(0.0596184 -0.00308462 -8.78758e-22)
(0.0590745 -0.00426441 -2.66618e-20)
(0.0583654 -0.00538195 5.22156e-20)
(0.0575092 -0.00641099 0)
(0.0565226 -0.00731589 4.71964e-20)
(0.0553733 -0.00805328 0)
(0.054208 -0.0085896 4.35816e-20)
(0.051594 -0.0092028 -6.58733e-22)
(0.0589565 -0.000662912 -4.01295e-21)
(0.0587512 -0.00200872 9.3256e-22)
(0.0583431 -0.00333036 -9.34188e-22)
(0.0577435 -0.00460802 -1.30362e-22)
(0.0569716 -0.00581976 -2.48219e-20)
(0.0560589 -0.00694261 -1.61176e-21)
(0.0550491 -0.00795059 0)
(0.0540167 -0.00881755 -4.55919e-20)
(0.0534164 -0.00948682 0)
(0.0509262 -0.00971301 -4.14378e-20)
(0.0582334 -0.000525213 8.0667e-21)
(0.058075 -0.00157887 0)
(0.0577627 -0.00261265 -8.93014e-22)
(0.0573062 -0.00361261 8.01817e-22)
(0.0567194 -0.00456543 2.64676e-20)
(0.0560199 -0.00545986 0)
(0.0552172 -0.0062889 4.66143e-20)
(0.0542999 -0.00706185 4.68521e-20)
(0.0537533 -0.00782629 0)
(0.0509742 -0.00851399 4.10073e-20)
(0.0575505 -0.000470032 -3.55869e-21)
(0.0574047 -0.00141853 1.49953e-20)
(0.0571171 -0.00235492 0)
(0.0566969 -0.00326999 2.80268e-20)
(0.056158 -0.0041534 1.62438e-21)
(0.0555217 -0.00499373 -3.16938e-21)
(0.0548053 -0.00577852 -4.49599e-20)
(0.0540113 -0.0064967 -1.46901e-21)
(0.0536368 -0.00713415 -4.36268e-20)
(0.0510743 -0.00775269 0)
(0.0569949 -0.000400409 0)
(0.0568682 -0.00120521 -1.46108e-20)
(0.0566194 -0.00200006 -1.67098e-20)
(0.0562572 -0.00277791 2.62567e-21)
(0.0557933 -0.0035317 -1.72074e-21)
(0.0552439 -0.00425514 -1.54979e-21)
(0.0546169 -0.00494436 -4.54236e-20)
(0.0539029 -0.00559877 -2.86422e-21)
(0.0535613 -0.00620298 1.08389e-21)
(0.0512138 -0.00685421 4.12985e-20)
(0.0565014 -0.000348268 4.09886e-21)
(0.0563859 -0.00104914 9.56155e-22)
(0.0561591 -0.00174406 -1.89302e-21)
(0.0558294 -0.00242853 9.09591e-22)
(0.055408 -0.00309739 -2.70166e-20)
(0.0549112 -0.0037448 0)
(0.0543475 -0.00436551 4.98172e-20)
(0.0537165 -0.00495437 -1.47337e-21)
(0.0534162 -0.00548435 8.69016e-20)
(0.0513354 -0.00608596 -8.2059e-20)
(0.0560778 -0.000299701 -4.11906e-21)
(0.0559722 -0.000902109 -7.87727e-21)
(0.0557654 -0.00150051 1.49984e-20)
(0.0554652 -0.00209185 -2.68443e-20)
(0.0550823 -0.00267269 -1.81866e-21)
(0.054631 -0.00323928 -2.57256e-20)
(0.0541177 -0.00378908 1.47895e-21)
(0.0535483 -0.00431864 -2.87171e-21)
(0.0532545 -0.00480168 -4.18856e-20)
(0.0514132 -0.00536753 4.07651e-20)
(0.0557094 -0.000258341 0)
(0.0556109 -0.000777606 1.68017e-20)
(0.0554181 -0.00129484 -1.88685e-21)
(0.0551385 -0.00180837 1.52228e-20)
(0.0547825 -0.00231595 -7.49312e-23)
(0.0543636 -0.00281474 4.99637e-20)
(0.0538882 -0.00330258 -2.28337e-20)
(0.0533702 -0.00377517 0)
(0.0530756 -0.00420925 0)
(0.0514516 -0.00472723 0)
(0.0553918 -0.000221564 0)
(0.0552988 -0.000666667 -1.49479e-20)
(0.0551169 -0.00111103 -9.70277e-22)
(0.0548534 -0.00155391 1.44071e-20)
(0.0545182 -0.00199409 2.73024e-20)
(0.054124 -0.00242983 -2.7383e-20)
(0.0536768 -0.00286003 2.73933e-20)
(0.053197 -0.00328058 -1.47384e-21)
(0.052891 -0.00367364 0)
(0.0514553 -0.00414748 2.03224e-20)
(0.0551184 -0.000189227 5.12139e-22)
(0.0550295 -0.000569234 8.46813e-21)
(0.0548555 -0.000949542 1.33568e-20)
(0.0546036 -0.00133017 -8.4203e-22)
(0.0542834 -0.00171068 1.75709e-21)
(0.0539066 -0.00209018 -2.75358e-20)
(0.0534798 -0.00246811 2.75123e-20)
(0.0530275 -0.00284047 -1.4727e-21)
(0.052705 -0.00319516 0)
(0.0514329 -0.00362527 -4.03331e-20)
(0.0548848 -0.000160501 0)
(0.0547988 -0.000482677 8.04951e-21)
(0.0546306 -0.000805888 1.74895e-23)
(0.0543871 -0.00113071 0)
(0.0540775 -0.00145735 0)
(0.0537127 -0.00178563 2.43682e-20)
(0.0533 -0.00211555 -2.28405e-20)
(0.0528658 -0.00244354 -1.3969e-21)
(0.0525226 -0.00276308 7.24862e-22)
(0.0513916 -0.00315163 2.06573e-20)
(0.0546865 -0.000134893 0)
(0.0546027 -0.000405548 -1.519e-20)
(0.0544386 -0.000677781 -1.73298e-20)
(0.0542009 -0.000952596 2.72109e-21)
(0.0538983 -0.00123068 -1.76916e-21)
(0.0535413 -0.00151244 -1.5884e-21)
(0.0531374 -0.00179828 3.0582e-21)
(0.0527135 -0.00208523 2.00749e-20)
(0.0523473 -0.0023716 2.02426e-21)
(0.051338 -0.00271996 -6.39957e-22)
(0.0545202 -0.000111951 0)
(0.0544378 -0.000336486 8.1305e-21)
(0.0542765 -0.000562987 -9.46817e-22)
(0.0540426 -0.000792758 9.38937e-22)
(0.0537444 -0.00102685 0)
(0.0533917 -0.00126609 0)
(0.0529926 -0.00151122 0)
(0.0525725 -0.00176001 -2.28383e-20)
(0.0521823 -0.00201459 2.13416e-20)
(0.0512778 -0.00232372 0)
(0.0543826 -9.11574e-05 0)
(0.0543012 -0.000273912 5.08956e-21)
(0.0541418 -0.000458919 6.79196e-21)
(0.0539101 -0.0006477 9.18134e-21)
(0.0536142 -0.000841574 -1.78024e-21)
(0.0532634 -0.0010417 1.14904e-20)
(0.0528659 -0.00124905 -1.0681e-20)
(0.0524446 -0.0014622 0)
(0.0520307 -0.00168596 6.96162e-22)
(0.0512156 -0.00195661 -2.03148e-20)
(0.0542717 -7.24423e-05 -1.07433e-21)
(0.0541909 -0.000217712 -4.10848e-21)
(0.0540324 -0.00036541 -8.77401e-21)
(0.0538018 -0.00051717 -6.45439e-21)
(0.0535066 -0.000674455 0)
(0.0531554 -0.000838593 -1.46816e-20)
(0.0527569 -0.00101065 1.52821e-20)
(0.0523306 -0.00118996 -1.4601e-21)
(0.0518941 -0.00138278 -1.05283e-20)
(0.0511545 -0.00161455 2.92658e-20)
(0.0541843 -5.46225e-05 1.07986e-21)
(0.0541038 -0.000164096 -3.12059e-21)
(0.0539459 -0.000276185 2.92725e-21)
(0.0537157 -0.000392667 -7.43928e-21)
(0.0534204 -0.000515188 0)
(0.053068 -0.00064529 0)
(0.052667 -0.000784221 1.49157e-21)
(0.0522337 -0.000931977 -1.42102e-20)
(0.051777 -0.0010951 -9.15138e-21)
(0.0510995 -0.00128981 -9.67679e-21)
(0.0541215 -3.9715e-05 0)
(0.054041 -0.000119698 5.16873e-21)
(0.0538828 -0.000202154 -1.97143e-21)
(0.0536519 -0.000288714 6.59007e-21)
(0.0533547 -0.00038085 1.79532e-21)
(0.052999 -0.000479916 -1.60282e-21)
(0.0525931 -0.000587008 3.05692e-21)
(0.0521503 -0.000702506 9.86743e-21)
(0.0516751 -0.000832464 0)
(0.0510466 -0.000986218 0)
(0.0540726 -2.12564e-05 0)
(0.0539925 -6.37763e-05 2.0876e-21)
(0.053835 -0.000109285 -3.96563e-21)
(0.0536047 -0.000159818 0)
(0.0533076 -0.00021737 -3.52091e-21)
(0.052951 -0.000283917 -1.60492e-21)
(0.0525426 -0.000361231 -4.54707e-21)
(0.052093 -0.000450496 -1.37655e-21)
(0.0516041 -0.000556418 7.01874e-22)
(0.0510122 -0.0006817 6.12364e-22)
(0.0540543 -1.56579e-05 0)
(0.0539737 -4.81794e-05 -2.09771e-21)
(0.053815 -8.19348e-05 -1.97213e-21)
(0.0535822 -0.000117617 2.80066e-21)
(0.053281 -0.000155795 1.72196e-21)
(0.0529178 -0.000196982 1.64617e-21)
(0.0525002 -0.000241711 7.58747e-21)
(0.0520375 -0.000290797 -5.63344e-21)
(0.0515327 -0.000348777 1.32744e-21)
(0.0509636 -0.000419869 0)
(0.0539899 1.74992e-05 0)
(0.0539124 5.28906e-05 1.03984e-21)
(0.05376 8.41047e-05 -1.00786e-21)
(0.0535367 0.00010828 9.70452e-22)
(0.0532484 0.000122415 0)
(0.0529012 0.000123241 -1.65463e-21)
(0.0525018 0.000107026 1.49495e-21)
(0.0520558 6.91804e-05 1.37169e-21)
(0.0515597 2.84294e-06 0)
(0.0510016 -9.4744e-05 0)
(0.0481317 0.0158266 0)
(0.0490672 0.0164462 -4.87166e-20)
(0.0494837 0.0176689 0)
(0.0495287 0.0195136 -1.61856e-19)
(0.0495795 0.0218798 5.83045e-20)
(0.049693 0.0248591 5.69839e-22)
(0.049806 0.0285247 6.34879e-20)
(0.0494586 0.0326692 -9.33833e-22)
(0.0462601 0.0352402 0)
(0.0306649 0.0259862 7.84217e-20)
(0.0497481 0.0152726 9.22401e-20)
(0.0509572 0.0158147 4.87166e-20)
(0.0517107 0.0171426 -4.97011e-20)
(0.0522079 0.0190814 5.41704e-20)
(0.0527755 0.0214385 -5.46218e-20)
(0.0534507 0.0243453 1.48281e-21)
(0.0541926 0.0279069 -6.30823e-20)
(0.0545232 0.0319317 -1.35021e-19)
(0.0517382 0.0344191 -3.63989e-20)
(0.0347002 0.0253649 -1.17177e-19)
(0.0519821 0.0143888 -4.41015e-20)
(0.0531766 0.0148392 4.6079e-20)
(0.054084 0.0161732 4.9701e-20)
(0.0549144 0.0180994 5.22569e-20)
(0.0559054 0.0203882 5.51463e-20)
(0.057082 0.0231714 5.84349e-20)
(0.0584134 0.0265601 1.6491e-21)
(0.0593909 0.0303792 6.65816e-20)
(0.0570013 0.0327306 3.53879e-20)
(0.0385741 0.0241083 -3.77778e-20)
(0.0540835 0.0132362 8.83038e-20)
(0.0552999 0.0136216 -4.6079e-20)
(0.0563826 0.0148709 0)
(0.0575116 0.0166805 0)
(0.0588732 0.018818 0)
(0.0605003 0.0214017 5.59519e-20)
(0.0623716 0.0245356 -5.81029e-20)
(0.0639477 0.0280593 0)
(0.0619229 0.0302225 3.44242e-20)
(0.0421925 0.022252 -7.34905e-20)
(0.0559575 0.0117715 -2.04214e-20)
(0.0572305 0.0121052 6.6508e-20)
(0.0584932 0.0132294 0)
(0.059895 0.0148593 0)
(0.061587 0.0167796 2.52184e-20)
(0.0636152 0.0190939 2.67579e-20)
(0.06597 0.021894 3.03145e-20)
(0.0680835 0.025037 3.05457e-20)
(0.0663844 0.026963 6.6326e-20)
(0.0454683 0.0198462 -5.64412e-22)
(0.0576007 0.010032 6.04586e-20)
(0.058927 0.010312 2.15859e-20)
(0.0603511 0.011279 0)
(0.0619919 0.0126805 0)
(0.0639702 0.0143288 -7.47336e-20)
(0.0663453 0.0163118 2.59815e-20)
(0.0691187 0.0187072 4.94045e-22)
(0.0716978 0.0213926 -4.46212e-22)
(0.0702786 0.0230375 -6.52854e-20)
(0.0483229 0.0169536 -3.51019e-20)
(0.0589761 0.00806073 -3.89146e-20)
(0.060345 0.00828123 4.09418e-20)
(0.0619037 0.00906416 4.28646e-20)
(0.0637432 0.0101974 -4.53492e-20)
(0.0659583 0.0115283 -2.39098e-20)
(0.0686199 0.0131277 2.54666e-20)
(0.0717389 0.0150575 -2.70894e-20)
(0.0747021 0.0172195 2.90962e-20)
(0.0735117 0.0185461 0)
(0.050688 0.013648 0)
(0.0600451 0.00590324 -3.73803e-20)
(0.061445 0.00605959 3.93303e-20)
(0.0631077 0.00663627 0)
(0.0651007 0.00746985 0)
(0.0674983 0.00844741 0)
(0.0703804 0.00962137 1.24634e-20)
(0.0737652 0.0110368 -5.23232e-20)
(0.0770231 0.0126225 4.18366e-20)
(0.0760056 0.013601 0)
(0.0525076 0.010012 1.58286e-20)
(0.0607769 0.00360799 -1.79113e-20)
(0.0621965 0.00369812 1.42414e-20)
(0.0639301 0.00405215 -4.8514e-21)
(0.0660279 0.004563 0)
(0.0685496 0.00516119 -1.10822e-20)
(0.0715816 0.00587935 2.96103e-20)
(0.0751469 0.00674481 0)
(0.0786035 0.00771544 -7.14154e-21)
(0.0776989 0.00832389 1.44192e-20)
(0.0537403 0.00613492 -2.3598e-20)
(0.0611499 0.00122685 0)
(0.0625786 0.00125107 4.60516e-21)
(0.0643485 0.00137219 4.85139e-21)
(0.0664998 0.00154629 0)
(0.0690848 0.00174938 5.31945e-21)
(0.0721931 0.00199331 -8.61564e-21)
(0.0758498 0.00228749 -3.0268e-21)
(0.0794054 0.00262063 -6.62335e-21)
(0.0785521 0.00284224 -7.14135e-21)
(0.0543542 0.00210827 0)
(0.0325199 0.000955131 -1.34591e-20)
(0.0311606 0.00108935 1.40554e-20)
(0.0295205 0.0012417 7.32661e-21)
(0.0275362 0.00142027 7.66519e-21)
(0.0251206 0.00163181 -8.13937e-21)
(0.0221563 0.00188381 -1.28469e-20)
(0.0184818 0.00218342 4.57652e-21)
(0.0138484 0.00251666 -9.75553e-21)
(0.00809258 0.00272583 -1.05134e-20)
(0.00263494 0.00201148 0)
(0.0329107 0.00284362 0)
(0.0315921 0.00324144 -6.98603e-21)
(0.0299766 0.00369634 -7.3022e-21)
(0.0280388 0.00422853 0)
(0.0256815 0.00485883 1.60541e-20)
(0.022787 0.0056097 8.43289e-21)
(0.0191973 0.00650228 0)
(0.0146601 0.00749387 -9.63167e-21)
(0.00895451 0.00811431 1.03168e-23)
(0.00326427 0.00599361 -1.10825e-20)
(0.033695 0.00466587 5.30768e-20)
(0.0324428 0.00531218 -5.5846e-20)
(0.0308778 0.00606216 0)
(0.0290331 0.00693649 0)
(0.0267912 0.00797162 0)
(0.024035 0.00920478 -5.08358e-20)
(0.0206126 0.0106703 7.2167e-20)
(0.0162626 0.0122971 -1.933e-20)
(0.010663 0.0133126 0)
(0.00451558 0.00983954 2.22105e-20)
(0.0348429 0.00635384 5.27263e-20)
(0.0336816 0.00724043 -5.54734e-20)
(0.0322005 0.00827753 -5.74688e-20)
(0.0304966 0.00947659 4.95791e-22)
(0.0284245 0.0108941 9.57688e-20)
(0.0258713 0.0125818 -3.38337e-20)
(0.0226944 0.0145862 3.57604e-20)
(0.0186193 0.0168104 -7.66799e-20)
(0.0131785 0.0181984 4.13101e-20)
(0.00635916 0.0134523 0)
(0.0363918 0.00785217 -1.31697e-19)
(0.0353024 0.00897344 2.72069e-20)
(0.0339264 0.0102883 0)
(0.0324025 0.0117891 0)
(0.0305472 0.013559 3.15532e-20)
(0.0282546 0.0156631 -1.00337e-19)
(0.0253947 0.0181596 7.08076e-20)
(0.021676 0.0209286 -7.5883e-20)
(0.0164428 0.0226568 2.17557e-22)
(0.00875226 0.0167474 -4.34397e-20)
(0.0382262 0.00908414 1.81059e-19)
(0.0372431 0.010459 -1.35936e-19)
(0.0360155 0.0120456 0)
(0.0347108 0.0138222 0)
(0.0331122 0.0159071 3.14327e-20)
(0.0311295 0.0183792 3.32503e-20)
(0.0286493 0.0213075 3.45243e-20)
(0.0253603 0.0245539 3.77988e-20)
(0.0203794 0.0265797 2.14777e-22)
(0.0116392 0.0196452 8.66508e-20)
(0.0405625 0.00999474 -1.03823e-19)
(0.039573 0.0116601 -5.29652e-20)
(0.0384712 0.0135178 0)
(0.0373895 0.0155395 0)
(0.0360656 0.0178931 0)
(0.0344273 0.0206722 -6.51067e-20)
(0.0323781 0.0239578 6.86551e-20)
(0.0295817 0.027599 0)
(0.0248933 0.0298697 -3.99623e-20)
(0.0149512 0.0220728 8.53224e-20)
(0.0429512 0.0104848 -5.08363e-20)
(0.0421216 0.0125605 5.29652e-20)
(0.04121 0.0147014 5.44778e-20)
(0.0403655 0.0169306 5.71806e-20)
(0.0393278 0.0194913 6.02483e-20)
(0.0380594 0.0224994 6.37587e-20)
(0.0364828 0.0260514 -1.10034e-21)
(0.0342323 0.0299894 7.25225e-20)
(0.0298721 0.0324424 -3.93706e-20)
(0.0186068 0.0239664 4.20294e-20)
(0.0466604 0.0105824 -9.97239e-20)
(0.0454025 0.0132461 5.10654e-20)
(0.0443809 0.0156822 -5.44778e-20)
(0.0436247 0.0180375 -5.75435e-20)
(0.0428189 0.0207024 5.88147e-20)
(0.0419222 0.0238332 -1.1675e-21)
(0.0408486 0.0275411 -2.0147e-19)
(0.0391878 0.0316636 -1.43496e-19)
(0.0351872 0.034228 3.88072e-20)
(0.022513 0.0252735 -4.05271e-20)
(0.0490481 0.0112877 0)
(0.0481819 0.0144504 -5.10654e-20)
(0.0473957 0.0167926 0)
(0.0468211 0.0189877 5.45874e-20)
(0.0463145 0.0215498 -1.76614e-19)
(0.0458518 0.0246503 -1.24407e-19)
(0.0453342 0.0283854 1.32681e-19)
(0.0443089 0.0325716 7.12175e-20)
(0.0406978 0.0351726 0)
(0.0265678 0.0259545 8.18452e-20)
(0.0424001 1.20375e-05 0)
(0.0423426 2.61443e-05 -1.09978e-21)
(0.0422589 4.49242e-05 1.09403e-21)
(0.0421509 6.60975e-05 0)
(0.0420189 8.91262e-05 -2.09687e-21)
(0.0418614 0.000113669 2.08606e-21)
(0.04168 0.0001396 0)
(0.0414697 0.000167152 0)
(0.0412157 0.000196035 0)
(0.0409071 0.000225385 0)
(0.0405425 0.000256957 9.56528e-22)
(0.0401201 0.000292154 0)
(0.0396348 0.000332056 0)
(0.0390795 0.000377836 7.25394e-21)
(0.038447 0.000430809 -7.21816e-21)
(0.037728 0.000492338 0)
(0.0369118 0.000563826 7.78485e-21)
(0.0359838 0.000647539 -1.36922e-20)
(0.0349135 0.000747965 6.77652e-21)
(0.0336907 0.000858922 6.60519e-21)
(0.0424515 3.25733e-05 2.27349e-21)
(0.042397 6.71487e-05 4.36256e-21)
(0.0423161 0.000113753 -4.34154e-21)
(0.0422117 0.000165326 2.12526e-21)
(0.042083 0.000221192 2.09211e-21)
(0.041928 0.000282805 8.1957e-21)
(0.0417487 0.000351468 -6.12991e-21)
(0.0415396 0.000425696 -1.58809e-20)
(0.0412839 0.000506484 3.34005e-20)
(0.0409743 0.000594582 -1.55577e-20)
(0.0406126 0.000692525 -1.41918e-20)
(0.0401959 0.000802777 3.18451e-20)
(0.0397184 0.000928072 -2.76597e-20)
(0.0391734 0.00107168 1.46004e-20)
(0.0385536 0.00123727 1.78389e-21)
(0.0378497 0.00142876 2.97369e-20)
(0.0370515 0.00165018 -2.87205e-20)
(0.0361466 0.00190744 0)
(0.0350887 0.00221763 1.67553e-21)
(0.0338427 0.00257501 0)
(0.0425263 5.7048e-05 -6.7317e-21)
(0.0424751 0.000121282 1.21082e-23)
(0.0423963 0.00020742 8.50713e-21)
(0.0422944 0.000302974 -4.30513e-21)
(0.0421714 0.000406094 -1.04222e-20)
(0.0420263 0.000517647 -2.04241e-21)
(0.041856 0.000639252 -2.01409e-21)
(0.0416539 0.000768621 -1.9805e-21)
(0.0414076 0.000899762 2.71574e-20)
(0.0411095 0.00104068 -3.51374e-22)
(0.040761 0.00119645 -3.42504e-20)
(0.0403598 0.00137147 -1.86604e-21)
(0.0399012 0.0015704 -3.66999e-21)
(0.039379 0.00179857 0)
(0.038786 0.00206206 -3.18758e-20)
(0.0381131 0.0023681 2.47027e-20)
(0.0373506 0.00272475 0)
(0.0364935 0.00314059 -1.69578e-21)
(0.03548 0.00365095 -1.67844e-21)
(0.0341854 0.00429616 -1.64452e-21)
(0.0426733 6.75633e-05 2.21076e-21)
(0.0426322 0.000143715 6.41257e-21)
(0.0425647 0.000244895 0)
(0.042474 0.000356548 -1.86077e-20)
(0.0423606 0.000478213 1.64835e-20)
(0.0422235 0.000612522 1.80858e-20)
(0.0420589 0.000762742 -1.20397e-20)
(0.0418492 0.000924893 1.96401e-21)
(0.0415913 0.00109627 -2.49596e-20)
(0.0412945 0.00128419 3.57234e-22)
(0.0409561 0.00149499 2.83526e-20)
(0.0405716 0.00173489 -2.94308e-20)
(0.0401355 0.00201085 -2.68287e-20)
(0.0396423 0.00233061 6.14149e-20)
(0.0390862 0.00270299 1.77401e-21)
(0.0384594 0.00313842 5.22691e-21)
(0.0377528 0.00364923 -5.46896e-20)
(0.0369733 0.00424273 2.32894e-21)
(0.0360712 0.00496022 6.17332e-22)
(0.0347195 0.00597231 5.45887e-20)
(0.0427873 9.50053e-05 4.30211e-21)
(0.0427494 0.000207503 -1.67443e-20)
(0.0426831 0.000356167 8.32333e-21)
(0.0425966 0.000520325 4.08648e-21)
(0.0424947 0.000697487 0)
(0.0423768 0.000888471 0)
(0.0422274 0.00109039 -3.92904e-21)
(0.0420314 0.00129501 0)
(0.0417951 0.00151089 -3.82555e-21)
(0.0415238 0.00174723 0)
(0.0412149 0.00201157 3.72371e-21)
(0.0408662 0.00231039 -5.83054e-20)
(0.040474 0.00265105 7.11082e-22)
(0.0400343 0.0030421 -2.87146e-21)
(0.0395425 0.00349359 5.66183e-20)
(0.0389922 0.00401829 -3.47826e-21)
(0.0383717 0.00463523 3.40545e-21)
(0.037693 0.00535712 -5.36382e-20)
(0.0369747 0.0062034 5.68622e-20)
(0.0355493 0.00760678 1.0431e-19)
(0.0430347 8.46179e-05 4.18947e-21)
(0.0430154 0.000185619 -4.11596e-21)
(0.0429707 0.000319508 -4.04269e-21)
(0.0429034 0.000469926 -3.99459e-21)
(0.0428155 0.000639495 -3.14072e-20)
(0.0426982 0.00082411 5.85428e-20)
(0.042532 0.0010181 -3.48841e-20)
(0.0423165 0.00122283 0)
(0.0420747 0.00144922 -3.75481e-21)
(0.0418128 0.00170367 -3.70729e-21)
(0.0415229 0.00199489 -3.65997e-21)
(0.0411999 0.00233234 5.39791e-20)
(0.0408401 0.002727 -1.18026e-19)
(0.0404409 0.003192 5.68676e-20)
(0.0400004 0.00374306 0)
(0.0395188 0.00439821 -3.42725e-21)
(0.038991 0.00518288 -1.14812e-19)
(0.0384252 0.0061212 1.08024e-19)
(0.0379847 0.00714166 -3.32713e-21)
(0.0365275 0.00907716 0)
(0.0431157 0.000125246 4.08749e-21)
(0.0430967 0.000286241 -1.18458e-20)
(0.0430533 0.000494035 4.13532e-21)
(0.0429988 0.000722009 2.34971e-20)
(0.0429271 0.000967107 3.85429e-21)
(0.042819 0.00121273 -2.27294e-20)
(0.0426658 0.00144954 4.17247e-21)
(0.0424808 0.00170532 3.01069e-20)
(0.0422797 0.00199282 7.3929e-21)
(0.0420591 0.00231622 6.18103e-20)
(0.0418173 0.0026817 -5.10375e-20)
(0.0415547 0.00309721 -4.97023e-20)
(0.0412725 0.00357173 6.05183e-20)
(0.0409727 0.00411491 3.47882e-21)
(0.0406576 0.00473724 3.43715e-21)
(0.0403312 0.00544943 6.82536e-21)
(0.0399912 0.00626889 6.74498e-21)
(0.0396012 0.00724587 -3.31245e-21)
(0.0395244 0.00818779 0)
(0.0380155 0.0104734 1.03314e-19)
(0.0435052 7.34141e-05 -1.18061e-20)
(0.0435099 0.000173053 4.85139e-23)
(0.0434938 0.000317798 -3.82256e-21)
(0.0434556 0.000483996 -3.3927e-20)
(0.0433734 0.000642811 2.27445e-20)
(0.0432235 0.000803986 -3.7314e-21)
(0.0430437 0.000980684 0)
(0.0428661 0.00118536 0)
(0.0426821 0.00142267 -7.24909e-21)
(0.0424859 0.00169915 -3.58032e-21)
(0.0422755 0.00202344 -3.56754e-21)
(0.0420504 0.00240582 -3.53436e-21)
(0.0418103 0.00285915 0)
(0.0415556 0.00340009 -6.9052e-21)
(0.0412871 0.00405155 -3.43424e-21)
(0.0410106 0.00484396 -6.76553e-21)
(0.0407413 0.00581608 -3.36713e-21)
(0.0404345 0.00707465 -1.01842e-19)
(0.0406843 0.0083015 1.05648e-19)
(0.0392705 0.0113409 0)
(0.0434416 0.000172332 0)
(0.0434615 0.000399747 3.73059e-21)
(0.0434662 0.000659049 1.85659e-21)
(0.0434155 0.000909236 0)
(0.0433143 0.00115155 3.26963e-20)
(0.0431972 0.00141121 -2.92365e-20)
(0.0430728 0.00171213 5.90485e-20)
(0.0429401 0.00205091 -5.76481e-20)
(0.0427995 0.00242955 5.32629e-21)
(0.0426522 0.00285455 1.77889e-21)
(0.0425012 0.00333486 0)
(0.0423515 0.00388118 0)
(0.0422108 0.00450591 0)
(0.0420913 0.00522214 1.11866e-19)
(0.0420119 0.00604205 -2.16742e-19)
(0.0420003 0.00697249 5.0831e-21)
(0.042104 0.00799964 1.07367e-19)
(0.042255 0.00916262 0)
(0.0431266 0.0100295 0)
(0.0419551 0.0124359 1.03958e-19)
(0.0442031 4.89752e-05 0)
(0.0441956 9.22299e-05 -1.42711e-20)
(0.0441394 0.00013293 -1.22036e-20)
(0.044052 0.000171276 2.86625e-20)
(0.0439539 0.000231381 2.80991e-20)
(0.0438481 0.000319681 -8.4258e-20)
(0.0437348 0.000436829 5.46707e-20)
(0.0436186 0.000586141 0)
(0.043503 0.00077294 -1.73769e-21)
(0.0433907 0.00100412 -5.2883e-20)
(0.0432864 0.00128781 1.09426e-19)
(0.0431967 0.00163333 -5.48149e-20)
(0.0431297 0.00205068 0)
(0.0430948 0.00255048 -1.06452e-19)
(0.043102 0.00314512 2.1325e-19)
(0.0431581 0.00385123 -1.068e-19)
(0.0432555 0.00469984 0)
(0.043342 0.00576462 -1.03392e-19)
(0.0436575 0.00711302 1.04478e-19)
(0.0427191 0.0101661 -1.61558e-21)
(0.0442063 0.000210962 0)
(0.0441986 0.000449453 0)
(0.0441744 0.000743773 0)
(0.044133 0.00107255 0)
(0.0440777 0.00143454 0)
(0.0440142 0.00183043 0)
(0.0439475 0.00226556 0)
(0.0438826 0.002745 0)
(0.0438243 0.00327415 0)
(0.0437768 0.00385986 0)
(0.0437473 0.00451005 0)
(0.0437453 0.0052343 0)
(0.0437815 0.00604427 0)
(0.0438701 0.00695352 0)
(0.044031 0.00798018 0)
(0.0442903 0.00915318 0)
(0.0446784 0.0105229 0)
(0.0452163 0.0121719 0)
(0.0461517 0.0141166 0)
(0.0484751 0.0152309 0)
(0.0443173 0.000153663 0)
(0.0443124 0.000335523 0)
(0.0442966 0.000558744 0)
(0.0442718 0.00079983 0)
(0.0442409 0.00106108 0)
(0.0442081 0.00134772 0)
(0.0441775 0.0016648 0)
(0.0441537 0.00201694 0)
(0.044142 0.00240889 0)
(0.0441473 0.00284611 0)
(0.0441776 0.00333438 0)
(0.0442432 0.00387994 0)
(0.0443553 0.00448955 0)
(0.0445299 0.00517022 0)
(0.0447906 0.00592951 0)
(0.0451713 0.00677681 0)
(0.0457229 0.007724 0)
(0.0465167 0.00878286 0)
(0.0478204 0.00992055 0)
(0.0504667 0.0107022 0)
(0.0445522 0.000169108 0)
(0.0445496 0.000373101 0)
(0.0445425 0.000622694 0)
(0.0445328 0.000889898 0)
(0.0445222 0.00117482 0)
(0.0445141 0.0014812 0)
(0.0445125 0.00181307 0)
(0.0445219 0.00217436 0)
(0.044548 0.00256897 0)
(0.0445959 0.00300097 0)
(0.0446736 0.00347437 0)
(0.0447917 0.00399304 0)
(0.0449612 0.00456054 0)
(0.0451973 0.00517953 0)
(0.045522 0.00585071 0)
(0.0459645 0.00657117 0)
(0.0465624 0.00732966 0)
(0.0473459 0.00809441 0)
(0.0484444 0.0087754 0)
(0.0505031 0.0090848 0)
(0.0448028 0.000169142 0)
(0.0448038 0.000373449 0)
(0.044805 0.000623659 0)
(0.0448088 0.000890107 0)
(0.0448162 0.00117191 0)
(0.0448302 0.00147236 0)
(0.0448544 0.00179496 0)
(0.0448932 0.002143 0)
(0.0449521 0.00251952 0)
(0.0450361 0.0029274 0)
(0.045153 0.00336909 0)
(0.0453125 0.0038463 0)
(0.0455246 0.00435985 0)
(0.0458026 0.00490883 0)
(0.0461643 0.00548927 0)
(0.0466317 0.00609199 0)
(0.0472277 0.00669866 0)
(0.0479545 0.00727503 0)
(0.0488757 0.00775983 0)
(0.050565 0.00801253 0)
(0.0450517 0.000166691 0)
(0.0450564 0.000367757 0)
(0.0450649 0.000613721 0)
(0.04508 0.000874343 0)
(0.0451026 0.00114791 0)
(0.0451352 0.00143703 0)
(0.0451811 0.00174459 0)
(0.0452445 0.00207318 0)
(0.0453304 0.00242499 0)
(0.0454434 0.00280183 0)
(0.0455905 0.0032049 0)
(0.0457804 0.00363428 0)
(0.0460216 0.00408874 0)
(0.0463246 0.00456518 0)
(0.046703 0.00505721 0)
(0.0471716 0.00555347 0)
(0.0477431 0.00603537 0)
(0.0484059 0.00647468 0)
(0.0491918 0.00683445 0)
(0.0505998 0.0070382 0)
(0.0452963 0.000162844 0)
(0.0453043 0.000358749 0)
(0.0453191 0.00059805 0)
(0.0453437 0.000850493 0)
(0.0453788 0.00111372 0)
(0.0454267 0.00138969 0)
(0.0454903 0.00168065 0)
(0.0455734 0.00198853 0)
(0.0456806 0.00231471 0)
(0.0458158 0.00266014 0)
(0.0459852 0.00302507 0)
(0.0461961 0.00340847 0)
(0.0464553 0.00380782 0)
(0.0467709 0.0042189 0)
(0.0471524 0.00463462 0)
(0.0476097 0.00504383 0)
(0.0481487 0.00543039 0)
(0.0487534 0.00577302 0)
(0.0494439 0.00605004 0)
(0.0506648 0.00621751 0)
(0.0455333 0.000157008 0)
(0.0455442 0.000345342 0)
(0.0455642 0.000575067 0)
(0.0455966 0.000816472 0)
(0.0456419 0.00106677 0)
(0.0457021 0.00132733 0)
(0.0457799 0.00159984 0)
(0.0458785 0.00188568 0)
(0.046002 0.00218556 0)
(0.0461537 0.00249969 0)
(0.0463388 0.00282772 0)
(0.0465631 0.00316795 0)
(0.046832 0.00351715 0)
(0.0471514 0.00387065 0)
(0.0475279 0.00422158 0)
(0.0479674 0.00456002 0)
(0.0484723 0.00487275 0)
(0.0490256 0.00514402 0)
(0.0496406 0.00536066 0)
(0.0507067 0.00549195 0)
(0.0457601 0.00014946 0)
(0.0457733 0.000328271 0)
(0.0457976 0.000546076 0)
(0.0458363 0.000774167 0)
(0.0458897 0.00100948 0)
(0.0459597 0.0012529 0)
(0.0460486 0.00150562 0)
(0.0461591 0.00176858 0)
(0.0462946 0.00204198 0)
(0.046458 0.0023255 0)
(0.0466535 0.00261831 0)
(0.0468855 0.00291843 0)
(0.047158 0.00322242 0)
(0.0474753 0.00352561 0)
(0.0478418 0.00382167 0)
(0.0482608 0.00410216 0)
(0.0487327 0.00435652 0)
(0.0492413 0.00457304 0)
(0.0497956 0.00474358 0)
(0.0507332 0.00484552 0)
(0.0459743 0.000140525 0)
(0.0459894 0.000308284 0)
(0.0460172 0.000512357 0)
(0.0460608 0.000725403 0)
(0.0461207 0.000944225 0)
(0.0461983 0.00116931 0)
(0.0462956 0.00140142 0)
(0.0464149 0.00164117 0)
(0.0465589 0.00188842 0)
(0.0467301 0.00214247 0)
(0.0469317 0.00240215 0)
(0.0471672 0.00266538 0)
(0.0474392 0.00292888 0)
(0.0477506 0.00318828 0)
(0.0481044 0.00343794 0)
(0.0485022 0.00367075 0)
(0.0489431 0.00387831 0)
(0.0494127 0.00405177 0)
(0.0499161 0.00418598 0)
(0.0507416 0.00426331 0)
(0.0461744 0.000130477 0)
(0.046191 0.000285982 0)
(0.0462214 0.00047492 0)
(0.0462689 0.000671608 0)
(0.0463337 0.000872839 0)
(0.0464169 0.0010788 0)
(0.0465205 0.00128988 0)
(0.0466461 0.00150644 0)
(0.0467959 0.00172811 0)
(0.0469717 0.00195404 0)
(0.0471764 0.00218287 0)
(0.0474122 0.00241241 0)
(0.0476809 0.0026397 0)
(0.0479844 0.00286092 0)
(0.0483243 0.00307118 0)
(0.0487012 0.00326454 0)
(0.0491136 0.00343422 0)
(0.049549 0.00357341 0)
(0.0500094 0.00367886 0)
(0.0507371 0.00373671 0)
(0.0463588 0.000119559 0)
(0.0463765 0.000261883 0)
(0.046409 0.000434616 0)
(0.0464595 0.00061397 0)
(0.0465279 0.000796819 0)
(0.0466153 0.000983157 0)
(0.0467233 0.0011731 0)
(0.0468531 0.00136675 0)
(0.0470065 0.00156361 0)
(0.0471848 0.0017628 0)
(0.0473901 0.00196301 0)
(0.0476241 0.00216201 0)
(0.0478877 0.00235703 0)
(0.0481821 0.00254485 0)
(0.048508 0.00272139 0)
(0.0488653 0.00288174 0)
(0.049252 0.00302042 0)
(0.0496573 0.00313209 0)
(0.0500811 0.00321472 0)
(0.0507228 0.00325737 0)
(0.0465266 0.000107988 0)
(0.0465452 0.00023643 0)
(0.0465791 0.000392162 0)
(0.0466318 0.000553485 0)
(0.0467029 0.000717426 0)
(0.0467932 0.00088385 0)
(0.0469041 0.00105275 0)
(0.0470366 0.001224 0)
(0.0471919 0.00139704 0)
(0.0473711 0.00157089 0)
(0.0475756 0.00174443 0)
(0.0478062 0.00191564 0)
(0.0480638 0.00208195 0)
(0.0483487 0.00224057 0)
(0.0486611 0.0023881 0)
(0.0490002 0.00252056 0)
(0.049364 0.00263357 0)
(0.0497432 0.00272291 0)
(0.0501358 0.00278739 0)
(0.0507025 0.0028184 0)
(0.046677 9.59468e-05 0)
(0.0466962 0.00020999 0)
(0.0467312 0.000348151 0)
(0.0467854 0.00049099 0)
(0.0468584 0.000635737 0)
(0.0469507 0.000782135 0)
(0.0470634 0.000930191 0)
(0.0471974 0.00107952 0)
(0.0473534 0.00122966 0)
(0.0475322 0.00137962 0)
(0.0477349 0.0015283 0)
(0.0479616 0.001674 0)
(0.0482127 0.00181455 0)
(0.0484883 0.00194751 0)
(0.048788 0.00207001 0)
(0.0491107 0.0021788 0)
(0.0494543 0.0022704 0)
(0.049811 0.0023415 0)
(0.0501774 0.00239147 0)
(0.0506789 0.00241362 0)
(0.0468094 8.35904e-05 0)
(0.046829 0.000182862 0)
(0.0468647 0.000303047 0)
(0.0469199 0.000427106 0)
(0.0469941 0.000552515 0)
(0.0470877 0.000678925 0)
(0.0472015 0.000806375 0)
(0.0473361 0.000934407 0)
(0.047492 0.00106247 0)
(0.0476698 0.00118983 0)
(0.0478699 0.00131534 0)
(0.0480925 0.00143753 0)
(0.0483373 0.00155469 0)
(0.0486042 0.0016648 0)
(0.0488924 0.00176546 0)
(0.0492006 0.00185399 0)
(0.0495267 0.00192762 0)
(0.0498642 0.00198373 0)
(0.0502086 0.00202207 0)
(0.0506544 0.00203741 0)
(0.0469234 7.10584e-05 0)
(0.0469432 0.000155302 0)
(0.0469794 0.000257211 0)
(0.0470353 0.000362274 0)
(0.0471102 0.00046826 0)
(0.0472045 0.000574882 0)
(0.0473189 0.000681941 0)
(0.0474535 0.000789242 0)
(0.0476088 0.000896138 0)
(0.0477851 0.00100203 0)
(0.0479826 0.00110587 0)
(0.048201 0.00120638 0)
(0.0484399 0.00130221 0)
(0.048699 0.00139174 0)
(0.0489772 0.00147302 0)
(0.0492729 0.00154393 0)
(0.049584 0.00160225 0)
(0.0499054 0.00164592 0)
(0.0502315 0.00167487 0)
(0.0506299 0.00168508 0)
(0.0470188 5.84275e-05 0)
(0.0470386 0.000127486 0)
(0.0470751 0.000210951 0)
(0.0471314 0.000296925 0)
(0.0472068 0.000383432 0)
(0.0473014 0.000470405 0)
(0.0474159 0.000557449 0)
(0.0475503 0.000644412 0)
(0.0477048 0.000730824 0)
(0.0478795 0.000816177 0)
(0.0480743 0.000899573 0)
(0.0482888 0.000979942 0)
(0.0485226 0.0010562 0)
(0.048775 0.00112707 0)
(0.0490446 0.00119102 0)
(0.0493298 0.0012464 0)
(0.0496286 0.0012915 0)
(0.0499368 0.00132471 0)
(0.0502482 0.00134595 0)
(0.050608 0.00135179 0)
(0.0470952 4.57411e-05 0)
(0.047115 9.9521e-05 0)
(0.0471517 0.000164427 0)
(0.0472081 0.000231223 0)
(0.0472838 0.000298418 0)
(0.0473785 0.00036579 0)
(0.0474929 0.000433195 0)
(0.0476269 0.000500317 0)
(0.0477806 0.000566832 0)
(0.0479538 0.000632343 0)
(0.0481463 0.000696167 0)
(0.0483576 0.000757518 0)
(0.0485871 0.000815559 0)
(0.0488338 0.000869285 0)
(0.0490965 0.000917526 0)
(0.0493734 0.000959063 0)
(0.0496623 0.000992642 0)
(0.0499599 0.00101704 0)
(0.050259 0.00103218 0)
(0.0505859 0.00103544 0)
(0.0471522 3.30934e-05 0)
(0.0471721 7.15211e-05 0)
(0.047209 0.000117747 0)
(0.0472656 0.000165272 0)
(0.0473414 0.000213218 0)
(0.0474361 0.000261182 0)
(0.0475503 0.000309133 0)
(0.0476839 0.000356836 0)
(0.0478368 0.000404045 0)
(0.0480088 0.000450394 0)
(0.0481994 0.000495402 0)
(0.0484082 0.000538577 0)
(0.0486343 0.00057935 0)
(0.0488769 0.000616997 0)
(0.0491343 0.000650702 0)
(0.0494049 0.00067964 0)
(0.0496866 0.000702981 0)
(0.0499763 0.000719883 0)
(0.050267 0.00072999 0)
(0.0505724 0.000729401 0)
(0.0471891 2.02482e-05 0)
(0.0472095 4.33558e-05 0)
(0.0472468 7.09845e-05 0)
(0.0473037 9.93131e-05 0)
(0.0473796 0.000127915 0)
(0.0474743 0.000156613 0)
(0.0475884 0.000185253 0)
(0.0477216 0.000213758 0)
(0.0478738 0.00024199 0)
(0.0480449 0.000269655 0)
(0.0482342 0.00029645 0)
(0.0484412 0.000322108 0)
(0.0486651 0.000346304 0)
(0.0489048 0.000368614 0)
(0.0491588 0.000388571 0)
(0.0494253 0.000405745 0)
(0.0497023 0.000419794 0)
(0.0499867 0.000430577 0)
(0.0502693 0.000438669 0)
(0.0505495 0.000443002 0)
(0.0472071 6.82458e-06 0)
(0.0472276 1.45526e-05 0)
(0.0472653 2.37418e-05 0)
(0.0473223 3.31393e-05 0)
(0.0473983 4.26261e-05 0)
(0.047493 5.21713e-05 0)
(0.0476069 6.16858e-05 0)
(0.0477399 7.11599e-05 0)
(0.0478919 8.05529e-05 0)
(0.0480624 8.97538e-05 0)
(0.048251 9.86563e-05 0)
(0.0484571 0.000107171 0)
(0.0486798 0.000115193 0)
(0.0489181 0.000122587 0)
(0.0491704 0.000129208 0)
(0.0494351 0.000134939 0)
(0.0497105 0.000139741 0)
(0.0499947 0.000143756 0)
(0.050282 0.000147381 0)
(0.050574 0.00014771 0)
(0.0515989 0.00928443 -1.52344e-21)
(0.0541618 0.00853562 -9.31726e-20)
(0.0553514 0.0080161 0)
(0.0565089 0.00729018 -8.71196e-20)
(0.057502 0.00639691 0)
(0.0583596 0.00537617 -8.00998e-20)
(0.0590699 0.00426468 3.94709e-20)
(0.0596151 0.00308943 -1.17159e-21)
(0.0599832 0.00187182 0)
(0.0601683 0.000629924 0)
(0.0509939 0.00969715 9.72462e-20)
(0.0534196 0.00946953 0)
(0.0540136 0.00883091 8.98823e-20)
(0.0550217 0.0079672 0)
(0.0560353 0.00696347 -2.55586e-21)
(0.0569509 0.00584357 4.24541e-20)
(0.0577271 0.00463364 -1.26099e-22)
(0.0583317 0.00335708 -1.12492e-21)
(0.0587445 0.002036 1.12298e-21)
(0.0589543 0.00069038 4.20237e-21)
(0.0509884 0.0085163 -9.62342e-20)
(0.0537403 0.00781537 0)
(0.0543128 0.00705555 -8.67309e-20)
(0.055209 0.00628096 -2.73341e-21)
(0.0560189 0.0054552 8.28206e-20)
(0.0567184 0.00456481 -3.99756e-20)
(0.0573052 0.00361568 1.08784e-21)
(0.057762 0.00261874 -1.17432e-21)
(0.0580746 0.00158712 0)
(0.0582333 0.000534586 -8.44401e-21)
(0.0510777 0.00774917 0)
(0.0536247 0.00713453 9.13841e-20)
(0.0540261 0.00650325 -2.72698e-21)
(0.0547922 0.00578839 5.3496e-21)
(0.0555152 0.00500513 -8.79825e-20)
(0.0561522 0.00416564 2.53541e-21)
(0.0566924 0.00328247 -3.84404e-20)
(0.0571144 0.0023674 0)
(0.0574034 0.00143093 -1.82435e-20)
(0.0575501 0.000482368 4.78358e-21)
(0.0512066 0.00685258 -9.31436e-20)
(0.0535478 0.00620621 2.48269e-21)
(0.0539187 0.00559989 -5.49094e-21)
(0.0546076 0.0049474 5.32191e-21)
(0.0552422 0.0042587 -2.61802e-21)
(0.0557919 0.00353634 -2.4457e-21)
(0.0562562 0.00278356 3.62433e-21)
(0.0566191 0.0020065 1.61725e-20)
(0.0568683 0.00121215 1.8916e-20)
(0.056995 0.000407584 0)
(0.051325 0.00608501 1.84098e-19)
(0.0534051 0.00549004 -1.7926e-19)
(0.0537315 0.00495712 -2.68564e-21)
(0.0543388 0.00437169 2.68793e-21)
(0.0549088 0.00375119 0)
(0.0554061 0.00310402 3.97577e-20)
(0.055828 0.0024352 1.17986e-21)
(0.0561586 0.00175064 -2.08748e-20)
(0.0563859 0.00105558 1.13753e-21)
(0.0565014 0.000354578 -4.27963e-21)
(0.0514011 0.00536799 -9.09741e-20)
(0.0532451 0.00480803 9.15892e-20)
(0.0535619 0.0043204 -5.40983e-21)
(0.0541107 0.00379366 2.67502e-21)
(0.0546296 0.00324363 4.09526e-20)
(0.0550814 0.00267713 -2.52329e-21)
(0.0554646 0.00209639 4.09273e-20)
(0.0557654 0.00150503 0)
(0.0559725 0.000906545 8.94996e-21)
(0.0560779 0.000304031 4.30073e-21)
(0.0514394 0.00472848 0)
(0.0530683 0.00421566 0)
(0.0533823 0.00377697 0)
(0.0538824 0.00330714 4.45138e-20)
(0.0543622 0.002819 -8.44099e-20)
(0.0547816 0.00232006 -7.29786e-23)
(0.0551379 0.00181232 -1.8141e-20)
(0.0554181 0.00129856 -2.33026e-21)
(0.0556112 0.000781065 -1.68305e-20)
(0.0557095 0.000261603 0)
(0.0514435 0.00414942 -4.42449e-20)
(0.0528851 0.00367976 0)
(0.0532075 0.00328208 -2.63046e-21)
(0.0536722 0.0028638 -3.66182e-20)
(0.0541228 0.00243324 3.82681e-20)
(0.0545176 0.00199724 -3.97941e-20)
(0.054853 0.00155687 -1.93222e-20)
(0.055117 0.00111374 -1.14665e-21)
(0.0552991 0.000669093 1.91971e-20)
(0.0553919 0.000223784 0)
(0.0514219 0.00362765 8.75323e-20)
(0.0527004 0.00320089 0)
(0.0530367 0.0028418 -2.61358e-21)
(0.0534762 0.00247134 -3.63879e-20)
(0.0539054 0.00209307 -2.5864e-21)
(0.0542828 0.00171325 2.44315e-21)
(0.0546033 0.00133247 1.8055e-20)
(0.0548556 0.000951536 -2.10868e-20)
(0.0550297 0.000570911 -8.4635e-21)
(0.0551185 0.000190682 5.56255e-22)
(0.0513815 0.00315426 -4.19615e-20)
(0.0525188 0.00276836 1.28218e-21)
(0.0528735 0.00244467 -2.67164e-21)
(0.0532972 0.00211817 4.40558e-20)
(0.0537116 0.00178794 -2.58164e-21)
(0.0540769 0.00145932 0)
(0.0543868 0.0011324 -2.27563e-23)
(0.0546307 0.000807255 1.67705e-23)
(0.054799 0.000483723 -9.0944e-21)
(0.0548849 0.000161331 0)
(0.051329 0.00272268 -1.31925e-21)
(0.052344 0.00237644 3.9557e-21)
(0.0527198 0.00208619 -5.2372e-21)
(0.0531353 0.00180036 5.16338e-21)
(0.0535402 0.00151426 -2.57727e-21)
(0.0538977 0.00123216 -2.44447e-21)
(0.0542006 0.000953781 -1.5759e-20)
(0.0544387 0.000678651 1.65175e-20)
(0.0546028 0.000406101 1.9433e-20)
(0.0546866 0.000135239 0)
(0.0512696 0.00232641 0)
(0.0521793 0.00201899 -4.20062e-20)
(0.0525775 0.00176082 0)
(0.0529909 0.0015128 2.05687e-20)
(0.0533906 0.00126747 0)
(0.0537438 0.0010279 0)
(0.0540423 0.000793529 1.19426e-21)
(0.0542766 0.000563462 -1.20429e-21)
(0.054438 0.000336664 -9.17545e-21)
(0.0545202 0.000111938 0)
(0.0512084 0.00195923 4.05293e-20)
(0.0520278 0.00168994 4.30384e-20)
(0.0524483 0.00146291 0)
(0.0528645 0.00125023 2.49974e-21)
(0.0532624 0.00104271 -2.28011e-20)
(0.0536137 0.000842262 -2.44671e-21)
(0.0539099 0.000648126 -7.26047e-21)
(0.0541419 0.000459072 -1.16557e-21)
(0.0543014 0.000273792 -3.43214e-21)
(0.0543827 9.08672e-05 0)
(0.051148 0.00161694 -6.21158e-20)
(0.0518912 0.00138626 -2.06707e-20)
(0.0523331 0.00119052 -2.53773e-21)
(0.0527557 0.00101145 -1.53455e-20)
(0.0531545 0.000839255 3.78689e-20)
(0.0535061 0.000674857 0)
(0.0538016 0.000517358 1.09656e-20)
(0.0540325 0.000365377 -1.21199e-21)
(0.0541911 0.000217453 4.62708e-21)
(0.0542718 7.20449e-05 1.11741e-21)
(0.0510937 0.00129217 2.04976e-20)
(0.051774 0.0010983 2.30606e-20)
(0.0522352 0.000932602 1.53547e-20)
(0.052666 0.000784811 2.58468e-21)
(0.0530671 0.00064569 -2.02034e-20)
(0.0534199 0.000515308 0)
(0.0537157 0.000392568 9.7791e-21)
(0.0539461 0.000275881 -5.95205e-21)
(0.054104 0.000163596 1.18294e-21)
(0.0541843 5.40102e-05 -1.12317e-21)
(0.0510415 0.000988056 2.02775e-20)
(0.051672 0.000834881 0)
(0.0521508 0.000702813 -2.28969e-20)
(0.052592 0.000587225 1.5231e-20)
(0.0529981 0.000480061 -2.56009e-21)
(0.0533542 0.000380868 2.45151e-21)
(0.0536518 0.000288656 -1.10957e-20)
(0.0538831 0.000202025 -2.39524e-21)
(0.0540412 0.000119485 1.18805e-21)
(0.0541216 3.94541e-05 0)
(0.0510074 0.000684169 -8.81089e-21)
(0.0516008 0.000559269 1.21143e-21)
(0.0520928 0.000451411 -2.56972e-21)
(0.0525418 0.000361578 2.48573e-21)
(0.0529504 0.000283829 -2.55733e-21)
(0.0533075 0.000216911 4.9861e-21)
(0.0536049 0.000159126 0)
(0.0538354 0.000108448 4.8145e-21)
(0.0539929 6.28419e-05 -2.3435e-21)
(0.0540727 2.02809e-05 5.67215e-22)
(0.0509596 0.000420592 -9.94762e-21)
(0.0515294 0.000349577 2.47383e-21)
(0.0520365 0.000290537 -1.23714e-24)
(0.0524991 0.00024146 -7.53987e-21)
(0.052917 0.000196898 -2.51529e-21)
(0.0532806 0.000155887 -9.94442e-21)
(0.0535823 0.00011792 3.71411e-21)
(0.0538153 8.24416e-05 -2.13555e-23)
(0.053974 4.8841e-05 2.35485e-21)
(0.0540544 1.64073e-05 -5.7018e-22)
(0.0509963 9.84379e-05 0)
(0.0515572 7.1525e-07 0)
(0.0520569 -6.76274e-05 -7.52647e-21)
(0.0525033 -0.000106815 2.56683e-21)
(0.0529027 -0.000123907 2.52824e-21)
(0.0532498 -0.000123642 2.51286e-21)
(0.053538 -0.000109822 1.22037e-21)
(0.0537609 -8.5801e-05 -3.65788e-21)
(0.053913 -5.46497e-05 1.21123e-21)
(0.0539901 -1.92769e-05 0)
)
;

boundaryField
{
    bottom
    {
        type            symmetryPlane;
    }
    right
    {
        type            zeroGradient;
    }
    top
    {
        type            symmetryPlane;
    }
    left
    {
        type            zeroGradient;
    }
    cylinder
    {
        type            noSlip;
    }
    defaultFaces
    {
        type            empty;
    }
}


// ************************************************************************* //
