/*--------------------------------*- C++ -*----------------------------------*\
| =========                 |                                                 |
| \\      /  F ield         | OpenFOAM: The Open Source CFD Toolbox           |
|  \\    /   O peration     | Version:  4.1                                   |
|   \\  /    A nd           | Web:      www.OpenFOAM.org                      |
|    \\/     M anipulation  |                                                 |
\*---------------------------------------------------------------------------*/
FoamFile
{
    version     2.0;
    format      ascii;
    class       volVectorField;
    location    "6.7";
    object      U;
}
// * * * * * * * * * * * * * * * * * * * * * * * * * * * * * * * * * * * * * //

dimensions      [0 1 -1 0 0 0 0];

internalField   nonuniform List<vector> 
2000
(
(-0.0345259 0.0305994 5.53902e-20)
(0.00504265 0.0273366 0)
(0.139129 0.00328511 8.94493e-20)
(0.348081 -0.0277202 4.02304e-20)
(0.604462 -0.0561234 -7.49107e-20)
(0.872203 -0.0781486 -1.00879e-19)
(1.12 -0.0925153 3.20267e-20)
(1.32506 -0.105291 0)
(1.49216 -0.106192 -2.49971e-20)
(1.58704 -0.126178 0)
(-0.027085 0.0222669 -2.74684e-20)
(0.0565251 0.00316161 2.45447e-20)
(0.258566 -0.0263602 -9.40623e-20)
(0.539944 -0.0532973 -1.26211e-19)
(0.847463 -0.0710667 -8.74582e-22)
(1.13108 -0.0800768 3.32035e-20)
(1.36095 -0.0834107 -3.13114e-20)
(1.52916 -0.085622 -2.72302e-20)
(1.64072 -0.0836885 2.49967e-20)
(1.6958 -0.0951374 4.18188e-20)
(-0.0120616 0.0120621 2.94364e-20)
(0.13333 -0.0216699 -2.75718e-20)
(0.416937 -0.0495506 4.72966e-20)
(0.764158 -0.0643687 -1.58169e-21)
(1.09483 -0.0673201 3.83219e-20)
(1.35975 -0.064101 3.43615e-20)
(1.54588 -0.0596289 3.06603e-20)
(1.66197 -0.0576666 2.72303e-20)
(1.72598 -0.0555981 2.29467e-20)
(1.75911 -0.0645299 -2.00295e-20)
(0.0130323 0.000413473 -7.33476e-22)
(0.239107 -0.0435203 -2.92329e-20)
(0.608294 -0.0600558 0)
(0.997438 -0.0571138 4.20722e-20)
(1.31617 -0.04613 -4.0818e-20)
(1.53633 -0.0352358 0)
(1.66887 -0.0282572 0)
(1.73859 -0.026115 0)
(1.77125 -0.0257514 -2.29481e-20)
(1.77919 -0.0341416 3.82148e-20)
(0.0505327 -0.0113251 6.84185e-20)
(0.374051 -0.0566993 1.04721e-23)
(0.817231 -0.0528414 2.72483e-20)
(1.21411 -0.0318607 2.21988e-20)
(1.493 -0.0118678 2.0034e-20)
(1.65845 0.00117302 1.69037e-20)
(1.74272 0.00683845 0)
(1.77882 0.00699813 1.19751e-20)
(1.78989 0.00436729 -4.99867e-20)
(1.79165 -0.00436919 6.51605e-20)
(0.102032 -0.0209302 -1.06857e-19)
(0.532552 -0.0551135 1.93722e-21)
(1.02321 -0.0264071 -5.39965e-20)
(1.39652 0.00809847 4.84481e-20)
(1.62198 0.0310892 -5.79091e-20)
(1.73564 0.0420008 1.86538e-20)
(1.78247 0.0441409 0)
(1.79605 0.0410457 -1.1976e-20)
(1.79676 0.0353264 1.00959e-20)
(1.79317 0.0266339 2.94477e-20)
(0.167838 -0.0254609 0)
(0.702935 -0.034496 0)
(1.20863 0.0174928 -2.73831e-20)
(1.53811 0.0589245 2.54915e-20)
(1.70855 0.0797476 -1.8442e-20)
(1.77905 0.0856685 1.73146e-20)
(1.79929 0.0829878 2.43557e-20)
(1.79959 0.0760902 -2.30221e-20)
(1.79445 0.0673284 -1.61637e-20)
(1.78978 0.0579194 7.76296e-21)
(0.246109 -0.0217901 2.04849e-20)
(0.87043 0.0059863 0)
(1.36321 0.0755797 -1.28671e-20)
(1.63981 0.117356 4.7795e-20)
(1.76036 0.132091 -2.99353e-20)
(1.79775 0.131247 0)
(1.80053 0.123118 0)
(1.79334 0.112112 0)
(1.78603 0.100382 -1.36809e-20)
(1.78083 0.0899712 1.30045e-20)
(0.332634 -0.00738534 -1.04903e-20)
(1.02184 0.0640396 -3.86136e-22)
(1.48286 0.144199 -1.46878e-20)
(1.70565 0.180786 5.60218e-21)
(1.78446 0.18668 5.35256e-21)
(1.79803 0.178084 7.63797e-21)
(1.79011 0.164179 0)
(1.77939 0.148917 -1.78684e-21)
(1.7714 0.134262 -6.67262e-21)
(1.76643 0.121966 5.10674e-21)
(0.421408 0.0190835 0)
(1.14838 0.135761 -8.97467e-21)
(1.56725 0.219784 0)
(1.74037 0.247062 -3.16039e-21)
(1.78632 0.242335 -2.9208e-21)
(1.78378 0.225485 -3.40079e-21)
(1.76998 0.205632 0)
(1.75808 0.185974 1.787e-21)
(1.75058 0.168296 1.29986e-21)
(1.74633 0.15356 5.70656e-22)
(-0.0100457 0.00945344 0)
(-0.0391187 0.0169885 -5.01019e-21)
(-0.0792069 0.019172 0)
(-0.116845 0.0189897 -6.55551e-21)
(-0.149456 0.0176603 -2.06876e-21)
(-0.17675 0.0157558 3.85247e-21)
(-0.198757 0.0136004 -3.62807e-21)
(-0.21577 0.0114314 3.43504e-21)
(-0.228433 0.00949698 3.12359e-23)
(-0.238111 0.00809008 3.04146e-21)
(-0.0115835 0.0270843 -1.58885e-20)
(-0.0396387 0.0489956 9.92732e-21)
(-0.0759856 0.0555283 -9.39427e-21)
(-0.108918 0.0550391 4.34849e-21)
(-0.136226 0.051053 2.0591e-20)
(-0.15762 0.0452473 -7.72543e-21)
(-0.173077 0.0385714 0)
(-0.182744 0.0317583 -3.42348e-21)
(-0.186909 0.0255928 -3.22288e-21)
(-0.187205 0.0210219 0)
(-0.0143802 0.0411669 1.05991e-20)
(-0.0407624 0.075456 0)
(-0.0703593 0.0861218 2.83777e-20)
(-0.0946592 0.0854298 -3.54492e-20)
(-0.112142 0.0788328 8.34865e-21)
(-0.12262 0.0689739 0)
(-0.126061 0.057322 0)
(-0.122524 0.0450753 0)
(-0.111722 0.0336029 2.61684e-20)
(-0.0945079 0.0246782 -2.48701e-20)
(-0.0179313 0.0503337 0)
(-0.0425523 0.093822 -2.07671e-20)
(-0.0635884 0.10788 3.8563e-20)
(-0.0764627 0.106924 -1.79912e-20)
(-0.0806478 0.0977826 1.69769e-20)
(-0.0762324 0.0838493 -4.78976e-20)
(-0.0632427 0.0668926 1.2715e-23)
(-0.0419296 0.0482688 2.84489e-20)
(-0.0122201 0.029748 2.65307e-20)
(0.0292863 0.0156262 -3.77736e-20)
(-0.0217542 0.054441 2.22713e-20)
(-0.0449406 0.102987 -4.25435e-20)
(-0.0567001 0.118891 -1.50597e-22)
(-0.0563382 0.11711 1.5195e-22)
(-0.0444649 0.105286 1.71447e-20)
(-0.0215891 0.0873251 -4.85985e-20)
(0.012079 0.0652019 0)
(0.0560537 0.04016 -1.44348e-20)
(0.109699 0.0139963 1.35729e-20)
(0.182735 -0.00702464 -5.08355e-20)
(-0.0255606 0.0543818 -2.81287e-22)
(-0.0475502 0.103335 4.30485e-20)
(-0.0496534 0.118641 1.98167e-20)
(-0.0343626 0.114693 1.89482e-20)
(-0.00331699 0.0994965 1.72941e-20)
(0.0426287 0.0773327 1.62639e-20)
(0.103 0.0505034 0)
(0.177165 0.0204647 1.44334e-20)
(0.2589 -0.0121953 4.01916e-20)
(0.376237 -0.0406763 -1.3366e-20)
(-0.0292637 0.05159 6.8921e-23)
(-0.0494473 0.0964179 2.21484e-20)
(-0.0404777 0.108009 0)
(-0.0071043 0.0998638 -3.71177e-20)
(0.0484354 0.0800992 3.5136e-20)
(0.124802 0.0533123 0)
(0.220452 0.0221592 0)
(0.334766 -0.0106388 0)
(0.448472 -0.0469366 -2.73113e-20)
(0.620568 -0.0786814 -5.08745e-20)
(-0.0327385 0.0474233 -2.4211e-20)
(-0.0487751 0.0841806 2.2679e-20)
(-0.0246495 0.0889018 4.17355e-20)
(0.0333935 0.0745031 5.18132e-22)
(0.122603 0.0492382 3.55514e-20)
(0.240061 0.0180169 3.31289e-20)
(0.380674 -0.0161258 3.09714e-20)
(0.541575 -0.0487519 2.89248e-20)
(0.689071 -0.0842863 2.73076e-20)
(0.908127 -0.111479 -2.50369e-20)
(-0.0355416 0.0426312 -7.58314e-20)
(-0.0424336 0.0681703 -2.25724e-20)
(0.00489171 0.0636267 -8.37608e-20)
(0.0987147 0.0418657 -3.84893e-20)
(0.234228 0.0115553 4.70479e-22)
(0.403392 -0.0219338 -3.28053e-20)
(0.593994 -0.0549397 3.11965e-20)
(0.794509 -0.0840275 -2.8921e-20)
(0.972371 -0.112832 2.67179e-20)
(1.19985 -0.129239 -4.98594e-20)
(-0.0366671 0.0372001 5.09687e-20)
(-0.026168 0.0491562 0)
(0.056699 0.0343527 4.2667e-20)
(0.200896 0.00608291 -7.84888e-23)
(0.394786 -0.0262135 5.81985e-22)
(0.618946 -0.0571028 3.30858e-20)
(0.851011 -0.0828423 -9.36281e-20)
(1.06819 -0.105203 0)
(1.25872 -0.120501 -2.67148e-20)
(1.43893 -0.129991 0)
(-0.246266 0.00712038 0)
(-0.253864 0.00497395 -2.84495e-21)
(-0.258236 0.00248744 5.63972e-21)
(-0.259373 -3.29215e-05 -2.44773e-21)
(-0.257341 -0.00267339 0)
(-0.252026 -0.00538716 2.48549e-21)
(-0.243285 -0.00813495 -2.49781e-21)
(-0.231026 -0.0108891 0)
(-0.215184 -0.0136344 0)
(-0.195767 -0.0163147 2.46939e-22)
(-0.172818 -0.0189277 0)
(-0.146388 -0.0214496 0)
(-0.11656 -0.0238777 0)
(-0.0834061 -0.0262389 0)
(-0.0470415 -0.028457 -2.01766e-22)
(-0.00747516 -0.0306196 2.02812e-22)
(0.035256 -0.0328697 0)
(0.0806928 -0.03532 -2.69159e-23)
(0.130135 -0.0378592 2.70576e-23)
(0.199031 -0.0404546 0)
(-0.187935 0.0181891 0)
(-0.192034 0.0119869 7.37425e-22)
(-0.192761 0.0049201 0)
(-0.190471 -0.00256394 1.06158e-20)
(-0.185408 -0.010334 -1.0326e-20)
(-0.177292 -0.0182775 6.59534e-22)
(-0.166016 -0.0263138 -4.79075e-21)
(-0.151532 -0.034388 9.89535e-21)
(-0.133724 -0.0425367 -8.11007e-21)
(-0.112631 -0.0503392 4.4366e-21)
(-0.0883515 -0.0579302 3.39573e-21)
(-0.0609364 -0.065251 -5.98478e-21)
(-0.0305298 -0.0722488 2.99816e-21)
(0.0029305 -0.0788976 1.36724e-21)
(0.0393039 -0.085238 -1.06849e-21)
(0.0782979 -0.0913656 1.95058e-22)
(0.119859 -0.0975353 1.4263e-22)
(0.16369 -0.104099 1.2506e-22)
(0.209427 -0.110871 -1.25666e-22)
(0.274136 -0.118337 5.01951e-25)
(-0.0829474 0.0203129 -7.6446e-22)
(-0.0801012 0.0108511 -7.38713e-22)
(-0.0744778 -0.000316678 -7.42882e-22)
(-0.0662329 -0.0122082 0)
(-0.055472 -0.0244529 -1.22879e-20)
(-0.0422199 -0.0369779 9.59981e-21)
(-0.0264269 -0.0496821 0)
(-0.00823549 -0.0624477 -1.20702e-21)
(0.0129791 -0.0750498 -5.51896e-22)
(0.0371744 -0.0873816 6.85995e-21)
(0.0636881 -0.0993826 -8.2077e-22)
(0.0926753 -0.110897 -7.97815e-21)
(0.124059 -0.12181 -3.78254e-22)
(0.157712 -0.132014 -3.01889e-22)
(0.193479 -0.141646 -2.67797e-22)
(0.231156 -0.150759 5.10665e-22)
(0.270427 -0.159542 -5.09351e-22)
(0.311548 -0.168461 -5.00194e-22)
(0.35106 -0.177356 -8.81191e-23)
(0.409045 -0.188116 1.90166e-23)
(0.0553545 0.00923031 -2.38595e-20)
(0.0669686 -0.00214211 4.30447e-22)
(0.08044 -0.0162156 1.29066e-21)
(0.0966419 -0.0313743 2.3877e-20)
(0.114686 -0.0470644 2.15519e-21)
(0.134409 -0.0631572 6.79552e-22)
(0.155907 -0.0795472 -1.91852e-20)
(0.17922 -0.0960132 1.15374e-20)
(0.204434 -0.112122 9.68881e-21)
(0.23155 -0.128054 -8.8192e-21)
(0.260401 -0.143486 8.20913e-22)
(0.290873 -0.158182 8.80148e-21)
(0.322831 -0.17199 3.75105e-22)
(0.356096 -0.184782 3.10664e-21)
(0.390471 -0.196569 -2.16665e-21)
(0.425799 -0.207372 -1.54234e-21)
(0.461392 -0.217366 1.35705e-21)
(0.498629 -0.22689 0)
(0.530836 -0.235766 1.96463e-22)
(0.580427 -0.246898 9.38877e-24)
(0.221158 -0.0148627 5.01758e-20)
(0.243687 -0.0272139 -2.32886e-20)
(0.264531 -0.0429904 2.49064e-20)
(0.288159 -0.0602398 0)
(0.313473 -0.0781632 -1.44933e-21)
(0.339666 -0.0965922 -2.21536e-20)
(0.366687 -0.115417 -2.50825e-22)
(0.394619 -0.134383 1.2416e-21)
(0.423482 -0.153154 1.99268e-20)
(0.453199 -0.171471 1.09408e-21)
(0.483632 -0.189059 0)
(0.514592 -0.205642 -8.93251e-22)
(0.545945 -0.221031 0)
(0.57745 -0.235018 -6.73847e-22)
(0.608933 -0.24762 0)
(0.64029 -0.258703 0)
(0.670588 -0.268584 3.41248e-22)
(0.701988 -0.277203 -3.91915e-22)
(0.726684 -0.284725 3.48557e-22)
(0.765588 -0.293367 -9.01988e-23)
(0.421769 -0.0479691 0)
(0.452536 -0.0611306 -1.58623e-21)
(0.479107 -0.0781705 -4.94932e-20)
(0.507807 -0.0965524 4.79611e-20)
(0.538128 -0.115531 -1.48805e-21)
(0.568782 -0.135121 0)
(0.599417 -0.155187 -2.14392e-20)
(0.630034 -0.175383 4.03501e-20)
(0.660593 -0.195328 -2.14453e-20)
(0.69091 -0.214651 -1.13729e-21)
(0.720836 -0.233033 -1.03962e-21)
(0.750084 -0.250107 -9.3534e-22)
(0.778598 -0.265685 0)
(0.805991 -0.279438 4.49686e-21)
(0.832345 -0.291505 -1.01065e-20)
(0.8573 -0.301472 4.29729e-21)
(0.880513 -0.310062 -3.72154e-22)
(0.903314 -0.31647 -2.61509e-22)
(0.920441 -0.321991 9.88095e-23)
(0.945774 -0.326374 -9.63562e-23)
(0.665224 -0.0845124 5.08745e-20)
(0.698055 -0.0979639 0)
(0.726243 -0.115773 -1.56318e-21)
(0.756022 -0.134473 3.05675e-21)
(0.787137 -0.153648 2.96955e-21)
(0.818158 -0.17351 1.42905e-21)
(0.848565 -0.193809 1.36742e-21)
(0.87817 -0.21409 -1.89222e-20)
(0.906814 -0.23395 2.26126e-20)
(0.934159 -0.252962 1.95733e-20)
(0.960093 -0.270788 -1.62579e-20)
(0.984167 -0.286983 1.84604e-21)
(1.00657 -0.301427 -6.1032e-21)
(1.0266 -0.313653 1.59243e-21)
(1.04503 -0.324034 6.36636e-21)
(1.06063 -0.331798 4.78412e-22)
(1.07494 -0.338279 -5.22753e-22)
(1.08636 -0.341678 6.82858e-22)
(1.09577 -0.345014 9.73797e-22)
(1.10527 -0.344715 4.82963e-23)
(0.943527 -0.116616 0)
(0.970982 -0.130385 -5.07595e-20)
(0.995476 -0.148037 5.21054e-20)
(1.02145 -0.166331 -1.5295e-21)
(1.04838 -0.18528 -2.93568e-21)
(1.07493 -0.204881 -1.42771e-21)
(1.10045 -0.224663 -2.69835e-21)
(1.12446 -0.244137 0)
(1.14668 -0.26293 -1.20475e-21)
(1.16665 -0.280589 -1.11291e-21)
(1.18443 -0.296814 -9.95661e-22)
(1.19938 -0.311127 -1.80348e-21)
(1.21217 -0.323536 0)
(1.22164 -0.333469 0)
(1.22968 -0.34157 -5.78053e-22)
(1.23366 -0.34673 -4.22973e-21)
(1.23794 -0.350899 2.92834e-21)
(1.23659 -0.351327 -2.50452e-22)
(1.23849 -0.352705 -4.93139e-22)
(1.23206 -0.348499 1.43401e-22)
(1.22233 -0.136892 5.19762e-20)
(1.24126 -0.151646 0)
(1.25907 -0.168739 0)
(1.27767 -0.186666 -4.69991e-20)
(1.2965 -0.205374 2.89895e-21)
(1.31451 -0.224343 8.81164e-20)
(1.33094 -0.243056 -4.15832e-20)
(1.34508 -0.261124 0)
(1.35677 -0.278243 0)
(1.36556 -0.293981 0)
(1.37185 -0.308121 5.0795e-22)
(1.37493 -0.320213 1.3051e-21)
(1.37606 -0.330392 1.1425e-20)
(1.37361 -0.338048 -1.1024e-20)
(1.37068 -0.34401 4.00705e-21)
(1.36313 -0.346965 -3.52952e-21)
(1.35809 -0.349242 0)
(1.34537 -0.347461 1.23658e-22)
(1.3411 -0.347405 1.42643e-22)
(1.3216 -0.34054 0)
(1.46041 -0.14504 -8.05379e-22)
(1.47603 -0.160285 -4.92036e-20)
(1.48715 -0.176221 4.86915e-20)
(1.49574 -0.193194 0)
(1.50294 -0.210581 4.34316e-20)
(1.50867 -0.227779 -8.43174e-20)
(1.51248 -0.244552 4.09104e-20)
(1.51382 -0.260656 0)
(1.51283 -0.275837 1.69022e-20)
(1.5092 -0.289685 -3.21865e-20)
(1.50368 -0.302029 1.57673e-20)
(1.49547 -0.312439 -4.18041e-22)
(1.4863 -0.32109 0)
(1.47409 -0.327375 -9.45091e-21)
(1.46274 -0.332147 1.28128e-20)
(1.44691 -0.334069 -3.72885e-21)
(1.43557 -0.335482 -2.20173e-21)
(1.41551 -0.332905 1.57081e-21)
(1.40759 -0.332283 7.19017e-22)
(1.38003 -0.324461 0)
(1.66496 -0.131646 0)
(1.66175 -0.146789 0)
(1.65378 -0.160574 0)
(1.64462 -0.175292 0)
(1.63626 -0.190882 0)
(1.62842 -0.206596 0)
(1.62036 -0.221915 0)
(1.61114 -0.236513 0)
(1.60086 -0.250283 0)
(1.58895 -0.262951 0)
(1.57628 -0.274475 0)
(1.56174 -0.284441 0)
(1.54723 -0.293061 0)
(1.5302 -0.299693 0)
(1.51492 -0.305145 0)
(1.49535 -0.308085 0)
(1.48114 -0.310613 0)
(1.45798 -0.309552 0)
(1.44814 -0.309999 0)
(1.41759 -0.304145 0)
(1.72241 -0.119375 0)
(1.72255 -0.136027 0)
(1.71413 -0.151489 0)
(1.70237 -0.167116 0)
(1.69087 -0.182991 0)
(1.67992 -0.198604 0)
(1.66879 -0.213545 0)
(1.65652 -0.227541 0)
(1.64325 -0.240537 0)
(1.62854 -0.252323 0)
(1.61334 -0.262913 0)
(1.59656 -0.27195 0)
(1.58013 -0.279679 0)
(1.56142 -0.28551 0)
(1.54476 -0.290239 0)
(1.52395 -0.29261 0)
(1.5088 -0.294626 0)
(1.48474 -0.293261 0)
(1.47432 -0.293388 0)
(1.4433 -0.287428 0)
(1.75191 -0.108312 0)
(1.75217 -0.125721 0)
(1.74323 -0.142081 0)
(1.7304 -0.157715 0)
(1.71769 -0.172849 0)
(1.70562 -0.187394 0)
(1.69346 -0.201191 0)
(1.6802 -0.214043 0)
(1.66601 -0.225909 0)
(1.65044 -0.236608 0)
(1.63452 -0.246191 0)
(1.61713 -0.254358 0)
(1.60026 -0.261362 0)
(1.5812 -0.266667 0)
(1.56433 -0.271007 0)
(1.54336 -0.273229 0)
(1.52816 -0.275142 0)
(1.50409 -0.274002 0)
(1.49377 -0.274163 0)
(1.46287 -0.268904 0)
(1.76444 -0.0981225 0)
(1.76475 -0.115534 0)
(1.7562 -0.131935 0)
(1.74357 -0.147137 0)
(1.73077 -0.161423 0)
(1.71847 -0.174968 0)
(1.70614 -0.187784 0)
(1.69277 -0.199719 0)
(1.67853 -0.210725 0)
(1.66299 -0.220629 0)
(1.64717 -0.229495 0)
(1.62997 -0.23706 0)
(1.61337 -0.243572 0)
(1.59464 -0.248534 0)
(1.57814 -0.252626 0)
(1.55759 -0.254775 0)
(1.5428 -0.256639 0)
(1.51923 -0.255708 0)
(1.50921 -0.255937 0)
(1.47901 -0.251277 0)
(1.76889 -0.0895073 0)
(1.76931 -0.106265 0)
(1.7616 -0.122119 0)
(1.74978 -0.136661 0)
(1.73745 -0.150128 0)
(1.72542 -0.162774 0)
(1.71333 -0.174698 0)
(1.70027 -0.185787 0)
(1.68642 -0.195996 0)
(1.67131 -0.205161 0)
(1.65599 -0.213354 0)
(1.63932 -0.220343 0)
(1.62328 -0.226371 0)
(1.60515 -0.230981 0)
(1.58926 -0.234805 0)
(1.56935 -0.236852 0)
(1.55512 -0.238643 0)
(1.53223 -0.237882 0)
(1.52262 -0.238165 0)
(1.49325 -0.234018 0)
(1.77152 -0.0822894 0)
(1.77189 -0.0979632 0)
(1.76494 -0.112926 0)
(1.75401 -0.126653 0)
(1.74231 -0.139281 0)
(1.73069 -0.151051 0)
(1.71897 -0.162098 0)
(1.70634 -0.17235 0)
(1.69298 -0.181774 0)
(1.67841 -0.190222 0)
(1.66366 -0.197769 0)
(1.64758 -0.204205 0)
(1.63216 -0.209769 0)
(1.61466 -0.214037 0)
(1.59939 -0.217601 0)
(1.58012 -0.219538 0)
(1.56646 -0.221252 0)
(1.54424 -0.220634 0)
(1.53503 -0.220957 0)
(1.50647 -0.217266 0)
(1.77519 -0.0759229 0)
(1.7752 -0.0903529 0)
(1.76878 -0.104271 0)
(1.7586 -0.117088 0)
(1.7475 -0.128846 0)
(1.73628 -0.139746 0)
(1.7249 -0.149934 0)
(1.71264 -0.159368 0)
(1.69973 -0.168034 0)
(1.68564 -0.175795 0)
(1.6714 -0.182728 0)
(1.65584 -0.18864 0)
(1.64096 -0.19376 0)
(1.62401 -0.197696 0)
(1.60929 -0.200999 0)
(1.59059 -0.202816 0)
(1.57742 -0.204438 0)
(1.55578 -0.203928 0)
(1.54691 -0.204273 0)
(1.51906 -0.200971 0)
(1.78048 -0.0700605 0)
(1.77992 -0.0832278 0)
(1.77378 -0.0960361 0)
(1.7642 -0.107883 0)
(1.7536 -0.118744 0)
(1.74272 -0.12878 0)
(1.73161 -0.138131 0)
(1.71964 -0.146774 0)
(1.70707 -0.154707 0)
(1.69336 -0.16181 0)
(1.67953 -0.168153 0)
(1.66439 -0.17356 0)
(1.64995 -0.178249 0)
(1.63344 -0.181857 0)
(1.61916 -0.184899 0)
(1.60092 -0.186583 0)
(1.58816 -0.188101 0)
(1.567 -0.187671 0)
(1.55842 -0.188021 0)
(1.53115 -0.185057 0)
(1.78708 -0.0645191 0)
(1.78585 -0.0764369 0)
(1.77983 -0.0881058 0)
(1.7707 -0.0989464 0)
(1.7605 -0.108894 0)
(1.74988 -0.118071 0)
(1.73897 -0.126603 0)
(1.72721 -0.134478 0)
(1.71489 -0.141702 0)
(1.70147 -0.148166 0)
(1.68795 -0.153938 0)
(1.67313 -0.158857 0)
(1.65903 -0.163127 0)
(1.64287 -0.166413 0)
(1.62894 -0.169193 0)
(1.61106 -0.170739 0)
(1.59862 -0.172143 0)
(1.57784 -0.171775 0)
(1.56949 -0.172117 0)
(1.5427 -0.169457 0)
(1.7945 -0.0591485 0)
(1.79256 -0.0698414 0)
(1.78654 -0.0803696 0)
(1.77773 -0.0901926 0)
(1.76785 -0.0992212 0)
(1.75743 -0.107545 0)
(1.74666 -0.115274 0)
(1.73504 -0.122401 0)
(1.7229 -0.128935 0)
(1.70969 -0.134778 0)
(1.69641 -0.139997 0)
(1.68184 -0.144442 0)
(1.668 -0.148303 0)
(1.65211 -0.151275 0)
(1.63845 -0.153797 0)
(1.62084 -0.155201 0)
(1.60867 -0.156486 0)
(1.58818 -0.156166 0)
(1.58002 -0.156492 0)
(1.5536 -0.154108 0)
(1.80226 -0.0538276 0)
(1.7996 -0.0633344 0)
(1.7935 -0.0727419 0)
(1.78493 -0.0815531 0)
(1.77529 -0.0896661 0)
(1.76503 -0.0971454 0)
(1.75435 -0.104087 0)
(1.74283 -0.110481 0)
(1.73082 -0.116342 0)
(1.71777 -0.121581 0)
(1.70467 -0.126261 0)
(1.69029 -0.130245 0)
(1.67665 -0.133709 0)
(1.66095 -0.136374 0)
(1.64751 -0.13864 0)
(1.63012 -0.139903 0)
(1.61815 -0.141065 0)
(1.5979 -0.140785 0)
(1.58988 -0.141089 0)
(1.56377 -0.138963 0)
(1.80998 -0.0484837 0)
(1.80663 -0.0568504 0)
(1.8004 -0.0651657 0)
(1.792 -0.0729797 0)
(1.78253 -0.0801864 0)
(1.77238 -0.086832 0)
(1.76177 -0.0929976 0)
(1.75032 -0.0986749 0)
(1.73841 -0.103878 0)
(1.72547 -0.108528 0)
(1.71251 -0.112682 0)
(1.69827 -0.116216 0)
(1.68478 -0.119291 0)
(1.66924 -0.121655 0)
(1.65597 -0.12367 0)
(1.63875 -0.124792 0)
(1.62694 -0.125831 0)
(1.60687 -0.125585 0)
(1.59897 -0.125863 0)
(1.57311 -0.123982 0)
(1.81736 -0.0430784 0)
(1.81336 -0.0503495 0)
(1.80698 -0.0576026 0)
(1.79868 -0.0644375 0)
(1.78936 -0.0707503 0)
(1.77929 -0.0765739 0)
(1.76872 -0.0819768 0)
(1.75731 -0.0869506 0)
(1.74547 -0.0915089 0)
(1.73262 -0.095582 0)
(1.71975 -0.0992206 0)
(1.70562 -0.102316 0)
(1.69226 -0.10501 0)
(1.67684 -0.10708 0)
(1.6637 -0.108848 0)
(1.64661 -0.109831 0)
(1.63493 -0.110745 0)
(1.61501 -0.110531 0)
(1.60721 -0.11078 0)
(1.58154 -0.109134 0)
(1.82418 -0.0375887 0)
(1.8196 -0.0438051 0)
(1.81304 -0.0500253 0)
(1.80482 -0.0559008 0)
(1.7956 -0.0613342 0)
(1.78559 -0.0663486 0)
(1.77504 -0.0710012 0)
(1.76366 -0.0752841 0)
(1.75186 -0.0792095 0)
(1.73908 -0.0827166 0)
(1.72629 -0.0858501 0)
(1.71224 -0.0885149 0)
(1.69898 -0.0908353 0)
(1.68365 -0.0926174 0)
(1.67061 -0.0941411 0)
(1.65363 -0.0949871 0)
(1.64205 -0.0957776 0)
(1.62224 -0.0955926 0)
(1.61452 -0.0958104 0)
(1.58901 -0.0943929 0)
(1.83028 -0.0320024 0)
(1.82517 -0.0372014 0)
(1.81845 -0.042417 0)
(1.81027 -0.0473529 0)
(1.80113 -0.0519219 0)
(1.79116 -0.05614 0)
(1.78063 -0.0600543 0)
(1.76926 -0.0636577 0)
(1.75749 -0.0669606 0)
(1.74475 -0.0699114 0)
(1.73203 -0.0725482 0)
(1.71804 -0.0747901 0)
(1.70485 -0.0767428 0)
(1.68959 -0.0782418 0)
(1.67664 -0.0795249 0)
(1.65973 -0.0802361 0)
(1.64824 -0.0809032 0)
(1.62852 -0.0807467 0)
(1.62086 -0.0809322 0)
(1.59548 -0.0797383 0)
(1.83552 -0.026318 0)
(1.82997 -0.0305328 0)
(1.8231 -0.034769 0)
(1.81494 -0.0387835 0)
(1.80585 -0.0425022 0)
(1.79591 -0.0459362 0)
(1.78538 -0.0491232 0)
(1.77402 -0.0520574 0)
(1.76227 -0.0547472 0)
(1.74957 -0.0571502 0)
(1.73689 -0.0592974 0)
(1.72295 -0.0611229 0)
(1.70981 -0.0627132 0)
(1.69461 -0.0639336 0)
(1.68172 -0.064979 0)
(1.66487 -0.0655577 0)
(1.65344 -0.0661019 0)
(1.6338 -0.0659736 0)
(1.62619 -0.066126 0)
(1.6009 -0.0651525 0)
(1.83981 -0.0205498 0)
(1.83389 -0.0238075 0)
(1.82689 -0.0270843 0)
(1.81875 -0.0301918 0)
(1.8097 -0.0330715 0)
(1.79977 -0.0357314 0)
(1.78925 -0.0382004 0)
(1.77788 -0.040474 0)
(1.76615 -0.0425581 0)
(1.75347 -0.0444203 0)
(1.74082 -0.046084 0)
(1.72692 -0.0474987 0)
(1.71382 -0.0487306 0)
(1.69866 -0.0496766 0)
(1.68582 -0.0504863 0)
(1.66902 -0.050935 0)
(1.65764 -0.0513566 0)
(1.63804 -0.0512571 0)
(1.63047 -0.0513753 0)
(1.60526 -0.0506203 0)
(1.84306 -0.014727 0)
(1.83687 -0.0170483 0)
(1.82978 -0.0193802 0)
(1.82164 -0.0215903 0)
(1.81262 -0.0236379 0)
(1.8027 -0.0255298 0)
(1.79217 -0.0272863 0)
(1.78081 -0.0289049 0)
(1.76908 -0.0303883 0)
(1.75642 -0.0317148 0)
(1.74379 -0.0328987 0)
(1.72991 -0.033907 0)
(1.71684 -0.034783 0)
(1.70172 -0.0354583 0)
(1.6889 -0.0360327 0)
(1.67214 -0.0363549 0)
(1.66079 -0.0366521 0)
(1.64124 -0.0365844 0)
(1.63369 -0.0366651 0)
(1.60854 -0.0361292 0)
(1.84522 -0.00880592 0)
(1.83885 -0.010219 0)
(1.8317 -0.011628 0)
(1.82357 -0.0129572 0)
(1.81457 -0.014185 0)
(1.80465 -0.0153185 0)
(1.79413 -0.01637 0)
(1.78276 -0.01734 0)
(1.77104 -0.0182277 0)
(1.75839 -0.0190232 0)
(1.74578 -0.0197305 0)
(1.73191 -0.0203366 0)
(1.71886 -0.0208578 0)
(1.70376 -0.0212667 0)
(1.69096 -0.0216046 0)
(1.67422 -0.0218056 0)
(1.6629 -0.0219734 0)
(1.64337 -0.0219451 0)
(1.63584 -0.0219803 0)
(1.61073 -0.0216698 0)
(1.84623 -0.00279621 0)
(1.83981 -0.00331033 0)
(1.83264 -0.00380966 0)
(1.82452 -0.00427285 0)
(1.81554 -0.00469557 0)
(1.80563 -0.00508279 0)
(1.7951 -0.00543958 0)
(1.78374 -0.00576773 0)
(1.77202 -0.00606646 0)
(1.75937 -0.0063344 0)
(1.74677 -0.00657089 0)
(1.73292 -0.00677498 0)
(1.71987 -0.00694787 0)
(1.70478 -0.00708677 0)
(1.69199 -0.00719679 0)
(1.67527 -0.00726801 0)
(1.66395 -0.0073189 0)
(1.64445 -0.007316 0)
(1.63692 -0.00732099 0)
(1.61182 -0.00722339 0)
(1.7443 0.136351 -5.57579e-22)
(1.7635 0.111771 0)
(1.77722 0.0861168 3.31094e-22)
(1.78693 0.0595365 1.04612e-20)
(1.79078 0.0322592 -3.00662e-20)
(1.792 0.00494993 0)
(1.78782 -0.023096 -3.7051e-20)
(1.771 -0.0503253 0)
(1.76699 -0.0783105 -4.37472e-20)
(1.66343 -0.111501 6.75129e-22)
(1.74502 0.121568 1.01388e-22)
(1.76222 0.100079 -1.88035e-22)
(1.77538 0.0773929 1.88412e-22)
(1.78297 0.0544634 -2.06353e-21)
(1.78941 0.0301044 1.00223e-20)
(1.7853 0.00625834 8.03428e-22)
(1.79359 -0.0186806 0)
(1.76509 -0.0446207 3.16636e-20)
(1.7913 -0.0662449 0)
(1.71645 -0.10058 3.75486e-20)
(1.74993 0.107174 -1.21675e-23)
(1.76354 0.0880592 0)
(1.77692 0.0677027 2.07228e-22)
(1.77982 0.0471687 -2.11859e-21)
(1.79042 0.0257837 -1.08376e-20)
(1.77883 0.00366827 0)
(1.79562 -0.0167168 -2.34244e-20)
(1.76294 -0.0426505 -3.23877e-20)
(1.78986 -0.0588514 0)
(1.74532 -0.090589 -3.71675e-20)
(1.75724 0.0946322 -8.92201e-23)
(1.76738 0.0772547 -3.08152e-22)
(1.78132 0.059436 0)
(1.78002 0.0404613 -6.9017e-21)
(1.79293 0.0225004 -5.5018e-22)
(1.77797 0.00120618 1.20224e-21)
(1.79462 -0.0149619 2.2841e-20)
(1.76746 -0.0399963 7.45724e-22)
(1.78359 -0.0536621 2.58874e-20)
(1.75815 -0.0812391 0)
(1.76572 0.0835445 0)
(1.77349 0.0676156 2.7451e-22)
(1.78711 0.0523842 9.34434e-22)
(1.78413 0.0346293 -4.39405e-22)
(1.796 0.0197391 3.3474e-22)
(1.78251 -0.000449562 5.44967e-22)
(1.7936 -0.013975 1.61245e-20)
(1.77434 -0.0367302 1.34697e-21)
(1.78076 -0.0497344 -4.08028e-21)
(1.76332 -0.0735054 -2.47743e-20)
(1.77463 0.0736455 5.56197e-22)
(1.78135 0.0590447 6.89374e-24)
(1.79341 0.0459816 -5.8931e-22)
(1.79099 0.0295377 -6.14752e-23)
(1.79978 0.0167559 4.14189e-21)
(1.78973 -0.00171238 0)
(1.79494 -0.0140218 -1.7798e-20)
(1.78102 -0.0339886 5.33047e-22)
(1.78214 -0.0467534 -4.12028e-20)
(1.76682 -0.0674414 4.57978e-20)
(1.78374 0.0646985 -5.58933e-22)
(1.79021 0.0514605 -7.56849e-22)
(1.80014 0.0400066 -1.5533e-22)
(1.79907 0.0251124 9.82349e-22)
(1.80475 0.0136157 -1.10972e-21)
(1.79759 -0.00280113 4.4564e-21)
(1.79908 -0.0144809 -4.41613e-22)
(1.7876 -0.0318811 9.5308e-22)
(1.78664 -0.0441177 1.83876e-20)
(1.77152 -0.0623621 -2.10597e-20)
(1.79295 0.0565772 0)
(1.79937 0.0447489 1.84129e-21)
(1.80737 0.0344913 -9.00935e-23)
(1.80738 0.0212622 -1.11419e-21)
(1.81094 0.0106736 -1.14896e-21)
(1.80541 -0.00373047 -7.43251e-21)
(1.80524 -0.0147572 4.264e-21)
(1.7947 -0.0300286 0)
(1.79306 -0.0414395 0)
(1.77798 -0.0577406 0)
(1.80217 0.0492276 0)
(1.8084 0.0387803 -2.12704e-21)
(1.81499 0.0295142 -1.07361e-22)
(1.81553 0.0178852 -2.19593e-23)
(1.81794 0.00814118 -1.7334e-21)
(1.81317 -0.0044882 3.46589e-21)
(1.81241 -0.0146947 -5.02475e-21)
(1.80242 -0.0282282 2.82118e-22)
(1.80046 -0.0387017 0)
(1.78577 -0.0533732 -6.38642e-21)
(1.81121 0.0426041 1.01222e-22)
(1.8171 0.033442 1.26607e-21)
(1.82272 0.0250976 1.63323e-21)
(1.82342 0.0149089 3.57772e-23)
(1.82524 0.00604796 3.7223e-23)
(1.82088 -0.00506789 1.3688e-21)
(1.81988 -0.0143564 -2.80914e-21)
(1.81048 -0.0264193 2.1557e-22)
(1.80822 -0.0359337 0)
(1.79431 -0.0491417 1.1592e-20)
(1.81987 0.0366466 0)
(1.82534 0.0286512 1.60725e-21)
(1.83028 0.0212094 3.71975e-22)
(1.83099 0.0122962 0)
(1.83245 0.00435018 0)
(1.82843 -0.00544882 -1.1372e-21)
(1.82724 -0.0137901 2.35684e-21)
(1.81857 -0.0245339 2.19232e-22)
(1.81598 -0.0330844 -8.01877e-23)
(1.80313 -0.0449261 -5.35077e-21)
(1.828 0.0312834 0)
(1.83304 0.024347 -3.20097e-21)
(1.83745 0.0177934 -2.53241e-21)
(1.83815 0.0100273 2.6075e-22)
(1.83932 0.00300106 -1.37833e-22)
(1.83568 -0.00560392 3.58961e-23)
(1.83429 -0.0129985 -1.4128e-22)
(1.82642 -0.022506 -1.55581e-21)
(1.8235 -0.0301001 -2.70599e-22)
(1.81183 -0.0406432 1.06177e-22)
(1.83545 0.0264398 0)
(1.84013 0.0204771 1.77599e-21)
(1.84407 0.0147903 -1.42898e-22)
(1.8448 0.00808257 1.41716e-22)
(1.84569 0.0019628 0)
(1.84247 -0.00552205 0)
(1.84087 -0.0119848 0)
(1.83382 -0.0203086 1.81695e-21)
(1.83058 -0.0269657 -1.95978e-21)
(1.82011 -0.0362543 0)
(1.84213 0.0220435 0)
(1.8465 0.0169898 1.23485e-21)
(1.85005 0.0121439 1.33999e-21)
(1.85082 0.00643461 1.34135e-21)
(1.85147 0.00119964 -2.15687e-22)
(1.84866 -0.00521356 7.52785e-22)
(1.84686 -0.010766 -1.76511e-22)
(1.84061 -0.0179433 0)
(1.83707 -0.0236844 5.24918e-22)
(1.82773 -0.0317422 2.12111e-21)
(1.84798 0.0180577 -3.31593e-22)
(1.8521 0.0138493 -1.02154e-21)
(1.8553 0.00981105 -1.7391e-21)
(1.85614 0.00505372 -9.51885e-22)
(1.85658 0.00067739 0)
(1.85415 -0.0047 -8.80954e-22)
(1.85217 -0.00936469 3.15425e-22)
(1.84664 -0.0154205 -1.31055e-23)
(1.84283 -0.0202632 9.19862e-22)
(1.83452 -0.0271001 -2.81127e-21)
(1.85291 0.0143493 3.33297e-22)
(1.85684 0.0109764 -8.69159e-22)
(1.85977 0.00773051 6.36076e-22)
(1.86068 0.00389495 -1.33146e-21)
(1.86094 0.000355362 0)
(1.85885 -0.0040112 0)
(1.85672 -0.00780675 4.1258e-23)
(1.85181 -0.0127561 -1.99047e-22)
(1.84777 -0.0167143 4.11387e-22)
(1.84035 -0.0223311 7.63511e-22)
(1.85696 0.0108681 0)
(1.86072 0.00832304 1.37607e-21)
(1.86342 0.00585364 -4.20188e-22)
(1.86438 0.00291517 1.23425e-21)
(1.8645 0.00019255 2.93552e-22)
(1.86269 -0.00318253 -1.30331e-22)
(1.86044 -0.0061251 1.90861e-22)
(1.85604 -0.00997758 1.10985e-22)
(1.85181 -0.0130634 0)
(1.84512 -0.0174551 0)
(1.86005 0.00764099 0)
(1.86367 0.00587833 5.89249e-22)
(1.8662 0.00415682 -9.2048e-22)
(1.8672 0.00208996 0)
(1.86721 0.000163972 -5.41653e-22)
(1.86561 -0.00223927 -1.47196e-22)
(1.86328 -0.00434577 -3.19468e-22)
(1.85926 -0.00711359 -2.441e-23)
(1.85489 -0.00933991 3.44928e-23)
(1.84875 -0.0125075 -1.04913e-23)
(1.86213 0.00458699 0)
(1.86566 0.00358893 -5.92081e-22)
(1.86806 0.00261416 -4.55301e-22)
(1.86909 0.00141829 5.38649e-22)
(1.86902 0.000289991 2.21284e-22)
(1.86757 -0.00114486 1.96252e-22)
(1.86517 -0.00241867 5.53986e-22)
(1.86142 -0.00410797 -2.52882e-22)
(1.85694 -0.00548465 3.48092e-23)
(1.85116 -0.00743634 0)
(1.86316 0.00144041 0)
(1.86664 0.00122486 2.75581e-22)
(1.86898 0.00100783 -2.48435e-22)
(1.87002 0.000695381 2.1572e-22)
(1.86992 0.000380041 0)
(1.86853 -6.59771e-05 -1.97237e-22)
(1.8661 -0.00048466 9.8797e-23)
(1.86247 -0.00106746 3.20431e-23)
(1.85792 -0.00156793 0)
(1.8523 -0.00227615 0)
(1.22277 0.321535 0)
(1.19172 0.352989 -4.36232e-20)
(1.16889 0.393055 0)
(1.15105 0.44307 -1.42907e-19)
(1.13523 0.502735 5.70374e-20)
(1.11998 0.574226 2.91055e-21)
(1.10335 0.658949 3.78976e-20)
(1.06669 0.746061 -1.05839e-20)
(0.934486 0.76833 0)
(0.542412 0.485634 2.50422e-20)
(1.28956 0.32265 7.79781e-20)
(1.26266 0.361322 4.36214e-20)
(1.24655 0.400277 -3.83071e-20)
(1.23466 0.44882 4.82822e-20)
(1.22482 0.507819 -3.41983e-20)
(1.21699 0.578487 1.0241e-20)
(1.20904 0.661512 -4.14537e-20)
(1.17901 0.744284 -7.34506e-20)
(1.04039 0.757987 -1.9267e-20)
(0.600895 0.467301 -3.48893e-20)
(1.3551 0.318132 -3.16819e-20)
(1.33501 0.358357 3.20812e-20)
(1.32424 0.396593 3.83054e-20)
(1.31679 0.444359 3.80503e-20)
(1.3123 0.502596 3.71964e-20)
(1.3116 0.571684 3.52686e-20)
(1.31153 0.65145 1.19063e-20)
(1.28611 0.727103 2.4806e-20)
(1.13758 0.730026 5.55999e-22)
(0.64882 0.435772 -5.93522e-22)
(1.42176 0.310171 6.35258e-20)
(1.40715 0.349588 -3.20795e-20)
(1.40012 0.386206 0)
(1.39621 0.432191 0)
(1.39656 0.488367 0)
(1.40233 0.554527 1.63411e-20)
(1.40874 0.6293 -5.8807e-21)
(1.38488 0.695219 0)
(1.22222 0.685709 -7.68016e-21)
(0.682107 0.392585 1.89951e-20)
(1.48591 0.298252 -8.4014e-21)
(1.47578 0.335545 3.72729e-20)
(1.4719 0.3701 0)
(1.47133 0.413509 0)
(1.47617 0.466349 5.51935e-21)
(1.48751 0.528206 2.68261e-21)
(1.49841 0.59669 9.52788e-21)
(1.47256 0.64971 -7.58638e-21)
(1.2886 0.62629 -3.1201e-20)
(0.698442 0.341385 -6.06644e-21)
(1.54479 0.282155 2.5849e-20)
(1.53873 0.316295 9.74623e-21)
(1.53781 0.34851 0)
(1.54054 0.388856 0)
(1.54955 0.437378 -9.23544e-21)
(1.56544 0.493456 1.27588e-21)
(1.57868 0.553624 5.57205e-21)
(1.54569 0.593827 -3.35303e-23)
(1.3326 0.55532 3.77326e-20)
(0.697166 0.283628 2.48881e-20)
(1.59788 0.262188 -1.10862e-20)
(1.59531 0.292254 1.16643e-20)
(1.597 0.321888 5.77568e-21)
(1.60272 0.35875 -6.11031e-21)
(1.61524 0.402275 2.11308e-21)
(1.6342 0.451469 -2.25058e-21)
(1.64624 0.501813 1.20177e-20)
(1.59943 0.528738 -1.29075e-20)
(1.3529 0.476056 0)
(0.67706 0.222652 0)
(1.64451 0.238656 -5.9275e-21)
(1.64497 0.264514 6.23676e-21)
(1.6488 0.291355 0)
(1.65704 0.324403 0)
(1.67224 0.362278 0)
(1.69214 0.403802 -5.38996e-21)
(1.69851 0.443361 2.7071e-20)
(1.63122 0.456301 -2.85814e-20)
(1.34682 0.391019 0)
(0.637472 0.162236 -1.88648e-20)
(1.68535 0.212586 -5.81066e-22)
(1.68761 0.233379 9.18828e-22)
(1.69289 0.257767 7.53398e-22)
(1.70316 0.286662 0)
(1.71985 0.318638 4.4045e-21)
(1.73785 0.352151 -1.25944e-20)
(1.73337 0.380221 0)
(1.63849 0.378849 4.79769e-21)
(1.31162 0.303386 -1.71432e-20)
(0.579373 0.106042 2.81517e-20)
(1.71978 0.184041 0)
(1.72284 0.20154 -3.07408e-22)
(1.72931 0.222475 -7.53333e-22)
(1.74088 0.246731 0)
(1.7573 0.27265 -2.86278e-21)
(1.76987 0.297896 4.17165e-21)
(1.74835 0.314179 2.16212e-21)
(1.61821 0.299044 6.3627e-21)
(1.24555 0.216943 8.44427e-21)
(0.505733 0.0574266 0)
(0.680103 0.0202352 -1.86592e-20)
(0.6514 0.0230751 1.98407e-20)
(0.616604 0.0264115 1.06892e-20)
(0.574447 0.0302581 1.17365e-20)
(0.523201 0.0347672 -1.24623e-20)
(0.460394 0.0401485 -2.06748e-20)
(0.382916 0.0465915 7.46384e-21)
(0.284409 0.0536444 -1.65412e-20)
(0.157304 0.0568473 -1.82278e-20)
(0.0459028 0.0385214 0)
(0.692204 0.0604049 0)
(0.664034 0.0688199 -9.91367e-21)
(0.62947 0.0787615 -1.06536e-20)
(0.587661 0.0902282 0)
(0.537072 0.103659 2.51737e-20)
(0.475252 0.119686 1.36669e-20)
(0.399096 0.138892 0)
(0.302084 0.159925 -1.57909e-20)
(0.175112 0.16939 -5.87416e-23)
(0.0577777 0.114796 -1.91336e-20)
(0.716051 0.0996729 7.35248e-20)
(0.688935 0.113344 -7.73748e-20)
(0.654847 0.129683 0)
(0.613747 0.148548 0)
(0.564475 0.170611 0)
(0.504637 0.196926 -8.0565e-20)
(0.431143 0.228479 1.16084e-19)
(0.337016 0.26304 -3.07558e-20)
(0.210351 0.278428 0)
(0.0813269 0.188518 3.85062e-20)
(0.750916 0.137407 7.19984e-20)
(0.725353 0.155825 -7.57681e-20)
(0.692017 0.178207 -8.22453e-20)
(0.652027 0.204081 -1.53765e-21)
(0.604736 0.234284 1.41835e-19)
(0.547844 0.270293 -5.09703e-20)
(0.478298 0.313485 5.6412e-20)
(0.38841 0.360785 -1.21896e-19)
(0.262206 0.381633 6.61715e-20)
(0.115914 0.257816 0)
(0.795775 0.172895 -1.73385e-19)
(0.77222 0.195511 3.61589e-20)
(0.739955 0.223597 0)
(0.70153 0.256043 0)
(0.656911 0.293732 4.73613e-20)
(0.603907 0.338572 -1.45467e-19)
(0.53952 0.392347 1.05e-19)
(0.455142 0.451205 -1.12943e-19)
(0.329457 0.476783 2.82743e-21)
(0.160567 0.320974 -6.36017e-20)
(0.849478 0.20527 2.34348e-19)
(0.828379 0.231181 -1.77682e-19)
(0.797461 0.264282 0)
(0.760979 0.302621 0)
(0.719653 0.347071 4.43574e-20)
(0.671441 0.399913 4.77793e-20)
(0.613376 0.463205 4.41082e-20)
(0.535694 0.532275 5.55323e-20)
(0.41047 0.561687 2.66056e-21)
(0.213969 0.376319 1.24652e-19)
(0.910497 0.234533 -1.32362e-19)
(0.892335 0.263887 -6.49817e-20)
(0.863131 0.30182 0)
(0.829031 0.345166 0)
(0.791552 0.39496 0)
(0.748844 0.454137 -8.58758e-20)
(0.698039 0.525125 8.31892e-20)
(0.628054 0.602409 0)
(0.503092 0.634327 -5.05464e-20)
(0.274451 0.422298 1.07522e-19)
(0.978622 0.256276 -6.2238e-20)
(0.963058 0.287817 6.49812e-20)
(0.935292 0.330144 6.34823e-20)
(0.904011 0.378476 6.70406e-20)
(0.871187 0.433564 7.06117e-20)
(0.834759 0.498596 7.41074e-20)
(0.791901 0.576139 -9.72057e-21)
(0.730179 0.659773 7.9557e-20)
(0.604928 0.692709 -4.32822e-20)
(0.340122 0.457483 4.61999e-20)
(1.05282 0.281595 -1.14047e-19)
(1.03867 0.315203 5.49326e-20)
(1.01137 0.359615 -6.3481e-20)
(0.983114 0.409438 -7.00511e-20)
(0.955621 0.466515 5.97653e-20)
(0.926275 0.53464 -8.94315e-21)
(0.892163 0.616223 -2.14163e-19)
(0.839177 0.703499 -1.41223e-19)
(0.712995 0.735257 4.06263e-20)
(0.408639 0.480447 -2.60325e-20)
(1.13684 0.28786 0)
(1.1182 0.324045 -5.49315e-20)
(1.09087 0.373683 0)
(1.06666 0.427811 5.21806e-20)
(1.04472 0.488249 -1.82555e-19)
(1.02227 0.559412 -1.23982e-19)
(0.99685 0.643797 1.29549e-19)
(0.95235 0.732421 6.67064e-20)
(0.824066 0.760713 0)
(0.477153 0.490031 6.37383e-20)
(0.830138 0.000854581 0)
(0.829946 0.000872422 -1.12351e-21)
(0.82905 0.000926247 1.11763e-21)
(0.827669 0.00104363 0)
(0.826076 0.00122852 -2.21987e-21)
(0.824276 0.00147764 2.20843e-21)
(0.822143 0.00179188 0)
(0.819551 0.00217599 0)
(0.8164 0.00263857 0)
(0.812568 0.00318638 0)
(0.807954 0.00384141 1.09038e-21)
(0.802472 0.00461454 0)
(0.795976 0.0055188 0)
(0.788289 0.00657401 8.75667e-21)
(0.779214 0.00780352 -8.71349e-21)
(0.768528 0.0092402 0)
(0.755988 0.0109078 9.94263e-21)
(0.741261 0.0128827 -1.76971e-20)
(0.724062 0.0150979 8.85266e-21)
(0.703778 0.0180481 9.03925e-21)
(0.837592 0.00244312 2.37578e-21)
(0.83737 0.00251376 4.45684e-21)
(0.836511 0.00271504 -4.43536e-21)
(0.835215 0.00309834 2.20909e-21)
(0.833708 0.00366868 2.20086e-21)
(0.831982 0.00442253 8.78437e-21)
(0.829921 0.00536825 -6.55696e-21)
(0.827407 0.00652282 -1.74706e-20)
(0.82434 0.00791213 3.69958e-20)
(0.820615 0.0095578 -1.73519e-20)
(0.816136 0.0115167 -1.63075e-20)
(0.8108 0.0138261 3.68548e-20)
(0.804467 0.0165277 -3.25291e-20)
(0.796971 0.0196808 1.73105e-20)
(0.788128 0.0233542 2.16813e-21)
(0.77772 0.0276474 3.71898e-20)
(0.765512 0.0326286 -3.59535e-20)
(0.751201 0.0385352 0)
(0.734474 0.0451461 2.20283e-21)
(0.715071 0.0539842 0)
(0.851977 0.00389925 -7.04879e-21)
(0.851804 0.00404366 5.32442e-25)
(0.851078 0.00442896 8.7905e-21)
(0.849941 0.00510558 -4.37132e-21)
(0.848584 0.00607498 -1.09104e-20)
(0.846999 0.00733863 -2.17421e-21)
(0.845083 0.00891645 -2.17193e-21)
(0.842728 0.0108407 -2.16224e-21)
(0.839834 0.0131554 3.02965e-20)
(0.836317 0.0158982 9.39167e-23)
(0.832094 0.0191468 -3.87458e-20)
(0.827044 0.02297 -2.15807e-21)
(0.821039 0.027441 -4.30797e-21)
(0.81393 0.0326597 0)
(0.805552 0.0387361 -3.90084e-20)
(0.795705 0.0458407 3.02242e-20)
(0.784173 0.054074 0)
(0.770708 0.0638628 -2.17187e-21)
(0.754956 0.0747591 -2.20671e-21)
(0.737289 0.0894474 -2.19359e-21)
(0.872839 0.00530616 2.31163e-21)
(0.872737 0.00552872 6.51469e-21)
(0.872183 0.00608946 0)
(0.871248 0.00704955 -1.94373e-20)
(0.870081 0.00841253 1.72309e-20)
(0.868683 0.0101838 1.93558e-20)
(0.866966 0.0123897 -1.28699e-20)
(0.864838 0.0150742 2.14427e-21)
(0.862197 0.0182946 -2.78377e-20)
(0.858979 0.0221232 -7.36427e-23)
(0.855116 0.0266423 3.20019e-20)
(0.850483 0.031948 -3.42161e-20)
(0.844964 0.038146 -3.2229e-20)
(0.838433 0.0453794 7.25445e-20)
(0.830756 0.0537926 2.15025e-21)
(0.821759 0.0636369 6.42559e-21)
(0.811265 0.0750175 -6.91814e-20)
(0.799088 0.0886069 1.67078e-21)
(0.784859 0.103589 -5.49392e-22)
(0.769709 0.124066 7.17921e-20)
(0.899413 0.00660741 4.52367e-21)
(0.899378 0.00691108 -1.70338e-20)
(0.899009 0.00763981 8.50137e-21)
(0.898298 0.00887006 4.24557e-21)
(0.897349 0.0106128 0)
(0.896166 0.0128793 0)
(0.89468 0.0157045 -4.23139e-21)
(0.892812 0.0191459 0)
(0.89049 0.0232619 -4.227e-21)
(0.887661 0.0281566 0)
(0.884248 0.033909 4.2286e-21)
(0.880142 0.0406431 -6.75612e-20)
(0.875258 0.0484964 -1.75717e-22)
(0.869492 0.0576639 -4.45296e-21)
(0.862756 0.0683103 6.76244e-20)
(0.854898 0.0807879 -4.26858e-21)
(0.845824 0.0951511 4.21466e-21)
(0.835391 0.112412 -6.84403e-20)
(0.823294 0.131155 7.25588e-20)
(0.811339 0.157322 1.37462e-19)
(0.930745 0.00774435 4.40674e-21)
(0.930759 0.00813627 -4.15919e-21)
(0.930559 0.00903209 -4.14958e-21)
(0.930069 0.01052 -4.14516e-21)
(0.929344 0.0126208 -3.31755e-20)
(0.928395 0.0153544 6.22076e-20)
(0.927176 0.0187606 -3.73049e-20)
(0.925614 0.0229331 0)
(0.923659 0.0279306 -4.13103e-21)
(0.921261 0.0338466 -4.13005e-21)
(0.918351 0.0407777 -4.12981e-21)
(0.914863 0.0488775 6.23569e-20)
(0.910756 0.0582975 -1.37194e-19)
(0.90594 0.0692953 6.6575e-20)
(0.900393 0.0820296 0)
(0.893968 0.0970014 -4.13477e-21)
(0.886716 0.114123 -1.42348e-19)
(0.878464 0.134909 1.34e-19)
(0.86916 0.15698 -4.24928e-21)
(0.860985 0.188663 0)
(0.965818 0.00866748 4.27782e-21)
(0.965854 0.00915526 -1.21131e-20)
(0.965786 0.0102208 4.0741e-21)
(0.965487 0.011958 2.42837e-20)
(0.964969 0.014398 4.04009e-21)
(0.964241 0.0175729 -2.4286e-20)
(0.963309 0.021552 4.10529e-21)
(0.962103 0.0263707 3.24835e-20)
(0.960546 0.0321244 8.12185e-21)
(0.958608 0.0389326 6.91277e-20)
(0.956273 0.046919 -5.70411e-20)
(0.953495 0.0562775 -5.70688e-20)
(0.950295 0.0671401 6.94673e-20)
(0.946592 0.0798385 4.05195e-21)
(0.942484 0.0944467 4.05069e-21)
(0.937786 0.111696 8.18474e-21)
(0.932805 0.131161 8.18606e-21)
(0.927183 0.155175 -4.02583e-21)
(0.921296 0.17992 0)
(0.917202 0.217133 1.29262e-19)
(1.00367 0.00932402 -1.24004e-20)
(1.0037 0.00991757 1.04486e-23)
(1.00371 0.0111601 -3.91851e-21)
(1.00356 0.0131519 -3.53386e-20)
(1.00321 0.0159414 2.36658e-20)
(1.00273 0.0195366 -3.95501e-21)
(1.00205 0.0239739 0)
(1.0011 0.0293367 0)
(0.999922 0.0357333 -7.93626e-21)
(0.998499 0.043321 -3.95492e-21)
(0.996843 0.0522165 -4.00799e-21)
(0.994895 0.0626702 -4.01894e-21)
(0.992757 0.0747605 0)
(0.990311 0.08896 -8.00033e-21)
(0.987866 0.10513 -4.04749e-21)
(0.985093 0.124417 -7.9992e-21)
(0.982789 0.14565 -4.05562e-21)
(0.980178 0.172527 -1.22778e-19)
(0.978688 0.198563 1.27405e-19)
(0.9798 0.240775 0)
(1.04348 0.00971514 0)
(1.04349 0.0104723 3.78641e-21)
(1.04356 0.0119381 1.90495e-21)
(1.04353 0.0141323 0)
(1.04332 0.0171355 3.43299e-20)
(1.04293 0.0210254 -3.07101e-20)
(1.04239 0.0258288 6.3318e-20)
(1.04174 0.0316843 -6.18278e-20)
(1.04101 0.0386867 5.81161e-21)
(1.04014 0.0470112 1.97495e-21)
(1.03922 0.0567308 0)
(1.03816 0.0681777 0)
(1.03723 0.0813147 0)
(1.03618 0.0968756 1.28579e-19)
(1.03569 0.114343 -2.50015e-19)
(1.03502 0.135694 5.2244e-21)
(1.03586 0.158535 1.25031e-19)
(1.03641 0.189213 0)
(1.03999 0.217074 0)
(1.04729 0.266501 1.18877e-19)
(1.08495 0.00993994 0)
(1.08494 0.0107035 -1.45442e-20)
(1.08488 0.0121694 -1.27085e-20)
(1.08473 0.0143757 2.94942e-20)
(1.08453 0.0174211 2.94909e-20)
(1.08428 0.0214312 -8.90203e-20)
(1.08401 0.0264986 5.7944e-20)
(1.08372 0.0327258 0)
(1.08348 0.0401627 -1.89084e-21)
(1.08324 0.0490122 -5.82943e-20)
(1.08322 0.0592843 1.21147e-19)
(1.08323 0.0713976 -6.09593e-20)
(1.08386 0.0851175 0)
(1.08454 0.101436 -1.20912e-19)
(1.0868 0.119237 2.42631e-19)
(1.08894 0.141278 -1.21723e-19)
(1.09484 0.163401 0)
(1.10018 0.194512 -1.16228e-19)
(1.11255 0.219475 1.17442e-19)
(1.12873 0.273092 -1.80687e-21)
(1.12577 0.0101835 0)
(1.12572 0.0109841 0)
(1.12563 0.0125559 0)
(1.12555 0.0149957 0)
(1.1255 0.0183854 0)
(1.12547 0.0228134 0)
(1.1255 0.0283338 0)
(1.12556 0.0350691 0)
(1.12582 0.0430525 0)
(1.12616 0.0525393 0)
(1.12699 0.0634639 0)
(1.12789 0.0764146 0)
(1.13 0.0908772 0)
(1.13192 0.108442 0)
(1.13684 0.126901 0)
(1.14032 0.151284 0)
(1.15168 0.172911 0)
(1.15725 0.209888 0)
(1.18563 0.227493 0)
(1.19339 0.296352 0)
(1.16791 0.0102762 0)
(1.16786 0.011045 0)
(1.16783 0.0125868 0)
(1.16789 0.014996 0)
(1.16807 0.018338 0)
(1.1683 0.0226843 0)
(1.16868 0.0280619 0)
(1.16914 0.0345972 0)
(1.16993 0.0422831 0)
(1.17086 0.0513982 0)
(1.17251 0.0617577 0)
(1.17423 0.0740551 0)
(1.1776 0.0874447 0)
(1.18057 0.103904 0)
(1.18744 0.120314 0)
(1.19209 0.142798 0)
(1.20639 0.160654 0)
(1.21254 0.193038 0)
(1.24263 0.205598 0)
(1.2466 0.253084 0)
(1.21186 0.0102889 0)
(1.21179 0.0110154 0)
(1.2118 0.0124769 0)
(1.21198 0.0147859 0)
(1.21233 0.0180053 0)
(1.21279 0.022198 0)
(1.21344 0.0273679 0)
(1.21424 0.0336358 0)
(1.21547 0.0409554 0)
(1.21688 0.0496091 0)
(1.21917 0.0593254 0)
(1.22155 0.0708256 0)
(1.2258 0.0830921 0)
(1.22957 0.0981466 0)
(1.23752 0.112667 0)
(1.24299 0.132464 0)
(1.25803 0.147535 0)
(1.26452 0.173934 0)
(1.29281 0.184552 0)
(1.29671 0.219469 0)
(1.25678 0.0102057 0)
(1.25667 0.0108914 0)
(1.2567 0.0122603 0)
(1.25699 0.014448 0)
(1.25751 0.0175224 0)
(1.25816 0.0215402 0)
(1.25906 0.026483 0)
(1.26015 0.0324608 0)
(1.26173 0.0393966 0)
(1.26355 0.0475644 0)
(1.26633 0.0566444 0)
(1.26923 0.0673331 0)
(1.27409 0.078574 0)
(1.27844 0.0922449 0)
(1.28695 0.105216 0)
(1.29289 0.122542 0)
(1.3079 0.13568 0)
(1.31448 0.15762 0)
(1.34109 0.167232 0)
(1.34471 0.195264 0)
(1.30194 0.0100084 0)
(1.30177 0.0106573 0)
(1.3018 0.0119324 0)
(1.30219 0.0139851 0)
(1.30287 0.0168903 0)
(1.30371 0.0207001 0)
(1.30481 0.0253772 0)
(1.30613 0.0310186 0)
(1.308 0.037525 0)
(1.31014 0.0451534 0)
(1.3133 0.0535625 0)
(1.31657 0.0633964 0)
(1.32184 0.0736289 0)
(1.32656 0.0859379 0)
(1.33535 0.097502 0)
(1.34149 0.112647 0)
(1.35623 0.12415 0)
(1.3627 0.142728 0)
(1.38776 0.151151 0)
(1.39086 0.174418 0)
(1.34672 0.00970174 0)
(1.34647 0.0103158 0)
(1.34647 0.0114968 0)
(1.34695 0.0134035 0)
(1.34777 0.0161181 0)
(1.34876 0.01969 0)
(1.35004 0.0240678 0)
(1.35154 0.0293345 0)
(1.35364 0.0353761 0)
(1.35601 0.042427 0)
(1.35944 0.050143 0)
(1.36297 0.0591048 0)
(1.36849 0.0683483 0)
(1.37342 0.0793517 0)
(1.38226 0.0896075 0)
(1.38845 0.102829 0)
(1.40272 0.112847 0)
(1.40901 0.128672 0)
(1.43242 0.135861 0)
(1.4352 0.155337 0)
(1.39055 0.00930552 0)
(1.3902 0.00988281 0)
(1.39015 0.0109667 0)
(1.39069 0.0127187 0)
(1.39164 0.0152274 0)
(1.39276 0.0185406 0)
(1.39418 0.0225974 0)
(1.39582 0.0274663 0)
(1.39808 0.0330248 0)
(1.40061 0.0394829 0)
(1.40422 0.046505 0)
(1.40791 0.0546078 0)
(1.41353 0.0629025 0)
(1.41856 0.0726853 0)
(1.42729 0.0817373 0)
(1.43343 0.0932598 0)
(1.44707 0.101944 0)
(1.45317 0.115448 0)
(1.47485 0.121554 0)
(1.4776 0.137924 0)
(1.43291 0.0088323 0)
(1.43246 0.00937026 0)
(1.43234 0.0103546 0)
(1.43292 0.0119472 0)
(1.43398 0.0142417 0)
(1.43521 0.0172842 0)
(1.43672 0.0210076 0)
(1.43847 0.0254671 0)
(1.44083 0.0305368 0)
(1.44347 0.0364019 0)
(1.44717 0.0427436 0)
(1.45095 0.0500177 0)
(1.45657 0.0574154 0)
(1.4616 0.066069 0)
(1.47009 0.0740237 0)
(1.47615 0.0840415 0)
(1.48903 0.0915508 0)
(1.49498 0.103082 0)
(1.5149 0.108284 0)
(1.51783 0.122061 0)
(1.47338 0.00829025 0)
(1.47281 0.00878714 0)
(1.47259 0.00967228 0)
(1.4732 0.0111053 0)
(1.47434 0.013183 0)
(1.47566 0.0159494 0)
(1.47725 0.0193346 0)
(1.47906 0.0233813 0)
(1.48148 0.027965 0)
(1.48418 0.0332471 0)
(1.4879 0.0389309 0)
(1.49171 0.0454146 0)
(1.49724 0.0519716 0)
(1.50224 0.0595854 0)
(1.5104 0.0665456 0)
(1.51634 0.075227 0)
(1.52839 0.0817094 0)
(1.53424 0.0915446 0)
(1.55241 0.0959872 0)
(1.55567 0.107565 0)
(1.51155 0.00768821 0)
(1.51086 0.0081428 0)
(1.51053 0.00893133 0)
(1.51114 0.0102085 0)
(1.51235 0.0120715 0)
(1.51374 0.0145615 0)
(1.51537 0.0176089 0)
(1.51722 0.0212457 0)
(1.51966 0.0253528 0)
(1.52239 0.0300686 0)
(1.52608 0.0351221 0)
(1.52988 0.0408579 0)
(1.53526 0.0466316 0)
(1.54019 0.0532901 0)
(1.54795 0.0593513 0)
(1.55377 0.0668419 0)
(1.56496 0.0724249 0)
(1.57077 0.0807874 0)
(1.58721 0.0845845 0)
(1.5909 0.0942806 0)
(1.54709 0.00703562 0)
(1.54628 0.00744676 0)
(1.54583 0.00814308 0)
(1.54643 0.00927117 0)
(1.54769 0.0109249 0)
(1.54913 0.0131418 0)
(1.55079 0.0158556 0)
(1.55265 0.0190901 0)
(1.55508 0.0227341 0)
(1.5578 0.0269045 0)
(1.56142 0.0313584 0)
(1.56518 0.0363898 0)
(1.57038 0.0414361 0)
(1.57521 0.0472178 0)
(1.58255 0.052466 0)
(1.58825 0.058892 0)
(1.59857 0.0636826 0)
(1.60437 0.0707583 0)
(1.61917 0.0740002 0)
(1.62333 0.0820805 0)
(1.57972 0.00633885 0)
(1.57878 0.00670645 0)
(1.57821 0.00731829 0)
(1.57879 0.00830744 0)
(1.58008 0.00975928 0)
(1.58156 0.011708 0)
(1.58323 0.0140948 0)
(1.58509 0.0169376 0)
(1.58748 0.0201347 0)
(1.59018 0.0237828 0)
(1.59371 0.0276682 0)
(1.59741 0.0320383 0)
(1.60239 0.0364095 0)
(1.60712 0.0413864 0)
(1.61402 0.0458968 0)
(1.61961 0.0513682 0)
(1.6291 0.0554552 0)
(1.63492 0.0614022 0)
(1.64817 0.0641605 0)
(1.65281 0.0708509 0)
(1.60921 0.00559393 0)
(1.60816 0.0059227 0)
(1.60747 0.00646604 0)
(1.60802 0.00733079 0)
(1.60932 0.00858859 0)
(1.61082 0.0102744 0)
(1.61248 0.012342 0)
(1.61433 0.0148054 0)
(1.61667 0.0175731 0)
(1.61934 0.0207224 0)
(1.62276 0.0240696 0)
(1.62638 0.0278192 0)
(1.63114 0.0315629 0)
(1.63577 0.0357999 0)
(1.64223 0.0396376 0)
(1.64773 0.04425 0)
(1.65643 0.0477068 0)
(1.66228 0.0526599 0)
(1.67411 0.0549906 0)
(1.67922 0.0604821 0)
(1.63539 0.00478786 0)
(1.63424 0.00509268 0)
(1.63343 0.00559543 0)
(1.63393 0.00635312 0)
(1.63523 0.00742261 0)
(1.63673 0.00884982 0)
(1.63838 0.0106069 0)
(1.64021 0.0127044 0)
(1.64249 0.0150602 0)
(1.64511 0.017734 0)
(1.64841 0.0205712 0)
(1.65197 0.023738 0)
(1.6565 0.0268965 0)
(1.66103 0.0304512 0)
(1.66709 0.0336717 0)
(1.6725 0.0375074 0)
(1.68048 0.0403946 0)
(1.68637 0.0444679 0)
(1.69692 0.0464148 0)
(1.70247 0.0508678 0)
(1.65809 0.00394156 0)
(1.65688 0.00424503 0)
(1.65596 0.00473396 0)
(1.65638 0.00539127 0)
(1.65765 0.00626903 0)
(1.65915 0.00743878 0)
(1.66078 0.00889398 0)
(1.66259 0.0106393 0)
(1.66482 0.0125996 0)
(1.66739 0.0148193 0)
(1.67058 0.0171723 0)
(1.67406 0.0197908 0)
(1.67839 0.0224012 0)
(1.68283 0.025324 0)
(1.68852 0.0279741 0)
(1.69384 0.0311035 0)
(1.70118 0.0334702 0)
(1.70711 0.0367596 0)
(1.71655 0.0383565 0)
(1.7225 0.0419047 0)
(1.6772 0.0031541 0)
(1.67599 0.00347389 0)
(1.67496 0.00394389 0)
(1.67526 0.00447562 0)
(1.67647 0.00514362 0)
(1.67797 0.00605362 0)
(1.6796 0.00721344 0)
(1.6814 0.00861608 0)
(1.68357 0.0101931 0)
(1.68609 0.0119766 0)
(1.68918 0.0138676 0)
(1.6926 0.0159677 0)
(1.69674 0.0180615 0)
(1.7011 0.0203954 0)
(1.70646 0.0225139 0)
(1.71173 0.0249958 0)
(1.71851 0.0268816 0)
(1.72448 0.029466 0)
(1.73298 0.0307385 0)
(1.73925 0.0334914 0)
(1.69265 0.00266441 0)
(1.69147 0.00295816 0)
(1.6903 0.00330964 0)
(1.69045 0.00363215 0)
(1.6916 0.00405849 0)
(1.69313 0.00471046 0)
(1.69478 0.00558124 0)
(1.69657 0.00664511 0)
(1.69869 0.00784448 0)
(1.70118 0.00920432 0)
(1.70418 0.0106506 0)
(1.70755 0.0122565 0)
(1.71154 0.0138591 0)
(1.71583 0.0156389 0)
(1.72092 0.0172568 0)
(1.72613 0.0191393 0)
(1.73246 0.0205756 0)
(1.73845 0.0225186 0)
(1.74619 0.0234855 0)
(1.75272 0.0255287 0)
(1.70437 0.00253269 0)
(1.70315 0.00258309 0)
(1.70182 0.00253934 0)
(1.70186 0.00253976 0)
(1.70305 0.0027632 0)
(1.70465 0.00323683 0)
(1.70634 0.00387874 0)
(1.70814 0.00464201 0)
(1.71023 0.00549254 0)
(1.7127 0.00645647 0)
(1.71563 0.00748405 0)
(1.71895 0.0086236 0)
(1.72281 0.00976051 0)
(1.72703 0.0110181 0)
(1.73191 0.0121621 0)
(1.73706 0.0134848 0)
(1.74304 0.0144974 0)
(1.74903 0.0158502 0)
(1.75618 0.0165271 0)
(1.7629 0.0179244 0)
(1.71174 0.00439859 0)
(1.71068 0.00392788 0)
(1.70949 0.00266288 0)
(1.70982 0.0017626 0)
(1.71126 0.00156774 0)
(1.71298 0.00181019 0)
(1.71465 0.00220899 0)
(1.71638 0.00267156 0)
(1.71839 0.00318222 0)
(1.72079 0.00376384 0)
(1.72363 0.00438644 0)
(1.72687 0.00507574 0)
(1.7306 0.00576227 0)
(1.73474 0.00651816 0)
(1.73944 0.00720512 0)
(1.74452 0.00799511 0)
(1.75024 0.00860023 0)
(1.75621 0.00940172 0)
(1.76294 0.0098008 0)
(1.76975 0.0106077 0)
(1.72051 0.00313315 0)
(1.71715 0.00274101 0)
(1.71462 0.00164665 0)
(1.71503 0.000840721 0)
(1.71673 0.000570098 0)
(1.71838 0.000600602 0)
(1.71979 0.00072106 0)
(1.72127 0.000867368 0)
(1.72308 0.00103279 0)
(1.72531 0.00122554 0)
(1.728 0.00143419 0)
(1.73113 0.00166596 0)
(1.73473 0.00189667 0)
(1.73879 0.00215041 0)
(1.74336 0.0023802 0)
(1.74838 0.00264484 0)
(1.75394 0.00284539 0)
(1.75988 0.00311464 0)
(1.76638 0.00324097 0)
(1.7732 0.00351359 0)
(1.2635 0.278704 -1.34223e-21)
(1.33021 0.265481 -7.85213e-20)
(1.3903 0.258318 0)
(1.45028 0.250899 -5.79575e-20)
(1.50866 0.241461 0)
(1.56197 0.230033 -3.55792e-20)
(1.60978 0.216368 1.38299e-20)
(1.65213 0.200002 -3.39392e-22)
(1.68888 0.18193 0)
(1.71973 0.160004 0)
(1.30463 0.243494 8.8037e-20)
(1.37069 0.236028 0)
(1.4287 0.23288 6.61557e-20)
(1.48195 0.22865 0)
(1.53402 0.220462 -1.31173e-21)
(1.58192 0.209334 1.9934e-20)
(1.62492 0.195871 6.06367e-22)
(1.66258 0.180282 -2.3297e-22)
(1.69536 0.162395 2.32621e-22)
(1.72239 0.142654 3.08553e-22)
(1.34707 0.217238 -8.71083e-20)
(1.40807 0.2128 0)
(1.46435 0.208543 -6.39685e-20)
(1.51331 0.203754 -1.88785e-21)
(1.56027 0.195909 4.67792e-20)
(1.60369 0.185325 -1.86597e-20)
(1.64293 0.172866 1.01265e-21)
(1.67631 0.158831 -3.90167e-22)
(1.70587 0.142757 0)
(1.72917 0.125689 -7.89128e-22)
(1.39014 0.194628 0)
(1.44552 0.19133 7.28208e-20)
(1.49883 0.186594 -1.86299e-21)
(1.54411 0.181599 3.45197e-21)
(1.58616 0.174644 -4.97053e-20)
(1.62504 0.165028 1.3309e-21)
(1.66082 0.153609 -1.48519e-20)
(1.69059 0.140781 0)
(1.71763 0.126493 -4.22873e-21)
(1.73766 0.11108 5.77322e-22)
(1.4324 0.173845 -7.94109e-20)
(1.48231 0.171345 8.79039e-22)
(1.53166 0.166813 -3.93152e-21)
(1.57359 0.161642 3.41569e-21)
(1.61144 0.155269 -1.58392e-21)
(1.64614 0.146577 -1.10348e-21)
(1.67862 0.136253 1.53991e-21)
(1.70529 0.124527 5.48637e-21)
(1.73001 0.111874 4.47915e-21)
(1.74738 0.0979042 0)
(1.47324 0.154807 1.5556e-19)
(1.51809 0.152877 -1.40056e-19)
(1.56306 0.148797 -1.80879e-21)
(1.60168 0.143656 1.81069e-21)
(1.63584 0.137734 0)
(1.66682 0.129922 1.99966e-20)
(1.69608 0.12071 4.56395e-22)
(1.72011 0.110009 -7.08486e-21)
(1.74254 0.0988298 3.53541e-22)
(1.75797 0.0861336 -8.95928e-22)
(1.51228 0.137494 -7.61802e-20)
(1.55246 0.135941 7.10073e-20)
(1.59299 0.132345 -3.81362e-21)
(1.62826 0.127429 1.79424e-21)
(1.65914 0.121896 2.35307e-20)
(1.68685 0.114871 -8.96363e-22)
(1.71304 0.106701 1.8202e-20)
(1.73481 0.097015 0)
(1.75496 0.0871134 2.72292e-21)
(1.76903 0.0756385 9.00351e-22)
(1.54922 0.121723 0)
(1.58508 0.120423 0)
(1.62133 0.117273 0)
(1.65329 0.112713 2.82621e-20)
(1.68116 0.10757 -4.87174e-20)
(1.70601 0.101249 2.40659e-22)
(1.72937 0.0940188 -7.8515e-21)
(1.74912 0.0853454 -8.92397e-22)
(1.76714 0.0765438 -5.24059e-21)
(1.78014 0.0662674 0)
(1.58384 0.107308 -3.54912e-20)
(1.6157 0.106202 0)
(1.64792 0.103454 -1.75526e-21)
(1.67669 0.0993157 -2.33055e-20)
(1.70181 0.0945845 2.2032e-20)
(1.72411 0.0889079 -2.05972e-20)
(1.74493 0.0825114 -8.77694e-21)
(1.76282 0.0748218 -4.18336e-22)
(1.77894 0.0669906 6.40769e-21)
(1.79096 0.0578703 0)
(1.61598 0.0941004 6.98189e-20)
(1.64415 0.0931598 0)
(1.67266 0.0907704 -1.74175e-21)
(1.69839 0.0870755 -2.32164e-20)
(1.72097 0.0827767 -1.57997e-21)
(1.74101 0.0777005 1.21869e-21)
(1.7596 0.0720492 8.44676e-21)
(1.77576 0.0652887 -8.73636e-21)
(1.79023 0.0583428 -2.82339e-21)
(1.80128 0.0503107 1.77259e-22)
(1.64549 0.0819726 -3.33144e-20)
(1.67028 0.0811775 8.56294e-22)
(1.6954 0.0791111 -1.92028e-21)
(1.71833 0.0758533 2.80534e-20)
(1.73859 0.0719981 -1.58258e-21)
(1.7566 0.0674892 0)
(1.77323 0.0625156 1.46316e-22)
(1.78783 0.0566164 -1.97108e-22)
(1.80085 0.0504987 -3.35627e-21)
(1.81098 0.0434748 0)
(1.67226 0.070806 -1.0045e-21)
(1.69399 0.07014 2.89197e-21)
(1.71607 0.0683652 -3.61914e-21)
(1.73643 0.0655259 3.30867e-21)
(1.7546 0.0621152 -1.58537e-21)
(1.7708 0.0581474 -1.25261e-21)
(1.78574 0.0538013 -7.54237e-21)
(1.79892 0.0486953 7.01786e-21)
(1.81068 0.0433614 7.32005e-21)
(1.81996 0.0372694 0)
(1.69619 0.0604875 0)
(1.7152 0.0599356 -3.08487e-20)
(1.73458 0.0584248 0)
(1.75265 0.0559805 1.31948e-20)
(1.76894 0.0530074 0)
(1.78355 0.0495588 0)
(1.79702 0.045802 5.57049e-22)
(1.80896 0.0414301 -5.61752e-22)
(1.81963 0.03684 -3.49479e-21)
(1.82814 0.0316144 0)
(1.71724 0.0509089 3.11969e-20)
(1.73385 0.0504563 3.16358e-20)
(1.75088 0.0491853 0)
(1.76694 0.0471113 1.56587e-21)
(1.78158 0.0445645 -1.36523e-20)
(1.79481 0.0416164 -1.27979e-21)
(1.80701 0.0384194 -3.57725e-21)
(1.81789 0.0347331 -4.91923e-22)
(1.82761 0.0308542 -1.34606e-21)
(1.83545 0.0264358 0)
(1.73534 0.0419661 -4.76956e-20)
(1.7499 0.0415986 -1.50758e-20)
(1.76493 0.0405453 -1.68958e-21)
(1.77927 0.0388177 -9.85644e-21)
(1.7925 0.0366837 2.25578e-20)
(1.80455 0.0342198 0)
(1.81569 0.0315585 5.4618e-21)
(1.82566 0.0285217 -5.80183e-22)
(1.83457 0.0253144 1.84997e-21)
(1.84184 0.0217177 3.99539e-22)
(1.75048 0.0335587 1.56874e-20)
(1.76333 0.0332635 1.67676e-20)
(1.7767 0.0324086 1.05477e-20)
(1.78961 0.0310051 1.72105e-21)
(1.80166 0.0292703 -1.20884e-20)
(1.81274 0.0272747 0)
(1.823 0.0251339 4.97053e-21)
(1.83223 0.0227065 -2.71216e-21)
(1.84049 0.020148 5.14463e-22)
(1.84728 0.0172796 -4.01601e-22)
(1.76266 0.0255879 1.5417e-20)
(1.77414 0.0253547 0)
(1.78619 0.0246835 -1.56797e-20)
(1.79796 0.0235887 9.8173e-21)
(1.80907 0.022243 -1.59442e-21)
(1.81937 0.0207043 1.30702e-21)
(1.82893 0.0190699 -5.72807e-21)
(1.83756 0.0172206 -1.12611e-21)
(1.84527 0.0152879 5.21975e-22)
(1.85168 0.01307 0)
(1.77185 0.0179577 -6.7345e-21)
(1.78232 0.0177671 8.08108e-22)
(1.79338 0.0172631 -1.81496e-21)
(1.8043 0.0164713 1.54955e-21)
(1.81471 0.0155177 -1.5942e-21)
(1.82442 0.0144397 2.77961e-21)
(1.83345 0.0133051 0)
(1.84163 0.0120255 2.23477e-21)
(1.84893 0.0106928 -9.83892e-22)
(1.85505 0.00915615 2.1179e-22)
(1.77804 0.010591 -7.54583e-21)
(1.78783 0.0103897 1.74566e-21)
(1.79826 0.00999864 -4.24099e-25)
(1.80864 0.00947673 -4.80758e-21)
(1.81857 0.00890603 -1.51325e-21)
(1.82789 0.00829614 -5.49083e-21)
(1.83655 0.00767263 1.93437e-21)
(1.84442 0.00697976 -3.83492e-23)
(1.85141 0.00626072 9.88692e-22)
(1.85732 0.00543621 -2.129e-22)
(1.7811 0.00346942 0)
(1.79056 0.00326007 0)
(1.80072 0.00295663 -5.11235e-21)
(1.81088 0.00264175 1.70804e-21)
(1.82062 0.00237266 1.52121e-21)
(1.82975 0.00215646 1.4015e-21)
(1.83821 0.00199113 5.9849e-22)
(1.84589 0.00185011 -1.7108e-21)
(1.85273 0.0017272 5.38644e-22)
(1.85849 0.00160283 0)
)
;

boundaryField
{
    bottom
    {
        type            symmetryPlane;
    }
    right
    {
        type            zeroGradient;
    }
    top
    {
        type            symmetryPlane;
    }
    left
    {
        type            zeroGradient;
    }
    cylinder
    {
        type            noSlip;
    }
    defaultFaces
    {
        type            empty;
    }
}


// ************************************************************************* //
