/*--------------------------------*- C++ -*----------------------------------*\
| =========                 |                                                 |
| \\      /  F ield         | OpenFOAM: The Open Source CFD Toolbox           |
|  \\    /   O peration     | Version:  4.1                                   |
|   \\  /    A nd           | Web:      www.OpenFOAM.org                      |
|    \\/     M anipulation  |                                                 |
\*---------------------------------------------------------------------------*/
FoamFile
{
    version     2.0;
    format      ascii;
    class       volVectorField;
    location    "10.2";
    object      U;
}
// * * * * * * * * * * * * * * * * * * * * * * * * * * * * * * * * * * * * * //

dimensions      [0 1 -1 0 0 0 0];

internalField   nonuniform List<vector> 
2000
(
(-0.0387889 0.0323691 -3.07843e-22)
(-0.0281345 0.0440509 0)
(0.0582949 0.0380935 -6.04927e-21)
(0.208689 0.0269824 -3.99485e-21)
(0.409016 0.0187719 7.54152e-21)
(0.637683 0.0163928 1.29035e-20)
(0.872839 0.0209511 -4.22543e-21)
(1.08802 0.0269544 0)
(1.29985 0.0406557 4.11796e-21)
(1.43062 0.0487287 0)
(-0.0357693 0.0265358 3.1826e-22)
(0.00892077 0.0253142 -1.35268e-21)
(0.153316 0.0146943 2.36751e-21)
(0.373957 0.00665946 7.54222e-21)
(0.638188 0.0072565 -8.93807e-22)
(0.908078 0.0159025 -4.59252e-21)
(1.15362 0.0294178 3.36867e-21)
(1.35909 0.042053 4.04279e-21)
(1.52418 0.0566058 -4.11768e-21)
(1.62288 0.056329 -8.32682e-21)
(-0.0261446 0.0186909 1.24564e-21)
(0.0695678 0.00490256 -1.16676e-21)
(0.288896 -0.00479158 -1.02942e-21)
(0.583376 -0.00258916 -1.48181e-21)
(0.893207 0.0111798 -2.84087e-21)
(1.17017 0.0304795 -3.38861e-21)
(1.39097 0.0492394 -3.7789e-21)
(1.55273 0.0630819 -4.04265e-21)
(1.6635 0.0722122 -4.52327e-21)
(1.7403 0.0718256 4.85551e-21)
(-0.00730316 0.00907355 -6.46304e-22)
(0.158772 -0.0144812 -2.58282e-21)
(0.463622 -0.0148911 0)
(0.817212 0.00346344 -2.22353e-21)
(1.13775 0.0299658 4.74668e-22)
(1.38555 0.0548549 0)
(1.55745 0.0729272 0)
(1.66827 0.08236 0)
(1.74148 0.0866914 4.52348e-21)
(1.78563 0.082692 -1.02397e-20)
(0.023457 -0.00135714 1.09341e-20)
(0.278706 -0.0279826 4.39751e-23)
(0.665489 -0.0102422 2.78655e-21)
(1.04598 0.0251065 -3.18291e-22)
(1.34089 0.0588627 2.02651e-22)
(1.53823 0.0828034 -8.46994e-22)
(1.65905 0.0956987 0)
(1.73228 0.0999549 -2.33826e-21)
(1.77989 0.0993607 1.42698e-20)
(1.81763 0.0926523 -1.95838e-20)
(0.0683026 -0.0105548 -2.0349e-20)
(0.426015 -0.0293661 1.78204e-21)
(0.873049 0.011461 -5.51712e-21)
(1.24377 0.0588808 3.98364e-21)
(1.4907 0.0928811 2.0238e-22)
(1.63551 0.111346 4.66774e-22)
(1.71662 0.117955 0)
(1.76555 0.117224 2.33845e-21)
(1.80256 0.112717 -2.83642e-21)
(1.83615 0.105307 -1.53956e-20)
(0.127913 -0.0156554 0)
(0.590033 -0.0137829 0)
(1.06411 0.0485878 -3.68696e-21)
(1.39826 0.100612 3.43223e-21)
(1.59147 0.129488 1.74894e-22)
(1.69215 0.140498 -1.642e-22)
(1.74577 0.140754 -5.2684e-21)
(1.78148 0.135559 4.97988e-21)
(1.81313 0.127959 7.98306e-21)
(1.84598 0.119458 -3.80155e-21)
(0.200836 -0.0135162 6.1072e-21)
(0.755082 0.0201541 0)
(1.22432 0.0977179 -1.42704e-21)
(1.509 0.147427 5.66324e-21)
(1.65265 0.167861 -1.63388e-21)
(1.71991 0.17064 0)
(1.75629 0.16484 0)
(1.78512 0.155519 0)
(1.81525 0.145135 9.73928e-21)
(1.8483 0.135668 -9.25789e-21)
(0.282921 -0.00158257 -3.22295e-21)
(0.905865 0.0703528 -2.81808e-22)
(1.34801 0.155437 -2.86855e-21)
(1.58071 0.197496 5.46337e-22)
(1.68301 0.207563 5.20698e-22)
(1.72679 0.201984 -5.80949e-22)
(1.75309 0.190418 0)
(1.779 0.177169 1.36316e-21)
(1.80874 0.164275 7.54788e-21)
(1.84187 0.153072 -5.69406e-21)
(0.367877 0.0214099 0)
(1.03177 0.132878 -2.41955e-21)
(1.43473 0.21864 0)
(1.61914 0.249457 -5.17091e-22)
(1.68923 0.248189 -4.66695e-22)
(1.71748 0.23438 5.77294e-22)
(1.73841 0.217239 0)
(1.76336 0.20011 -1.3633e-21)
(1.79338 0.184617 -1.55727e-21)
(1.82695 0.171101 -1.9523e-21)
(-0.00812367 0.00792816 0)
(-0.0331794 0.0150427 1.10378e-21)
(-0.0694709 0.0178091 0)
(-0.105381 0.0186624 1.30206e-21)
(-0.138674 0.0187279 3.69579e-22)
(-0.169286 0.0185901 -6.63208e-22)
(-0.197525 0.0185533 6.24581e-22)
(-0.22388 0.0187673 -5.15088e-22)
(-0.249008 0.0193351 -2.14365e-23)
(-0.273806 0.0203459 -3.99618e-22)
(-0.00951223 0.0227757 3.58562e-21)
(-0.0341395 0.0435126 -2.21354e-21)
(-0.0677663 0.0517424 1.87575e-21)
(-0.100171 0.054275 -8.67168e-22)
(-0.129411 0.0543649 -3.71855e-21)
(-0.155406 0.0537438 1.37895e-21)
(-0.17841 0.0533399 0)
(-0.198803 0.0536477 5.13357e-22)
(-0.217072 0.0550137 4.40736e-22)
(-0.234521 0.0577252 0)
(-0.0120562 0.0348134 -2.39209e-21)
(-0.0360809 0.0674476 0)
(-0.0649617 0.0808276 -5.46033e-21)
(-0.091029 0.0849295 6.52063e-21)
(-0.112893 0.0847777 -1.49479e-21)
(-0.130519 0.0831397 0)
(-0.144126 0.08157 0)
(-0.153959 0.0810064 0)
(-0.160106 0.0821615 -3.20939e-21)
(-0.164213 0.0856468 3.05015e-21)
(-0.0153295 0.0429383 0)
(-0.0389801 0.0847795 3.75917e-21)
(-0.0619926 0.102561 -6.85472e-21)
(-0.0798799 0.107969 3.13958e-21)
(-0.0920964 0.107253 -2.67769e-21)
(-0.0988124 0.103974 7.25187e-21)
(-0.100285 0.100206 -2.86402e-22)
(-0.0967637 0.0973408 -3.9487e-21)
(-0.0878452 0.0966447 -3.22654e-21)
(-0.0740386 0.0997218 4.58939e-21)
(-0.0189236 0.0469924 -3.99998e-21)
(-0.0427267 0.0945904 6.90714e-21)
(-0.059629 0.115429 -7.28167e-23)
(-0.0683455 0.121593 1.0514e-22)
(-0.0694103 0.119988 -2.56167e-21)
(-0.0633827 0.114648 7.19548e-21)
(-0.0506338 0.107916 0)
(-0.0316008 0.101349 1.93919e-21)
(-0.00571881 0.0967765 -1.7766e-21)
(0.0297063 0.09811 5.60935e-21)
(-0.022613 0.047633 -2.1444e-22)
(-0.0470616 0.0971179 -6.56123e-21)
(-0.0579476 0.118995 -3.08879e-21)
(-0.0566832 0.124914 -2.58789e-21)
(-0.0449019 0.122014 -2.59213e-21)
(-0.0236321 0.114538 -2.35658e-21)
(0.00659584 0.104858 0)
(0.0451239 0.0943554 -1.93905e-21)
(0.0917563 0.0847339 -5.60603e-21)
(0.157044 0.0824817 1.54343e-21)
(-0.0264107 0.0459953 3.29456e-23)
(-0.0514471 0.0935242 -2.87047e-21)
(-0.0557321 0.113846 0)
(-0.0426511 0.117989 5.55965e-21)
(-0.0145979 0.113152 -5.00474e-21)
(0.027067 0.10365 0)
(0.0816897 0.0919066 0)
(0.148404 0.0793757 0)
(0.221564 0.0655381 3.95313e-21)
(0.333716 0.060067 6.41081e-21)
(-0.030395 0.0432353 2.68987e-21)
(-0.0547358 0.0853825 -2.51968e-21)
(-0.0498163 0.101362 -4.92581e-21)
(-0.0203254 0.101957 2.29621e-22)
(0.0310621 0.0944418 -4.95035e-21)
(0.102606 0.0831848 -4.81334e-21)
(0.19289 0.0708117 -4.6234e-21)
(0.300616 0.0598241 -4.42841e-21)
(0.407226 0.0449674 -3.95264e-21)
(0.582871 0.0415542 4.26844e-21)
(-0.0343882 0.0400841 5.8927e-21)
(-0.0546426 0.0740608 2.64945e-21)
(-0.0344476 0.0833745 9.82731e-21)
(0.0205054 0.0791317 5.02307e-21)
(0.107192 0.0688839 1.83913e-22)
(0.222184 0.0570622 4.95546e-21)
(0.360738 0.0463164 -4.59638e-21)
(0.517423 0.0400119 4.42782e-21)
(0.664453 0.0295672 -4.15206e-21)
(0.891843 0.0351421 7.78092e-21)
(-0.0376525 0.0366349 -3.63758e-21)
(-0.0474283 0.0602761 0)
(-0.00148639 0.0617111 -4.36321e-21)
(0.0928575 0.0527928 4.48772e-23)
(0.23008 0.0415053 3.82835e-22)
(0.400937 0.0320938 -4.78189e-21)
(0.593802 0.0271382 1.35888e-20)
(0.791175 0.0267731 0)
(0.982689 0.0274413 4.15139e-21)
(1.2008 0.042041 0)
(-0.298754 0.0215869 0)
(-0.325473 0.0215089 2.2689e-22)
(-0.351803 0.0211636 -3.94449e-22)
(-0.377817 0.0206857 1.51273e-22)
(-0.403372 0.0200364 0)
(-0.428228 0.019181 2.95489e-23)
(-0.452114 0.0180923 -2.96953e-23)
(-0.474719 0.0167506 0)
(-0.49571 0.0151454 0)
(-0.514739 0.0132784 3.25756e-23)
(-0.531449 0.0111651 0)
(-0.54547 0.00883036 0)
(-0.556426 0.00630419 0)
(-0.564 0.00363117 0)
(-0.568039 0.000887485 -8.16393e-23)
(-0.568531 -0.00179709 8.20622e-23)
(-0.565145 -0.00426159 0)
(-0.557368 -0.00645955 -1.60568e-23)
(-0.546582 -0.00840753 1.61413e-23)
(-0.53907 -0.00986537 0)
(-0.253304 0.0611893 0)
(-0.276768 0.0611994 -5.83811e-23)
(-0.299689 0.0604221 0)
(-0.322444 0.0592866 -3.30928e-22)
(-0.345061 0.0576877 3.37849e-22)
(-0.367345 0.05552 6.83347e-24)
(-0.389077 0.0526971 -2.33709e-22)
(-0.410008 0.0491514 6.41871e-22)
(-0.429853 0.0448398 -7.95723e-22)
(-0.448306 0.0397483 5.31079e-22)
(-0.465048 0.033899 6.83925e-22)
(-0.479744 0.0273522 -1.33675e-21)
(-0.492029 0.0201956 7.50391e-22)
(-0.501531 0.0125398 4.92964e-22)
(-0.507964 0.00456134 -3.88454e-22)
(-0.511174 -0.00340628 9.52466e-23)
(-0.510783 -0.0108055 8.09339e-23)
(-0.506309 -0.0173947 8.04331e-23)
(-0.49865 -0.0230901 -8.08227e-23)
(-0.492849 -0.0272392 1.07809e-23)
(-0.172699 0.0908499 6.88954e-23)
(-0.189822 0.0913597 5.84841e-23)
(-0.206362 0.0907524 4.01505e-23)
(-0.222847 0.0896433 0)
(-0.239629 0.0878957 -4.9247e-25)
(-0.256589 0.0853481 -1.73252e-24)
(-0.273585 0.0818556 0)
(-0.290465 0.0772955 -9.11498e-23)
(-0.30705 0.0715736 -5.8399e-23)
(-0.323136 0.0646271 1.21209e-21)
(-0.338489 0.0564327 1.90378e-22)
(-0.352861 0.047022 -1.77823e-21)
(-0.365997 0.0364902 -1.18043e-22)
(-0.377605 0.02499 -1.05674e-22)
(-0.38732 0.0127429 -1.19894e-22)
(-0.394609 0.000157831 2.86463e-22)
(-0.399038 -0.0120899 -2.49951e-22)
(-0.400141 -0.023148 -3.11144e-22)
(-0.398087 -0.0324909 -7.40386e-23)
(-0.395694 -0.0389613 5.76683e-25)
(-0.0707112 0.105954 1.88e-21)
(-0.0797505 0.107595 -4.65795e-22)
(-0.0880682 0.107813 -5.5374e-22)
(-0.0962925 0.107348 -9.83936e-22)
(-0.105111 0.106205 -1.591e-23)
(-0.114522 0.104184 1.21538e-23)
(-0.124436 0.101079 -1.30396e-21)
(-0.13478 0.0967316 4.39187e-22)
(-0.145486 0.0910169 9.88404e-22)
(-0.15648 0.0838318 -1.6269e-21)
(-0.167668 0.0750981 -2.15489e-22)
(-0.178935 0.0647753 2.10303e-21)
(-0.190159 0.0528815 1.17063e-22)
(-0.201233 0.0395199 1.29015e-21)
(-0.211985 0.0248911 -9.06083e-22)
(-0.222059 0.00926802 -8.96427e-22)
(-0.230776 -0.00667321 7.71302e-22)
(-0.237479 -0.0218628 0)
(-0.241871 -0.0348951 1.64217e-22)
(-0.244089 -0.0436527 1.6286e-23)
(0.0449202 0.105459 -5.3908e-21)
(0.0446558 0.108943 1.4343e-21)
(0.0438485 0.110298 -1.55346e-21)
(0.0438483 0.110764 0)
(0.043487 0.110649 9.81983e-24)
(0.0423484 0.1097 -7.6962e-22)
(0.040468 0.107616 -7.07049e-22)
(0.0379194 0.104217 -6.32352e-22)
(0.034711 0.0993855 2.04829e-21)
(0.0308155 0.0930129 1.79804e-22)
(0.0262049 0.0850026 0)
(0.0208627 0.0752865 -2.37232e-22)
(0.0147783 0.0638347 0)
(0.00791547 0.050671 -2.65167e-22)
(0.000106541 0.0359087 0)
(-0.00846873 0.0197756 0)
(-0.0174179 0.00269745 2.19984e-22)
(-0.0264112 -0.0147852 -3.14101e-22)
(-0.0350821 -0.0310251 2.86221e-22)
(-0.0423361 -0.0428392 -8.8797e-23)
(0.181294 0.0922435 0)
(0.188207 0.0979804 1.17286e-22)
(0.192186 0.100375 2.4584e-21)
(0.197967 0.101676 -2.3894e-21)
(0.204328 0.102623 3.06069e-23)
(0.210129 0.102861 0)
(0.215239 0.101953 -1.28824e-21)
(0.219789 0.0997113 3.14077e-21)
(0.223779 0.0960518 -2.08191e-21)
(0.227101 0.0908717 -1.74921e-22)
(0.229637 0.084065 -2.10877e-22)
(0.23128 0.0755607 -2.41513e-22)
(0.231914 0.0653392 0)
(0.231393 0.0534146 1.97685e-21)
(0.229521 0.0398721 -4.754e-21)
(0.226196 0.0249791 2.21628e-21)
(0.221286 0.00902882 -2.44158e-22)
(0.215009 -0.00768611 -1.9906e-22)
(0.207032 -0.0244317 9.28303e-23)
(0.198643 -0.0390885 -9.35039e-23)
(0.361146 0.0729146 -6.89536e-21)
(0.370626 0.0805612 0)
(0.374954 0.0832974 1.15539e-22)
(0.382201 0.084942 -1.55794e-22)
(0.39151 0.0866403 -7.91639e-23)
(0.400932 0.0877253 -6.96835e-24)
(0.410074 0.0876279 3.49244e-23)
(0.419143 0.0862368 -1.62378e-21)
(0.428137 0.0835276 1.96679e-21)
(0.43686 0.0793923 3.30497e-21)
(0.4451 0.0737133 -2.75827e-21)
(0.45269 0.0664137 4.64638e-22)
(0.459429 0.0574964 -2.12317e-21)
(0.465113 0.0469895 1.99797e-22)
(0.469435 0.035032 2.73411e-21)
(0.472336 0.02177 2.59481e-22)
(0.47333 0.00768494 -3.95699e-22)
(0.472653 -0.0070619 4.06383e-22)
(0.469059 -0.0212177 7.81883e-22)
(0.463952 -0.0365265 4.83526e-23)
(0.604797 0.0566624 0)
(0.611367 0.0645418 4.30181e-21)
(0.611996 0.0659333 -4.39885e-21)
(0.616619 0.067001 8.71024e-23)
(0.624694 0.0687706 1.16751e-22)
(0.633739 0.0698851 6.96226e-24)
(0.643208 0.0697861 -4.90865e-23)
(0.653349 0.0685727 0)
(0.664096 0.0662572 -1.17714e-22)
(0.675167 0.062676 -1.56975e-22)
(0.686261 0.0576956 -1.73178e-22)
(0.697186 0.0512231 -4.27125e-22)
(0.707636 0.0432958 0)
(0.71742 0.0339026 0)
(0.726019 0.0233641 -2.63491e-22)
(0.733608 0.0116927 -2.38141e-21)
(0.739206 -0.000300696 1.65274e-21)
(0.743711 -0.0132435 -1.75139e-22)
(0.744627 -0.0241977 -4.11384e-22)
(0.74476 -0.0383446 1.18516e-22)
(0.90316 0.051787 -8.08908e-21)
(0.90438 0.0566978 0)
(0.901761 0.0550507 0)
(0.903815 0.0550648 3.12697e-21)
(0.909345 0.0559804 -1.31545e-21)
(0.916021 0.0558305 -2.39147e-21)
(0.923566 0.0545383 5.57862e-22)
(0.932227 0.0524553 0)
(0.941827 0.0495715 0)
(0.952086 0.0456811 0)
(0.962694 0.0406894 9.91463e-23)
(0.973543 0.0344777 2.87799e-22)
(0.984213 0.0271449 3.54299e-21)
(0.994729 0.018563 -3.41234e-21)
(1.00434 0.0092152 1.83123e-21)
(1.01354 -0.00127955 -1.5859e-21)
(1.02069 -0.0114506 0)
(1.02709 -0.0230172 9.24264e-23)
(1.02969 -0.0313596 1.14122e-22)
(1.03294 -0.0433019 0)
(1.21739 0.0521438 1.00982e-22)
(1.22216 0.0488165 5.2384e-21)
(1.22377 0.0459101 -5.18398e-21)
(1.22701 0.0465715 0)
(1.23048 0.0473378 -2.56923e-21)
(1.23378 0.0469257 3.95427e-21)
(1.2376 0.0456652 -1.3969e-21)
(1.24232 0.0436613 0)
(1.24785 0.0407663 1.1536e-21)
(1.25407 0.0367747 -2.87815e-21)
(1.2608 0.0317118 1.78963e-21)
(1.268 0.0254376 -8.54092e-23)
(1.27529 0.0182163 0)
(1.28272 0.00976783 -3.24805e-21)
(1.28956 0.000875389 4.6816e-21)
(1.29629 -0.00928384 -1.55251e-21)
(1.30143 -0.0185993 -1.2598e-21)
(1.30609 -0.0294959 8.53649e-22)
(1.30828 -0.036346 4.65014e-22)
(1.31031 -0.0464829 0)
(1.56182 0.0553724 0)
(1.54468 0.0505168 0)
(1.53374 0.0476654 0)
(1.52564 0.0459296 0)
(1.51926 0.0441321 0)
(1.51466 0.042022 0)
(1.51196 0.0395946 0)
(1.51099 0.0366637 0)
(1.51144 0.033147 0)
(1.51301 0.0288399 0)
(1.51546 0.0238435 0)
(1.51852 0.0178816 0)
(1.52196 0.0113707 0)
(1.52549 0.00378245 0)
(1.52889 -0.00386347 0)
(1.53178 -0.0128105 0)
(1.53419 -0.0205555 0)
(1.53528 -0.0300594 0)
(1.53606 -0.0356287 0)
(1.53438 -0.0447807 0)
(1.70904 0.0612203 0)
(1.70602 0.059585 0)
(1.70456 0.057467 0)
(1.70326 0.054568 0)
(1.70191 0.0512214 0)
(1.70088 0.0476093 0)
(1.70055 0.0437713 0)
(1.70084 0.0395234 0)
(1.70177 0.0348648 0)
(1.70305 0.0295609 0)
(1.70474 0.023808 0)
(1.70642 0.0172493 0)
(1.70834 0.0104306 0)
(1.70967 0.00264346 0)
(1.7111 -0.00476108 0)
(1.71128 -0.0133203 0)
(1.71183 -0.0203417 0)
(1.70993 -0.029111 0)
(1.70952 -0.0339642 0)
(1.70473 -0.0421644 0)
(1.80619 0.0621174 0)
(1.80804 0.0594661 0)
(1.81001 0.056856 0)
(1.8121 0.0536047 0)
(1.81439 0.0499649 0)
(1.81685 0.0460902 0)
(1.81962 0.0420393 0)
(1.82246 0.0376033 0)
(1.82547 0.0328337 0)
(1.82825 0.0274592 0)
(1.8311 0.0217655 0)
(1.83337 0.0153314 0)
(1.83565 0.00882879 0)
(1.83688 0.00143174 0)
(1.83834 -0.00534624 0)
(1.83786 -0.0132272 0)
(1.83813 -0.0194113 0)
(1.83534 -0.0273152 0)
(1.83482 -0.0314198 0)
(1.82926 -0.0387398 0)
(1.87627 0.0610164 0)
(1.88071 0.0569929 0)
(1.88426 0.0534553 0)
(1.88774 0.0498003 0)
(1.8916 0.0459918 0)
(1.8957 0.0420114 0)
(1.90005 0.037923 0)
(1.90429 0.033517 0)
(1.90857 0.0288916 0)
(1.91239 0.0237452 0)
(1.9162 0.0184237 0)
(1.91917 0.0124434 0)
(1.92215 0.00656723 0)
(1.92382 -8.26958e-05 0)
(1.92572 -0.00608124 0)
(1.92551 -0.0131546 0)
(1.92616 -0.0184745 0)
(1.92373 -0.0254704 0)
(1.92356 -0.0288871 0)
(1.91868 -0.0354436 0)
(1.93356 0.0580062 0)
(1.93942 0.0531815 0)
(1.94407 0.04902 0)
(1.94832 0.0451067 0)
(1.95285 0.0412372 0)
(1.95758 0.0372438 0)
(1.96254 0.0331863 0)
(1.96729 0.0288708 0)
(1.97203 0.024442 0)
(1.97625 0.0195889 0)
(1.98041 0.0146815 0)
(1.98371 0.00921318 0)
(1.98702 0.00395952 0)
(1.989 -0.00201067 0)
(1.9912 -0.00726229 0)
(1.99144 -0.0135034 0)
(1.99246 -0.0180346 0)
(1.99073 -0.0241662 0)
(1.99089 -0.0270181 0)
(1.98715 -0.0328558 0)
(1.98858 0.0535586 0)
(1.99502 0.0485038 0)
(2.00026 0.0440823 0)
(2.00485 0.040039 0)
(2.00951 0.0361636 0)
(2.01429 0.0322209 0)
(2.01926 0.0282571 0)
(2.02399 0.024088 0)
(2.02869 0.0198878 0)
(2.03284 0.0153503 0)
(2.03694 0.0108503 0)
(2.0402 0.00587813 0)
(2.04348 0.00118397 0)
(2.04552 -0.00414163 0)
(2.04777 -0.00871167 0)
(2.04829 -0.0141786 0)
(2.04949 -0.0180438 0)
(2.04834 -0.0234004 0)
(2.0487 -0.0258017 0)
(2.04592 -0.0309589 0)
(2.04651 0.0485328 0)
(2.053 0.0435925 0)
(2.05836 0.0391407 0)
(2.06291 0.0350571 0)
(2.06738 0.0312067 0)
(2.07186 0.0273508 0)
(2.07649 0.0235221 0)
(2.08088 0.0195372 0)
(2.08523 0.0155804 0)
(2.08903 0.0113594 0)
(2.09278 0.00724063 0)
(2.09574 0.00273338 0)
(2.09874 -0.00145743 0)
(2.10061 -0.00618844 0)
(2.10271 -0.0101724 0)
(2.10327 -0.0149627 0)
(2.10444 -0.0182812 0)
(2.10359 -0.0229598 0)
(2.10401 -0.0249976 0)
(2.10182 -0.0295303 0)
(2.10837 0.043515 0)
(2.11456 0.0388168 0)
(2.11974 0.0344584 0)
(2.12407 0.030416 0)
(2.1282 0.0266338 0)
(2.13222 0.0228979 0)
(2.13636 0.0192336 0)
(2.14023 0.0154565 0)
(2.14407 0.0117489 0)
(2.14736 0.00783591 0)
(2.15062 0.00406942 0)
(2.15312 -1.35922e-05 0)
(2.1557 -0.00375746 0)
(2.15721 -0.00796205 0)
(2.15902 -0.0114529 0)
(2.15939 -0.0156601 0)
(2.1604 -0.0185269 0)
(2.15955 -0.0226152 0)
(2.15994 -0.0243564 0)
(2.15794 -0.0283259 0)
(2.17311 0.0387038 0)
(2.17883 0.0342863 0)
(2.18369 0.0301079 0)
(2.18771 0.0261906 0)
(2.19145 0.0225339 0)
(2.19497 0.0189559 0)
(2.19857 0.0154825 0)
(2.20187 0.0119326 0)
(2.20515 0.00847977 0)
(2.20786 0.00486823 0)
(2.21059 0.00143056 0)
(2.21254 -0.00226499 0)
(2.21464 -0.00561118 0)
(2.21569 -0.00935114 0)
(2.21711 -0.0124206 0)
(2.21713 -0.0161195 0)
(2.21791 -0.0186063 0)
(2.21683 -0.022178 0)
(2.21712 -0.023674 0)
(2.21498 -0.0271379 0)
(2.239 0.0341379 0)
(2.24421 0.0300354 0)
(2.2487 0.0261089 0)
(2.25237 0.0223924 0)
(2.25572 0.0189186 0)
(2.25876 0.0155374 0)
(2.26183 0.0122808 0)
(2.26455 0.00897646 0)
(2.26727 0.00578705 0)
(2.26939 0.00247419 0)
(2.27158 -0.000649609 0)
(2.27295 -0.00398035 0)
(2.27456 -0.00696827 0)
(2.27508 -0.0102909 0)
(2.27611 -0.0129908 0)
(2.27567 -0.0162391 0)
(2.27618 -0.0184001 0)
(2.27471 -0.0215151 0)
(2.27486 -0.0228043 0)
(2.27236 -0.0258129 0)
(2.30416 0.029846 0)
(2.30887 0.0260961 0)
(2.31298 0.0224738 0)
(2.31631 0.0190148 0)
(2.31928 0.0157725 0)
(2.32186 0.0126244 0)
(2.32445 0.00960976 0)
(2.32662 0.00656972 0)
(2.32881 0.00365385 0)
(2.33036 0.000642168 0)
(2.33203 -0.00217448 0)
(2.33283 -0.00515855 0)
(2.33396 -0.0078142 0)
(2.33393 -0.0107524 0)
(2.33456 -0.0131199 0)
(2.3336 -0.015962 0)
(2.33382 -0.0178372 0)
(2.33186 -0.0205424 0)
(2.33186 -0.0216526 0)
(2.32885 -0.0242484 0)
(2.36666 0.0258473 0)
(2.37092 0.0224774 0)
(2.37467 0.0191931 0)
(2.37766 0.0160326 0)
(2.38029 0.0130614 0)
(2.38246 0.0101798 0)
(2.38461 0.00743278 0)
(2.38627 0.00467563 0)
(2.38798 0.00204535 0)
(2.38899 -0.000657472 0)
(2.39018 -0.00316905 0)
(2.39044 -0.00581712 0)
(2.39112 -0.00815682 0)
(2.39054 -0.0107339 0)
(2.39079 -0.0127956 0)
(2.38929 -0.0152644 0)
(2.38923 -0.0168824 0)
(2.38672 -0.019214 0)
(2.38657 -0.020165 0)
(2.38298 -0.0223843 0)
(2.42459 0.0221253 0)
(2.42843 0.0191528 0)
(2.43184 0.0162316 0)
(2.43452 0.0134021 0)
(2.43685 0.0107373 0)
(2.43865 0.00815371 0)
(2.44041 0.0057004 0)
(2.44162 0.00324563 0)
(2.4429 0.000912756 0)
(2.44342 -0.00147147 0)
(2.44418 -0.00367525 0)
(2.44393 -0.00599158 0)
(2.44421 -0.00802454 0)
(2.44311 -0.0102567 0)
(2.44301 -0.0120304 0)
(2.44099 -0.0141507 0)
(2.44067 -0.015531 0)
(2.43763 -0.0175181 0)
(2.43733 -0.018324 0)
(2.43315 -0.0201987 0)
(2.47607 0.018652 0)
(2.47952 0.0160895 0)
(2.48261 0.0135525 0)
(2.48501 0.0110823 0)
(2.48707 0.00875378 0)
(2.48854 0.00649645 0)
(2.48996 0.00436057 0)
(2.49077 0.00222642 0)
(2.49167 0.000207666 0)
(2.49177 -0.00185126 0)
(2.49216 -0.00374498 0)
(2.49147 -0.00573194 0)
(2.4914 -0.00746407 0)
(2.48985 -0.00936375 0)
(2.48945 -0.0108622 0)
(2.48697 -0.0126537 0)
(2.48642 -0.0138111 0)
(2.4829 -0.0154786 0)
(2.48248 -0.0161497 0)
(2.47778 -0.0177096 0)
(2.51933 0.0154251 0)
(2.5224 0.0132787 0)
(2.5252 0.0111395 0)
(2.52733 0.00904759 0)
(2.52914 0.00707584 0)
(2.53034 0.00516456 0)
(2.53147 0.0033618 0)
(2.53196 0.00156095 0)
(2.53256 -0.000132509 0)
(2.53231 -0.00186368 0)
(2.5324 -0.00344753 0)
(2.53136 -0.00510888 0)
(2.53101 -0.00654666 0)
(2.52912 -0.00812569 0)
(2.52848 -0.00936053 0)
(2.52566 -0.0108415 0)
(2.52493 -0.0117886 0)
(2.52108 -0.0131596 0)
(2.52056 -0.0137051 0)
(2.51549 -0.0149787 0)
(2.55289 0.0124466 0)
(2.55563 0.0107111 0)
(2.55817 0.00897192 0)
(2.56009 0.00726548 0)
(2.56173 0.00565908 0)
(2.56272 0.00410156 0)
(2.56365 0.00263696 0)
(2.56391 0.00117299 0)
(2.5643 -0.000199107 0)
(2.56383 -0.00160394 0)
(2.56372 -0.00288129 0)
(2.56246 -0.00422387 0)
(2.56194 -0.00537675 0)
(2.55984 -0.00664791 0)
(2.55906 -0.00763203 0)
(2.55606 -0.00881996 0)
(2.55523 -0.00956992 0)
(2.55121 -0.0106657 0)
(2.55064 -0.0110947 0)
(2.54541 -0.0121082 0)
(2.57622 0.00964695 0)
(2.57873 0.00830975 0)
(2.58111 0.00696569 0)
(2.58293 0.00564537 0)
(2.58448 0.00440566 0)
(2.58538 0.00320311 0)
(2.58622 0.00207511 0)
(2.58638 0.000945407 0)
(2.58667 -0.000110429 0)
(2.58611 -0.00119398 0)
(2.58593 -0.00217368 0)
(2.58459 -0.00320707 0)
(2.58402 -0.00408712 0)
(2.58188 -0.00506323 0)
(2.58106 -0.0058106 0)
(2.57804 -0.00672106 0)
(2.57719 -0.00728725 0)
(2.57319 -0.00812576 0)
(2.57261 -0.00844729 0)
(2.56745 -0.00922155 0)
(2.5904 0.00689619 0)
(2.59281 0.00594082 0)
(2.59514 0.00498403 0)
(2.59694 0.0040483 0)
(2.5985 0.00317433 0)
(2.59942 0.00232679 0)
(2.60027 0.00153308 0)
(2.60043 0.00073509 0)
(2.60074 -6.89952e-06 0)
(2.6002 -0.000773918 0)
(2.60004 -0.00146372 0)
(2.59876 -0.00219518 0)
(2.59821 -0.00281272 0)
(2.59615 -0.00350333 0)
(2.59537 -0.0040258 0)
(2.59246 -0.00466985 0)
(2.59165 -0.00506365 0)
(2.5878 -0.00565679 0)
(2.58726 -0.00587886 0)
(2.5823 -0.00642658 0)
(2.59785 0.00422408 0)
(2.60022 0.00361587 0)
(2.60256 0.00302099 0)
(2.6044 0.00245064 0)
(2.60602 0.00192674 0)
(2.60699 0.00142114 0)
(2.60788 0.000950187 0)
(2.60811 0.000474962 0)
(2.60847 3.40366e-05 0)
(2.608 -0.000423003 0)
(2.6079 -0.00082998 0)
(2.60671 -0.00126571 0)
(2.60624 -0.00162927 0)
(2.60429 -0.00204155 0)
(2.60358 -0.00234811 0)
(2.60082 -0.00273331 0)
(2.60008 -0.00296307 0)
(2.59641 -0.0033183 0)
(2.5959 -0.00344675 0)
(2.59119 -0.00377449 0)
(2.60089 0.00161355 0)
(2.60326 0.00135927 0)
(2.60562 0.0011229 0)
(2.60751 0.000905431 0)
(2.60917 0.000712033 0)
(2.61018 0.000529459 0)
(2.61111 0.000362373 0)
(2.61138 0.000195853 0)
(2.61178 4.1625e-05 0)
(2.61137 -0.00011535 0)
(2.61132 -0.000253011 0)
(2.61019 -0.000400932 0)
(2.60977 -0.000522723 0)
(2.60789 -0.000662097 0)
(2.60724 -0.000763915 0)
(2.60457 -0.000893886 0)
(2.60387 -0.000969534 0)
(2.60033 -0.00108929 0)
(2.59985 -0.00113115 0)
(2.59528 -0.00124132 0)
(1.86326 0.154901 1.90759e-21)
(1.87764 0.142706 0)
(1.88332 0.130416 -3.17904e-22)
(1.88242 0.118264 -9.53029e-21)
(1.87227 0.10662 1.46485e-20)
(1.85927 0.096464 0)
(1.83447 0.0860726 1.09533e-20)
(1.79979 0.0807101 0)
(1.76969 0.0679098 8.69756e-21)
(1.58717 0.0575966 -1.21417e-22)
(1.90585 0.141669 -2.20764e-21)
(1.91863 0.131677 4.20099e-22)
(1.92325 0.121236 -4.20949e-22)
(1.92126 0.112279 -1.12761e-21)
(1.91329 0.102178 -8.9096e-21)
(1.89573 0.095817 -5.14062e-22)
(1.88801 0.0863902 0)
(1.83502 0.0827969 -1.13596e-20)
(1.85984 0.0770472 0)
(1.71341 0.0642557 -7.74254e-21)
(1.95467 0.128381 4.55531e-21)
(1.96393 0.120247 0)
(1.96975 0.110764 -3.92191e-22)
(1.96214 0.103897 -6.70717e-22)
(1.96126 0.0950325 9.43528e-21)
(1.93145 0.0901734 0)
(1.94109 0.0836 1.50774e-20)
(1.87335 0.0780429 1.17228e-20)
(1.90822 0.0769105 0)
(1.80438 0.0669759 7.66318e-21)
(2.00758 0.116465 -2.06721e-21)
(2.01224 0.109528 8.31487e-21)
(2.02164 0.101298 0)
(2.00683 0.0952114 1.21418e-20)
(2.0135 0.0882395 6.3581e-22)
(1.97403 0.082592 -1.18548e-21)
(1.98954 0.0787758 -1.44366e-20)
(1.92293 0.0716841 -4.71688e-22)
(1.94485 0.0712268 -1.29883e-20)
(1.87083 0.0663119 0)
(2.06263 0.105777 0)
(2.06333 0.0994683 -8.11535e-21)
(2.07584 0.0929099 -8.9635e-21)
(2.0567 0.0868107 1.25244e-21)
(2.06641 0.0818406 -7.97054e-22)
(2.02565 0.0754231 -6.04225e-22)
(2.03657 0.0728925 -1.77802e-20)
(1.97993 0.0667725 -9.77611e-22)
(1.9876 0.0649399 -9.0933e-22)
(1.92676 0.0633998 1.18471e-20)
(2.11819 0.0960071 2.65423e-21)
(2.117 0.090084 5.46765e-22)
(2.13019 0.085009 -1.41312e-21)
(2.11105 0.0789964 4.82405e-22)
(2.11925 0.0752373 -1.31524e-20)
(2.08314 0.0693117 0)
(2.08698 0.0666724 1.94373e-20)
(2.03937 0.0626342 -5.69966e-22)
(2.03935 0.0592236 2.96283e-20)
(1.98159 0.0589481 -2.48119e-20)
(2.17326 0.0868891 -2.66729e-21)
(2.17215 0.081472 -4.90687e-21)
(2.18408 0.0772925 8.4356e-21)
(2.16759 0.0718964 -1.46942e-20)
(2.17292 0.0684484 -1.61846e-21)
(2.14242 0.0638051 -1.22273e-20)
(2.14199 0.060483 6.13182e-22)
(2.09928 0.057984 -1.14672e-21)
(2.0972 0.0536915 -1.48302e-20)
(2.03971 0.0536717 1.29538e-20)
(2.22723 0.0782717 0)
(2.22706 0.0735711 1.05997e-20)
(2.23745 0.0697932 -1.12384e-21)
(2.22395 0.0653444 8.02192e-21)
(2.22763 0.0617945 -6.57836e-22)
(2.20116 0.0583574 2.4379e-20)
(2.19991 0.0545258 -1.07429e-20)
(2.15971 0.0527433 0)
(2.15832 0.0483505 0)
(2.10198 0.0482758 0)
(2.27942 0.0701216 0)
(2.28016 0.066201 -9.71671e-21)
(2.28974 0.0626379 -6.13142e-22)
(2.27854 0.0590934 8.17039e-21)
(2.28226 0.0554928 1.45923e-20)
(2.25851 0.0528389 -1.36779e-20)
(2.25846 0.0489549 1.29283e-20)
(2.22062 0.0474451 -6.8865e-22)
(2.22074 0.0433692 0)
(2.16725 0.043111 8.23395e-21)
(2.32894 0.0624105 3.49994e-22)
(2.33031 0.0591806 5.54053e-21)
(2.33988 0.0558694 8.53314e-21)
(2.33042 0.0530062 -4.58581e-22)
(2.3352 0.0495821 1.02052e-21)
(2.31388 0.0473771 -1.49038e-20)
(2.31568 0.0437876 1.41566e-20)
(2.28109 0.0423822 -7.2237e-22)
(2.28268 0.0387053 0)
(2.23368 0.0382174 -1.68657e-20)
(2.3749 0.0550765 0)
(2.37676 0.0523965 5.50568e-21)
(2.38667 0.0494389 2.2793e-22)
(2.37887 0.0470531 0)
(2.38493 0.0439919 0)
(2.36643 0.0420678 1.32251e-20)
(2.36997 0.0389088 -1.174e-20)
(2.33963 0.0375482 -6.77559e-22)
(2.34243 0.0342511 3.68828e-22)
(2.29934 0.0335736 8.92313e-21)
(2.41665 0.0480536 0)
(2.41905 0.0458074 -1.04891e-20)
(2.42922 0.0432743 -1.13119e-20)
(2.42324 0.0412427 1.69668e-21)
(2.43034 0.0386268 -1.08499e-21)
(2.41513 0.0369152 -8.84832e-22)
(2.42001 0.0342007 1.66427e-21)
(2.39468 0.0328868 1.05732e-20)
(2.3984 0.0299709 1.00722e-21)
(2.36229 0.0291871 -3.0754e-22)
(2.45375 0.0413193 0)
(2.45677 0.0394333 5.65162e-21)
(2.4669 0.0373418 -6.20579e-22)
(2.46292 0.0356019 6.15454e-22)
(2.47058 0.0334343 0)
(2.45899 0.0319136 0)
(2.46469 0.0296219 0)
(2.44484 0.0283916 -1.20026e-20)
(2.44914 0.0258685 1.1122e-20)
(2.4206 0.0250565 0)
(2.4857 0.0349138 0)
(2.48938 0.0333434 3.61151e-21)
(2.49909 0.0316675 4.63831e-21)
(2.4972 0.0301877 5.99283e-21)
(2.50493 0.0284316 -1.13662e-21)
(2.49706 0.0271004 6.97105e-21)
(2.50308 0.0252012 -6.1971e-21)
(2.48881 0.0240898 0)
(2.49334 0.0219538 6.91215e-22)
(2.47244 0.0211658 -1.04543e-20)
(2.51167 0.028896 -8.05383e-22)
(2.51605 0.027611 -2.92983e-21)
(2.52505 0.0263021 -5.99618e-21)
(2.52522 0.0250677 -4.217e-21)
(2.53262 0.0236729 0)
(2.52835 0.0225368 -8.86177e-21)
(2.53424 0.0209934 8.89874e-21)
(2.52531 0.0200211 -8.409e-22)
(2.52975 0.0182517 -5.50773e-21)
(2.51607 0.0175197 1.5206e-20)
(2.53084 0.0232793 8.09517e-22)
(2.53595 0.0222477 -2.28087e-21)
(2.54415 0.0212463 2.03338e-21)
(2.54623 0.0202547 -5.00019e-21)
(2.55307 0.0191719 0)
(2.55201 0.0182423 0)
(2.55751 0.0170164 8.75205e-22)
(2.55324 0.0162008 -8.23438e-21)
(2.55739 0.0147737 -5.00732e-21)
(2.54996 0.0141307 -5.12449e-21)
(2.54329 0.0179018 0)
(2.54911 0.0171421 3.74009e-21)
(2.55662 0.0164087 -1.36477e-21)
(2.56028 0.0156667 4.46046e-21)
(2.56653 0.0148566 1.19095e-21)
(2.56801 0.0141479 -9.88781e-22)
(2.57302 0.0132056 1.85392e-21)
(2.57238 0.0125668 5.70141e-21)
(2.57616 0.0114575 0)
(2.57351 0.0109395 0)
(2.55074 0.0126304 0)
(2.55707 0.0121672 1.53019e-21)
(2.564 0.0116928 -2.78892e-21)
(2.56873 0.0112095 0)
(2.57446 0.0106521 -2.31668e-21)
(2.57762 0.0101678 -9.99867e-22)
(2.58219 0.00948721 -2.78023e-21)
(2.5839 0.00902599 -8.01794e-22)
(2.5874 0.00821131 4.20734e-22)
(2.58781 0.00782095 3.46133e-22)
(2.5553 0.00748919 0)
(2.5618 0.00730201 -1.53753e-21)
(2.56826 0.00709419 -1.3851e-21)
(2.5735 0.00687952 1.90473e-21)
(2.57883 0.00658749 1.1078e-21)
(2.58284 0.00633214 1.05099e-21)
(2.58709 0.00592156 4.64997e-21)
(2.59 0.00563363 -3.36782e-21)
(2.59331 0.00510503 7.80063e-22)
(2.5953 0.00482142 0)
(2.55778 0.00233546 0)
(2.56424 0.00239446 7.50945e-22)
(2.57041 0.00244034 -7.16659e-22)
(2.57577 0.00247262 6.7626e-22)
(2.58086 0.00245483 0)
(2.58515 0.00242781 -1.05621e-21)
(2.58923 0.00231959 9.10779e-22)
(2.59257 0.00222646 8.0396e-22)
(2.59577 0.00202576 0)
(2.59836 0.00187782 0)
(1.21426 0.270525 0)
(1.1609 0.295678 -5.87434e-20)
(1.11852 0.32903 0)
(1.08402 0.371775 -1.95018e-19)
(1.05364 0.423329 7.4141e-20)
(1.0253 0.485663 2.4477e-21)
(0.996636 0.559946 6.36307e-20)
(0.949494 0.63536 -8.29932e-21)
(0.816712 0.651273 0)
(0.461761 0.404811 6.31012e-20)
(1.30124 0.273145 1.07095e-19)
(1.24994 0.305277 5.87417e-20)
(1.2094 0.337491 -5.58224e-20)
(1.17591 0.378856 6.56423e-20)
(1.14743 0.430126 -5.57989e-20)
(1.12308 0.4922 8.30765e-21)
(1.10004 0.565558 -6.59289e-20)
(1.05708 0.63817 -1.29838e-19)
(0.916844 0.648398 -3.44883e-20)
(0.51762 0.395065 -9.22329e-20)
(1.38348 0.271464 -4.74778e-20)
(1.33741 0.305924 4.91737e-20)
(1.29941 0.337575 5.58202e-20)
(1.26658 0.378044 5.71773e-20)
(1.23953 0.428665 5.82741e-20)
(1.21883 0.489598 5.8776e-20)
(1.20079 0.560544 9.8212e-21)
(1.16046 0.627912 5.55591e-20)
(1.01014 0.630142 2.02081e-20)
(0.565291 0.37351 -2.15717e-20)
(1.46386 0.267173 9.48271e-20)
(1.42178 0.30182 -4.91713e-20)
(1.38581 0.33241 0)
(1.35378 0.371313 0)
(1.32823 0.420121 0)
(1.31078 0.478561 4.32871e-20)
(1.29662 0.545427 -3.65944e-20)
(1.25644 0.60505 0)
(1.09242 0.596994 1.33615e-20)
(0.600748 0.340828 -2.66344e-20)
(1.54015 0.25989 -1.76273e-20)
(1.50061 0.293345 6.41111e-20)
(1.46625 0.322572 0)
(1.43539 0.359413 0)
(1.41158 0.405373 1.80829e-20)
(1.39696 0.460024 1.68374e-20)
(1.38519 0.521235 2.39567e-20)
(1.34197 0.57046 1.11729e-20)
(1.15907 0.550328 1.31005e-20)
(0.620805 0.299415 -4.93968e-21)
(1.60941 0.249964 5.20097e-20)
(1.57195 0.280953 1.91377e-20)
(1.53901 0.308403 0)
(1.5096 0.342787 0)
(1.48772 0.385094 -4.8279e-20)
(1.47539 0.434734 1.53259e-20)
(1.46415 0.488721 4.4697e-21)
(1.41365 0.525959 -2.33294e-22)
(1.20522 0.492244 -7.50231e-21)
(0.62355 0.251518 -5.85989e-22)
(1.67094 0.237442 -2.96499e-20)
(1.63504 0.264991 3.11964e-20)
(1.60317 0.290429 2.80156e-20)
(1.57519 0.32201 -2.96387e-20)
(1.55506 0.360029 -1.17002e-20)
(1.54414 0.403659 1.24615e-20)
(1.5308 0.448787 -6.02972e-21)
(1.46748 0.473374 6.47612e-21)
(1.22781 0.42579 0)
(0.607649 0.199673 0)
(1.72363 0.222819 -2.5093e-20)
(1.68918 0.246571 2.64024e-20)
(1.65804 0.269608 0)
(1.63124 0.298121 0)
(1.61252 0.331322 0)
(1.60154 0.368037 2.90278e-21)
(1.58232 0.403185 -9.10394e-21)
(1.49966 0.414256 2.1582e-21)
(1.22418 0.353553 0)
(0.572345 0.147319 -5.26714e-21)
(1.76777 0.206395 -1.04585e-20)
(1.73385 0.225923 8.62284e-21)
(1.70303 0.247029 -2.20291e-21)
(1.67724 0.272012 0)
(1.65929 0.300008 -3.03137e-21)
(1.646 0.329426 7.48752e-21)
(1.61612 0.353737 0)
(1.50716 0.350575 -3.36312e-22)
(1.19147 0.278344 -4.51126e-21)
(0.518373 0.0980441 7.79356e-21)
(1.80252 0.189106 0)
(1.76855 0.205376 2.38131e-21)
(1.73811 0.223631 2.20269e-21)
(1.71303 0.244706 0)
(1.69454 0.267323 9.84764e-22)
(1.6759 0.289106 -1.8908e-21)
(1.62952 0.302007 -1.74063e-22)
(1.48669 0.284557 8.84809e-22)
(1.12754 0.203537 2.14477e-21)
(0.448559 0.055175 0)
(0.543111 0.0159082 -1.9769e-20)
(0.520333 0.0182573 2.09956e-20)
(0.492596 0.0210227 1.12681e-20)
(0.458844 0.0242448 1.22503e-20)
(0.417565 0.0280649 -1.30079e-20)
(0.366632 0.0326573 -2.1377e-20)
(0.303298 0.0380967 7.6878e-21)
(0.22225 0.0436492 -1.6899e-20)
(0.119696 0.0451182 -1.85174e-20)
(0.0336147 0.0289483 0)
(0.558446 0.047558 0)
(0.535386 0.0545272 -1.04919e-20)
(0.507211 0.0627729 -1.12306e-20)
(0.473194 0.072377 0)
(0.431948 0.0837544 2.6218e-20)
(0.381356 0.0974352 1.41895e-20)
(0.318653 0.113664 0)
(0.238263 0.130257 -1.63793e-20)
(0.134906 0.134643 -6.66741e-23)
(0.0430058 0.0864969 -1.95938e-20)
(0.58861 0.0787117 7.8566e-20)
(0.565045 0.0900588 -8.26772e-20)
(0.536042 0.103627 0)
(0.50153 0.119426 0)
(0.460374 0.138113 0)
(0.410493 0.160585 -8.40631e-20)
(0.349086 0.187289 1.20802e-19)
(0.269962 0.21468 -3.21753e-20)
(0.165114 0.222002 0)
(0.0617663 0.142796 3.92824e-20)
(0.632595 0.108991 7.76951e-20)
(0.608404 0.124324 -8.17597e-20)
(0.578286 0.142953 -8.82741e-20)
(0.543124 0.164635 -1.24098e-21)
(0.502161 0.190222 1.51329e-19)
(0.453381 0.220993 -5.42069e-20)
(0.39394 0.257625 5.93998e-20)
(0.316739 0.29536 -1.28131e-19)
(0.209838 0.305694 6.94388e-20)
(0.0896398 0.19679 0)
(0.688991 0.137922 -1.89766e-19)
(0.664172 0.156774 3.98771e-20)
(0.632782 0.180181 0)
(0.596926 0.207375 0)
(0.556336 0.239321 5.06451e-20)
(0.509087 0.277699 -1.57843e-19)
(0.452293 0.323466 1.13581e-19)
(0.377716 0.370834 -1.22121e-19)
(0.268313 0.384151 2.05027e-21)
(0.126175 0.247379 -6.95246e-20)
(0.756114 0.164932 2.6083e-19)
(0.730808 0.186609 -1.97208e-19)
(0.69809 0.214295 0)
(0.661538 0.24646 0)
(0.621522 0.284131 4.85747e-20)
(0.576264 0.329383 5.21673e-20)
(0.522832 0.383421 5.10264e-20)
(0.451639 0.439556 6.0427e-20)
(0.339422 0.455695 1.70569e-21)
(0.170657 0.293307 1.37417e-19)
(0.831966 0.189783 -1.47948e-19)
(0.806443 0.214169 -7.48044e-20)
(0.77256 0.245964 0)
(0.735532 0.282474 0)
(0.696416 0.324825 0)
(0.653579 0.375676 -9.77142e-20)
(0.604105 0.436598 9.83653e-20)
(0.536964 0.500162 0)
(0.42166 0.518628 -5.88301e-20)
(0.222033 0.333193 1.2545e-19)
(0.915343 0.210016 -7.13149e-20)
(0.889384 0.235981 7.48049e-20)
(0.853885 0.271269 7.54292e-20)
(0.816459 0.311866 7.98444e-20)
(0.778807 0.358691 8.44349e-20)
(0.73911 0.414642 8.91785e-20)
(0.694311 0.48147 -7.09722e-21)
(0.63185 0.551107 9.83603e-20)
(0.513134 0.571193 -5.35884e-20)
(0.278875 0.365611 5.72015e-20)
(1.00492 0.231473 -1.35291e-19)
(0.978237 0.25954 6.7442e-20)
(0.940891 0.297054 -7.54289e-20)
(0.903269 0.33925 -8.21837e-20)
(0.86726 0.388017 7.63158e-20)
(0.83093 0.446907 -6.71043e-21)
(0.791249 0.517662 -2.68611e-19)
(0.733946 0.591321 -1.83396e-19)
(0.611409 0.611791 5.12021e-20)
(0.33936 0.389224 -4.24172e-20)
(1.10276 0.240725 0)
(1.06806 0.269424 -6.74415e-20)
(1.02833 0.31101 0)
(0.992578 0.356948 6.87266e-20)
(0.959619 0.408688 -2.31205e-19)
(0.927191 0.470331 -1.60138e-19)
(0.892875 0.543862 1.69003e-19)
(0.840771 0.619612 8.8688e-20)
(0.713678 0.638851 0)
(0.401251 0.402661 9.33201e-20)
(0.665239 0.00116852 0)
(0.664676 0.00116804 -1.1356e-21)
(0.663295 0.00119429 1.12966e-21)
(0.661581 0.00126979 0)
(0.659803 0.00139502 -2.27843e-21)
(0.657916 0.00156646 2.26669e-21)
(0.655794 0.00178513 0)
(0.65334 0.00205534 0)
(0.65047 0.00238402 0)
(0.647114 0.00277585 0)
(0.643222 0.00324587 1.14627e-21)
(0.638725 0.00380613 0)
(0.633503 0.00446917 0)
(0.627413 0.00525107 9.28798e-21)
(0.620297 0.00617232 -9.24218e-21)
(0.611977 0.00725806 0)
(0.602241 0.00853849 1.05796e-20)
(0.590843 0.0100552 -1.88268e-20)
(0.577469 0.0118309 9.41672e-21)
(0.561766 0.0140891 9.58989e-21)
(0.676917 0.00341149 2.36345e-21)
(0.676368 0.00342687 4.50552e-21)
(0.67508 0.00354194 -4.48381e-21)
(0.673496 0.00379491 2.25189e-21)
(0.671842 0.0041824 2.25517e-21)
(0.670066 0.00470098 9.06398e-21)
(0.668051 0.00535873 -6.75898e-21)
(0.665706 0.00617012 -1.81925e-20)
(0.662945 0.00715617 3.8608e-20)
(0.659706 0.0083313 -1.81453e-20)
(0.655951 0.00974261 -1.71802e-20)
(0.651599 0.011426 3.88941e-20)
(0.646532 0.0134175 -3.44254e-20)
(0.640611 0.0157644 1.83465e-20)
(0.633685 0.0185274 2.3092e-21)
(0.625585 0.0217817 3.9629e-20)
(0.6161 0.0256171 -3.8308e-20)
(0.605028 0.030159 0)
(0.591971 0.0354665 2.35403e-21)
(0.577139 0.0422271 0)
(0.699676 0.00557137 -7.02263e-21)
(0.699246 0.0056206 -6.14931e-24)
(0.69818 0.00585194 8.939e-21)
(0.696831 0.00630282 -4.40968e-21)
(0.695394 0.00696473 -1.11595e-20)
(0.693826 0.00783954 -2.24179e-21)
(0.692016 0.00894531 -2.24772e-21)
(0.689883 0.0103084 -2.25197e-21)
(0.68733 0.0119578 3.17436e-20)
(0.684325 0.013929 2.48887e-22)
(0.680843 0.0162883 -4.07638e-20)
(0.676781 0.0190964 -2.28011e-21)
(0.672017 0.0224163 -4.573e-21)
(0.666431 0.0263261 0)
(0.659882 0.0309252 -4.16492e-20)
(0.652226 0.0363371 3.22659e-20)
(0.643246 0.042708 0)
(0.63284 0.0502497 -2.33388e-21)
(0.620422 0.0590245 -2.35816e-21)
(0.607305 0.0702512 -2.35894e-21)
(0.732823 0.00771543 2.30267e-21)
(0.732539 0.00779902 6.57287e-21)
(0.731759 0.00813337 0)
(0.730717 0.00877426 -1.989e-20)
(0.729567 0.0097119 1.76344e-20)
(0.728276 0.0109469 2.00168e-20)
(0.726748 0.0124993 -1.32977e-20)
(0.7249 0.0144081 2.23325e-21)
(0.722638 0.0166929 -2.92425e-20)
(0.719967 0.0194791 -2.38754e-22)
(0.716859 0.0228175 3.37379e-20)
(0.713203 0.0267687 -3.63803e-20)
(0.708881 0.0314212 -3.45208e-20)
(0.703788 0.0368901 7.74211e-20)
(0.697803 0.0433131 2.29918e-21)
(0.690816 0.0508625 6.91344e-21)
(0.682601 0.0597311 -7.45297e-20)
(0.673219 0.0702325 1.70322e-21)
(0.661766 0.0823542 -6.54247e-22)
(0.651143 0.0980114 7.74893e-20)
(0.775268 0.00975847 4.52539e-21)
(0.775129 0.00988068 -1.72054e-20)
(0.774662 0.010315 8.6076e-21)
(0.773966 0.0111472 4.33551e-21)
(0.773135 0.01237 0)
(0.772142 0.0139779 0)
(0.770913 0.0159937 -4.39397e-21)
(0.769351 0.0184607 0)
(0.767468 0.0214224 -4.43515e-21)
(0.765282 0.0250136 0)
(0.762646 0.029311 4.47856e-21)
(0.759471 0.0343905 -7.21685e-20)
(0.755689 0.0403567 -4.80161e-22)
(0.751228 0.047359 -5.04184e-21)
(0.74598 0.0555663 7.27975e-20)
(0.739885 0.0652078 -4.602e-21)
(0.732696 0.0764955 4.59418e-21)
(0.72471 0.0898914 -7.45043e-20)
(0.714577 0.10515 7.90202e-20)
(0.707117 0.125217 1.502e-19)
(0.825754 0.011579 4.41488e-21)
(0.825723 0.0117619 -4.18694e-21)
(0.825553 0.0123116 -4.2214e-21)
(0.825204 0.0133422 -4.24504e-21)
(0.824689 0.0148542 -3.42681e-20)
(0.82399 0.0168376 6.44486e-20)
(0.823055 0.0193046 -3.87911e-20)
(0.821818 0.0223043 0)
(0.82034 0.0259982 -4.36671e-21)
(0.8186 0.0304215 -4.39106e-21)
(0.816458 0.035656 -4.41554e-21)
(0.813837 0.0418256 6.69839e-20)
(0.810698 0.0490586 -1.47747e-19)
(0.806997 0.0575449 7.1858e-20)
(0.802656 0.0674622 0)
(0.797675 0.0791261 -4.5341e-21)
(0.791785 0.0927065 -1.56183e-19)
(0.78556 0.108932 1.47036e-19)
(0.777155 0.127023 -4.65863e-21)
(0.773389 0.151511 0)
(0.882987 0.0130063 4.2778e-21)
(0.882997 0.0133004 -1.22998e-20)
(0.88304 0.0140216 4.03011e-21)
(0.882967 0.015287 2.48327e-20)
(0.882703 0.0170854 4.17389e-21)
(0.882214 0.0194011 -2.53418e-20)
(0.881482 0.0223136 4.06185e-21)
(0.880606 0.0259282 3.4084e-20)
(0.879594 0.0303162 8.60442e-21)
(0.878283 0.035534 7.3873e-20)
(0.876617 0.0416664 -6.09491e-20)
(0.874568 0.0488799 -6.17401e-20)
(0.872141 0.0573027 7.51218e-20)
(0.869303 0.0671974 4.43847e-21)
(0.866034 0.078694 4.46342e-21)
(0.862379 0.0922671 9.02327e-21)
(0.858099 0.107885 9.07166e-21)
(0.853988 0.126794 -4.51747e-21)
(0.847782 0.147246 0)
(0.847968 0.176195 1.45993e-19)
(0.945648 0.0138969 -1.24479e-20)
(0.945649 0.014356 -1.9708e-23)
(0.945793 0.0152971 -3.99638e-21)
(0.945847 0.0167834 -3.63988e-20)
(0.945654 0.0188878 2.43576e-20)
(0.94529 0.0216529 -4.11493e-21)
(0.944869 0.0251026 0)
(0.944338 0.0293277 0)
(0.943611 0.0343363 -8.44718e-21)
(0.942632 0.0402555 -4.25043e-21)
(0.941433 0.04718 -4.31054e-21)
(0.939977 0.0553444 -4.34933e-21)
(0.938338 0.0648188 0)
(0.936449 0.0760163 -8.80446e-21)
(0.934421 0.0888953 -4.45986e-21)
(0.932246 0.104314 -8.91944e-21)
(0.929868 0.121669 -4.52214e-21)
(0.928183 0.143178 -1.39364e-19)
(0.924769 0.165026 1.44562e-19)
(0.929437 0.198126 0)
(1.01246 0.0142814 0)
(1.01244 0.0149345 3.83151e-21)
(1.01251 0.0162233 1.94028e-21)
(1.01257 0.018088 0)
(1.01253 0.0205686 3.57218e-20)
(1.01233 0.0237559 -3.19739e-20)
(1.01201 0.027657 6.69504e-20)
(1.01157 0.032327 -6.53784e-20)
(1.01105 0.0378248 6.21195e-21)
(1.01039 0.0443592 2.10953e-21)
(1.00969 0.051968 0)
(1.00885 0.0610033 0)
(1.00812 0.071354 0)
(1.00727 0.0837284 1.43384e-19)
(1.00681 0.0975689 -2.79974e-19)
(1.00631 0.1146 4.71669e-21)
(1.0063 0.132914 1.4172e-19)
(1.00695 0.157524 0)
(1.0066 0.180773 0)
(1.01628 0.220056 1.41032e-19)
(1.08275 0.0148906 0)
(1.08291 0.015623 -1.4799e-20)
(1.08304 0.0170761 -1.31795e-20)
(1.08298 0.019237 3.02685e-20)
(1.08278 0.0220385 3.07896e-20)
(1.08246 0.0255068 -9.34751e-20)
(1.08214 0.0296786 6.10139e-20)
(1.08178 0.0347013 0)
(1.08154 0.040591 -2.0284e-21)
(1.08124 0.0476119 -6.35376e-20)
(1.08123 0.0556658 1.32578e-19)
(1.08113 0.065276 -6.69981e-20)
(1.08169 0.0760089 0)
(1.08201 0.0890795 -1.36502e-19)
(1.08383 0.103048 2.75268e-19)
(1.08508 0.121012 -1.38785e-19)
(1.08942 0.138487 0)
(1.09352 0.164523 -1.37579e-19)
(1.10051 0.185083 1.39017e-19)
(1.11856 0.231694 -2.16642e-21)
(1.15559 0.0147163 0)
(1.15542 0.0154738 0)
(1.15529 0.0169909 0)
(1.15498 0.0191617 0)
(1.15454 0.0218963 0)
(1.154 0.025277 0)
(1.15358 0.0293509 0)
(1.15315 0.0343349 0)
(1.15305 0.0401939 0)
(1.15284 0.0473064 0)
(1.15332 0.0554114 0)
(1.15343 0.0653538 0)
(1.15519 0.0762203 0)
(1.15575 0.0901683 0)
(1.16035 0.104232 0)
(1.16119 0.12451 0)
(1.17259 0.141188 0)
(1.17231 0.1735 0)
(1.2031 0.187119 0)
(1.19465 0.248526 0)
(1.23102 0.0139971 0)
(1.23113 0.01493 0)
(1.23112 0.0168244 0)
(1.23074 0.0192894 0)
(1.23023 0.0221521 0)
(1.22968 0.0255444 0)
(1.22941 0.0295254 0)
(1.22915 0.0343769 0)
(1.22943 0.0399988 0)
(1.22949 0.0468597 0)
(1.23069 0.054516 0)
(1.2311 0.0640419 0)
(1.23418 0.0740877 0)
(1.23488 0.0873332 0)
(1.24201 0.0998271 0)
(1.24218 0.118673 0)
(1.25849 0.132496 0)
(1.25498 0.160423 0)
(1.29252 0.170581 0)
(1.27417 0.21141 0)
(1.31028 0.0151514 0)
(1.31107 0.0159048 0)
(1.31148 0.0175801 0)
(1.31111 0.0199335 0)
(1.31055 0.0226935 0)
(1.30998 0.0259441 0)
(1.30988 0.0297179 0)
(1.30979 0.0343413 0)
(1.31048 0.0396539 0)
(1.31078 0.0461692 0)
(1.31266 0.0533141 0)
(1.31332 0.0622427 0)
(1.31752 0.0714151 0)
(1.31829 0.0835514 0)
(1.32715 0.0946132 0)
(1.32681 0.111142 0)
(1.34533 0.12291 0)
(1.34004 0.145383 0)
(1.37827 0.154153 0)
(1.35735 0.183781 0)
(1.39525 0.0163457 0)
(1.39579 0.0169482 0)
(1.3962 0.0184764 0)
(1.39575 0.0207178 0)
(1.39505 0.0232994 0)
(1.39434 0.0262994 0)
(1.39434 0.0297608 0)
(1.39435 0.0340562 0)
(1.3954 0.0389825 0)
(1.39589 0.0450615 0)
(1.39836 0.0516496 0)
(1.39921 0.0598879 0)
(1.4043 0.0682184 0)
(1.40509 0.0791767 0)
(1.41511 0.0890158 0)
(1.41437 0.103393 0)
(1.43392 0.113639 0)
(1.42752 0.132235 0)
(1.46557 0.140145 0)
(1.44328 0.164013 0)
(1.4826 0.0153536 0)
(1.48325 0.0162767 0)
(1.48384 0.0184092 0)
(1.48322 0.0210054 0)
(1.4823 0.0235998 0)
(1.48144 0.0263995 0)
(1.48159 0.0295469 0)
(1.48177 0.0334852 0)
(1.48322 0.0379917 0)
(1.48389 0.0435795 0)
(1.48692 0.0495744 0)
(1.4879 0.057072 0)
(1.49373 0.0645637 0)
(1.49449 0.0743668 0)
(1.50535 0.0830702 0)
(1.5042 0.0956006 0)
(1.52436 0.104512 0)
(1.51711 0.120288 0)
(1.55468 0.12717 0)
(1.5315 0.147093 0)
(1.56941 0.01695 0)
(1.57149 0.0177284 0)
(1.57294 0.0196401 0)
(1.57231 0.0219581 0)
(1.57123 0.0241628 0)
(1.57035 0.02651 0)
(1.5708 0.0291948 0)
(1.57125 0.032684 0)
(1.57318 0.0367137 0)
(1.57408 0.0417602 0)
(1.57765 0.0471354 0)
(1.57875 0.0538779 0)
(1.58521 0.0605486 0)
(1.58589 0.0692631 0)
(1.59736 0.0769101 0)
(1.59584 0.0878468 0)
(1.61626 0.0955484 0)
(1.60839 0.10905 0)
(1.64509 0.11489 0)
(1.62164 0.131673 0)
(1.66179 0.0189506 0)
(1.66345 0.0196681 0)
(1.66482 0.0212771 0)
(1.66388 0.0230639 0)
(1.66251 0.0246202 0)
(1.66152 0.0263469 0)
(1.66223 0.0285043 0)
(1.66292 0.0315288 0)
(1.66526 0.0350823 0)
(1.66629 0.039583 0)
(1.67028 0.0443494 0)
(1.67142 0.0503605 0)
(1.67834 0.0562601 0)
(1.67891 0.0639733 0)
(1.69073 0.0706655 0)
(1.68887 0.080208 0)
(1.70921 0.0868437 0)
(1.70097 0.0984285 0)
(1.73636 0.103377 0)
(1.71332 0.117584 0)
(1.75337 0.02094 0)
(1.75612 0.0219391 0)
(1.75785 0.0234837 0)
(1.75655 0.0246186 0)
(1.75493 0.0252294 0)
(1.75399 0.0261056 0)
(1.75509 0.0276407 0)
(1.75604 0.0301687 0)
(1.75869 0.0332339 0)
(1.75978 0.0371776 0)
(1.76404 0.0413487 0)
(1.76516 0.0466564 0)
(1.77236 0.051843 0)
(1.77279 0.0586354 0)
(1.78469 0.0644773 0)
(1.78262 0.0727834 0)
(1.80248 0.0785055 0)
(1.79423 0.0884483 0)
(1.82781 0.0926829 0)
(1.80593 0.104731 0)
(1.84911 0.0222473 0)
(1.85096 0.0238446 0)
(1.85131 0.025889 0)
(1.84858 0.0265043 0)
(1.84631 0.0260684 0)
(1.84545 0.0260398 0)
(1.84703 0.0269413 0)
(1.8483 0.0289279 0)
(1.85123 0.031444 0)
(1.85239 0.0347766 0)
(1.85688 0.0383368 0)
(1.85806 0.042947 0)
(1.86541 0.0474594 0)
(1.86585 0.0533889 0)
(1.8776 0.058466 0)
(1.87558 0.0656619 0)
(1.89461 0.0706012 0)
(1.88687 0.0791228 0)
(1.91811 0.0827768 0)
(1.89823 0.0929962 0)
(1.93397 0.0245091 0)
(1.93711 0.025566 0)
(1.93681 0.0262364 0)
(1.93258 0.0253602 0)
(1.93014 0.0241297 0)
(1.93022 0.0239434 0)
(1.93298 0.0248497 0)
(1.93508 0.02668 0)
(1.93866 0.0288827 0)
(1.94032 0.031777 0)
(1.94529 0.0348819 0)
(1.94691 0.0389289 0)
(1.9545 0.0428912 0)
(1.95532 0.0480785 0)
(1.96684 0.0525088 0)
(1.96533 0.0587449 0)
(1.98325 0.0630263 0)
(1.97667 0.0703396 0)
(2.00512 0.0735086 0)
(1.98819 0.0822002 0)
(1.99847 0.0506899 0)
(2.00382 0.0476329 0)
(2.00505 0.0380381 0)
(2.00309 0.0289013 0)
(2.00371 0.0237926 0)
(2.00654 0.0223218 0)
(2.01119 0.0227197 0)
(2.0145 0.0240765 0)
(2.01895 0.0257969 0)
(2.02142 0.0282076 0)
(2.02701 0.0308929 0)
(2.02935 0.0344574 0)
(2.03717 0.0379647 0)
(2.03867 0.0425312 0)
(2.04984 0.0464244 0)
(2.04928 0.05186 0)
(2.06588 0.0555907 0)
(2.06107 0.0619055 0)
(2.08641 0.0646585 0)
(2.07321 0.0721027 0)
(2.08819 0.0617614 0)
(2.07926 0.0558304 0)
(2.07156 0.0414405 0)
(2.07102 0.0286621 0)
(2.07559 0.0218784 0)
(2.08062 0.019837 0)
(2.08566 0.0199447 0)
(2.0888 0.0209436 0)
(2.09304 0.022273 0)
(2.09569 0.0242727 0)
(2.10133 0.0265857 0)
(2.10413 0.0297148 0)
(2.11184 0.0328021 0)
(2.11403 0.0368152 0)
(2.12463 0.0402188 0)
(2.12524 0.0449652 0)
(2.14039 0.0481978 0)
(2.1377 0.0536787 0)
(2.15991 0.0560446 0)
(2.15078 0.0624713 0)
(2.13172 0.039723 0)
(2.12102 0.0351124 0)
(2.11408 0.026566 0)
(2.1186 0.0190944 0)
(2.12884 0.015272 0)
(2.13774 0.0145483 0)
(2.14473 0.0152216 0)
(2.14906 0.0164182 0)
(2.15415 0.0177681 0)
(2.15789 0.0196391 0)
(2.16422 0.0217466 0)
(2.16808 0.0245455 0)
(2.17604 0.027272 0)
(2.17935 0.0307974 0)
(2.18963 0.0337547 0)
(2.19171 0.0378958 0)
(2.20566 0.0406743 0)
(2.20524 0.0454411 0)
(2.22478 0.0474511 0)
(2.2195 0.0530278 0)
(2.16885 0.0183406 0)
(2.15821 0.0161099 0)
(2.15299 0.012238 0)
(2.16116 0.00912898 0)
(2.17536 0.00793943 0)
(2.18738 0.00836275 0)
(2.19628 0.00942973 0)
(2.20209 0.0107572 0)
(2.20829 0.0121808 0)
(2.21337 0.0140166 0)
(2.22051 0.0160131 0)
(2.22554 0.0185634 0)
(2.23378 0.0210122 0)
(2.2382 0.0241335 0)
(2.24817 0.0267443 0)
(2.25158 0.0303729 0)
(2.26441 0.0328077 0)
(2.26589 0.0369511 0)
(2.28313 0.0387171 0)
(2.28087 0.0435301 0)
(2.23128 -0.00457748 0)
(2.22052 -0.00409556 0)
(2.21566 -0.00426364 0)
(2.22471 -0.00388586 0)
(2.23942 -0.00253594 0)
(2.25141 -0.000729827 0)
(2.25974 0.00109632 0)
(2.26508 0.00300107 0)
(2.27063 0.00493214 0)
(2.27538 0.00709872 0)
(2.28176 0.00928312 0)
(2.28655 0.0118041 0)
(2.29377 0.0141696 0)
(2.29814 0.0170316 0)
(2.30674 0.0194605 0)
(2.31047 0.0226744 0)
(2.32138 0.0249209 0)
(2.32381 0.0284879 0)
(2.33826 0.0301727 0)
(2.33802 0.0342084 0)
(2.33498 -0.034353 0)
(2.32174 -0.0273935 0)
(2.31286 -0.0184387 0)
(2.3177 -0.0111383 0)
(2.32786 -0.00701942 0)
(2.33538 -0.00505554 0)
(2.33955 -0.0036889 0)
(2.34138 -0.00195565 0)
(2.34346 6.04098e-05 0)
(2.34531 0.00235819 0)
(2.3486 0.00455661 0)
(2.35111 0.00687618 0)
(2.35552 0.00902005 0)
(2.35829 0.0115002 0)
(2.36415 0.0136599 0)
(2.36704 0.0163643 0)
(2.37494 0.0183713 0)
(2.37748 0.0212798 0)
(2.3882 0.0228627 0)
(2.3895 0.0260366 0)
(2.44243 -0.0783768 0)
(2.42714 -0.0681866 0)
(2.41031 -0.0424975 0)
(2.40274 -0.0195854 0)
(2.40107 -0.00787056 0)
(2.40075 -0.00420632 0)
(2.4002 -0.00315807 0)
(2.39891 -0.00187738 0)
(2.39802 -5.92562e-05 0)
(2.3973 0.00193182 0)
(2.39776 0.00368016 0)
(2.39827 0.00540973 0)
(2.40032 0.00698281 0)
(2.4019 0.00879627 0)
(2.40553 0.0103981 0)
(2.40791 0.0123877 0)
(2.41331 0.0139076 0)
(2.41622 0.0160418 0)
(2.42373 0.0172829 0)
(2.42675 0.0195804 0)
(2.41015 -0.0582389 0)
(2.42179 -0.0542419 0)
(2.42512 -0.0358699 0)
(2.41533 -0.0174813 0)
(2.40553 -0.00709929 0)
(2.40198 -0.00311023 0)
(2.40315 -0.00168732 0)
(2.4054 -0.000649838 0)
(2.40735 0.000542373 0)
(2.40876 0.00178695 0)
(2.41064 0.00291004 0)
(2.41271 0.00406175 0)
(2.41566 0.00510192 0)
(2.41853 0.00631242 0)
(2.42245 0.00737187 0)
(2.42596 0.00871882 0)
(2.43098 0.00974039 0)
(2.43513 0.0112055 0)
(2.44148 0.0120444 0)
(2.44621 0.0136248 0)
(2.41764 0.0336238 0)
(2.43131 0.0290027 0)
(2.4379 0.0117712 0)
(2.43013 -0.0022272 0)
(2.42069 -0.00658373 0)
(2.41694 -0.0053332 0)
(2.41776 -0.00341215 0)
(2.4199 -0.00235767 0)
(2.42193 -0.00184337 0)
(2.42359 -0.00122615 0)
(2.42546 -0.000436901 0)
(2.42755 0.000490511 0)
(2.4302 0.0013449 0)
(2.43304 0.00226962 0)
(2.43652 0.00306602 0)
(2.44004 0.00401917 0)
(2.44443 0.00475533 0)
(2.44868 0.00574583 0)
(2.45414 0.00634322 0)
(2.45918 0.00735985 0)
(2.50117 0.0395192 0)
(2.48627 0.0351844 0)
(2.47229 0.0174735 0)
(2.46841 0.00203021 0)
(2.46762 -0.00385247 0)
(2.46485 -0.00381264 0)
(2.46084 -0.00264029 0)
(2.45732 -0.00201545 0)
(2.45482 -0.00180502 0)
(2.45307 -0.00157142 0)
(2.45197 -0.00121408 0)
(2.45141 -0.00077619 0)
(2.45158 -0.000368557 0)
(2.45232 4.59493e-05 0)
(2.45384 0.000400507 0)
(2.45582 0.000795863 0)
(2.4586 0.00110875 0)
(2.46175 0.00149743 0)
(2.4658 0.00174796 0)
(2.47014 0.00212566 0)
(1.27814 0.234957 -1.80014e-21)
(1.36101 0.224237 -1.07875e-19)
(1.43966 0.219039 0)
(1.5163 0.214712 -9.00384e-20)
(1.5901 0.20931 0)
(1.65683 0.20325 -6.99102e-20)
(1.71577 0.196125 3.16384e-20)
(1.76603 0.187708 -8.90651e-22)
(1.80773 0.178422 0)
(1.84032 0.16706 0)
(1.35157 0.204265 1.1637e-19)
(1.43627 0.198768 0)
(1.51574 0.197217 9.67856e-20)
(1.58778 0.196172 0)
(1.65642 0.192398 -2.34663e-21)
(1.71808 0.186863 3.75418e-20)
(1.77258 0.179805 2.39784e-22)
(1.81828 0.171867 -7.88013e-22)
(1.85613 0.162571 7.86851e-22)
(1.88507 0.152484 2.56729e-21)
(1.43 0.182799 -1.15147e-19)
(1.51043 0.180214 0)
(1.58878 0.17788 -9.34956e-20)
(1.65754 0.176246 -2.84802e-21)
(1.72226 0.172677 7.86164e-20)
(1.77994 0.167491 -3.52648e-20)
(1.83185 0.160922 1.17858e-21)
(1.87384 0.15411 -9.20532e-22)
(1.90947 0.145787 0)
(1.93493 0.137717 -5.2627e-21)
(1.51262 0.164319 0)
(1.58841 0.162639 1.02102e-19)
(1.66443 0.159942 -2.81711e-21)
(1.73027 0.157978 5.37843e-21)
(1.79106 0.155121 -8.35147e-20)
(1.84412 0.150748 2.32891e-21)
(1.89329 0.144863 -3.15356e-20)
(1.9314 0.138819 0)
(1.96563 0.13154 -1.29704e-20)
(1.98725 0.12466 3.0624e-21)
(1.59783 0.147443 -1.07043e-19)
(1.66879 0.146462 1.69528e-21)
(1.74113 0.144065 -5.79092e-21)
(1.80386 0.141841 5.31514e-21)
(1.86101 0.139359 -2.54317e-21)
(1.90962 0.135625 -2.10709e-21)
(1.95594 0.130491 3.05523e-21)
(1.99038 0.125003 1.26237e-20)
(2.02344 0.118733 1.35098e-20)
(2.04144 0.112639 0)
(1.68482 0.132022 2.10179e-19)
(1.75101 0.131537 -1.97418e-19)
(1.81888 0.129585 -2.73588e-21)
(1.87815 0.127269 2.73882e-21)
(1.93166 0.124997 0)
(1.97611 0.121795 3.5483e-20)
(2.01915 0.117475 9.58936e-22)
(2.05035 0.112465 -1.63009e-20)
(2.08179 0.107144 8.65219e-22)
(2.09715 0.101579 -2.96533e-21)
(1.77295 0.117988 -1.03171e-19)
(1.83428 0.117864 1.00301e-19)
(1.89711 0.116373 -5.62404e-21)
(1.9524 0.114166 2.71024e-21)
(2.00206 0.112026 3.84253e-20)
(2.04264 0.109231 -2.14463e-21)
(2.08204 0.105623 3.47392e-20)
(2.11044 0.101108 0)
(2.13966 0.0965573 6.73973e-21)
(2.15352 0.0914856 2.97997e-21)
(1.8614 0.105209 0)
(1.91755 0.105355 0)
(1.97487 0.104267 0)
(2.02565 0.102275 4.35961e-20)
(2.0712 0.100232 -7.91929e-20)
(2.10805 0.0977492 -2.13972e-23)
(2.14367 0.0946919 -1.53065e-20)
(2.16952 0.0907253 -1.876e-21)
(2.19623 0.0867537 -1.27396e-20)
(2.20924 0.0822516 0)
(1.94879 0.0935348 -4.84378e-20)
(1.99933 0.0938742 0)
(2.05075 0.0931122 -2.63901e-21)
(2.09657 0.0913705 -3.59093e-20)
(2.13782 0.0894173 3.57904e-20)
(2.171 0.0871773 -3.5619e-20)
(2.20294 0.0845257 -1.64694e-20)
(2.22635 0.0811177 -9.06714e-22)
(2.25062 0.0775956 1.4786e-20)
(2.26294 0.073705 0)
(2.03313 0.0827663 9.53175e-20)
(2.07771 0.0832251 0)
(2.12303 0.0827107 -2.61105e-21)
(2.16368 0.0812059 -3.54643e-20)
(2.20059 0.0793553 -2.47301e-21)
(2.23021 0.077308 2.14499e-21)
(2.25877 0.0749695 1.54612e-20)
(2.2798 0.0720793 -1.73146e-20)
(2.30192 0.0689614 -6.51213e-21)
(2.31349 0.0656539 4.22277e-22)
(2.11214 0.0726606 -4.54709e-20)
(2.15071 0.0731661 1.28515e-21)
(2.19007 0.0728307 -2.76421e-21)
(2.22566 0.0715397 4.29094e-20)
(2.25841 0.0698211 -2.46459e-21)
(2.28474 0.0679453 0)
(2.31028 0.065881 4.18527e-23)
(2.32913 0.0634466 -9.03929e-23)
(2.34936 0.0607391 -7.18633e-21)
(2.36017 0.0579493 0)
(2.18387 0.0629752 -1.39402e-21)
(2.2169 0.0634597 4.10435e-21)
(2.25083 0.0632531 -5.29e-21)
(2.28185 0.0621694 5.02289e-21)
(2.31081 0.0606339 -2.45727e-21)
(2.33422 0.0589439 -2.15693e-21)
(2.35707 0.0571553 -1.358e-20)
(2.37398 0.0551239 1.36523e-20)
(2.39247 0.0528466 1.54422e-20)
(2.40259 0.0505118 0)
(2.24767 0.0534542 0)
(2.27609 0.0539021 -4.34391e-20)
(2.30542 0.0538271 0)
(2.33248 0.0529867 1.99287e-20)
(2.35802 0.05171 0)
(2.37881 0.0502552 0)
(2.39914 0.048767 1.01643e-21)
(2.4143 0.0471066 -1.02503e-21)
(2.43103 0.045268 -7.31167e-21)
(2.44052 0.0433431 0)
(2.30513 0.0439695 4.24649e-20)
(2.3297 0.0444779 4.45255e-20)
(2.35496 0.0446102 0)
(2.37832 0.0440819 2.33769e-21)
(2.40046 0.0431381 -2.13411e-20)
(2.41864 0.041972 -2.16781e-21)
(2.43641 0.0408025 -6.28513e-21)
(2.44984 0.0394888 -9.57741e-22)
(2.46468 0.0380699 -2.75346e-21)
(2.47356 0.0365184 0)
(2.35826 0.0348465 -6.49212e-20)
(2.37872 0.0355576 -2.11392e-20)
(2.39961 0.0359626 -2.49291e-21)
(2.419 0.0357674 -1.48466e-20)
(2.43746 0.0351625 3.53284e-20)
(2.45286 0.0342882 0)
(2.46792 0.0334124 9.53309e-21)
(2.47963 0.032403 -1.03816e-21)
(2.49249 0.0313521 3.73522e-21)
(2.50079 0.0301313 8.71436e-22)
(2.40467 0.0268817 2.13324e-20)
(2.42029 0.0277483 2.35497e-20)
(2.43645 0.028321 1.52407e-20)
(2.45175 0.0283402 2.53244e-21)
(2.46657 0.0279672 -1.88709e-20)
(2.47932 0.027312 0)
(2.49191 0.0266528 8.54666e-21)
(2.50216 0.0258841 -5.00519e-21)
(2.51325 0.0251131 9.79712e-22)
(2.52115 0.0242165 -8.75936e-22)
(2.43729 0.020341 2.09103e-20)
(2.4488 0.0210853 0)
(2.46121 0.0215797 -2.27001e-20)
(2.47345 0.0216241 1.46659e-20)
(2.48563 0.0213494 -2.42879e-21)
(2.49659 0.0208393 2.18083e-21)
(2.50749 0.0203356 -9.75378e-21)
(2.51688 0.0197618 -2.03207e-21)
(2.52677 0.0192105 9.86469e-22)
(2.53456 0.0185571 0)
(2.45456 0.0141297 -9.12497e-21)
(2.46421 0.0146129 1.18586e-21)
(2.47484 0.0149298 -2.57324e-21)
(2.48564 0.0149529 2.34403e-21)
(2.49651 0.0147738 -2.42436e-21)
(2.50665 0.0144417 4.50898e-21)
(2.51666 0.0141296 0)
(2.52568 0.0137744 4.07129e-21)
(2.53482 0.0134588 -1.91551e-21)
(2.54264 0.0130139 4.47279e-22)
(2.46635 0.00771387 -1.02242e-20)
(2.47489 0.00800351 2.47312e-21)
(2.48441 0.00817297 4.26181e-25)
(2.49424 0.00819136 -7.21875e-21)
(2.50416 0.00812531 -2.34662e-21)
(2.51364 0.00800485 -8.95828e-21)
(2.52292 0.00791445 3.27083e-21)
(2.53155 0.00782131 -3.61435e-23)
(2.54005 0.00775103 1.92488e-21)
(2.54773 0.00763401 -4.49624e-22)
(2.47588 0.00227237 0)
(2.48314 0.00231403 0)
(2.49152 0.00226773 -7.40229e-21)
(2.50041 0.00217303 2.50148e-21)
(2.5095 0.00208363 2.35908e-21)
(2.51832 0.0020281 2.27243e-21)
(2.52699 0.00202758 1.05093e-21)
(2.53519 0.00207633 -3.09756e-21)
(2.54321 0.00215469 1.00803e-21)
(2.55064 0.00226517 0)
)
;

boundaryField
{
    bottom
    {
        type            symmetryPlane;
    }
    right
    {
        type            zeroGradient;
    }
    top
    {
        type            symmetryPlane;
    }
    left
    {
        type            zeroGradient;
    }
    cylinder
    {
        type            noSlip;
    }
    defaultFaces
    {
        type            empty;
    }
}


// ************************************************************************* //
