/*--------------------------------*- C++ -*----------------------------------*\
| =========                 |                                                 |
| \\      /  F ield         | OpenFOAM: The Open Source CFD Toolbox           |
|  \\    /   O peration     | Version:  4.1                                   |
|   \\  /    A nd           | Web:      www.OpenFOAM.org                      |
|    \\/     M anipulation  |                                                 |
\*---------------------------------------------------------------------------*/
FoamFile
{
    version     2.0;
    format      ascii;
    class       volVectorField;
    location    "11.8";
    object      U;
}
// * * * * * * * * * * * * * * * * * * * * * * * * * * * * * * * * * * * * * //

dimensions      [0 1 -1 0 0 0 0];

internalField   nonuniform List<vector> 
2000
(
(-0.027839 0.0238023 -8.83208e-21)
(-0.00678389 0.0270109 0)
(0.0796116 0.0180366 -2.02991e-20)
(0.218734 0.00666383 -1.05992e-20)
(0.396943 -0.000901422 1.98733e-20)
(0.596042 -0.00249545 3.06208e-20)
(0.798597 0.00235505 -9.69696e-21)
(0.984965 0.00934495 0)
(1.16834 0.0233106 9.40343e-21)
(1.28322 0.0339392 0)
(-0.0229427 0.0181325 4.54074e-21)
(0.0308567 0.0103226 -5.26072e-21)
(0.168807 -0.00176047 1.70908e-20)
(0.367303 -0.00977137 2.77619e-20)
(0.598184 -0.00946324 -7.13146e-22)
(0.831461 -0.00158232 -1.04649e-20)
(1.04439 0.0110574 9.08331e-21)
(1.22445 0.0236331 9.49047e-21)
(1.37378 0.0383358 -9.40285e-21)
(1.46564 0.0403375 -1.84659e-20)
(-0.0117081 0.0106462 -3.24414e-21)
(0.0893627 -0.00772121 3.03871e-21)
(0.291647 -0.0181655 -8.46059e-21)
(0.550975 -0.0170718 -1.18893e-21)
(0.819515 -0.00543062 -9.22897e-21)
(1.06025 0.0117054 -9.41613e-21)
(1.25536 0.0291429 -9.50093e-21)
(1.40272 0.0430279 -9.49016e-21)
(1.50952 0.0532703 -9.60992e-21)
(1.58521 0.055175 9.64769e-21)
(0.00807566 0.00179089 -5.89998e-22)
(0.172253 -0.0243344 1.86182e-21)
(0.44586 -0.0263756 0)
(0.753658 -0.011517 -9.11367e-21)
(1.03255 0.0112076 7.25711e-21)
(1.25196 0.0336299 0)
(1.40934 0.0510048 0)
(1.51646 0.0614599 0)
(1.59192 0.067461 9.61028e-21)
(1.64211 0.0660229 -1.97926e-20)
(0.0384663 -0.00729346 4.60112e-22)
(0.280337 -0.0351721 -5.16669e-23)
(0.621152 -0.0218921 -1.59092e-21)
(0.952248 0.00752721 -3.86187e-21)
(1.21265 0.0370724 -3.35961e-21)
(1.39263 0.0593526 -4.06172e-21)
(1.50881 0.0726698 0)
(1.58454 0.0785654 -4.99624e-21)
(1.63859 0.0800429 2.64596e-20)
(1.68335 0.0759611 -3.57646e-20)
(0.0808405 -0.0147492 -3.8453e-21)
(0.409837 -0.0352798 1.48967e-21)
(0.800549 -0.00265899 3.30453e-21)
(1.12606 0.0376322 -4.10701e-21)
(1.349 0.0681783 1.08432e-20)
(1.48617 0.0861713 -2.96394e-21)
(1.56898 0.09401 0)
(1.6241 0.0953027 4.99661e-21)
(1.66889 0.0930828 -5.27496e-21)
(1.71085 0.0880533 -2.40819e-20)
(0.135293 -0.018158 0)
(0.551693 -0.0208408 0)
(0.966495 0.0303306 1.02445e-21)
(1.26419 0.0754408 -9.53682e-22)
(1.44339 0.102131 3.7815e-21)
(1.54344 0.113709 -3.55028e-21)
(1.60271 0.115783 -1.09142e-20)
(1.64639 0.112872 1.03164e-20)
(1.68686 0.107671 1.25768e-20)
(1.72877 0.101523 -5.99067e-21)
(0.20004 -0.0149892 2.64365e-21)
(0.693399 0.00934639 0)
(1.10684 0.0743764 8.87496e-22)
(1.36495 0.118304 -3.18789e-21)
(1.50266 0.137903 4.23243e-21)
(1.57399 0.142122 0)
(1.61823 0.138571 0)
(1.65606 0.131749 0)
(1.69546 0.123893 1.41555e-20)
(1.73795 0.1167 -1.34556e-20)
(0.271249 -0.0032729 -1.50456e-21)
(0.822715 0.053775 -2.78103e-22)
(1.21602 0.126458 -2.30969e-22)
(1.4313 0.164354 -5.92067e-22)
(1.53369 0.174895 -5.1148e-22)
(1.58449 0.171472 -2.28661e-21)
(1.61987 0.162515 0)
(1.65529 0.151991 1.96057e-21)
(1.69466 0.141739 1.01781e-20)
(1.73761 0.132902 -7.6933e-21)
(0.343561 0.0178912 0)
(0.930695 0.109253 -7.88782e-22)
(1.29291 0.183675 0)
(1.4676 0.212141 8.27182e-23)
(1.54201 0.212578 9.14798e-23)
(1.57902 0.201547 1.41669e-21)
(1.60967 0.187371 0)
(1.64442 0.173231 -1.96076e-21)
(1.68425 0.160552 -2.08405e-21)
(1.72776 0.149538 -2.39397e-21)
(-0.00525822 0.00524351 0)
(-0.0221558 0.0102996 1.89448e-21)
(-0.0472454 0.0124325 0)
(-0.0724236 0.013134 2.36874e-21)
(-0.0958208 0.0131454 7.17702e-22)
(-0.117148 0.0129037 -1.32562e-21)
(-0.136517 0.0126748 1.24841e-21)
(-0.154262 0.012613 -1.13649e-21)
(-0.170887 0.0128294 -1.81972e-23)
(-0.18716 0.0134267 -9.78512e-22)
(-0.00627745 0.0151116 6.08945e-21)
(-0.0231039 0.0298173 -3.7782e-21)
(-0.0464864 0.0360903 3.39179e-21)
(-0.0692069 0.0381238 -1.57315e-21)
(-0.0896438 0.0380651 -7.17151e-21)
(-0.107548 0.0372015 2.682e-21)
(-0.123038 0.0363321 0)
(-0.136407 0.035951 1.13268e-21)
(-0.148037 0.0364205 1.045e-21)
(-0.15903 0.0380593 0)
(-0.00817831 0.0232612 -4.06333e-21)
(-0.0249942 0.0463131 0)
(-0.0453191 0.0562895 -1.0085e-20)
(-0.0635555 0.0594183 1.2381e-20)
(-0.0785341 0.0590284 -2.88184e-21)
(-0.0901235 0.0571592 0)
(-0.0984802 0.0551208 0)
(-0.103864 0.0538085 0)
(-0.106395 0.0539393 -8.3085e-21)
(-0.107343 0.0561551 7.89636e-21)
(-0.0107087 0.0290321 0)
(-0.0277682 0.0584335 7.16249e-21)
(-0.0442442 0.0712786 -1.32161e-20)
(-0.0565748 0.0750573 6.12681e-21)
(-0.0642472 0.0739503 -5.61682e-21)
(-0.0673625 0.0705601 1.5697e-20)
(-0.0661693 0.0665967 -1.21866e-22)
(-0.0609973 0.0633361 -9.16768e-21)
(-0.0517148 0.0620442 -8.47933e-21)
(-0.0384219 0.0644633 1.21399e-20)
(-0.0136283 0.0323425 -7.6516e-21)
(-0.0312632 0.0655907 1.39342e-20)
(-0.0435128 0.0800325 -6.27222e-23)
(-0.0489201 0.0837683 4.80764e-23)
(-0.0477846 0.0814969 -5.59037e-21)
(-0.0405644 0.0761475 1.5733e-20)
(-0.0276653 0.0696153 0)
(-0.00955688 0.0633462 4.66511e-21)
(0.0141459 0.0591996 -4.44001e-21)
(0.0449169 0.0609413 1.62085e-20)
(-0.0167858 0.0335811 -1.46769e-22)
(-0.0351125 0.0679152 -1.36994e-20)
(-0.0426596 0.0822725 -6.40034e-21)
(-0.0398711 0.0850116 -5.80905e-21)
(-0.0278835 0.0811132 -5.58453e-21)
(-0.00756066 0.0736585 -5.24102e-21)
(0.0204796 0.064527 0)
(0.0554431 0.0550079 -4.66485e-21)
(0.097471 0.0469784 -1.37787e-20)
(0.153252 0.0468723 4.05041e-21)
(-0.0201151 0.0333687 2.51334e-23)
(-0.0385661 0.0660021 -6.54684e-21)
(-0.0400185 0.0783476 0)
(-0.0264549 0.0789122 1.19516e-20)
(0.000282964 0.072919 -1.10187e-20)
(0.0389576 0.0635651 0)
(0.0886677 0.0527512 0)
(0.148024 0.0415546 0)
(0.214049 0.0301773 9.36407e-21)
(0.30812 0.0288711 1.70843e-20)
(-0.0235238 0.0322549 6.67725e-21)
(-0.0402441 0.0605941 -6.25478e-21)
(-0.0322558 0.0689853 -1.18126e-20)
(-0.00284555 0.0661941 2.18696e-22)
(0.0456561 0.0577836 -1.09856e-20)
(0.111375 0.0471158 -1.05863e-20)
(0.192457 0.0362559 -1.02114e-20)
(0.286325 0.0266514 -9.87401e-21)
(0.382426 0.014668 -9.36305e-21)
(0.527297 0.0164788 9.47919e-21)
(-0.026606 0.0304204 1.80874e-20)
(-0.0379046 0.0522289 6.36274e-21)
(-0.0142287 0.0550982 2.36068e-20)
(0.0395502 0.0482927 1.14288e-20)
(0.12026 0.0378122 1.82977e-22)
(0.224119 0.0271519 1.07998e-20)
(0.346407 0.0184534 -1.00909e-20)
(0.480999 0.0136143 9.87283e-21)
(0.611664 0.00588615 -9.56318e-21)
(0.798336 0.0160914 1.85541e-20)
(-0.0284698 0.0277463 -1.17972e-20)
(-0.028152 0.0410703 0)
(0.0206771 0.0376913 -1.13035e-20)
(0.110614 0.0274167 7.5515e-23)
(0.23558 0.0166162 3.84514e-22)
(0.38681 0.00862232 -1.07164e-20)
(0.554172 0.00531406 3.01931e-20)
(0.723678 0.00642473 0)
(0.890011 0.00877423 9.56181e-21)
(1.07177 0.0265464 0)
(-0.203638 0.0142518 0)
(-0.221252 0.0142107 8.44984e-22)
(-0.238616 0.0138894 -1.65321e-21)
(-0.255624 0.0134741 7.09917e-22)
(-0.272221 0.0129741 0)
(-0.288287 0.0123821 -6.61675e-22)
(-0.303695 0.0116951 6.64953e-22)
(-0.318314 0.010914 0)
(-0.332013 0.0100439 0)
(-0.344665 0.00909451 -5.8869e-23)
(-0.356155 0.00808052 0)
(-0.366387 0.00702196 0)
(-0.375288 0.00594459 0)
(-0.382826 0.00488 0)
(-0.389006 0.00386527 4.65287e-23)
(-0.39388 0.00294222 -4.67697e-23)
(-0.397591 0.00215463 0)
(-0.400413 0.00153579 7.95167e-24)
(-0.402593 0.0010817 -7.99349e-24)
(-0.403878 0.000774024 0)
(-0.171543 0.0404799 0)
(-0.18713 0.0405693 -2.16914e-22)
(-0.202491 0.0398784 0)
(-0.217682 0.0389175 -2.93645e-21)
(-0.232787 0.0377046 2.86325e-21)
(-0.247691 0.0362143 -1.72379e-22)
(-0.262266 0.034434 1.21229e-21)
(-0.276383 0.0323614 -2.46506e-21)
(-0.289905 0.0300056 1.96525e-21)
(-0.302695 0.0273887 -1.05199e-21)
(-0.314617 0.0245475 -7.64186e-22)
(-0.325546 0.0215349 1.33453e-21)
(-0.335368 0.0184222 -6.57928e-22)
(-0.343999 0.0153004 -2.86338e-22)
(-0.351381 0.0122806 2.26106e-22)
(-0.357495 0.00949241 -3.77902e-23)
(-0.362425 0.00707925 -2.74637e-23)
(-0.366446 0.00517156 -2.88453e-23)
(-0.369815 0.00381178 2.8985e-23)
(-0.371944 0.00295763 -2.10492e-24)
(-0.112863 0.0602188 2.27824e-22)
(-0.124417 0.0608142 2.17295e-22)
(-0.135763 0.0603976 2.10257e-22)
(-0.14714 0.0596195 0)
(-0.158924 0.0584431 3.23348e-21)
(-0.171046 0.0568172 -2.52557e-21)
(-0.183383 0.0547114 0)
(-0.195827 0.0521084 2.91542e-22)
(-0.208258 0.049006 1.30698e-22)
(-0.220546 0.0454201 -1.503e-21)
(-0.232547 0.041388 2.39163e-22)
(-0.244111 0.0369721 1.68428e-21)
(-0.255082 0.0322655 7.25949e-23)
(-0.265307 0.0273977 6.0913e-23)
(-0.274634 0.0225409 4.63846e-23)
(-0.282917 0.0179088 -8.65759e-23)
(-0.290091 0.0137603 9.16321e-23)
(-0.296365 0.0103885 8.515e-23)
(-0.302022 0.00804427 1.12739e-23)
(-0.305944 0.00676543 -1.96189e-24)
(-0.0352231 0.0696608 6.98778e-21)
(-0.041668 0.0713733 -2.99645e-22)
(-0.0474637 0.0719743 -5.57505e-22)
(-0.0533165 0.0721437 -6.63499e-21)
(-0.0599889 0.0718721 -5.72985e-22)
(-0.0674858 0.071053 -1.74354e-22)
(-0.0757209 0.069612 4.61467e-21)
(-0.0846307 0.0675098 -2.87154e-21)
(-0.0941523 0.0647235 -2.24086e-21)
(-0.104209 0.0612433 1.86573e-21)
(-0.114705 0.0570797 -2.49663e-22)
(-0.125521 0.052271 -1.76499e-21)
(-0.136518 0.0468905 -7.19915e-23)
(-0.147528 0.041058 -5.25662e-22)
(-0.158358 0.0349557 3.64853e-22)
(-0.16876 0.0288268 2.24679e-22)
(-0.17848 0.0230114 -2.05189e-22)
(-0.187523 0.0179667 0)
(-0.196201 0.0143202 -1.63771e-23)
(-0.20304 0.0125596 -7.01456e-25)
(0.0572178 0.0676861 -1.58304e-20)
(0.0568188 0.0711754 6.71264e-21)
(0.0559955 0.0730142 -7.18992e-21)
(0.0558059 0.0744286 0)
(0.0549348 0.0755624 3.85571e-22)
(0.0530256 0.0761887 5.60571e-21)
(0.0501295 0.0761438 -1.57183e-22)
(0.0462799 0.0753678 -5.07598e-22)
(0.0414608 0.0738274 -4.63548e-21)
(0.0356534 0.0714865 -2.36613e-22)
(0.0288594 0.0683194 0)
(0.0211042 0.0643246 1.73528e-22)
(0.0124377 0.0595303 0)
(0.00294387 0.0540017 1.14703e-22)
(-0.00727151 0.047854 0)
(-0.0180142 0.0412772 0)
(-0.0289752 0.0345535 -4.37523e-23)
(-0.0399376 0.0281176 3.23952e-23)
(-0.0511842 0.022802 -2.54992e-23)
(-0.0617222 0.0199273 2.70605e-24)
(0.172568 0.0566889 0)
(0.176265 0.062199 4.68215e-22)
(0.178014 0.0650809 1.43669e-20)
(0.181448 0.0675089 -1.39168e-20)
(0.184997 0.069967 4.23455e-22)
(0.187693 0.0720688 0)
(0.18952 0.0735333 5.40561e-21)
(0.190552 0.0743009 -9.95799e-21)
(0.190717 0.0743504 5.18516e-21)
(0.189893 0.0736287 2.65142e-22)
(0.187978 0.0720803 2.30167e-22)
(0.184895 0.0696728 1.95335e-22)
(0.18058 0.0664005 0)
(0.174987 0.0622833 -7.2718e-22)
(0.168091 0.0573711 1.58709e-21)
(0.159916 0.0517762 -6.32938e-22)
(0.150583 0.0456534 4.66178e-23)
(0.140281 0.0392231 2.64428e-23)
(0.128775 0.0329797 -2.66026e-24)
(0.115846 0.0286717 2.68936e-24)
(0.329762 0.0420377 -1.75994e-20)
(0.333649 0.0493681 0)
(0.333848 0.0526251 4.88902e-22)
(0.337029 0.0555248 -9.2202e-22)
(0.341685 0.0588693 -8.6942e-22)
(0.346063 0.0619613 -4.16681e-22)
(0.350009 0.0644443 -3.86273e-22)
(0.353692 0.0663386 4.8774e-21)
(0.357018 0.0676601 -5.815e-21)
(0.359772 0.0683418 -4.63136e-21)
(0.361773 0.0683085 3.84816e-21)
(0.362869 0.067511 -4.04834e-22)
(0.362916 0.0659264 1.20205e-21)
(0.36177 0.0635514 -3.82253e-22)
(0.359299 0.0604114 -1.14842e-21)
(0.355387 0.0565691 -8.08618e-23)
(0.349966 0.0521306 5.44414e-23)
(0.342974 0.0472379 -1.00064e-22)
(0.334551 0.0419849 -9.5101e-23)
(0.322202 0.037334 -9.78299e-25)
(0.544081 0.0317567 0)
(0.544252 0.0392744 1.61906e-20)
(0.539747 0.0413956 -1.66103e-20)
(0.539348 0.043992 4.73412e-22)
(0.541676 0.0475529 9.13095e-22)
(0.544413 0.0507979 4.1632e-22)
(0.547305 0.0534636 7.92453e-22)
(0.550583 0.0557527 0)
(0.554121 0.0576961 3.17228e-22)
(0.557649 0.0591861 2.81385e-22)
(0.560954 0.0601288 2.6673e-22)
(0.563868 0.0604644 4.38647e-22)
(0.566211 0.0601612 0)
(0.567803 0.0591996 0)
(0.568463 0.0575983 1.07925e-22)
(0.568 0.0553958 7.52472e-22)
(0.566331 0.0527004 -5.24269e-22)
(0.563007 0.0496212 4.12599e-23)
(0.559018 0.0464582 5.63905e-23)
(0.550026 0.0428878 -1.92043e-23)
(0.806143 0.0326183 -1.93275e-20)
(0.802186 0.0368872 0)
(0.794802 0.0361831 0)
(0.791799 0.0381352 1.57686e-20)
(0.791308 0.0411918 -1.26035e-21)
(0.791237 0.0436056 -2.8648e-20)
(0.791561 0.0455527 1.33867e-20)
(0.792514 0.0473977 0)
(0.793944 0.0491277 0)
(0.795637 0.0506123 0)
(0.797453 0.0517702 -1.20241e-22)
(0.799297 0.0525349 -3.50021e-22)
(0.801037 0.0528706 -2.91175e-21)
(0.802528 0.0527261 2.80478e-21)
(0.803626 0.0521306 -9.14596e-22)
(0.8041 0.0510579 8.17481e-22)
(0.804016 0.0496973 0)
(0.802586 0.0479402 -1.46648e-23)
(0.80136 0.0465016 -2.06842e-23)
(0.796038 0.0445326 0)
(1.08585 0.0359877 2.81147e-22)
(1.08679 0.0327059 1.73606e-20)
(1.08462 0.0315873 -1.71802e-20)
(1.08311 0.0344315 0)
(1.08069 0.03757 -1.54162e-20)
(1.07745 0.0401377 2.97877e-20)
(1.07423 0.0425346 -1.43817e-20)
(1.07142 0.0448377 0)
(1.06899 0.0469032 -5.62927e-21)
(1.06692 0.0486147 1.05976e-20)
(1.06517 0.0499462 -5.11553e-21)
(1.06378 0.050846 1.21849e-22)
(1.06265 0.0513321 0)
(1.06173 0.0513384 2.6971e-21)
(1.06094 0.0509831 -3.61915e-21)
(1.06004 0.0501543 1.02209e-21)
(1.05924 0.0492083 5.47456e-22)
(1.05769 0.0478261 -3.95601e-22)
(1.05686 0.0469152 -1.69728e-22)
(1.0537 0.045597 0)
(1.40194 0.0425052 0)
(1.3822 0.0395475 0)
(1.36847 0.0387279 0)
(1.35685 0.0392957 0)
(1.3462 0.0403303 0)
(1.33677 0.0416042 0)
(1.32875 0.0430292 0)
(1.32206 0.0444587 0)
(1.31644 0.0458096 0)
(1.31172 0.0469913 0)
(1.30772 0.0479912 0)
(1.30438 0.0487099 0)
(1.30156 0.0491995 0)
(1.29918 0.049328 0)
(1.29714 0.0492825 0)
(1.29524 0.048835 0)
(1.29369 0.0484224 0)
(1.29173 0.0476022 0)
(1.29063 0.0472072 0)
(1.28801 0.0465017 0)
(1.54958 0.0509778 0)
(1.54251 0.0517697 0)
(1.53767 0.0518091 0)
(1.53307 0.0514486 0)
(1.52808 0.0512386 0)
(1.5231 0.0513267 0)
(1.51852 0.0516386 0)
(1.51449 0.0520217 0)
(1.51096 0.052424 0)
(1.5079 0.0527405 0)
(1.50521 0.0529909 0)
(1.50289 0.053037 0)
(1.50084 0.052984 0)
(1.49905 0.0526295 0)
(1.49745 0.0522465 0)
(1.49591 0.051494 0)
(1.4946 0.050925 0)
(1.49294 0.0499299 0)
(1.49201 0.0494813 0)
(1.48979 0.0485332 0)
(1.6551 0.0541407 0)
(1.65274 0.054144 0)
(1.65159 0.0541433 0)
(1.6511 0.0537888 0)
(1.65067 0.0534944 0)
(1.65027 0.0534523 0)
(1.64997 0.0536356 0)
(1.64991 0.0538777 0)
(1.65002 0.0541374 0)
(1.65034 0.0542867 0)
(1.65073 0.0543903 0)
(1.65127 0.0542803 0)
(1.65178 0.0541271 0)
(1.65242 0.0536652 0)
(1.6529 0.0532543 0)
(1.6535 0.052451 0)
(1.65382 0.0519197 0)
(1.65427 0.0508996 0)
(1.65438 0.0505014 0)
(1.65462 0.0494667 0)
(1.73795 0.0553797 0)
(1.73845 0.0540762 0)
(1.73919 0.053365 0)
(1.74061 0.052725 0)
(1.74247 0.0522327 0)
(1.74459 0.0519755 0)
(1.74684 0.051967 0)
(1.74934 0.0520533 0)
(1.75194 0.0522076 0)
(1.75479 0.0522757 0)
(1.75758 0.0523446 0)
(1.7606 0.0522213 0)
(1.76338 0.0521101 0)
(1.76645 0.0517111 0)
(1.76897 0.0514141 0)
(1.77203 0.0507417 0)
(1.77406 0.0503613 0)
(1.77717 0.0495133 0)
(1.77838 0.0492336 0)
(1.78192 0.0483824 0)
(1.81028 0.0546913 0)
(1.81259 0.052508 0)
(1.81472 0.0511454 0)
(1.81728 0.0501809 0)
(1.8203 0.0494718 0)
(1.82369 0.0489762 0)
(1.82723 0.0487212 0)
(1.83104 0.048586 0)
(1.8349 0.0485689 0)
(1.83909 0.0485101 0)
(1.84317 0.0484998 0)
(1.84763 0.0483427 0)
(1.85168 0.0482398 0)
(1.85633 0.0479029 0)
(1.86007 0.0476885 0)
(1.86491 0.0471649 0)
(1.86799 0.0469025 0)
(1.87324 0.0462658 0)
(1.87513 0.0460782 0)
(1.88139 0.0454685 0)
(1.88137 0.0523866 0)
(1.8847 0.0497923 0)
(1.88771 0.0480158 0)
(1.89093 0.0467709 0)
(1.89447 0.0458587 0)
(1.89839 0.0451579 0)
(1.90245 0.0446831 0)
(1.9068 0.0443387 0)
(1.91114 0.0441419 0)
(1.91587 0.0439458 0)
(1.9204 0.04383 0)
(1.92548 0.0436165 0)
(1.92999 0.0434785 0)
(1.93537 0.0431702 0)
(1.93957 0.0429819 0)
(1.94534 0.0425667 0)
(1.94882 0.0423628 0)
(1.95528 0.0418935 0)
(1.95743 0.0417542 0)
(1.96529 0.0413345 0)
(1.9558 0.0491908 0)
(1.95963 0.0465001 0)
(1.96312 0.0445027 0)
(1.96665 0.0430324 0)
(1.97035 0.0419294 0)
(1.9744 0.0410513 0)
(1.97854 0.0403924 0)
(1.983 0.0398693 0)
(1.98738 0.0395065 0)
(1.99219 0.0391783 0)
(1.99673 0.038949 0)
(2.0019 0.0386671 0)
(2.0064 0.0384692 0)
(2.01195 0.0381592 0)
(2.01614 0.0379586 0)
(2.02219 0.0376044 0)
(2.02567 0.0374176 0)
(2.03257 0.0370537 0)
(2.0347 0.0369331 0)
(2.04317 0.0366307 0)
(2.03396 0.045617 0)
(2.03807 0.0429656 0)
(2.04182 0.0408631 0)
(2.04553 0.0392314 0)
(2.04927 0.0379695 0)
(2.0533 0.0369462 0)
(2.05737 0.0361405 0)
(2.06176 0.035474 0)
(2.06601 0.0349697 0)
(2.07071 0.0345243 0)
(2.07506 0.0341884 0)
(2.0801 0.0338363 0)
(2.08438 0.0335727 0)
(2.08982 0.0332424 0)
(2.09379 0.0330132 0)
(2.09977 0.0326845 0)
(2.10305 0.0324949 0)
(2.10992 0.0321866 0)
(2.11193 0.032071 0)
(2.12037 0.031828 0)
(2.114 0.0417946 0)
(2.11832 0.0392274 0)
(2.12232 0.0370983 0)
(2.12622 0.035379 0)
(2.13004 0.0340123 0)
(2.13409 0.0328881 0)
(2.13811 0.0319784 0)
(2.14243 0.0312091 0)
(2.14656 0.0305985 0)
(2.15113 0.0300618 0)
(2.15529 0.02964 0)
(2.16015 0.0292285 0)
(2.1642 0.0289088 0)
(2.16944 0.0285551 0)
(2.17316 0.0282981 0)
(2.17893 0.0279779 0)
(2.18199 0.0277812 0)
(2.18863 0.027501 0)
(2.19049 0.027387 0)
(2.19862 0.0271722 0)
(2.19346 0.0376471 0)
(2.19806 0.0351982 0)
(2.20236 0.0331094 0)
(2.20654 0.0313764 0)
(2.21056 0.0299684 0)
(2.21473 0.0287955 0)
(2.2188 0.0278294 0)
(2.22314 0.0270018 0)
(2.22724 0.0263264 0)
(2.23175 0.0257329 0)
(2.2358 0.0252551 0)
(2.24055 0.0248063 0)
(2.24444 0.0244505 0)
(2.2495 0.024084 0)
(2.25304 0.0238107 0)
(2.2586 0.0234995 0)
(2.26148 0.0233008 0)
(2.26785 0.0230432 0)
(2.26959 0.0229325 0)
(2.27736 0.0227408 0)
(2.27046 0.0330672 0)
(2.27542 0.030781 0)
(2.28011 0.0287914 0)
(2.28464 0.0271106 0)
(2.28895 0.025723 0)
(2.29334 0.0245556 0)
(2.29756 0.0235823 0)
(2.30201 0.0227428 0)
(2.30617 0.0220462 0)
(2.31071 0.0214353 0)
(2.31474 0.0209363 0)
(2.31945 0.0204796 0)
(2.32326 0.0201132 0)
(2.32822 0.0197546 0)
(2.33164 0.0194821 0)
(2.33704 0.0191939 0)
(2.3398 0.0190035 0)
(2.34595 0.0187789 0)
(2.34761 0.0186762 0)
(2.35505 0.0185203 0)
(2.34451 0.027995 0)
(2.34983 0.0259191 0)
(2.3549 0.0240819 0)
(2.35981 0.0225112 0)
(2.36443 0.0212007 0)
(2.36907 0.0200922 0)
(2.37346 0.0191605 0)
(2.37805 0.018356 0)
(2.38229 0.0176816 0)
(2.38689 0.0170946 0)
(2.39093 0.0166103 0)
(2.39561 0.0161792 0)
(2.39938 0.0158293 0)
(2.40425 0.0155053 0)
(2.4076 0.0152527 0)
(2.41285 0.0150092 0)
(2.41551 0.0148387 0)
(2.42145 0.014667 0)
(2.42303 0.014578 0)
(2.43016 0.0144796 0)
(2.41687 0.0224756 0)
(2.42239 0.0206556 0)
(2.4277 0.0190223 0)
(2.43285 0.0176152 0)
(2.43765 0.0164338 0)
(2.44241 0.0154341 0)
(2.44687 0.0145904 0)
(2.45148 0.0138657 0)
(2.45571 0.0132543 0)
(2.46026 0.0127305 0)
(2.46423 0.0122946 0)
(2.46879 0.0119219 0)
(2.47244 0.011614 0)
(2.47714 0.0113513 0)
(2.48034 0.0111366 0)
(2.48535 0.0109602 0)
(2.48788 0.0108208 0)
(2.4935 0.0107225 0)
(2.49499 0.0106521 0)
(2.50169 0.0106331 0)
(2.4899 0.0167595 0)
(2.49525 0.0152322 0)
(2.50044 0.0138476 0)
(2.50547 0.0126486 0)
(2.51014 0.0116375 0)
(2.51471 0.0107864 0)
(2.51896 0.0100674 0)
(2.5233 0.0094581 0)
(2.52727 0.00894177 0)
(2.53151 0.00851204 0)
(2.53518 0.00815037 0)
(2.53939 0.00786091 0)
(2.54272 0.00761391 0)
(2.54701 0.0074318 0)
(2.54991 0.00726739 0)
(2.55445 0.00717306 0)
(2.55673 0.0070717 0)
(2.56179 0.00705898 0)
(2.56312 0.00701026 0)
(2.56913 0.0070818 0)
(2.56493 0.0113578 0)
(2.56959 0.010136 0)
(2.57415 0.00902045 0)
(2.57857 0.00805039 0)
(2.58264 0.00722853 0)
(2.58659 0.00654364 0)
(2.59022 0.00596589 0)
(2.59391 0.00548784 0)
(2.59726 0.00508081 0)
(2.60082 0.00475774 0)
(2.60389 0.00448094 0)
(2.6074 0.00428287 0)
(2.61016 0.00410316 0)
(2.61372 0.00400497 0)
(2.61609 0.00389353 0)
(2.61986 0.00388018 0)
(2.62171 0.00381703 0)
(2.62589 0.00388501 0)
(2.62697 0.00385709 0)
(2.63192 0.00401116 0)
(2.63984 0.00687557 0)
(2.64336 0.00593815 0)
(2.64686 0.00507831 0)
(2.65025 0.00432689 0)
(2.65333 0.00368552 0)
(2.65629 0.00315784 0)
(2.65895 0.00271369 0)
(2.66165 0.00235814 0)
(2.66407 0.00205356 0)
(2.66665 0.00182783 0)
(2.66884 0.00162881 0)
(2.67138 0.00151033 0)
(2.67332 0.0013899 0)
(2.67589 0.00136022 0)
(2.67754 0.00129337 0)
(2.68026 0.00134149 0)
(2.68154 0.00130913 0)
(2.68457 0.00143369 0)
(2.68531 0.00142193 0)
(2.68889 0.00162911 0)
(2.70898 0.00365653 0)
(2.71127 0.00296428 0)
(2.71357 0.00232897 0)
(2.71578 0.00177096 0)
(2.71775 0.00129029 0)
(2.71957 0.000898731 0)
(2.72116 0.000568361 0)
(2.72275 0.000313418 0)
(2.72413 9.35007e-05 0)
(2.72562 -5.62701e-05 0)
(2.72683 -0.000193799 0)
(2.72828 -0.000255994 0)
(2.72933 -0.000332618 0)
(2.73079 -0.000320361 0)
(2.73167 -0.000356675 0)
(2.73322 -0.000277701 0)
(2.73389 -0.000290418 0)
(2.73564 -0.00014487 0)
(2.73602 -0.000146906 0)
(2.7381 7.14555e-05 0)
(2.76611 0.00162889 0)
(2.76733 0.0011442 0)
(2.76859 0.000708239 0)
(2.76978 0.000326439 0)
(2.77074 -4.87026e-06 0)
(2.77156 -0.00027179 0)
(2.77219 -0.000498544 0)
(2.77278 -0.000668273 0)
(2.77324 -0.000816487 0)
(2.77373 -0.000909305 0)
(2.77408 -0.000998718 0)
(2.77453 -0.00102652 0)
(2.77478 -0.00107251 0)
(2.77522 -0.00104391 0)
(2.7754 -0.00106176 0)
(2.77588 -0.00098185 0)
(2.776 -0.000984481 0)
(2.77657 -0.000852872 0)
(2.77663 -0.000850629 0)
(2.77732 -0.000662039 0)
(2.80675 0.000616565 0)
(2.80721 0.00028283 0)
(2.80772 -4.194e-06 0)
(2.80814 -0.000232564 0)
(2.80838 -0.00042373 0)
(2.80845 -0.000574089 0)
(2.80836 -0.000701759 0)
(2.80821 -0.000794796 0)
(2.80798 -0.0008777 0)
(2.80773 -0.000925783 0)
(2.80743 -0.000974464 0)
(2.80713 -0.000983045 0)
(2.80679 -0.00100609 0)
(2.80646 -0.000979836 0)
(2.80612 -0.000986523 0)
(2.80579 -0.000928278 0)
(2.80551 -0.000926711 0)
(2.80517 -0.000835942 0)
(2.80499 -0.000832746 0)
(2.80463 -0.000705678 0)
(2.82792 0.000315549 0)
(2.82797 0.000150036 0)
(2.8281 1.18712e-05 0)
(2.82813 -8.60583e-05 0)
(2.82798 -0.000162516 0)
(2.82764 -0.000221763 0)
(2.82717 -0.000271253 0)
(2.82662 -0.000307301 0)
(2.82601 -0.000339196 0)
(2.82537 -0.000358124 0)
(2.82471 -0.000376856 0)
(2.82401 -0.000381018 0)
(2.82335 -0.000390028 0)
(2.8226 -0.00038144 0)
(2.82199 -0.000384273 0)
(2.82121 -0.000364254 0)
(2.82071 -0.00036394 0)
(2.81989 -0.000332519 0)
(2.81958 -0.000331476 0)
(2.81865 -0.000287457 0)
(1.77422 0.136347 2.33911e-21)
(1.78343 0.125041 0)
(1.78318 0.113451 -4.41247e-22)
(1.77501 0.101951 -1.34032e-20)
(1.75736 0.0907578 2.3317e-20)
(1.73459 0.0808906 0)
(1.70063 0.070745 2.04111e-20)
(1.65523 0.0650332 0)
(1.61005 0.0521802 1.93042e-20)
(1.43093 0.0428313 -2.91909e-22)
(1.8275 0.125772 -2.60238e-21)
(1.8352 0.116445 5.32294e-22)
(1.83408 0.10663 -5.33363e-22)
(1.82496 0.0980341 -9.9081e-22)
(1.80907 0.0884281 -1.27388e-20)
(1.78316 0.0820797 -7.82681e-22)
(1.7633 0.0729855 0)
(1.70453 0.0694303 -2.10095e-20)
(1.70994 0.0634781 0)
(1.55842 0.0509236 -1.83398e-20)
(1.8864 0.115148 5.33463e-21)
(1.89144 0.10748 0)
(1.89131 0.0986379 -5.07836e-22)
(1.87809 0.0920404 -4.22601e-22)
(1.86782 0.0837055 1.35381e-20)
(1.83245 0.0790729 0)
(1.82758 0.072744 2.355e-20)
(1.75567 0.0677759 2.16167e-20)
(1.77444 0.0669213 0)
(1.65791 0.0562698 1.81512e-20)
(1.94846 0.105515 -2.40259e-21)
(1.95024 0.0990255 9.87475e-21)
(1.95337 0.0913712 0)
(1.93494 0.0857152 1.59059e-20)
(1.93155 0.0791542 8.85615e-22)
(1.88808 0.074115 -1.69747e-21)
(1.89003 0.0705432 -2.26411e-20)
(1.81682 0.0639866 -7.45852e-22)
(1.82769 0.0644238 -2.22112e-20)
(1.73686 0.058318 0)
(2.01146 0.0967474 0)
(2.01047 0.0909552 -9.62897e-21)
(2.01716 0.0848318 -1.08474e-20)
(1.99559 0.0793654 1.59188e-21)
(1.99653 0.0747311 -1.02737e-21)
(1.95144 0.0690113 -8.56793e-22)
(1.95209 0.0669453 -2.54027e-20)
(1.88582 0.0609164 -1.51632e-21)
(1.88597 0.0604141 -3.80674e-22)
(1.80729 0.0578705 2.10727e-20)
(2.0735 0.0884831 3.01292e-21)
(2.07128 0.0831326 6.47243e-22)
(2.0801 0.0784403 -1.5766e-21)
(2.05883 0.0731276 5.88825e-22)
(2.0609 0.0698257 -1.67763e-20)
(2.0196 0.064439 0)
(2.01674 0.0626114 2.78135e-20)
(1.95826 0.0584273 -8.25253e-22)
(1.95286 0.0565581 4.70367e-20)
(1.8777 0.0556924 -4.27712e-20)
(2.13329 0.0804177 -3.02775e-21)
(2.13144 0.0755604 -5.66252e-21)
(2.14099 0.0718415 1.0077e-20)
(2.12239 0.0670974 -1.78518e-20)
(2.12444 0.0643574 -1.74578e-21)
(2.08858 0.0601327 -1.5914e-20)
(2.08438 0.0579427 8.60998e-22)
(2.03134 0.0554093 -1.65065e-21)
(2.02558 0.0527031 -2.30824e-20)
(1.95184 0.0524448 2.16922e-20)
(2.19033 0.0723363 0)
(2.18967 0.0681446 1.21979e-20)
(2.19955 0.064966 -1.32242e-21)
(2.18414 0.0611202 9.85898e-21)
(2.18687 0.0585213 -5.6957e-22)
(2.15567 0.0555457 3.14187e-20)
(2.15299 0.0530514 -1.42341e-20)
(2.1039 0.0515065 0)
(2.10055 0.0486672 0)
(2.02982 0.048694 0)
(2.24484 0.0641552 0)
(2.2454 0.0607046 -1.10971e-20)
(2.25587 0.0578623 -7.07864e-22)
(2.24312 0.0549319 9.82631e-21)
(2.2475 0.0524422 1.80528e-20)
(2.21992 0.0504 -1.74889e-20)
(2.22018 0.0479431 1.7099e-20)
(2.17517 0.0469763 -9.19417e-22)
(2.17493 0.0444195 0)
(2.10968 0.0446836 1.21277e-20)
(2.29784 0.0558642 3.94037e-22)
(2.29931 0.0530907 6.32281e-21)
(2.31055 0.0505648 9.85513e-21)
(2.29976 0.0483732 -5.65928e-22)
(2.30599 0.0461235 1.22409e-21)
(2.28152 0.0447097 -1.85214e-20)
(2.28459 0.0425551 1.81072e-20)
(2.24443 0.042017 -9.45883e-22)
(2.24675 0.039826 0)
(2.18889 0.0403526 -2.4465e-20)
(2.35124 0.0475286 0)
(2.3533 0.045301 6.21118e-21)
(2.36499 0.0431196 1.93879e-22)
(2.35573 0.0414706 0)
(2.36312 0.0395496 0)
(2.34161 0.0385865 1.64083e-20)
(2.34636 0.0367919 -1.50278e-20)
(2.31146 0.0366248 -9.01603e-22)
(2.31525 0.0347303 4.75714e-22)
(2.26554 0.0355561 1.27429e-20)
(2.40766 0.0391974 0)
(2.41002 0.037438 -1.18021e-20)
(2.42146 0.0356159 -1.29867e-20)
(2.41342 0.0343798 1.98658e-21)
(2.42087 0.0327751 -1.27939e-21)
(2.4021 0.0321625 -1.09331e-21)
(2.40715 0.0306464 2.08311e-21)
(2.37718 0.0307937 1.35144e-20)
(2.38137 0.0291149 1.33081e-21)
(2.33923 0.0302198 -4.15704e-22)
(2.46952 0.0311156 0)
(2.47184 0.0297801 6.34922e-21)
(2.48223 0.0282893 -7.13208e-22)
(2.4751 0.0273785 7.07319e-22)
(2.48169 0.0260122 0)
(2.46521 0.0256577 0)
(2.46957 0.0243109 0)
(2.44364 0.0246682 -1.53553e-20)
(2.44747 0.0231528 1.44362e-20)
(2.41139 0.0244009 0)
(2.53721 0.0238046 0)
(2.53907 0.0228027 4.03576e-21)
(2.5479 0.0215725 5.25729e-21)
(2.54144 0.020886 6.91311e-21)
(2.5468 0.0196786 -1.32313e-21)
(2.5322 0.0194532 8.31734e-21)
(2.5356 0.0182108 -7.57819e-21)
(2.51285 0.0185982 0)
(2.51605 0.0172278 7.18203e-22)
(2.4846 0.0183688 -1.37708e-20)
(2.60739 0.0177022 -8.84424e-22)
(2.60864 0.0169222 -3.26837e-21)
(2.61583 0.0158997 -6.79447e-21)
(2.61008 0.0153242 -4.8617e-21)
(2.61439 0.0142538 0)
(2.60172 0.0140099 -1.06011e-20)
(2.60443 0.0128804 1.086e-20)
(2.58475 0.0130915 -1.03404e-21)
(2.58742 0.0118859 -7.13531e-21)
(2.56034 0.0126563 1.99516e-20)
(2.67363 0.012941 8.88963e-22)
(2.67454 0.0122879 -2.52554e-21)
(2.68038 0.011462 2.29389e-21)
(2.67578 0.0109127 -5.7138e-21)
(2.67943 0.0100146 0)
(2.66928 0.00965588 0)
(2.67167 0.0086965 1.06877e-21)
(2.65585 0.00861479 -1.01403e-20)
(2.65808 0.00761151 -6.3714e-21)
(2.6364 0.00789196 -6.66939e-21)
(2.7297 0.0092419 0)
(2.73087 0.00868577 4.15613e-21)
(2.73572 0.00807358 -1.54026e-21)
(2.73285 0.00754235 5.08116e-21)
(2.73607 0.00686232 1.36982e-21)
(2.72912 0.00640234 -1.17788e-21)
(2.73128 0.00566201 2.2293e-21)
(2.72022 0.00533124 7.031e-21)
(2.72199 0.00455016 0)
(2.70682 0.00442901 0)
(2.77298 0.006132 0)
(2.77477 0.00572787 1.69383e-21)
(2.77881 0.00535647 -3.13312e-21)
(2.77786 0.00491857 0)
(2.78062 0.00447944 -2.6785e-21)
(2.77696 0.00402539 -1.18721e-21)
(2.77877 0.00351556 -3.33886e-21)
(2.77251 0.00308619 -9.90133e-22)
(2.77373 0.00251945 5.09849e-22)
(2.76502 0.00218921 4.36952e-22)
(2.80363 0.00334985 0)
(2.80583 0.00318155 -1.70194e-21)
(2.80906 0.00306848 -1.55791e-21)
(2.80956 0.00283779 2.17117e-21)
(2.81175 0.00264707 1.29332e-21)
(2.81066 0.00234518 1.23367e-21)
(2.81198 0.00206408 5.57636e-21)
(2.80946 0.00171503 -4.10281e-21)
(2.81012 0.00135036 9.60362e-22)
(2.80643 0.00100797 0)
(2.82037 0.000874225 0)
(2.82264 0.000934564 8.35728e-22)
(2.82524 0.00101657 -8.02378e-22)
(2.82644 0.00103275 7.62886e-22)
(2.82816 0.00105415 0)
(2.82841 0.00100061 -1.23977e-21)
(2.82934 0.00094367 1.09759e-21)
(2.82881 0.000821654 9.90504e-22)
(2.82907 0.000684512 0)
(2.82804 0.000511044 0)
(1.1299 0.236167 0)
(1.07106 0.257339 -5.81636e-20)
(1.02419 0.286135 0)
(0.986079 0.323444 -1.93039e-19)
(0.952694 0.368829 7.26887e-20)
(0.921709 0.423957 2.1301e-21)
(0.889862 0.489043 6.54621e-20)
(0.839084 0.552199 -6.85175e-21)
(0.711091 0.558544 0)
(0.393387 0.340423 6.95287e-20)
(1.21839 0.239344 1.06656e-19)
(1.16112 0.266472 5.81623e-20)
(1.1144 0.293983 -5.59685e-20)
(1.07532 0.330074 6.49442e-20)
(1.04211 0.375344 -5.69961e-20)
(1.01361 0.430405 7.0899e-21)
(0.98584 0.494871 -6.70354e-20)
(0.937698 0.55596 -1.3456e-19)
(0.801665 0.558178 -3.57687e-20)
(0.44362 0.334449 -1.0207e-19)
(1.30159 0.238657 -4.79121e-20)
(1.2488 0.267913 4.9736e-20)
(1.20344 0.294768 5.59667e-20)
(1.16354 0.329959 5.76008e-20)
(1.13024 0.374632 5.91166e-20)
(1.10388 0.428733 6.02547e-20)
(1.07961 0.491199 8.43606e-21)
(1.0328 0.54808 5.9612e-20)
(0.886684 0.544222 2.45007e-20)
(0.487434 0.318296 -2.6154e-20)
(1.38204 0.235397 9.56858e-20)
(1.33243 0.265021 -4.97338e-20)
(1.2883 0.290975 0)
(1.24822 0.324722 0)
(1.21521 0.367721 0)
(1.19072 0.41958 4.70053e-20)
(1.16897 0.47847 -4.18467e-20)
(1.12143 0.528836 0)
(0.962362 0.516955 1.86273e-20)
(0.521523 0.292453 -3.84027e-20)
(1.45759 0.229285 -1.85511e-20)
(1.40981 0.258007 6.59705e-20)
(1.36668 0.28286 0)
(1.3271 0.314792 0)
(1.29492 0.355225 1.9869e-20)
(1.27211 0.403646 1.91788e-20)
(1.25162 0.457435 2.59503e-20)
(1.20057 0.499024 1.54535e-20)
(1.02469 0.477346 2.50718e-20)
(0.542669 0.258301 -4.13709e-21)
(1.52559 0.220706 5.46166e-20)
(1.47923 0.247321 2.00116e-20)
(1.43704 0.270684 0)
(1.3984 0.300447 0)
(1.36744 0.33762 -5.44693e-20)
(1.34602 0.381568 1.76755e-20)
(1.3252 0.428917 3.76115e-21)
(1.26722 0.459831 -3.83532e-22)
(1.06906 0.427015 -2.00697e-20)
(0.548748 0.218114 -8.34298e-21)
(1.58532 0.209676 -3.19526e-20)
(1.53999 0.233294 3.36193e-20)
(1.49849 0.254918 3.13412e-20)
(1.46091 0.282198 -3.3157e-20)
(1.43124 0.315531 -1.4259e-20)
(1.41058 0.354047 1.51869e-20)
(1.38736 0.393365 -1.03097e-20)
(1.31781 0.413164 1.1073e-20)
(1.09227 0.36884 0)
(0.538672 0.173937 0)
(1.63569 0.196651 -2.78293e-20)
(1.59138 0.216912 2.92815e-20)
(1.55038 0.236423 0)
(1.51375 0.260872 0)
(1.48517 0.28987 0)
(1.46409 0.322134 4.79593e-21)
(1.43522 0.352352 -1.75416e-20)
(1.34843 0.360299 9.84036e-21)
(1.09215 0.305181 0)
(0.511757 0.128814 -1.18455e-21)
(1.67674 0.18179 -1.20212e-20)
(1.63281 0.198376 9.8144e-21)
(1.59206 0.216128 -2.72758e-21)
(1.55634 0.237391 0)
(1.5283 0.261611 -4.57285e-21)
(1.50494 0.287143 1.17256e-20)
(1.46628 0.307524 0)
(1.35639 0.303009 -1.67582e-21)
(1.06616 0.238552 -9.30721e-22)
(0.468489 0.0859028 1.75262e-21)
(1.70769 0.166042 0)
(1.66374 0.179625 2.83402e-21)
(1.62339 0.194833 2.72733e-21)
(1.58839 0.212582 0)
(1.55986 0.231845 1.79732e-21)
(1.53153 0.25028 -3.16013e-21)
(1.47805 0.260323 -7.03748e-22)
(1.33886 0.243359 -5.1849e-22)
(1.01244 0.172073 3.98608e-22)
(0.41109 0.0481285 0)
(0.458203 0.0134776 -1.86965e-20)
(0.438813 0.0155166 1.9803e-20)
(0.41516 0.0179125 1.05764e-20)
(0.386319 0.0207163 1.14183e-20)
(0.350948 0.0240579 -1.21245e-20)
(0.307182 0.028071 -1.97835e-20)
(0.252573 0.0327188 7.10133e-21)
(0.182865 0.0371136 -1.55218e-20)
(0.0966083 0.0374931 -1.69557e-20)
(0.0264314 0.0231678 0)
(0.473409 0.0403164 0)
(0.453517 0.0463684 -9.88819e-21)
(0.429252 0.053514 -1.05412e-20)
(0.399988 0.0618707 0)
(0.364469 0.0718227 2.43528e-20)
(0.320825 0.0837808 1.31167e-20)
(0.266563 0.0976574 0)
(0.197113 0.110811 -1.51103e-20)
(0.109679 0.111977 -5.7879e-23)
(0.0341309 0.06932 -1.79729e-20)
(0.503337 0.0668021 7.43052e-20)
(0.482506 0.0766667 -7.81917e-20)
(0.457071 0.0884329 0)
(0.426995 0.102179 0)
(0.391206 0.118524 0)
(0.347838 0.138176 -7.79504e-20)
(0.294304 0.161041 1.11767e-19)
(0.225344 0.182827 -2.98117e-20)
(0.135693 0.184931 0)
(0.0495727 0.11475 3.59979e-20)
(0.547023 0.0926462 7.36257e-20)
(0.524937 0.105999 -7.74751e-20)
(0.497878 0.122177 -8.30611e-20)
(0.466678 0.141047 -8.2744e-22)
(0.430545 0.163432 1.41666e-19)
(0.387635 0.19036 -5.06171e-20)
(0.335235 0.221786 5.50813e-20)
(0.267076 0.251939 -1.18679e-19)
(0.174333 0.25526 6.42432e-20)
(0.0726524 0.158758 0)
(0.6031 0.117464 -1.80796e-19)
(0.579594 0.133905 3.79087e-20)
(0.550602 0.154255 0)
(0.518075 0.17792 0)
(0.481598 0.205874 4.73031e-20)
(0.439375 0.239498 -1.48088e-19)
(0.388548 0.278869 1.0615e-19)
(0.321593 0.316955 -1.14046e-19)
(0.225066 0.321742 1.64025e-21)
(0.103138 0.200545 -6.50995e-20)
(0.669917 0.140777 2.48889e-19)
(0.644985 0.15976 -1.87914e-19)
(0.613872 0.183915 0)
(0.579881 0.211941 0)
(0.543115 0.244914 4.57456e-20)
(0.50186 0.284586 4.89848e-20)
(0.453103 0.331183 4.85503e-20)
(0.387855 0.376604 5.65118e-20)
(0.287065 0.382998 1.24945e-21)
(0.140593 0.239112 1.28993e-19)
(0.7456 0.162273 -1.41566e-19)
(0.719402 0.183652 -7.17745e-20)
(0.686191 0.211418 0)
(0.65081 0.243255 0)
(0.613935 0.280394 0)
(0.573934 0.325098 -9.26519e-20)
(0.527675 0.377844 9.41853e-20)
(0.464603 0.429664 0)
(0.359186 0.437548 -5.6089e-20)
(0.184294 0.273278 1.19719e-19)
(0.828893 0.180061 -6.85049e-20)
(0.801017 0.203038 7.17754e-20)
(0.765142 0.234008 7.27244e-20)
(0.72834 0.269424 7.68641e-20)
(0.691793 0.310453 8.1212e-20)
(0.653652 0.359652 8.57837e-20)
(0.610528 0.417662 -5.73939e-21)
(0.550188 0.474824 9.51457e-20)
(0.439876 0.483837 -5.19559e-20)
(0.233148 0.301747 5.54596e-20)
(0.919063 0.19891 -1.31003e-19)
(0.889147 0.223625 6.55879e-20)
(0.850337 0.256609 -7.27246e-20)
(0.812153 0.293532 -7.87888e-20)
(0.775882 0.336412 7.45459e-20)
(0.739601 0.388376 -5.52891e-21)
(0.699876 0.450061 -2.60726e-19)
(0.642641 0.511001 -1.79595e-19)
(0.527113 0.520355 4.9705e-20)
(0.285628 0.323198 -4.38358e-20)
(1.01613 0.208186 0)
(0.977139 0.233225 -6.55877e-20)
(0.935139 0.269677 0)
(0.897824 0.309794 6.74908e-20)
(0.863447 0.355242 -2.25343e-19)
(0.829752 0.40966 -1.56538e-19)
(0.793784 0.473935 1.65526e-19)
(0.739802 0.537031 8.72729e-20)
(0.618482 0.545651 0)
(0.339812 0.336425 9.42624e-20)
(0.565319 0.00115803 0)
(0.564549 0.00115803 -1.13055e-21)
(0.563015 0.00118473 1.12463e-21)
(0.561281 0.0012514 0)
(0.559536 0.00135604 -2.25249e-21)
(0.557695 0.00149646 2.24088e-21)
(0.555649 0.0016743 0)
(0.553329 0.00189383 0)
(0.550664 0.00215944 0)
(0.547611 0.00248362 0)
(0.544141 0.00287255 1.11815e-21)
(0.540169 0.00333441 0)
(0.535589 0.00388082 0)
(0.530284 0.00452649 8.97379e-21)
(0.524126 0.00528946 -8.92954e-21)
(0.516963 0.00619167 0)
(0.508614 0.00726085 1.0131e-20)
(0.498869 0.0085296 -1.79953e-20)
(0.48745 0.0100406 8.98613e-21)
(0.474078 0.0118954 9.08727e-21)
(0.577438 0.0034171 2.34918e-21)
(0.576707 0.00343088 4.48545e-21)
(0.575279 0.0035363 -4.46383e-21)
(0.573671 0.00375301 2.23417e-21)
(0.572042 0.00407402 2.23219e-21)
(0.570309 0.00449915 8.93992e-21)
(0.568369 0.00503683 -6.66901e-21)
(0.566156 0.00570067 -1.7858e-20)
(0.563604 0.0065014 3.78516e-20)
(0.560676 0.00747549 -1.77679e-20)
(0.557332 0.00864384 -1.67358e-20)
(0.553489 0.0100312 3.78417e-20)
(0.549044 0.0116721 -3.3404e-20)
(0.543887 0.0136105 1.77783e-20)
(0.537891 0.0159004 2.22868e-21)
(0.530914 0.0186066 3.80738e-20)
(0.522776 0.0218123 -3.67991e-20)
(0.513295 0.0256131 0)
(0.502148 0.030136 2.24431e-21)
(0.489509 0.0356875 0)
(0.601157 0.00563625 -6.97835e-21)
(0.600566 0.00567675 -3.68222e-24)
(0.599365 0.0058788 8.87891e-21)
(0.597984 0.00625835 -4.39557e-21)
(0.596565 0.00680348 -1.10562e-20)
(0.595037 0.00751911 -2.21393e-21)
(0.593303 0.00842167 -2.21442e-21)
(0.591293 0.00953529 -2.2136e-21)
(0.588956 0.0108778 3.1081e-20)
(0.586268 0.012509 1.54961e-22)
(0.583169 0.0144662 -3.98152e-20)
(0.579577 0.0167893 -2.21867e-21)
(0.5754 0.019534 -4.43871e-21)
(0.570536 0.0227725 0)
(0.564865 0.0265941 -4.0153e-20)
(0.55826 0.031105 3.11078e-20)
(0.550547 0.0364431 0)
(0.541608 0.0427604 -2.23405e-21)
(0.531002 0.0502618 -2.24824e-21)
(0.519821 0.0594794 -2.24413e-21)
(0.635765 0.00786006 2.28933e-21)
(0.635351 0.00792572 6.55077e-21)
(0.634447 0.0082131 0)
(0.633364 0.00875075 -1.97141e-20)
(0.632225 0.00952495 1.74762e-20)
(0.630968 0.0105429 1.97484e-20)
(0.629511 0.0118278 -1.31226e-20)
(0.627778 0.0134136 2.1952e-21)
(0.625747 0.0153071 -2.86349e-20)
(0.623401 0.0175959 -1.46861e-22)
(0.62065 0.0203441 3.29666e-20)
(0.617419 0.0236082 -3.53695e-20)
(0.613628 0.0274623 -3.33816e-20)
(0.609191 0.0320043 7.50714e-20)
(0.604003 0.037357 2.22003e-21)
(0.597961 0.0436653 6.66028e-21)
(0.590888 0.0511199 -7.14792e-20)
(0.582786 0.0599244 1.83966e-21)
(0.572983 0.0703315 -4.12157e-22)
(0.563937 0.0831922 7.3875e-20)
(0.680206 0.0100161 4.49504e-21)
(0.679972 0.0101098 -1.71427e-20)
(0.679398 0.0104779 8.56917e-21)
(0.67866 0.0111709 4.30166e-21)
(0.677844 0.0121733 0)
(0.676906 0.0134869 0)
(0.675778 0.0151381 -4.32978e-21)
(0.67435 0.0171503 0)
(0.672651 0.0196376 -4.34995e-21)
(0.670703 0.0226313 0)
(0.668381 0.026192 4.37143e-21)
(0.6656 0.0304038 -7.0199e-20)
(0.6623 0.0353668 -2.91798e-22)
(0.658416 0.0412066 -4.70609e-21)
(0.65386 0.0480757 7.0456e-20)
(0.648568 0.0561574 -4.43467e-21)
(0.642353 0.0656858 4.42075e-21)
(0.635402 0.0769269 -7.13508e-20)
(0.626673 0.0900965 7.56742e-20)
(0.62036 0.106607 1.43095e-19)
(0.733256 0.0119966 4.38632e-21)
(0.733173 0.012134 -4.17752e-21)
(0.732916 0.0125896 -4.19825e-21)
(0.732517 0.0134409 -4.21269e-21)
(0.732008 0.0146825 -3.38923e-20)
(0.731361 0.0163177 6.36704e-20)
(0.730499 0.0183295 -3.82764e-20)
(0.729453 0.0208045 0)
(0.728236 0.0238677 -4.28568e-21)
(0.726708 0.0275535 -4.30003e-21)
(0.724813 0.0319173 -4.31439e-21)
(0.722516 0.0370615 6.51929e-20)
(0.719775 0.0431069 -1.43643e-19)
(0.716544 0.0502129 6.97788e-20)
(0.712752 0.0585517 0)
(0.708386 0.0683591 -4.38002e-21)
(0.703242 0.0798797 -1.50228e-19)
(0.69775 0.0935028 1.41419e-19)
(0.690397 0.109204 -4.46015e-21)
(0.687288 0.129401 0)
(0.793661 0.0136569 4.25621e-21)
(0.793667 0.0138754 -1.22413e-20)
(0.79366 0.0144503 4.04293e-21)
(0.793558 0.0154526 2.46627e-20)
(0.793343 0.0168901 4.13414e-21)
(0.792914 0.0187851 -2.50046e-20)
(0.792321 0.021233 4.07819e-21)
(0.791649 0.0242804 3.35691e-20)
(0.790797 0.0279249 8.44695e-21)
(0.789658 0.0322574 7.2286e-20)
(0.788208 0.0373743 -5.96458e-20)
(0.786427 0.0434084 -6.01362e-20)
(0.784305 0.0504792 7.31755e-20)
(0.781808 0.0587932 4.31245e-21)
(0.778909 0.0685008 4.32773e-21)
(0.775643 0.0799343 8.72401e-21)
(0.771804 0.0932409 8.75242e-21)
(0.768068 0.10912 -4.35531e-21)
(0.762418 0.126964 0)
(0.762774 0.150912 1.39997e-19)
(0.860219 0.0148424 -1.238e-20)
(0.860248 0.0151652 -1.13808e-23)
(0.860348 0.0158717 -3.97575e-21)
(0.860381 0.0170602 -3.60999e-20)
(0.860294 0.0187783 2.41639e-20)
(0.860141 0.0210226 -4.06686e-21)
(0.859926 0.0238851 0)
(0.85952 0.0273935 0)
(0.858918 0.0315656 -8.29746e-21)
(0.858097 0.0365129 -4.16806e-21)
(0.857071 0.0423294 -4.21486e-21)
(0.855804 0.0491979 -4.24373e-21)
(0.854338 0.0572036 0)
(0.85262 0.0666631 -8.56037e-21)
(0.850721 0.0776124 -4.32427e-21)
(0.848652 0.0906352 -8.63978e-21)
(0.846337 0.105438 -4.36746e-21)
(0.844623 0.123462 -1.34454e-19)
(0.841089 0.142599 1.39466e-19)
(0.845439 0.170279 0)
(0.93179 0.0155562 0)
(0.931797 0.0160309 3.81954e-21)
(0.931944 0.0169536 1.92962e-21)
(0.932124 0.0183819 0)
(0.932217 0.0203833 3.53635e-20)
(0.932184 0.0230081 -3.16501e-20)
(0.932051 0.0262159 6.60077e-20)
(0.931782 0.0300935 -6.44552e-20)
(0.931405 0.034705 6.10529e-21)
(0.930878 0.040201 2.06697e-21)
(0.930284 0.0466268 0)
(0.929531 0.0542431 0)
(0.928822 0.0630002 0)
(0.927957 0.0734379 1.39493e-19)
(0.927318 0.0852216 -2.72167e-19)
(0.92651 0.0997047 4.74852e-21)
(0.926065 0.115592 1.37486e-19)
(0.926255 0.136529 0)
(0.925375 0.156987 0)
(0.934407 0.190079 1.36563e-19)
(1.00824 0.0161302 0)
(1.00829 0.0166718 -1.47437e-20)
(1.00838 0.0176914 -1.30762e-20)
(1.00847 0.0192497 3.00987e-20)
(1.00852 0.0214122 3.04939e-20)
(1.00846 0.0242413 -9.2453e-20)
(1.00836 0.0277251 6.03088e-20)
(1.00818 0.0319404 0)
(1.00804 0.0369046 -1.99451e-21)
(1.00783 0.0428157 -6.2326e-20)
(1.0078 0.0496293 1.29939e-19)
(1.00764 0.0577461 -6.56071e-20)
(1.00799 0.0668763 0)
(1.00808 0.0779495 -1.33063e-19)
(1.00944 0.0899024 2.68174e-19)
(1.01023 0.105193 -1.35128e-19)
(1.01382 0.120398 0)
(1.01672 0.142897 -1.33739e-19)
(1.02244 0.161279 1.35138e-19)
(1.03811 0.202149 -2.1041e-21)
(1.08743 0.0160376 0)
(1.08725 0.0165379 0)
(1.08714 0.0175274 0)
(1.08712 0.0190864 0)
(1.08711 0.0212746 0)
(1.08697 0.024152 0)
(1.08681 0.0276892 0)
(1.08655 0.0319968 0)
(1.08647 0.0370639 0)
(1.08627 0.0431829 0)
(1.08659 0.050204 0)
(1.08656 0.0587569 0)
(1.08787 0.0682267 0)
(1.08808 0.0802207 0)
(1.09184 0.0925934 0)
(1.092 0.10999 0)
(1.10205 0.124838 0)
(1.10022 0.15254 0)
(1.12922 0.165028 0)
(1.11585 0.218885 0)
(1.17079 0.0153537 0)
(1.17066 0.0158769 0)
(1.17066 0.0169944 0)
(1.17079 0.0187263 0)
(1.17098 0.0210919 0)
(1.17101 0.0240996 0)
(1.17105 0.0276657 0)
(1.17096 0.031943 0)
(1.17122 0.0368901 0)
(1.17124 0.0428727 0)
(1.17216 0.0496047 0)
(1.17231 0.0578592 0)
(1.17473 0.0666917 0)
(1.17486 0.0780658 0)
(1.18085 0.0891108 0)
(1.17997 0.10515 0)
(1.19468 0.117536 0)
(1.18885 0.141172 0)
(1.22512 0.150598 0)
(1.2005 0.185403 0)
(1.25902 0.016415 0)
(1.25948 0.0165686 0)
(1.26004 0.0171048 0)
(1.26062 0.0185906 0)
(1.26116 0.020976 0)
(1.26135 0.0240381 0)
(1.26157 0.0275678 0)
(1.26159 0.0317548 0)
(1.26219 0.0365356 0)
(1.26237 0.0423175 0)
(1.26385 0.0487073 0)
(1.26407 0.0565283 0)
(1.26743 0.0646855 0)
(1.26735 0.0751557 0)
(1.27494 0.0850123 0)
(1.27309 0.0990839 0)
(1.2901 0.109717 0)
(1.28177 0.128657 0)
(1.31944 0.136924 0)
(1.29137 0.161837 0)
(1.35534 0.0172836 0)
(1.35508 0.0171356 0)
(1.35568 0.0172635 0)
(1.35674 0.0186862 0)
(1.35755 0.0211185 0)
(1.35764 0.0241466 0)
(1.3578 0.0275281 0)
(1.35772 0.0315264 0)
(1.35852 0.0360718 0)
(1.35868 0.0415809 0)
(1.36058 0.0475922 0)
(1.36071 0.0549132 0)
(1.3648 0.0624296 0)
(1.36438 0.0719692 0)
(1.37308 0.0808338 0)
(1.37035 0.0931354 0)
(1.38859 0.102482 0)
(1.37856 0.118153 0)
(1.4165 0.125658 0)
(1.38659 0.14558 0)
(1.45739 0.0118219 0)
(1.45619 0.0119747 0)
(1.45666 0.0137994 0)
(1.45784 0.0167972 0)
(1.45846 0.0201374 0)
(1.45809 0.0235343 0)
(1.45799 0.0269839 0)
(1.45769 0.0309294 0)
(1.45859 0.0353299 0)
(1.45862 0.040598 0)
(1.46081 0.0462463 0)
(1.46072 0.0530499 0)
(1.46535 0.0599419 0)
(1.46452 0.0685765 0)
(1.47399 0.0765265 0)
(1.47046 0.0873104 0)
(1.48939 0.0955271 0)
(1.47815 0.108815 0)
(1.51576 0.11541 0)
(1.485 0.131907 0)
(1.55497 0.0109975 0)
(1.55694 0.0120525 0)
(1.56005 0.014524 0)
(1.56174 0.0179239 0)
(1.56194 0.0212125 0)
(1.56093 0.0242164 0)
(1.56051 0.0272226 0)
(1.55994 0.03081 0)
(1.56087 0.0348829 0)
(1.56064 0.0397712 0)
(1.56297 0.0449591 0)
(1.56255 0.0511709 0)
(1.56753 0.0574066 0)
(1.56625 0.065151 0)
(1.57618 0.0722232 0)
(1.57197 0.0816725 0)
(1.59112 0.0888453 0)
(1.57919 0.100201 0)
(1.61573 0.105864 0)
(1.58534 0.119667 0)
(1.67586 0.00250194 0)
(1.6739 0.00570407 0)
(1.67344 0.0123037 0)
(1.67225 0.0184483 0)
(1.6698 0.0224506 0)
(1.6667 0.0251828 0)
(1.66512 0.0277685 0)
(1.66371 0.0310086 0)
(1.66417 0.0347374 0)
(1.6633 0.039193 0)
(1.66542 0.0438647 0)
(1.66448 0.0494355 0)
(1.66952 0.0549885 0)
(1.66777 0.0618556 0)
(1.6778 0.068075 0)
(1.67317 0.0763157 0)
(1.69199 0.0825155 0)
(1.68001 0.0922315 0)
(1.71469 0.0970406 0)
(1.68601 0.108673 0)
(1.76897 -0.0021859 0)
(1.77466 0.0027198 0)
(1.77783 0.0124718 0)
(1.77438 0.0202842 0)
(1.7691 0.0243568 0)
(1.76468 0.0266093 0)
(1.763 0.028734 0)
(1.76165 0.0315747 0)
(1.76224 0.0348791 0)
(1.76119 0.0388213 0)
(1.76338 0.0429207 0)
(1.76228 0.0478209 0)
(1.76746 0.0526775 0)
(1.76562 0.0586906 0)
(1.77562 0.0640796 0)
(1.77108 0.071217 0)
(1.78918 0.0765046 0)
(1.77805 0.084816 0)
(1.81013 0.0888428 0)
(1.78461 0.0987072 0)
(1.86829 0.0144755 0)
(1.87476 0.0181556 0)
(1.87599 0.0238723 0)
(1.8683 0.0277366 0)
(1.85975 0.0292082 0)
(1.85395 0.0299704 0)
(1.85217 0.0311454 0)
(1.85092 0.033177 0)
(1.85167 0.0356904 0)
(1.85067 0.0388478 0)
(1.85305 0.0421968 0)
(1.85215 0.0463322 0)
(1.85755 0.0504288 0)
(1.8561 0.0555861 0)
(1.866 0.0601329 0)
(1.86224 0.0662539 0)
(1.87935 0.0706536 0)
(1.87003 0.0777645 0)
(1.89904 0.0810205 0)
(1.87797 0.0894601 0)
(1.941 0.0386393 0)
(1.94817 0.0377886 0)
(1.9489 0.035514 0)
(1.94002 0.0328636 0)
(1.93118 0.031174 0)
(1.92604 0.0309717 0)
(1.9253 0.0318245 0)
(1.92498 0.033439 0)
(1.92656 0.0353627 0)
(1.92639 0.0378766 0)
(1.92956 0.0405867 0)
(1.92961 0.0440804 0)
(1.93563 0.0474991 0)
(1.93529 0.0519161 0)
(1.94534 0.055677 0)
(1.94311 0.0609299 0)
(1.95934 0.0644861 0)
(1.95267 0.0706184 0)
(1.97869 0.0731062 0)
(1.96286 0.080446 0)
(1.97936 0.0780114 0)
(1.9856 0.0716861 0)
(1.98742 0.0564209 0)
(1.98308 0.0427489 0)
(1.97967 0.0353238 0)
(1.9787 0.0329023 0)
(1.98067 0.0327233 0)
(1.98228 0.033454 0)
(1.98554 0.0344636 0)
(1.98709 0.0361425 0)
(1.9918 0.0380919 0)
(1.99353 0.0409065 0)
(2.00072 0.0436169 0)
(2.00209 0.0473399 0)
(2.01273 0.0503265 0)
(2.01257 0.054827 0)
(2.02839 0.0575688 0)
(2.02472 0.0629092 0)
(2.04848 0.0646417 0)
(2.03775 0.071143 0)
(2.02574 0.0878622 0)
(2.0181 0.0789962 0)
(2.01267 0.0603648 0)
(2.01334 0.0440355 0)
(2.0177 0.0350445 0)
(2.02188 0.0318172 0)
(2.02637 0.03109 0)
(2.02951 0.0312688 0)
(2.03423 0.0316484 0)
(2.03751 0.0327137 0)
(2.04391 0.0340346 0)
(2.04753 0.0362711 0)
(2.05616 0.038331 0)
(2.05943 0.0414459 0)
(2.0711 0.0437114 0)
(2.07307 0.0475726 0)
(2.08921 0.0495578 0)
(2.08822 0.0542557 0)
(2.11105 0.0552805 0)
(2.10423 0.0611337 0)
(2.02072 0.0597272 0)
(2.01321 0.0527565 0)
(2.01231 0.0416201 0)
(2.02232 0.0320228 0)
(2.03657 0.02661 0)
(2.04835 0.0247957 0)
(2.05809 0.0245689 0)
(2.06519 0.0249238 0)
(2.07346 0.0252824 0)
(2.08018 0.0262084 0)
(2.08979 0.027253 0)
(2.09637 0.0291601 0)
(2.10761 0.0307806 0)
(2.11332 0.0334555 0)
(2.12704 0.0351851 0)
(2.1311 0.0385516 0)
(2.14879 0.0399654 0)
(2.14964 0.0441448 0)
(2.17347 0.0446453 0)
(2.16836 0.0499519 0)
(2.0482 0.0318391 0)
(2.04189 0.0283269 0)
(2.04499 0.022387 0)
(2.06123 0.0173436 0)
(2.08212 0.0146967 0)
(2.09939 0.0141693 0)
(2.11328 0.0144451 0)
(2.1236 0.0150378 0)
(2.13484 0.0155597 0)
(2.14424 0.0165539 0)
(2.15643 0.0175723 0)
(2.16508 0.0193305 0)
(2.17831 0.0207631 0)
(2.18541 0.0231519 0)
(2.20072 0.0246417 0)
(2.20554 0.0276286 0)
(2.22464 0.0288159 0)
(2.22552 0.0325076 0)
(2.25092 0.0328821 0)
(2.24475 0.0375474 0)
(2.17225 0.00273605 0)
(2.16506 0.00254904 0)
(2.16775 -0.000345841 0)
(2.18455 -0.00263234 0)
(2.20592 -0.00276516 0)
(2.2228 -0.00154542 0)
(2.2357 -6.23902e-05 0)
(2.24476 0.00148668 0)
(2.2548 0.00289684 0)
(2.26291 0.00454618 0)
(2.27388 0.00606901 0)
(2.2811 0.00802505 0)
(2.29299 0.00966536 0)
(2.29849 0.01197 0)
(2.31243 0.013593 0)
(2.31549 0.0162807 0)
(2.33328 0.0176365 0)
(2.33217 0.0207697 0)
(2.35644 0.0214802 0)
(2.34794 0.0252406 0)
(2.39901 -0.0356848 0)
(2.38687 -0.0268737 0)
(2.38219 -0.0182245 0)
(2.39225 -0.0124416 0)
(2.40675 -0.0097787 0)
(2.41634 -0.00876243 0)
(2.42209 -0.00795812 0)
(2.42448 -0.00659012 0)
(2.42814 -0.00485066 0)
(2.43032 -0.00292078 0)
(2.43549 -0.00118826 0)
(2.43756 0.000657565 0)
(2.44422 0.00232173 0)
(2.4454 0.00431975 0)
(2.45442 0.0059828 0)
(2.45401 0.00817322 0)
(2.4668 0.00966747 0)
(2.46333 0.0120374 0)
(2.482 0.0131116 0)
(2.47284 0.0157366 0)
(2.64389 -0.0963195 0)
(2.62614 -0.083654 0)
(2.60699 -0.0519893 0)
(2.59793 -0.0238965 0)
(2.59518 -0.0099875 0)
(2.59295 -0.00640716 0)
(2.59069 -0.00613831 0)
(2.58702 -0.00547888 0)
(2.58467 -0.0039822 0)
(2.5814 -0.00227562 0)
(2.5809 -0.000795949 0)
(2.57866 0.000456013 0)
(2.58036 0.00158245 0)
(2.57846 0.00281137 0)
(2.5826 0.00399878 0)
(2.58037 0.00537471 0)
(2.58768 0.00653395 0)
(2.58411 0.00799502 0)
(2.59577 0.00894027 0)
(2.58929 0.0104957 0)
(2.65504 -0.0738675 0)
(2.67123 -0.0694004 0)
(2.67901 -0.0460724 0)
(2.66819 -0.0220457 0)
(2.65507 -0.0085255 0)
(2.64864 -0.00385485 0)
(2.64884 -0.00273227 0)
(2.65041 -0.0021546 0)
(2.65228 -0.00130275 0)
(2.65255 -0.000360152 0)
(2.65396 0.000523062 0)
(2.65411 0.00121804 0)
(2.65667 0.00185114 0)
(2.65705 0.00247943 0)
(2.66091 0.00315794 0)
(2.66102 0.00390813 0)
(2.66652 0.00461901 0)
(2.66597 0.00545368 0)
(2.67376 0.00604738 0)
(2.67196 0.00695801 0)
(2.69255 0.0478624 0)
(2.71219 0.0433225 0)
(2.72552 0.0205919 0)
(2.71872 1.14834e-05 0)
(2.70742 -0.00797769 0)
(2.70221 -0.00749959 0)
(2.70315 -0.00524716 0)
(2.70574 -0.00403759 0)
(2.70846 -0.00364662 0)
(2.70999 -0.00336598 0)
(2.71187 -0.00284421 0)
(2.71299 -0.00218471 0)
(2.71532 -0.0014781 0)
(2.71658 -0.000833666 0)
(2.71957 -0.000191334 0)
(2.72078 0.00044048 0)
(2.72458 0.0010502 0)
(2.72565 0.00169183 0)
(2.73061 0.00219091 0)
(2.73143 0.00282763 0)
(2.84385 0.0550659 0)
(2.82473 0.0508861 0)
(2.80624 0.0276076 0)
(2.80154 0.00529706 0)
(2.80181 -0.00451943 0)
(2.79902 -0.00544668 0)
(2.79364 -0.00404289 0)
(2.788 -0.00320819 0)
(2.78361 -0.00301052 0)
(2.77985 -0.00291957 0)
(2.77698 -0.00264967 0)
(2.77419 -0.00226211 0)
(2.7724 -0.00184526 0)
(2.77061 -0.00147343 0)
(2.77005 -0.00112042 0)
(2.76921 -0.000795504 0)
(2.76977 -0.000482472 0)
(2.76972 -0.000180613 0)
(2.77138 7.56245e-05 0)
(2.77214 0.000345477 0)
(1.19975 0.206169 -1.78606e-21)
(1.28348 0.19674 -1.07455e-19)
(1.36355 0.192448 0)
(1.44117 0.188976 -9.14176e-20)
(1.51503 0.184596 0)
(1.58121 0.179584 -7.32056e-20)
(1.63897 0.173484 3.37054e-20)
(1.68733 0.166104 -9.59475e-22)
(1.72637 0.157693 0)
(1.75546 0.147467 0)
(1.28068 0.179165 1.15369e-19)
(1.36722 0.17471 0)
(1.44845 0.173903 9.76337e-20)
(1.52198 0.173489 0)
(1.59099 0.170629 -2.43412e-21)
(1.65225 0.166117 3.92208e-20)
(1.70562 0.160113 1.94815e-22)
(1.74956 0.15313 -8.66162e-22)
(1.78496 0.144823 8.64876e-22)
(1.81069 0.135682 2.92869e-21)
(1.36778 0.161515 -1.14159e-19)
(1.45056 0.159749 0)
(1.53055 0.158298 -9.42974e-20)
(1.60078 0.157414 -2.88854e-21)
(1.66588 0.154696 8.10508e-20)
(1.72327 0.150419 -3.6859e-20)
(1.77395 0.144776 1.20159e-21)
(1.81446 0.138709 -9.86229e-22)
(1.84772 0.131223 0)
(1.8705 0.123764 -5.97657e-21)
(1.46001 0.146431 0)
(1.53825 0.145485 1.0246e-19)
(1.61562 0.143679 -2.86203e-21)
(1.6825 0.142502 5.48962e-21)
(1.74337 0.140353 -8.61021e-20)
(1.79605 0.136711 2.41634e-21)
(1.84374 0.131568 -3.34637e-20)
(1.88057 0.126128 0)
(1.91234 0.119489 -1.4253e-20)
(1.93201 0.113101 3.45612e-21)
(1.55511 0.132855 -1.06933e-19)
(1.62808 0.132598 1.90616e-21)
(1.70114 0.131021 -5.86489e-21)
(1.76414 0.129542 5.43218e-21)
(1.8208 0.1276 -2.61192e-21)
(1.86869 0.124384 -2.21535e-21)
(1.91329 0.119732 3.2273e-21)
(1.94656 0.114695 1.35763e-20)
(1.97719 0.108847 1.48296e-20)
(1.99391 0.103175 0)
(1.65136 0.120631 2.10203e-19)
(1.71855 0.120805 -1.98655e-19)
(1.78615 0.119508 -2.78731e-21)
(1.84464 0.117766 2.79029e-21)
(1.89695 0.115808 0)
(1.94018 0.112878 3.70782e-20)
(1.98139 0.108758 1.02226e-21)
(2.01142 0.104041 -1.75297e-20)
(2.04077 0.098942 9.37198e-22)
(2.0553 0.0937551 -3.29676e-21)
(1.74688 0.109606 -1.03302e-19)
(1.8077 0.109989 1.01034e-19)
(1.86899 0.108908 -5.71293e-21)
(1.92235 0.106992 2.76486e-21)
(1.97013 0.104883 3.97704e-20)
(2.00903 0.102081 -2.23272e-21)
(2.04673 0.098406 3.67381e-20)
(2.07401 0.0940016 0)
(2.10183 0.0895245 7.33844e-21)
(2.11514 0.0847637 3.31304e-21)
(1.83924 0.0995051 0)
(1.89317 0.0998909 0)
(1.94771 0.098876 0)
(1.99563 0.0968084 4.47784e-20)
(2.03897 0.0944699 -8.20011e-20)
(2.07401 0.0916921 4.54143e-24)
(2.10843 0.0883415 -1.61879e-20)
(2.13347 0.0843053 -2.01029e-21)
(2.15975 0.0803164 -1.38644e-20)
(2.17255 0.0760415 0)
(1.92568 0.0899706 -4.87935e-20)
(1.97264 0.0901574 0)
(2.02058 0.0890527 -2.69982e-21)
(2.0633 0.0868294 -3.68731e-20)
(2.10268 0.0842563 3.70976e-20)
(2.13458 0.0814611 -3.72688e-20)
(2.16633 0.0783469 -1.74229e-20)
(2.18965 0.0747278 -9.77288e-22)
(2.21467 0.0711462 1.60441e-20)
(2.22732 0.0674126 0)
(2.00387 0.080529 9.61142e-20)
(2.04463 0.0803521 0)
(2.08693 0.0790471 -2.67534e-21)
(2.12537 0.0766866 -3.65296e-20)
(2.16174 0.0739504 -2.55573e-21)
(2.19147 0.071166 2.25761e-21)
(2.2214 0.0682674 1.63737e-20)
(2.24358 0.0650941 -1.85166e-20)
(2.26775 0.0619163 -7.07288e-21)
(2.28036 0.0587387 4.60665e-22)
(2.07347 0.0707253 -4.58929e-20)
(2.10971 0.0700921 1.31737e-21)
(2.14811 0.0685527 -2.81544e-21)
(2.18381 0.0661283 4.4204e-20)
(2.21845 0.0633736 -2.55043e-21)
(2.24712 0.0606953 0)
(2.2761 0.0580544 4.14288e-23)
(2.29766 0.055351 -8.03138e-23)
(2.32128 0.0526025 -7.7654e-21)
(2.33386 0.0500194 0)
(2.13712 0.0602103 -1.41486e-21)
(2.17138 0.0591266 4.18082e-21)
(2.20818 0.0574182 -5.41767e-21)
(2.24295 0.0550772 5.18288e-21)
(2.27711 0.0525141 -2.54586e-21)
(2.30563 0.0500946 -2.27111e-21)
(2.3342 0.047812 -1.43695e-20)
(2.35541 0.0455945 1.45862e-20)
(2.37843 0.0433268 1.66653e-20)
(2.39084 0.0412704 0)
(2.20192 0.0486767 0)
(2.23706 0.0473569 -4.43453e-20)
(2.27432 0.0457229 0)
(2.30942 0.0437233 2.06016e-20)
(2.34358 0.0416172 0)
(2.37202 0.0396514 0)
(2.39986 0.0378534 1.07912e-21)
(2.42038 0.0361426 -1.08824e-21)
(2.44216 0.0343963 -7.88631e-21)
(2.45394 0.032765 0)
(2.28087 0.0363724 4.32473e-20)
(2.31762 0.0353074 4.54525e-20)
(2.35513 0.0341593 0)
(2.38967 0.0328054 2.44097e-21)
(2.42247 0.03138 -2.22112e-20)
(2.44939 0.0300156 -2.28122e-21)
(2.47509 0.0287662 -6.64562e-21)
(2.49376 0.027563 -1.02523e-21)
(2.51319 0.0263023 -2.96498e-21)
(2.52359 0.0250859 0)
(2.38355 0.0247577 -6.61564e-20)
(2.41837 0.024455 -2.16628e-20)
(2.45257 0.0241055 -2.57241e-21)
(2.48324 0.0235221 -1.53577e-20)
(2.51172 0.022793 3.67888e-20)
(2.53472 0.0219947 0)
(2.55633 0.0212251 1.00713e-20)
(2.57179 0.0204348 -1.1003e-21)
(2.58782 0.0195657 4.01601e-21)
(2.59622 0.0186868 9.45642e-22)
(2.50137 0.0160652 2.17623e-20)
(2.52874 0.0165137 2.41407e-20)
(2.55521 0.0168138 1.57048e-20)
(2.57871 0.0167603 2.61488e-21)
(2.60047 0.0164653 -1.96456e-20)
(2.61791 0.0159981 0)
(2.63439 0.0155152 9.01437e-21)
(2.64609 0.0149648 -5.32612e-21)
(2.65844 0.0143578 1.04652e-21)
(2.66482 0.0136913 -9.50526e-22)
(2.60764 0.0110449 2.1369e-20)
(2.62565 0.0116525 0)
(2.64353 0.0120739 -2.33958e-20)
(2.65972 0.0121187 1.51849e-20)
(2.67506 0.0119234 -2.52107e-21)
(2.68756 0.0115475 2.29137e-21)
(2.6996 0.0111818 -1.02748e-20)
(2.7083 0.0107455 -2.15748e-21)
(2.71766 0.0103121 1.05302e-21)
(2.72273 0.0097838 0)
(2.68341 0.00729588 -9.31812e-21)
(2.69527 0.00768535 1.2254e-21)
(2.70755 0.00795557 -2.64696e-21)
(2.71907 0.00795276 2.4342e-21)
(2.73024 0.0077994 -2.51655e-21)
(2.73962 0.00752425 4.72028e-21)
(2.74873 0.00730143 0)
(2.75562 0.00702281 4.32613e-21)
(2.76291 0.00679011 -2.05263e-21)
(2.76736 0.00644074 4.83967e-22)
(2.73843 0.00311823 -1.04504e-20)
(2.74614 0.00340345 2.54432e-21)
(2.75451 0.00360039 8.58791e-25)
(2.76263 0.00363618 -7.48111e-21)
(2.77068 0.00361045 -2.44255e-21)
(2.77764 0.00353468 -9.38573e-21)
(2.78441 0.00352486 3.44322e-21)
(2.7898 0.00348654 -3.39335e-23)
(2.79535 0.0034939 2.06269e-21)
(2.79922 0.00341055 -4.86505e-22)
(2.77519 0.000509991 0)
(2.77925 0.000598067 0)
(2.78432 0.000607676 -7.63793e-21)
(2.78964 0.000552364 2.58501e-21)
(2.79521 0.000499378 2.45558e-21)
(2.80023 0.000468644 2.37904e-21)
(2.80519 0.000504395 1.11182e-21)
(2.80935 0.000567739 -3.28991e-21)
(2.81361 0.000674782 1.07513e-21)
(2.81688 0.000771386 0)
)
;

boundaryField
{
    bottom
    {
        type            symmetryPlane;
    }
    right
    {
        type            zeroGradient;
    }
    top
    {
        type            symmetryPlane;
    }
    left
    {
        type            zeroGradient;
    }
    cylinder
    {
        type            noSlip;
    }
    defaultFaces
    {
        type            empty;
    }
}


// ************************************************************************* //
