/*--------------------------------*- C++ -*----------------------------------*\
| =========                 |                                                 |
| \\      /  F ield         | OpenFOAM: The Open Source CFD Toolbox           |
|  \\    /   O peration     | Version:  4.1                                   |
|   \\  /    A nd           | Web:      www.OpenFOAM.org                      |
|    \\/     M anipulation  |                                                 |
\*---------------------------------------------------------------------------*/
FoamFile
{
    version     2.0;
    format      ascii;
    class       volVectorField;
    location    "1.9";
    object      U;
}
// * * * * * * * * * * * * * * * * * * * * * * * * * * * * * * * * * * * * * //

dimensions      [0 1 -1 0 0 0 0];

internalField   nonuniform List<vector> 
2000
(
(0.0653384 -0.0542312 -2.29398e-20)
(0.1822 -0.134698 0)
(0.281892 -0.184263 -4.31605e-20)
(0.357265 -0.211412 -2.15988e-20)
(0.409804 -0.221889 3.99075e-20)
(0.443814 -0.220812 5.89125e-20)
(0.464066 -0.212547 -1.79305e-20)
(0.474888 -0.200382 0)
(0.47941 -0.187279 1.75342e-20)
(0.479817 -0.176805 0)
(0.0790519 -0.0561325 1.12151e-20)
(0.213886 -0.135561 -1.1852e-20)
(0.323347 -0.181928 4.23328e-20)
(0.40238 -0.205741 6.26423e-20)
(0.454552 -0.213516 5.77824e-22)
(0.485929 -0.21061 -1.95956e-20)
(0.502559 -0.20131 1.98256e-20)
(0.509553 -0.1887 1.9102e-20)
(0.510436 -0.175596 -1.75344e-20)
(0.507607 -0.164805 -3.46451e-20)
(0.0938734 -0.056541 -1.1902e-20)
(0.246833 -0.132564 1.11487e-20)
(0.365127 -0.174296 -2.18039e-20)
(0.446617 -0.194119 6.50635e-22)
(0.49739 -0.199107 -2.08417e-20)
(0.525445 -0.194663 -2.03484e-20)
(0.538105 -0.184875 -1.97674e-20)
(0.541186 -0.172575 -1.91022e-20)
(0.538564 -0.160283 -1.93159e-20)
(0.532862 -0.149888 1.85997e-20)
(0.109554 -0.055207 -2.47923e-22)
(0.280313 -0.125395 1.14153e-20)
(0.406197 -0.161249 0)
(0.488829 -0.176688 -2.2065e-20)
(0.537216 -0.179022 2.14275e-20)
(0.56139 -0.17345 0)
(0.569897 -0.163673 0)
(0.569146 -0.152138 0)
(0.563276 -0.140984 1.93161e-20)
(0.555084 -0.131403 -3.75644e-20)
(0.125773 -0.0519149 -2.51926e-20)
(0.313497 -0.113866 -5.17055e-22)
(0.445473 -0.142854 -1.20427e-20)
(0.5279 -0.153795 -1.08606e-20)
(0.57302 -0.153838 -1.1823e-20)
(0.592924 -0.147704 -1.16648e-20)
(0.597274 -0.138539 0)
(0.59294 -0.128316 -1.11415e-20)
(0.584211 -0.118733 5.30754e-20)
(0.573862 -0.110336 -7.0333e-20)
(0.142142 -0.0465009 3.86036e-20)
(0.345481 -0.0979385 4.76099e-24)
(0.481865 -0.119366 2.47591e-20)
(0.562787 -0.125965 -2.37637e-20)
(0.603922 -0.12426 3.67047e-20)
(0.619356 -0.118211 -1.16955e-20)
(0.619705 -0.110262 0)
(0.612146 -0.101854 1.11416e-20)
(0.601002 -0.0942188 -1.07997e-20)
(0.588894 -0.0873931 -4.41868e-20)
(0.158211 -0.0388713 0)
(0.375326 -0.0777398 0)
(0.514331 -0.091234 1.34367e-20)
(0.592567 -0.0938936 -1.25098e-20)
(0.629208 -0.0911181 1.31824e-20)
(0.640177 -0.0858403 -1.23765e-20)
(0.636841 -0.079685 -2.53323e-20)
(0.626519 -0.0735306 2.39444e-20)
(0.61345 -0.0681342 2.38614e-20)
(0.59999 -0.063169 -1.15732e-20)
(0.173492 -0.029018 -7.45785e-21)
(0.402097 -0.0535783 0)
(0.541916 -0.0590906 7.1385e-21)
(0.616471 -0.0584143 -2.74858e-20)
(0.648339 -0.0553247 2.03285e-20)
(0.655048 -0.0514918 0)
(0.648481 -0.0476446 0)
(0.635935 -0.044097 0)
(0.621459 -0.0411471 2.54073e-20)
(0.607078 -0.0382735 -2.41482e-20)
(0.187467 -0.0170309 3.52273e-21)
(0.424907 -0.0259428 -2.17907e-22)
(0.563803 -0.0237346 7.15292e-21)
(0.633909 -0.0204744 -3.80983e-21)
(0.660969 -0.0178494 -3.36167e-21)
(0.663803 -0.0160787 -7.02759e-21)
(0.65457 -0.014962 0)
(0.640389 -0.0142731 3.56033e-21)
(0.62503 -0.0138862 1.69944e-20)
(0.610164 -0.0132647 -1.28636e-20)
(0.199625 -0.00310509 0)
(0.442964 0.004508 3.90401e-21)
(0.579337 0.013897 0)
(0.644486 0.0188996 1.77983e-21)
(0.666934 0.0203126 1.67433e-21)
(0.666438 0.0194959 3.75843e-21)
(0.655183 0.0175707 0)
(0.639971 0.0152502 -3.5604e-21)
(0.624249 0.0130314 -3.45944e-21)
(0.609351 0.0113109 -3.48902e-21)
(0.0017667 -0.00283415 0)
(0.0137742 -0.00840773 2.95259e-21)
(0.0376195 -0.0128126 0)
(0.0666887 -0.0159418 3.90704e-21)
(0.0979427 -0.0178394 1.22031e-21)
(0.129298 -0.0186762 -2.26188e-21)
(0.159255 -0.0186804 2.13007e-21)
(0.186902 -0.0180789 -1.95909e-21)
(0.211798 -0.0170603 -3.11792e-23)
(0.233828 -0.0157129 -1.6875e-21)
(0.00273773 -0.0085169 9.19215e-21)
(0.0167856 -0.0251461 -5.82594e-21)
(0.0424183 -0.0382442 5.49091e-21)
(0.0728158 -0.0475056 -2.58855e-21)
(0.104924 -0.0530891 -1.21149e-20)
(0.136704 -0.0555191 4.5444e-21)
(0.166736 -0.0554816 0)
(0.1942 -0.0536548 1.95256e-21)
(0.218755 -0.0505994 1.8019e-21)
(0.240368 -0.0465783 0)
(0.00472002 -0.0142298 -6.101e-21)
(0.0228398 -0.0416587 0)
(0.0519997 -0.0630881 -1.65075e-20)
(0.0850054 -0.0781105 2.05905e-20)
(0.11876 -0.0870622 -4.81652e-21)
(0.151334 -0.0908505 0)
(0.181477 -0.0906248 0)
(0.208551 -0.0875087 0)
(0.232415 -0.0824173 -1.4288e-20)
(0.253198 -0.0757804 1.35804e-20)
(0.00776952 -0.01997 0)
(0.0319848 -0.0577782 1.16642e-20)
(0.0663293 -0.086929 -2.17656e-20)
(0.103108 -0.10711 1.02038e-20)
(0.139185 -0.118924 -9.65659e-21)
(0.172821 -0.123701 2.71133e-20)
(0.203038 -0.123065 -2.02564e-22)
(0.229476 -0.118571 -1.58804e-20)
(0.252286 -0.111457 -1.44149e-20)
(0.271845 -0.102299 2.05052e-20)
(0.0119627 -0.0257155 -1.21662e-20)
(0.0442731 -0.0732904 2.27576e-20)
(0.0853301 -0.109321 -1.16543e-22)
(0.126872 -0.133848 -4.77084e-23)
(0.165775 -0.147857 -9.66534e-21)
(0.200594 -0.153154 2.71927e-20)
(0.230743 -0.151844 0)
(0.256243 -0.145894 7.97363e-21)
(0.277623 -0.136809 -7.43505e-21)
(0.295585 -0.12527 2.7044e-20)
(0.0173892 -0.0314118 8.59279e-23)
(0.059744 -0.0879296 -2.26446e-20)
(0.108859 -0.129782 -1.07774e-20)
(0.155923 -0.157662 -1.01008e-20)
(0.197932 -0.173081 -9.6305e-21)
(0.233875 -0.178372 -9.07682e-21)
(0.263692 -0.176127 0)
(0.287891 -0.168687 -7.97362e-21)
(0.307461 -0.157749 -2.22121e-20)
(0.323487 -0.14402 7.17189e-21)
(0.0241388 -0.0369631 1.58355e-22)
(0.0783991 -0.101371 -1.11099e-20)
(0.13668 -0.147791 0)
(0.189749 -0.1779 2.0472e-20)
(0.234885 -0.193878 -1.90907e-20)
(0.271694 -0.198634 0)
(0.300788 -0.195236 0)
(0.323275 -0.186352 0)
(0.340667 -0.173775 1.54031e-20)
(0.35446 -0.158105 2.77335e-20)
(0.0322864 -0.0422274 1.1751e-20)
(0.100176 -0.113227 -1.10073e-20)
(0.168442 -0.1628 -2.11725e-20)
(0.227678 -0.193938 1.95103e-24)
(0.275694 -0.209623 -1.93657e-20)
(0.31292 -0.213372 -1.85006e-20)
(0.340804 -0.208701 -1.76086e-20)
(0.36116 -0.198545 -1.66911e-20)
(0.376058 -0.184671 -1.54032e-20)
(0.387343 -0.167405 1.44509e-20)
(0.0418763 -0.0470169 3.45878e-20)
(0.124922 -0.123056 1.15796e-20)
(0.20366 -0.174244 4.29159e-20)
(0.268884 -0.205195 2.05802e-20)
(0.319249 -0.219796 -1.79905e-22)
(0.356252 -0.22217 1.84542e-20)
(0.382349 -0.21624 -1.79938e-20)
(0.400196 -0.205127 1.66911e-20)
(0.412463 -0.190516 -1.6228e-20)
(0.421144 -0.172492 2.96991e-20)
(0.0529101 -0.0511034 -2.29207e-20)
(0.152385 -0.130376 0)
(0.241718 -0.181567 -2.11537e-20)
(0.312414 -0.211155 3.84682e-22)
(0.364337 -0.223976 1.92915e-22)
(0.400279 -0.224715 -1.94354e-20)
(0.423831 -0.217603 5.39579e-20)
(0.43858 -0.205867 0)
(0.447857 -0.191382 1.62281e-20)
(0.454149 -0.175005 0)
(0.252665 -0.0138617 0)
(0.269626 -0.0121579 1.4653e-21)
(0.284627 -0.0106444 -2.87195e-21)
(0.297843 -0.00931269 1.23482e-21)
(0.309487 -0.00814442 0)
(0.319751 -0.00712111 -1.18463e-21)
(0.328794 -0.00622545 1.19051e-21)
(0.336758 -0.00544162 0)
(0.343766 -0.0047555 0)
(0.349931 -0.00415465 -1.14503e-22)
(0.355349 -0.00362807 0)
(0.360106 -0.00316599 0)
(0.364274 -0.00275961 0)
(0.367918 -0.00240099 0)
(0.371092 -0.00208292 1.12128e-22)
(0.373841 -0.00179883 -1.12709e-22)
(0.376197 -0.00154266 0)
(0.378197 -0.00130665 2.2889e-23)
(0.379898 -0.00109485 -2.30094e-23)
(0.381675 -0.000914369 0)
(0.258209 -0.0411337 0)
(0.2743 -0.0361092 -3.77618e-22)
(0.288551 -0.0316378 0)
(0.30115 -0.0276946 -5.16414e-21)
(0.312289 -0.0242298 5.03258e-21)
(0.322134 -0.0211919 -3.0859e-22)
(0.330831 -0.0185309 2.2215e-21)
(0.338508 -0.0162008 -4.56684e-21)
(0.345278 -0.0141601 3.72963e-21)
(0.351245 -0.0123722 -2.03017e-21)
(0.356499 -0.0108048 -1.57801e-21)
(0.361119 -0.0094288 2.8078e-21)
(0.365175 -0.00821829 -1.41744e-21)
(0.368726 -0.00714978 -6.80703e-22)
(0.371824 -0.00620207 5.37524e-22)
(0.374511 -0.00535589 -1.02013e-22)
(0.37682 -0.00459291 -7.97943e-23)
(0.378778 -0.00389072 -9.13616e-23)
(0.380428 -0.00326022 9.18041e-23)
(0.382161 -0.00271482 -1.19118e-23)
(0.269089 -0.0670504 3.96884e-22)
(0.283476 -0.0589498 3.78268e-22)
(0.296268 -0.0517179 3.66153e-22)
(0.307661 -0.0453152 0)
(0.317806 -0.0396741 5.75661e-21)
(0.326828 -0.0347192 -4.4978e-21)
(0.334842 -0.0303736 0)
(0.341952 -0.0265643 5.42841e-22)
(0.348252 -0.0232254 2.49506e-22)
(0.353829 -0.0202982 -3.05264e-21)
(0.358761 -0.0177304 3.48275e-22)
(0.363113 -0.0154751 3.57037e-21)
(0.366948 -0.0134901 1.68742e-22)
(0.370315 -0.0117371 1.44797e-22)
(0.373262 -0.0101815 1.24973e-22)
(0.375826 -0.00879199 -2.60921e-22)
(0.378045 -0.00753983 2.50151e-22)
(0.379918 -0.00639825 2.74006e-22)
(0.381477 -0.00535121 5.80319e-23)
(0.383119 -0.00443996 4.41003e-25)
(0.28492 -0.0907744 1.21561e-20)
(0.296834 -0.0799863 -5.39576e-22)
(0.307516 -0.0703055 -9.40764e-22)
(0.31716 -0.0616864 -1.15547e-20)
(0.325854 -0.0540638 -1.00488e-21)
(0.333672 -0.0473514 -3.1204e-22)
(0.340687 -0.0414532 8.50313e-21)
(0.346968 -0.0362751 -5.17383e-21)
(0.352581 -0.0317307 -4.23683e-21)
(0.35759 -0.0277422 3.7972e-21)
(0.362051 -0.02424 -3.51492e-22)
(0.366014 -0.0211614 -3.7995e-21)
(0.369527 -0.0184495 -1.67336e-22)
(0.372629 -0.0160531 -1.38236e-21)
(0.375356 -0.0139262 9.64677e-22)
(0.377741 -0.0120277 7.29165e-22)
(0.379812 -0.0103211 -6.4871e-22)
(0.381579 -0.00877471 0)
(0.383029 -0.00732922 -1.04343e-22)
(0.384524 -0.00605461 -1.17323e-23)
(0.305105 -0.1116 -2.66101e-20)
(0.313874 -0.098637 1.15223e-20)
(0.321887 -0.0869126 -1.23378e-20)
(0.329308 -0.0763955 0)
(0.336148 -0.0670496 6.73777e-22)
(0.342424 -0.0587934 9.92703e-21)
(0.348159 -0.0515206 -7.72371e-23)
(0.35338 -0.0451229 -6.85113e-22)
(0.358117 -0.0394985 -8.61449e-21)
(0.362401 -0.0345547 -4.68551e-22)
(0.366262 -0.030208 0)
(0.36973 -0.0263823 3.81821e-22)
(0.372832 -0.0230086 0)
(0.375593 -0.020024 2.93595e-22)
(0.378036 -0.0173722 0)
(0.380184 -0.0150027 0)
(0.382059 -0.0128708 -1.59285e-22)
(0.383701 -0.0109384 1.84449e-22)
(0.385036 -0.00916428 -1.6246e-22)
(0.386352 -0.00752974 4.64221e-23)
(0.328871 -0.128962 0)
(0.333938 -0.114428 7.99701e-22)
(0.338834 -0.101135 2.41667e-20)
(0.343646 -0.0890978 -2.34185e-20)
(0.348302 -0.0783397 7.07849e-22)
(0.352758 -0.0687986 0)
(0.356985 -0.0603665 9.48838e-21)
(0.360959 -0.0529273 -1.76991e-20)
(0.364666 -0.0463703 9.32717e-21)
(0.368098 -0.0405936 4.90821e-22)
(0.371256 -0.0355042 4.45137e-22)
(0.374141 -0.0310168 3.99048e-22)
(0.376762 -0.027053 0)
(0.379125 -0.0235413 -1.91801e-21)
(0.38124 -0.0204166 4.33789e-21)
(0.383117 -0.0176207 -1.85473e-21)
(0.384765 -0.0151027 1.65203e-22)
(0.386202 -0.0128213 1.18129e-22)
(0.387411 -0.0107531 -4.67708e-23)
(0.388581 -0.00881758 4.67182e-23)
(0.355325 -0.142444 -2.81403e-20)
(0.356255 -0.127011 0)
(0.3577 -0.112686 8.11291e-22)
(0.359627 -0.0995525 -1.52142e-21)
(0.361858 -0.0877335 -1.43896e-21)
(0.364297 -0.0772034 -6.87302e-22)
(0.366859 -0.067861 -6.42601e-22)
(0.36946 -0.05959 8.44506e-21)
(0.372031 -0.0522771 -1.00859e-20)
(0.374525 -0.0458164 -8.52595e-21)
(0.376904 -0.04011 7.08055e-21)
(0.379145 -0.0350671 -8.01475e-22)
(0.38123 -0.0306033 2.63699e-21)
(0.383148 -0.0266407 -6.73665e-22)
(0.384892 -0.0231082 -2.77135e-21)
(0.386458 -0.0199416 -2.15297e-22)
(0.387846 -0.0170838 2.34051e-22)
(0.389064 -0.0144859 -3.01928e-22)
(0.390097 -0.012113 -4.45513e-22)
(0.39111 -0.00990082 -2.39649e-23)
(0.383543 -0.151722 0)
(0.380009 -0.136114 2.71919e-20)
(0.377793 -0.121379 -2.78877e-20)
(0.376683 -0.107639 7.75123e-22)
(0.376352 -0.0951514 1.48915e-21)
(0.376651 -0.0839391 6.86699e-22)
(0.377448 -0.0739207 1.30443e-21)
(0.378596 -0.0649975 0)
(0.37997 -0.0570689 5.45933e-22)
(0.381473 -0.0500367 4.98001e-22)
(0.383034 -0.0438073 4.67001e-22)
(0.384595 -0.0382911 8.18809e-22)
(0.386117 -0.0334025 0)
(0.387567 -0.0290603 0)
(0.388923 -0.0251886 2.57793e-22)
(0.390169 -0.021718 1.95316e-21)
(0.391293 -0.0185855 -1.35492e-21)
(0.392289 -0.0157354 1.20522e-22)
(0.39313 -0.013126 2.35963e-22)
(0.39399 -0.0106559 -7.07163e-23)
(0.41283 -0.157008 -3.09562e-20)
(0.404452 -0.141914 0)
(0.398437 -0.127288 0)
(0.394282 -0.113419 2.55813e-20)
(0.39139 -0.100726 -2.11972e-21)
(0.389544 -0.089246 -4.63154e-20)
(0.388558 -0.0789066 2.16283e-20)
(0.388227 -0.0696248 0)
(0.388372 -0.0613158 0)
(0.388853 -0.0538962 0)
(0.389561 -0.0472846 -2.20112e-22)
(0.39041 -0.0413996 -6.2497e-22)
(0.391336 -0.0361601 -5.49026e-21)
(0.392289 -0.0314864 5.29006e-21)
(0.393229 -0.0273023 -1.93997e-21)
(0.394128 -0.0235368 1.71398e-21)
(0.394965 -0.0201247 0)
(0.395727 -0.0170069 -5.56883e-23)
(0.396378 -0.0141357 -6.9716e-23)
(0.397042 -0.0113387 0)
(0.443025 -0.15948 4.84097e-22)
(0.429525 -0.144774 2.98699e-20)
(0.41939 -0.129968 -2.95582e-20)
(0.41199 -0.115874 0)
(0.406472 -0.102949 -2.51702e-20)
(0.40247 -0.0912161 4.83819e-20)
(0.399715 -0.080612 -2.3231e-20)
(0.397934 -0.071059 0)
(0.396887 -0.0624801 -9.12054e-21)
(0.396384 -0.0548037 1.72777e-20)
(0.396278 -0.0479607 -8.4036e-21)
(0.396453 -0.0418796 2.10806e-22)
(0.396819 -0.0364854 0)
(0.397306 -0.0317004 4.97692e-21)
(0.39786 -0.0274477 -6.76494e-21)
(0.398441 -0.0236535 1.97379e-21)
(0.399017 -0.020249 1.17716e-21)
(0.39957 -0.0171708 -8.36096e-22)
(0.400065 -0.014371 -3.85759e-22)
(0.400623 -0.011608 0)
(0.473414 -0.152464 0)
(0.454982 -0.143691 0)
(0.440245 -0.132696 0)
(0.429362 -0.121138 0)
(0.421195 -0.109702 0)
(0.415054 -0.0987618 0)
(0.410544 -0.0884938 0)
(0.407326 -0.0789535 0)
(0.405097 -0.0701523 0)
(0.403613 -0.0620873 0)
(0.402683 -0.0547431 0)
(0.402162 -0.0480883 0)
(0.401935 -0.0420763 0)
(0.401915 -0.0366495 0)
(0.402037 -0.031744 0)
(0.402249 -0.0272945 0)
(0.402514 -0.0232378 0)
(0.402807 -0.0195136 0)
(0.403097 -0.0160837 0)
(0.403499 -0.0126438 0)
(0.481244 -0.132372 0)
(0.465987 -0.125082 0)
(0.452224 -0.116477 0)
(0.44116 -0.107515 0)
(0.432372 -0.0985785 0)
(0.425396 -0.0898487 0)
(0.41996 -0.0814368 0)
(0.415815 -0.0734154 0)
(0.412713 -0.0658396 0)
(0.410433 -0.0587548 0)
(0.408792 -0.0521904 0)
(0.407643 -0.0461544 0)
(0.406868 -0.0406327 0)
(0.406372 -0.0355941 0)
(0.406081 -0.0309962 0)
(0.405939 -0.0267909 0)
(0.405901 -0.022929 0)
(0.405938 -0.0193615 0)
(0.406018 -0.0160644 0)
(0.406165 -0.0127305 0)
(0.486105 -0.11664 0)
(0.472503 -0.111216 0)
(0.459973 -0.104709 0)
(0.449562 -0.0976758 0)
(0.440982 -0.0904753 0)
(0.433881 -0.0832783 0)
(0.42808 -0.0761842 0)
(0.423427 -0.0692708 0)
(0.419748 -0.0626105 0)
(0.416876 -0.0562697 0)
(0.414664 -0.0503012 0)
(0.412983 -0.0447364 0)
(0.411723 -0.0395836 0)
(0.410793 -0.0348315 0)
(0.410118 -0.0304549 0)
(0.40964 -0.0264201 0)
(0.409311 -0.0226899 0)
(0.409095 -0.0192249 0)
(0.408969 -0.0160107 0)
(0.40888 -0.0127298 0)
(0.489304 -0.102842 0)
(0.476985 -0.0990543 0)
(0.465601 -0.0941878 0)
(0.455949 -0.0886855 0)
(0.44778 -0.0828839 0)
(0.440819 -0.0769506 0)
(0.434944 -0.0709787 0)
(0.430057 -0.065045 0)
(0.42604 -0.0592252 0)
(0.422775 -0.0535926 0)
(0.420147 -0.0482099 0)
(0.418053 -0.0431214 0)
(0.416398 -0.0383504 0)
(0.4151 -0.0339006 0)
(0.414091 -0.0297609 0)
(0.413313 -0.0259105 0)
(0.412721 -0.0223231 0)
(0.412272 -0.018968 0)
(0.411957 -0.0158382 0)
(0.411658 -0.0126124 0)
(0.491379 -0.090519 0)
(0.480276 -0.0879574 0)
(0.469936 -0.0843602 0)
(0.461001 -0.0800967 0)
(0.45327 -0.0754533 0)
(0.446539 -0.0705821 0)
(0.440724 -0.0655735 0)
(0.43576 -0.0605044 0)
(0.431566 -0.0554511 0)
(0.428054 -0.0504879 0)
(0.42514 -0.04568 0)
(0.422741 -0.0410771 0)
(0.42078 -0.0367105 0)
(0.419188 -0.032594 0)
(0.417901 -0.0287269 0)
(0.416868 -0.0250984 0)
(0.416046 -0.0216915 0)
(0.415393 -0.0184831 0)
(0.41491 -0.0154734 0)
(0.414422 -0.0123444 0)
(0.492637 -0.0795242 0)
(0.48266 -0.0779045 0)
(0.473281 -0.0753148 0)
(0.465021 -0.0720579 0)
(0.457736 -0.0683717 0)
(0.451279 -0.0643911 0)
(0.445598 -0.0602039 0)
(0.440652 -0.0558873 0)
(0.436384 -0.0515167 0)
(0.432731 -0.0471648 0)
(0.429628 -0.0428961 0)
(0.427013 -0.0387618 0)
(0.424823 -0.0347972 0)
(0.422999 -0.0310219 0)
(0.421489 -0.0274427 0)
(0.420245 -0.0240563 0)
(0.41923 -0.020853 0)
(0.418402 -0.0178164 0)
(0.417773 -0.0149526 0)
(0.417117 -0.0119504 0)
(0.493273 -0.0697528 0)
(0.484318 -0.0688392 0)
(0.47582 -0.0670312 0)
(0.468202 -0.0645765 0)
(0.461362 -0.0616726 0)
(0.455205 -0.0584365 0)
(0.449704 -0.0549506 0)
(0.444838 -0.0512891 0)
(0.440566 -0.0475246 0)
(0.436846 -0.0437266 0)
(0.433629 -0.039957 0)
(0.430868 -0.0362663 0)
(0.428511 -0.0326911 0)
(0.426511 -0.0292546 0)
(0.424825 -0.0259684 0)
(0.423411 -0.0228348 0)
(0.422236 -0.0198495 0)
(0.42126 -0.0170016 0)
(0.420508 -0.0143023 0)
(0.419709 -0.0114496 0)
(0.493453 -0.0610695 0)
(0.485408 -0.0606639 0)
(0.47771 -0.0594478 0)
(0.470691 -0.0576232 0)
(0.464288 -0.055353 0)
(0.458443 -0.0527367 0)
(0.453152 -0.049848 0)
(0.448406 -0.0467559 0)
(0.444181 -0.0435283 0)
(0.440448 -0.04023 0)
(0.437172 -0.0369191 0)
(0.434317 -0.033644 0)
(0.431845 -0.0304413 0)
(0.429716 -0.0273359 0)
(0.427894 -0.0243421 0)
(0.426345 -0.0214662 0)
(0.425041 -0.0187083 0)
(0.423944 -0.0160615 0)
(0.423089 -0.0135408 0)
(0.422167 -0.0108565 0)
(0.493306 -0.05333 0)
(0.486062 -0.0532779 0)
(0.479081 -0.0525027 0)
(0.472616 -0.0511685 0)
(0.466631 -0.0494083 0)
(0.461101 -0.047305 0)
(0.456035 -0.0449228 0)
(0.451435 -0.0423239 0)
(0.447291 -0.0395699 0)
(0.443584 -0.0367202 0)
(0.44029 -0.0338285 0)
(0.437384 -0.03094 0)
(0.434835 -0.0280902 0)
(0.432614 -0.0253042 0)
(0.430691 -0.0225982 0)
(0.429038 -0.0199809 0)
(0.427632 -0.0174553 0)
(0.426436 -0.015018 0)
(0.425497 -0.0126865 0)
(0.424472 -0.0101857 0)
(0.492937 -0.0464032 0)
(0.486392 -0.0465875 0)
(0.480047 -0.046135 0)
(0.474084 -0.0451786 0)
(0.468492 -0.043826 0)
(0.463269 -0.042145 0)
(0.458433 -0.0401905 0)
(0.453995 -0.0380171 0)
(0.449954 -0.0356796 0)
(0.446299 -0.0332312 0)
(0.443017 -0.0307208 0)
(0.440091 -0.0281901 0)
(0.437497 -0.0256724 0)
(0.435214 -0.0231923 0)
(0.433218 -0.0207665 0)
(0.431487 -0.0184053 0)
(0.430001 -0.0161138 0)
(0.428726 -0.013891 0)
(0.427719 -0.011756 0)
(0.426611 -0.00945063 0)
(0.492425 -0.0401724 0)
(0.486488 -0.0405048 0)
(0.4807 -0.040283 0)
(0.475188 -0.0396145 0)
(0.469958 -0.0385854 0)
(0.465026 -0.0372507 0)
(0.460417 -0.0356561 0)
(0.456147 -0.0338487 0)
(0.45222 -0.0318764 0)
(0.448636 -0.0297863 0)
(0.445387 -0.027622 0)
(0.442463 -0.0254213 0)
(0.439849 -0.0232147 0)
(0.437527 -0.0210258 0)
(0.435481 -0.0188711 0)
(0.433691 -0.0167616 0)
(0.432145 -0.0147035 0)
(0.430809 -0.0126977 0)
(0.429748 -0.0107639 0)
(0.428571 -0.00866297 0)
(0.491837 -0.0345343 0)
(0.486422 -0.0349488 0)
(0.481119 -0.0348867 0)
(0.476006 -0.0344345 0)
(0.471105 -0.0336606 0)
(0.466443 -0.0326085 0)
(0.462049 -0.0313162 0)
(0.457944 -0.0298232 0)
(0.454136 -0.0281711 0)
(0.450632 -0.0264005 0)
(0.44743 -0.02455 0)
(0.444524 -0.0226531 0)
(0.441907 -0.0207376 0)
(0.439565 -0.0188251 0)
(0.437486 -0.0169315 0)
(0.435655 -0.0150678 0)
(0.434064 -0.0132409 0)
(0.432681 -0.0114527 0)
(0.431578 -0.00972293 0)
(0.430347 -0.00783308 0)
(0.491222 -0.0293973 0)
(0.486253 -0.029845 0)
(0.481366 -0.029888 0)
(0.476602 -0.0295957 0)
(0.471993 -0.0290216 0)
(0.467576 -0.0281998 0)
(0.463382 -0.0271611 0)
(0.459433 -0.0259385 0)
(0.455744 -0.0245671 0)
(0.452323 -0.023082 0)
(0.449174 -0.0215162 0)
(0.446298 -0.0198993 0)
(0.443688 -0.0182559 0)
(0.441339 -0.0166055 0)
(0.439241 -0.0149628 0)
(0.437383 -0.0133385 0)
(0.43576 -0.0117394 0)
(0.434341 -0.0101682 0)
(0.433206 -0.0086437 0)
(0.431932 -0.00696981 0)
(0.490618 -0.0246805 0)
(0.486027 -0.0251253 0)
(0.481493 -0.0252318 0)
(0.477029 -0.0250551 0)
(0.472674 -0.0246363 0)
(0.468474 -0.024002 0)
(0.464461 -0.0231765 0)
(0.460656 -0.022187 0)
(0.457077 -0.0210627 0)
(0.453738 -0.0198332 0)
(0.450646 -0.0185266 0)
(0.447804 -0.0171684 0)
(0.44521 -0.0157798 0)
(0.442863 -0.0143782 0)
(0.440755 -0.0129767 0)
(0.43888 -0.0115849 0)
(0.437234 -0.0102098 0)
(0.43579 -0.00885407 0)
(0.434631 -0.00753516 0)
(0.433324 -0.0060806 0)
(0.490054 -0.020312 0)
(0.485777 -0.0207277 0)
(0.481539 -0.0208661 0)
(0.477327 -0.0207704 0)
(0.473191 -0.0204718 0)
(0.469179 -0.0199901 0)
(0.465323 -0.0193447 0)
(0.461646 -0.0185572 0)
(0.458168 -0.0176516 0)
(0.454906 -0.0166523 0)
(0.451868 -0.0155829 0)
(0.449061 -0.0144647 0)
(0.446487 -0.0133157 0)
(0.444147 -0.0121508 0)
(0.442036 -0.0109813 0)
(0.440151 -0.00981586 0)
(0.438491 -0.00866056 0)
(0.437028 -0.00751834 0)
(0.435851 -0.0064046 0)
(0.43452 -0.00517165 0)
(0.489551 -0.0162277 0)
(0.485531 -0.0165955 0)
(0.481534 -0.0167423 0)
(0.477531 -0.0167008 0)
(0.473577 -0.0164944 0)
(0.469722 -0.0161376 0)
(0.466 -0.0156451 0)
(0.462433 -0.0150342 0)
(0.459042 -0.0143238 0)
(0.455847 -0.0135337 0)
(0.452858 -0.012683 0)
(0.450085 -0.0117891 0)
(0.447532 -0.0108666 0)
(0.445201 -0.00992792 0)
(0.443092 -0.00898244 0)
(0.441202 -0.00803741 0)
(0.439532 -0.00709812 0)
(0.438057 -0.00616725 0)
(0.436867 -0.00525786 0)
(0.435518 -0.004248 0)
(0.489123 -0.0123703 0)
(0.485308 -0.0126774 0)
(0.481505 -0.0128148 0)
(0.477669 -0.012807 0)
(0.47386 -0.0126708 0)
(0.470133 -0.0124167 0)
(0.466518 -0.0120556 0)
(0.463039 -0.0116008 0)
(0.45972 -0.0110668 0)
(0.45658 -0.0104689 0)
(0.453633 -0.00982203 0)
(0.450889 -0.00913952 0)
(0.448355 -0.00843293 0)
(0.446034 -0.00771175 0)
(0.443929 -0.00698348 0)
(0.442037 -0.00625385 0)
(0.440361 -0.00552713 0)
(0.438878 -0.00480559 0)
(0.437679 -0.00409955 0)
(0.436317 -0.00331376 0)
(0.488782 -0.00869317 0)
(0.485126 -0.00892935 0)
(0.481471 -0.00904278 0)
(0.477762 -0.00905142 0)
(0.474063 -0.00896751 0)
(0.47043 -0.00879852 0)
(0.466895 -0.00855211 0)
(0.463484 -0.00823765 0)
(0.460218 -0.00786571 0)
(0.45712 -0.00744723 0)
(0.454205 -0.00699276 0)
(0.451483 -0.0065119 0)
(0.448965 -0.00601288 0)
(0.446653 -0.00550248 0)
(0.444551 -0.00498609 0)
(0.442659 -0.00446785 0)
(0.44098 -0.00395084 0)
(0.439492 -0.00343691 0)
(0.438287 -0.00293317 0)
(0.436917 -0.00237249 0)
(0.488548 -0.00515295 0)
(0.485006 -0.0053082 0)
(0.481453 -0.0053845 0)
(0.477828 -0.00539524 0)
(0.474201 -0.00534961 0)
(0.470629 -0.00525261 0)
(0.467146 -0.00510883 0)
(0.463777 -0.0049239 0)
(0.460547 -0.00470418 0)
(0.457476 -0.00445626 0)
(0.454582 -0.00418646 0)
(0.451876 -0.0039005 0)
(0.449368 -0.00360331 0)
(0.447063 -0.00329894 0)
(0.444965 -0.00299061 0)
(0.443073 -0.00268085 0)
(0.441392 -0.00237146 0)
(0.439901 -0.00206382 0)
(0.438692 -0.00176119 0)
(0.437317 -0.00142722 0)
(0.488451 -0.00165941 0)
(0.484968 -0.00174356 0)
(0.481463 -0.00178211 0)
(0.477875 -0.00179079 0)
(0.474278 -0.00177772 0)
(0.470733 -0.00174652 0)
(0.467273 -0.00169934 0)
(0.463924 -0.00163829 0)
(0.460711 -0.00156557 0)
(0.457653 -0.00148342 0)
(0.45477 -0.00139394 0)
(0.452072 -0.00129903 0)
(0.449569 -0.00120033 0)
(0.447267 -0.00109918 0)
(0.44517 -0.000996662 0)
(0.443279 -0.00089361 0)
(0.441598 -0.000790603 0)
(0.440105 -0.000688225 0)
(0.438893 -0.000587024 0)
(0.437518 -0.000476963 0)
(0.596122 0.0101797 3.40849e-21)
(0.597067 -0.0100001 0)
(0.594827 -0.0307453 -7.38904e-22)
(0.589322 -0.0516512 -2.24925e-20)
(0.580553 -0.072293 4.30197e-20)
(0.568536 -0.092178 0)
(0.553524 -0.110887 3.87819e-20)
(0.535403 -0.127768 0)
(0.515975 -0.142246 3.61437e-20)
(0.489942 -0.155443 -5.53263e-22)
(0.584162 0.00884586 -3.51979e-21)
(0.585073 -0.0085902 8.01527e-22)
(0.583232 -0.0264615 -8.02988e-22)
(0.578627 -0.044434 -4.46959e-22)
(0.571326 -0.0621748 -2.11417e-20)
(0.561327 -0.0792916 -1.35879e-21)
(0.549067 -0.0955159 0)
(0.533832 -0.110362 -3.86172e-20)
(0.518649 -0.123345 0)
(0.494763 -0.137103 -3.53145e-20)
(0.57372 0.00744809 7.11152e-21)
(0.574488 -0.00764749 0)
(0.572912 -0.0230842 -7.7224e-22)
(0.568978 -0.0386019 3.79767e-22)
(0.562774 -0.0539407 2.25286e-20)
(0.554249 -0.0687937 0)
(0.543973 -0.082953 4.00266e-20)
(0.530848 -0.0961107 3.96922e-20)
(0.518634 -0.107518 0)
(0.498104 -0.120586 3.49499e-20)
(0.564703 0.00631088 -3.15295e-21)
(0.565322 -0.00675521 1.32997e-20)
(0.563943 -0.0200725 0)
(0.560536 -0.0334556 2.42957e-20)
(0.555207 -0.0466974 1.4071e-21)
(0.547873 -0.0595629 -2.74206e-21)
(0.539168 -0.0718535 -3.85825e-20)
(0.527881 -0.0834327 -1.26754e-21)
(0.517754 -0.0933719 -3.78563e-20)
(0.500299 -0.105349 0)
(0.556893 0.0053288 0)
(0.557405 -0.00598322 -1.29576e-20)
(0.55616 -0.0175015 -1.48432e-20)
(0.553153 -0.0290704 2.31062e-21)
(0.548505 -0.0405177 -1.51181e-21)
(0.542124 -0.0516689 -1.35285e-21)
(0.534632 -0.0623279 -3.97967e-20)
(0.524877 -0.072492 -2.49592e-21)
(0.516177 -0.0811932 6.21757e-22)
(0.501341 -0.0918868 3.61578e-20)
(0.550188 0.0044994 3.7127e-21)
(0.55056 -0.00530944 8.55526e-22)
(0.5494 -0.0152944 -1.78709e-21)
(0.546703 -0.0253157 8.09537e-22)
(0.542586 -0.035229 -2.39766e-20)
(0.536967 -0.0449067 0)
(0.530408 -0.0541602 4.36367e-20)
(0.521923 -0.0630591 -1.29509e-21)
(0.514286 -0.0706905 7.63321e-20)
(0.50163 -0.0800704 -7.21089e-20)
(0.544362 0.00381755 -3.73099e-21)
(0.54462 -0.00470657 -7.13239e-21)
(0.543523 -0.0133707 1.34261e-20)
(0.54107 -0.02206 -2.40837e-20)
(0.537373 -0.0306525 -1.79009e-21)
(0.532371 -0.0390535 -2.29219e-20)
(0.526544 -0.047089 1.30976e-21)
(0.519107 -0.0548549 -2.54218e-21)
(0.512296 -0.0615551 -3.6923e-20)
(0.50141 -0.0697146 3.59524e-20)
(0.539284 0.00324509 0)
(0.539452 -0.00416115 1.52492e-20)
(0.538406 -0.0116791 -1.70512e-21)
(0.536151 -0.0192142 1.3583e-20)
(0.532789 -0.0266628 -2.12708e-22)
(0.528286 -0.0339524 4.46551e-20)
(0.523041 -0.0409297 -2.0432e-20)
(0.516455 -0.0476905 0)
(0.510299 -0.0535728 0)
(0.500843 -0.0606363 0)
(0.534855 0.00276088 0)
(0.534952 -0.00366513 -1.36339e-20)
(0.533947 -0.0101809 -8.8305e-22)
(0.531854 -0.0167082 1.29951e-20)
(0.528763 -0.0231594 2.45427e-20)
(0.524664 -0.0294767 -2.45497e-20)
(0.519885 -0.0355299 2.45162e-20)
(0.513984 -0.041401 -1.32142e-21)
(0.508352 -0.0465548 0)
(0.500054 -0.0526466 1.82396e-20)
(0.530995 0.00234714 4.70138e-22)
(0.531036 -0.00321221 7.73722e-21)
(0.530066 -0.00884444 1.22054e-20)
(0.528105 -0.0144847 -7.6093e-22)
(0.525234 -0.0200594 1.59395e-21)
(0.521463 -0.0255207 -2.49251e-20)
(0.517059 -0.0307603 2.4857e-20)
(0.511707 -0.0358429 -1.32702e-21)
(0.506497 -0.0403423 0)
(0.499134 -0.045577 -3.62848e-20)
(0.527643 0.00199016 0)
(0.527638 -0.00279683 7.40788e-21)
(0.526698 -0.00764378 6.43644e-23)
(0.524846 -0.0124969 0)
(0.522154 -0.0172948 0)
(0.518647 -0.0219971 2.20592e-20)
(0.514546 -0.0265147 -2.06356e-20)
(0.509633 -0.0308959 -1.26287e-21)
(0.504761 -0.0348041 6.55506e-22)
(0.498151 -0.0392825 1.86287e-20)
(0.524747 0.0016793 0)
(0.524705 -0.00241399 -1.39998e-20)
(0.52379 -0.00655727 -1.58896e-20)
(0.522027 -0.0107062 2.48946e-21)
(0.519481 -0.0148098 -1.61689e-21)
(0.516188 -0.0188336 -1.44514e-21)
(0.512332 -0.0227053 2.78032e-21)
(0.507768 -0.0264589 1.82585e-20)
(0.503165 -0.0298296 1.83687e-21)
(0.497161 -0.0336385 -5.8053e-22)
(0.522266 0.00140611 0)
(0.522194 -0.00205909 7.50275e-21)
(0.5213 -0.00556647 -8.70355e-22)
(0.519608 -0.00907977 8.63122e-22)
(0.517181 -0.0125574 0)
(0.514061 -0.0159696 0)
(0.510401 -0.0192581 0)
(0.506115 -0.0224459 -2.07666e-20)
(0.501725 -0.025325 1.94532e-20)
(0.496206 -0.0285376 0)
(0.520165 0.00116381 0)
(0.520068 -0.00172787 4.71416e-21)
(0.519191 -0.00465544 6.27242e-21)
(0.517558 -0.00758985 8.45174e-21)
(0.515227 -0.0104975 -1.63584e-21)
(0.512245 -0.0133533 1.0538e-20)
(0.508742 -0.0161104 -9.77877e-21)
(0.504674 -0.0187835 0)
(0.500451 -0.0212099 6.86651e-22)
(0.495318 -0.0238875 -1.85648e-20)
(0.518416 0.000946922 -1.00076e-21)
(0.518298 -0.00141632 -3.80732e-21)
(0.517434 -0.00381028 -8.1033e-21)
(0.515848 -0.0062123 -5.94183e-21)
(0.513594 -0.00859587 0)
(0.510721 -0.0109403 -1.34613e-20)
(0.507342 -0.0132082 1.39937e-20)
(0.503445 -0.0154084 -1.33748e-21)
(0.499351 -0.0174145 -9.59994e-21)
(0.494519 -0.0196073 2.67664e-20)
(0.516994 0.000751149 1.00591e-21)
(0.516859 -0.00112049 -2.90204e-21)
(0.516004 -0.00301843 2.711e-21)
(0.514455 -0.00492575 -6.87354e-21)
(0.512261 -0.00682229 0)
(0.509474 -0.00869151 0)
(0.50619 -0.0105043 1.36888e-21)
(0.502424 -0.0122654 -1.3043e-20)
(0.498427 -0.0138779 -8.37947e-21)
(0.493827 -0.0156265 -8.86361e-21)
(0.515879 0.000572276 0)
(0.515729 -0.000837189 4.80253e-21)
(0.514881 -0.00226888 -1.82402e-21)
(0.51336 -0.00371113 6.09128e-21)
(0.511212 -0.00514954 1.65804e-21)
(0.508488 -0.00657171 -1.47496e-21)
(0.505277 -0.00795593 2.81143e-21)
(0.501606 -0.00930417 9.05606e-21)
(0.497679 -0.0105446 0)
(0.493251 -0.0118818 0)
(0.515052 0.000406526 0)
(0.51489 -0.000565702 1.94323e-21)
(0.514047 -0.00155623 -3.67763e-21)
(0.512546 -0.00255783 0)
(0.510431 -0.0035612 -3.2524e-21)
(0.507752 -0.00455805 -1.47838e-21)
(0.504591 -0.00553352 -4.18731e-21)
(0.500987 -0.00648837 -1.26565e-21)
(0.497106 -0.00737239 6.45538e-22)
(0.492797 -0.00832336 5.63098e-22)
(0.514495 0.000261703 0)
(0.514323 -0.000292834 -1.95262e-21)
(0.513484 -0.000861208 -1.82986e-21)
(0.511997 -0.00144085 2.59296e-21)
(0.509904 -0.00202723 1.58812e-21)
(0.507256 -0.00261612 1.51874e-21)
(0.504127 -0.003199 6.98747e-21)
(0.500565 -0.00377679 -5.18612e-21)
(0.496713 -0.00431883 1.22156e-21)
(0.49248 -0.00490773 0)
(0.514192 0.000102773 0)
(0.514018 -8.17127e-06 9.66948e-22)
(0.513181 -0.000129954 -9.36143e-22)
(0.511704 -0.000265547 8.99925e-22)
(0.509625 -0.000416827 0)
(0.506995 -0.00058588 -1.5265e-21)
(0.503886 -0.000773594 1.37698e-21)
(0.500348 -0.000984768 1.26199e-21)
(0.496514 -0.00121314 0)
(0.49233 -0.00149722 0)
(0.447014 0.146704 0)
(0.44408 0.161861 -4.78955e-20)
(0.443655 0.17992 0)
(0.442757 0.201592 -1.58382e-19)
(0.440168 0.226284 5.79505e-20)
(0.434098 0.252608 9.26311e-22)
(0.419739 0.276184 5.90452e-20)
(0.385941 0.285892 -2.45893e-21)
(0.310754 0.257086 0)
(0.157931 0.13882 7.09101e-20)
(0.467302 0.145659 8.99764e-20)
(0.467725 0.161834 4.78947e-20)
(0.470908 0.179483 -4.78427e-20)
(0.473374 0.200945 5.30505e-20)
(0.47431 0.225285 -5.12216e-20)
(0.471671 0.250813 2.88909e-21)
(0.459784 0.273035 -5.92234e-20)
(0.425922 0.280789 -1.24247e-19)
(0.345113 0.250142 -3.32752e-20)
(0.175248 0.133086 -1.05353e-19)
(0.489704 0.141569 -4.22306e-20)
(0.492867 0.15737 4.39237e-20)
(0.498384 0.174472 4.78419e-20)
(0.50358 0.195407 4.98926e-20)
(0.507686 0.21895 5.21065e-20)
(0.508107 0.243189 5.44507e-20)
(0.498194 0.263546 3.29721e-21)
(0.46364 0.269041 5.95645e-20)
(0.376721 0.237118 3.01259e-20)
(0.190451 0.124034 -3.216e-20)
(0.51236 0.134541 8.45562e-20)
(0.517783 0.149549 -4.3923e-20)
(0.525265 0.165741 0)
(0.532884 0.185562 0)
(0.539741 0.207665 0)
(0.542664 0.230009 4.93055e-20)
(0.53404 0.247984 -4.94258e-20)
(0.498044 0.251001 0)
(0.404584 0.218504 2.80011e-20)
(0.203011 0.112101 -5.95696e-20)
(0.533674 0.124484 -1.86104e-20)
(0.541244 0.138337 6.22127e-20)
(0.550653 0.153319 0)
(0.560507 0.17156 0)
(0.569696 0.191677 2.20601e-20)
(0.5745 0.211588 2.28084e-20)
(0.566383 0.226759 2.67873e-20)
(0.528152 0.227222 2.42681e-20)
(0.427801 0.194972 5.10916e-20)
(0.212529 0.097825 -1.32119e-21)
(0.553097 0.111521 5.56045e-20)
(0.562665 0.123862 1.98426e-20)
(0.573886 0.137326 0)
(0.58572 0.153584 0)
(0.596777 0.171262 -6.41767e-20)
(0.602783 0.188311 2.20508e-20)
(0.594338 0.200397 1.29389e-21)
(0.553167 0.198468 -3.81544e-22)
(0.445522 0.167321 -4.90912e-20)
(0.218682 0.0817538 -2.60874e-20)
(0.570286 0.095823 -3.49703e-20)
(0.581604 0.106357 3.67927e-20)
(0.594415 0.118015 3.72688e-20)
(0.607882 0.131933 -3.94288e-20)
(0.620276 0.146804 -1.97386e-20)
(0.626774 0.160688 2.10237e-20)
(0.617233 0.169459 -2.0655e-20)
(0.572125 0.165615 2.21849e-20)
(0.457255 0.136733 0)
(0.221362 0.0645107 0)
(0.584858 0.0776132 -3.29887e-20)
(0.597627 0.0861092 3.47097e-20)
(0.611743 0.0957153 0)
(0.626396 0.106992 0)
(0.639548 0.11875 0)
(0.64578 0.129217 9.51855e-21)
(0.634176 0.134934 -3.92948e-20)
(0.584359 0.129726 3.02106e-20)
(0.462906 0.104105 0)
(0.220627 0.0467949 1.02337e-20)
(0.596483 0.0571934 -1.55282e-20)
(0.610304 0.0634579 1.24147e-20)
(0.625348 0.0708467 -4.04412e-21)
(0.640764 0.0792569 0)
(0.653996 0.0876822 -8.62261e-21)
(0.659098 0.0947588 2.2844e-20)
(0.644515 0.0976601 0)
(0.589742 0.0917502 -5.18005e-21)
(0.462344 0.0705011 9.21905e-21)
(0.21659 0.0292546 -1.52116e-20)
(0.604756 0.0349431 0)
(0.619263 0.038989 3.92425e-21)
(0.634857 0.0438206 4.04404e-21)
(0.650503 0.04921 0)
(0.663089 0.0543587 4.02481e-21)
(0.666253 0.0581675 -6.59127e-21)
(0.648015 0.0586365 -2.17997e-21)
(0.588064 0.0527621 -4.45824e-21)
(0.455605 0.0369656 -4.55604e-21)
(0.209476 0.0124576 0)
(0.282387 0.0102061 -1.43723e-20)
(0.268018 0.0114674 1.5072e-20)
(0.250925 0.0129116 7.91752e-21)
(0.230498 0.0145678 8.38164e-21)
(0.205986 0.016468 -8.90004e-21)
(0.17644 0.0185714 -1.42178e-20)
(0.140813 0.0206335 5.08193e-21)
(0.0979998 0.0219139 -1.09328e-20)
(0.0496163 0.0204935 -1.18538e-20)
(0.0129774 0.0117614 0)
(0.285911 0.0304064 0)
(0.271967 0.0341528 -7.50008e-21)
(0.255201 0.0384598 -7.89113e-21)
(0.235185 0.0433969 0)
(0.211177 0.0490572 1.76507e-20)
(0.182196 0.05532 9.34247e-21)
(0.147126 0.0614564 0)
(0.104668 0.0652444 -1.06919e-20)
(0.0558184 0.0609556 -2.17747e-23)
(0.0165694 0.0349823 -1.25469e-20)
(0.292899 0.0499575 5.66208e-20)
(0.279777 0.0560845 -5.95788e-20)
(0.263662 0.0631792 0)
(0.244462 0.0713014 0)
(0.221454 0.0805978 0)
(0.193593 0.0908711 -5.60002e-20)
(0.159618 0.100916 7.97675e-20)
(0.117815 0.107055 -2.1302e-20)
(0.0680618 0.0998702 0)
(0.0236769 0.0572391 2.51287e-20)
(0.303234 0.0684165 5.60212e-20)
(0.291284 0.0767685 -5.89452e-20)
(0.276129 0.0865317 -6.17348e-20)
(0.258135 0.0976801 1.42279e-22)
(0.236598 0.110407 1.03703e-19)
(0.210376 0.124442 -3.67835e-20)
(0.177992 0.13811 3.92982e-20)
(0.137108 0.146346 -8.44389e-20)
(0.0860013 0.136269 4.55834e-20)
(0.0340587 0.0778768 0)
(0.316756 0.0853747 -1.38662e-19)
(0.30626 0.0957558 2.87018e-20)
(0.292347 0.108025 0)
(0.275924 0.121979 0)
(0.256289 0.137854 3.42543e-20)
(0.232176 0.155308 -1.0798e-19)
(0.201818 0.172212 7.65762e-20)
(0.162064 0.182197 -8.21386e-20)
(0.109126 0.169237 7.8135e-22)
(0.0473628 0.0963247 -4.70482e-20)
(0.333221 0.100392 1.89791e-19)
(0.324394 0.112605 -1.42829e-19)
(0.311975 0.127194 0)
(0.297456 0.143679 0)
(0.280104 0.162351 3.36114e-20)
(0.258504 0.1828 3.56966e-20)
(0.230531 0.202459 3.60461e-20)
(0.19204 0.213768 4.07822e-20)
(0.136771 0.19794 5.07648e-22)
(0.0631389 0.112072 9.3586e-20)
(0.352486 0.113226 -1.08439e-19)
(0.345436 0.127042 -5.48774e-20)
(0.334683 0.143699 0)
(0.322324 0.162363 0)
(0.307556 0.183399 0)
(0.288783 0.206333 -6.84802e-20)
(0.263451 0.228178 7.08987e-20)
(0.226259 0.240315 0)
(0.168132 0.221654 -4.19456e-20)
(0.0808466 0.124687 8.9637e-20)
(0.374009 0.123216 -5.26229e-20)
(0.36876 0.138582 5.48769e-20)
(0.359833 0.157125 5.58881e-20)
(0.349903 0.17762 5.87124e-20)
(0.337997 0.200556 6.18339e-20)
(0.322299 0.225406 6.5311e-20)
(0.299769 0.248799 -2.59813e-21)
(0.263811 0.261213 7.35439e-20)
(0.202277 0.239786 -4.02594e-20)
(0.0998694 0.133833 4.2977e-20)
(0.398829 0.131447 -1.01831e-19)
(0.394727 0.147673 5.16201e-20)
(0.387343 0.16749 -5.58875e-20)
(0.379841 0.189227 -5.95071e-20)
(0.370856 0.213479 5.88067e-20)
(0.358307 0.239607 -2.49222e-21)
(0.338595 0.263854 -2.02964e-19)
(0.303685 0.27597 -1.43013e-19)
(0.238175 0.251889 3.88465e-20)
(0.119533 0.139284 -3.88476e-20)
(0.42527 0.134794 0)
(0.421554 0.152891 -5.16195e-20)
(0.416317 0.17412 0)
(0.411564 0.196858 5.4023e-20)
(0.405493 0.221927 -1.77131e-19)
(0.396024 0.248661 -1.23915e-19)
(0.37899 0.273023 1.3169e-19)
(0.344802 0.284249 7.02978e-20)
(0.274724 0.257688 0)
(0.139128 0.140938 7.98563e-20)
(0.367961 0.000195823 0)
(0.367689 0.000225553 -1.10369e-21)
(0.367227 0.000290951 1.09791e-21)
(0.366651 0.000394114 0)
(0.365923 0.00053549 -2.11704e-21)
(0.364981 0.000715854 2.10613e-21)
(0.363775 0.000936085 0)
(0.362269 0.00119724 0)
(0.360409 0.00150262 0)
(0.3581 0.00184491 0)
(0.355269 0.00222868 9.78791e-22)
(0.351874 0.00266119 0)
(0.347863 0.00314987 0)
(0.343168 0.00370377 7.50892e-21)
(0.337705 0.00433456 -7.47189e-21)
(0.331376 0.00505679 0)
(0.324067 0.00588806 8.15712e-21)
(0.31564 0.00684834 -1.43855e-20)
(0.305922 0.00795551 7.13683e-21)
(0.294686 0.00918748 7.03173e-21)
(0.368676 0.000575559 2.31136e-21)
(0.368412 0.000667068 4.37805e-21)
(0.367967 0.000864947 -4.35695e-21)
(0.367412 0.0011729 2.13895e-21)
(0.366705 0.00159291 2.10983e-21)
(0.365787 0.00212828 8.29228e-21)
(0.364612 0.00278254 -6.20011e-21)
(0.363149 0.00356053 -1.61429e-20)
(0.361329 0.00447116 3.39938e-20)
(0.359059 0.00549528 -1.58542e-20)
(0.356284 0.00664421 -1.45446e-20)
(0.352968 0.00793767 3.26816e-20)
(0.349056 0.00939752 -2.84774e-20)
(0.344482 0.0110509 1.50564e-20)
(0.339168 0.0129327 1.84878e-21)
(0.333023 0.0150864 3.10109e-20)
(0.325938 0.0175644 -2.99576e-20)
(0.317785 0.0204267 0)
(0.308395 0.0237282 1.76642e-21)
(0.297511 0.0274134 0)
(0.370075 0.000933741 -6.84504e-21)
(0.369834 0.00108956 1.02118e-23)
(0.369421 0.00142269 8.55315e-21)
(0.368898 0.00193748 -4.31607e-21)
(0.368229 0.00263799 -1.05014e-20)
(0.367358 0.00352979 -2.0638e-21)
(0.366247 0.00461783 -2.03986e-21)
(0.364872 0.00591029 -2.01014e-21)
(0.363136 0.0074082 2.76706e-20)
(0.360948 0.00909051 -2.75644e-22)
(0.35829 0.01098 -3.4989e-20)
(0.355127 0.0131074 -1.91458e-21)
(0.35141 0.0155075 -3.77621e-21)
(0.347077 0.0182253 0)
(0.34206 0.0213181 -3.30782e-20)
(0.33628 0.0248575 2.56334e-20)
(0.329641 0.02893 0)
(0.322036 0.0336344 -1.77659e-21)
(0.313311 0.0390652 -1.7695e-21)
(0.303131 0.0451718 -1.73856e-21)
(0.372124 0.00126422 2.24695e-21)
(0.371915 0.00148147 6.42886e-21)
(0.37155 0.0019437 0)
(0.371078 0.00265688 -1.8742e-20)
(0.370467 0.00362752 1.66048e-20)
(0.369668 0.00486549 1.82924e-20)
(0.368651 0.00638465 -1.21755e-20)
(0.367382 0.00820201 1.99342e-21)
(0.365743 0.010241 -2.54311e-20)
(0.363672 0.0125409 2.84982e-22)
(0.361192 0.015135 2.89517e-20)
(0.358262 0.0180574 -3.02213e-20)
(0.354836 0.0213533 -2.77275e-20)
(0.350863 0.0250837 6.32601e-20)
(0.34629 0.0293272 1.83704e-21)
(0.341056 0.0341813 5.42692e-21)
(0.335088 0.0397649 -5.71311e-20)
(0.32831 0.0462133 2.20959e-21)
(0.320609 0.0536568 4.09054e-22)
(0.311493 0.0621269 5.75101e-20)
(0.374751 0.00156169 4.37516e-21)
(0.374579 0.00184184 -1.67899e-20)
(0.374267 0.00243559 8.35138e-21)
(0.373852 0.003352 4.11199e-21)
(0.373313 0.00459826 0)
(0.372622 0.00618224 0)
(0.371764 0.0081171 -3.97759e-21)
(0.370587 0.0103964 0)
(0.369022 0.0129548 -3.89027e-21)
(0.367143 0.0158415 0)
(0.364916 0.0190971 3.80579e-21)
(0.362297 0.0227618 -5.98051e-20)
(0.359253 0.0268922 5.59672e-22)
(0.355754 0.0315643 -3.13849e-21)
(0.351767 0.0368751 5.84186e-20)
(0.347255 0.0429453 -3.60956e-21)
(0.34218 0.0499222 3.53852e-21)
(0.336505 0.0579733 -5.60971e-20)
(0.330204 0.0672441 5.94689e-20)
(0.322514 0.0779725 1.09858e-19)
(0.377912 0.00181431 4.25954e-21)
(0.377785 0.00214786 -4.12278e-21)
(0.377542 0.00285221 -4.05937e-21)
(0.377206 0.00394068 -4.01814e-21)
(0.376757 0.00542227 -3.16904e-20)
(0.37618 0.00731524 5.91314e-20)
(0.375421 0.0096724 -3.52716e-20)
(0.374338 0.0123347 0)
(0.372928 0.0153771 -3.81408e-21)
(0.371275 0.0188193 -3.77414e-21)
(0.369346 0.0226907 -3.73449e-21)
(0.367105 0.0270398 5.534e-20)
(0.364533 0.0319342 -1.21138e-19)
(0.361619 0.0374634 5.84466e-20)
(0.358357 0.0437407 0)
(0.354742 0.0509063 -3.54116e-21)
(0.350778 0.0591309 -1.19316e-19)
(0.346473 0.0686131 1.12275e-19)
(0.341953 0.0794699 -3.47927e-21)
(0.336051 0.0923281 0)
(0.38149 0.00204254 4.15095e-21)
(0.381397 0.00244808 -1.18863e-20)
(0.381206 0.00329437 4.12611e-21)
(0.380933 0.00460222 2.3618e-20)
(0.380583 0.00638909 3.8832e-21)
(0.380205 0.0086688 -2.29656e-20)
(0.379556 0.0112792 4.16343e-21)
(0.378532 0.014282 3.04697e-20)
(0.377341 0.0177477 7.50745e-21)
(0.375979 0.0216821 6.29476e-20)
(0.374406 0.0261076 -5.19671e-20)
(0.372608 0.0310748 -5.08522e-20)
(0.370589 0.0366583 6.19198e-20)
(0.368364 0.0429564 3.56981e-21)
(0.365959 0.0500934 3.53472e-21)
(0.36341 0.0582209 7.04314e-21)
(0.360776 0.067519 6.97606e-21)
(0.358109 0.0782126 -3.42599e-21)
(0.355768 0.0903102 0)
(0.352033 0.105057 1.0746e-19)
(0.385554 0.00219272 -1.19919e-20)
(0.385509 0.00260523 4.29648e-23)
(0.385409 0.00350748 -3.83722e-21)
(0.385263 0.00499478 -3.41499e-20)
(0.385082 0.0069996 2.28918e-20)
(0.384622 0.00943398 -3.76607e-21)
(0.383871 0.0122564 0)
(0.383069 0.0155959 0)
(0.38218 0.0194546 -7.35572e-21)
(0.381157 0.0238218 -3.63794e-21)
(0.379996 0.0287209 -3.63698e-21)
(0.378713 0.0342057 -3.61095e-21)
(0.377336 0.0403547 0)
(0.375908 0.0472715 -7.07709e-21)
(0.37449 0.0550859 -3.53181e-21)
(0.373165 0.0639568 -6.95963e-21)
(0.372054 0.0740717 -3.4768e-21)
(0.371239 0.08571 -1.05144e-19)
(0.371396 0.0987276 1.09082e-19)
(0.370149 0.11531 0)
(0.38972 0.00245822 0)
(0.389716 0.00303879 3.73909e-21)
(0.389768 0.0041702 1.86418e-21)
(0.389763 0.00576343 0)
(0.389487 0.00786165 3.29351e-20)
(0.389037 0.0104364 -2.94509e-20)
(0.388555 0.01363 5.96773e-20)
(0.388024 0.0173936 -5.82634e-20)
(0.387422 0.021689 5.40053e-21)
(0.386753 0.0265184 1.80939e-21)
(0.386041 0.0319142 0)
(0.385323 0.037935 0)
(0.384652 0.044665 0)
(0.384104 0.0522132 1.14361e-19)
(0.383788 0.0607126 -2.21709e-19)
(0.383847 0.070318 5.10901e-21)
(0.384501 0.0811895 1.10006e-19)
(0.385893 0.0935984 0)
(0.389141 0.107101 0)
(0.391105 0.124805 1.06163e-19)
(0.394911 0.00243702 0)
(0.394893 0.00286861 -1.43119e-20)
(0.394752 0.00381519 -1.228e-20)
(0.394515 0.00524519 2.87878e-20)
(0.394284 0.00724371 2.83133e-20)
(0.394029 0.00991373 -8.49933e-20)
(0.393747 0.0132069 5.51773e-20)
(0.393457 0.0170706 0)
(0.393173 0.0214836 -1.76091e-21)
(0.392918 0.02645 -5.37303e-20)
(0.392732 0.031998 1.11261e-19)
(0.392675 0.0381802 -5.5778e-20)
(0.39283 0.0450712 0)
(0.393314 0.0527635 -1.08727e-19)
(0.394279 0.0613629 2.17872e-19)
(0.395926 0.0709877 -1.09147e-19)
(0.398532 0.0817618 0)
(0.402296 0.0939714 -1.05379e-19)
(0.408572 0.107343 1.06482e-19)
(0.41381 0.12618 -1.64373e-21)
(0.398856 0.00267732 0)
(0.398856 0.00332161 0)
(0.398833 0.00459796 0)
(0.398787 0.00659527 0)
(0.398738 0.00928181 0)
(0.398684 0.0126315 0)
(0.398644 0.0166147 0)
(0.398648 0.0211923 0)
(0.398724 0.0263345 0)
(0.398908 0.0320339 0)
(0.399255 0.0383104 0)
(0.399838 0.0452092 0)
(0.400756 0.052797 0)
(0.402139 0.0611563 0)
(0.404158 0.0703797 0)
(0.407039 0.0805661 0)
(0.411125 0.0918171 0)
(0.416743 0.104278 0)
(0.425552 0.11785 0)
(0.435734 0.136101 0)
(0.402885 0.002673 0)
(0.4029 0.00328368 0)
(0.402931 0.00452517 0)
(0.402977 0.00642544 0)
(0.403049 0.00897866 0)
(0.403163 0.0121704 0)
(0.403341 0.0159707 0)
(0.403612 0.0203353 0)
(0.404011 0.0252239 0)
(0.404581 0.030614 0)
(0.405383 0.0365053 0)
(0.406495 0.0429178 0)
(0.408019 0.0498872 0)
(0.410088 0.0574563 0)
(0.412869 0.0656668 0)
(0.416576 0.074546 0)
(0.421506 0.0840917 0)
(0.427934 0.0942306 0)
(0.436651 0.10458 0)
(0.447498 0.116969 0)
(0.406986 0.00262858 0)
(0.407024 0.00321601 0)
(0.407097 0.00442114 0)
(0.407206 0.00626061 0)
(0.407371 0.00873434 0)
(0.407617 0.0118241 0)
(0.407969 0.0154914 0)
(0.408458 0.019685 0)
(0.409121 0.0243559 0)
(0.410005 0.0294688 0)
(0.411172 0.0350069 0)
(0.412697 0.0409693 0)
(0.414678 0.0473656 0)
(0.417235 0.0542069 0)
(0.420519 0.0614945 0)
(0.42471 0.0692057 0)
(0.430028 0.0772776 0)
(0.436715 0.0855672 0)
(0.445056 0.093708 0)
(0.455949 0.1031 0)
(0.411119 0.00257149 0)
(0.41118 0.00314202 0)
(0.411294 0.00431208 0)
(0.41146 0.00609627 0)
(0.411705 0.0084934 0)
(0.412059 0.0114815 0)
(0.412554 0.0150173 0)
(0.413222 0.0190443 0)
(0.414102 0.023506 0)
(0.415241 0.0283568 0)
(0.416698 0.0335661 0)
(0.418543 0.0391169 0)
(0.420863 0.0449992 0)
(0.423765 0.0512015 0)
(0.427372 0.0577001 0)
(0.43183 0.0644456 0)
(0.437296 0.0713521 0)
(0.443979 0.0782752 0)
(0.45191 0.084868 0)
(0.462171 0.0923015 0)
(0.415219 0.00249217 0)
(0.415299 0.00303906 0)
(0.415448 0.00415987 0)
(0.415662 0.00586732 0)
(0.415972 0.0081588 0)
(0.416415 0.0110107 0)
(0.417025 0.0143774 0)
(0.417836 0.0181987 0)
(0.418888 0.0224125 0)
(0.420227 0.0269647 0)
(0.421905 0.0318141 0)
(0.423986 0.0369309 0)
(0.426546 0.0422909 0)
(0.429672 0.0478668 0)
(0.433465 0.0536197 0)
(0.438038 0.0594876 0)
(0.443497 0.0653768 0)
(0.450011 0.0711555 0)
(0.457491 0.0764959 0)
(0.466949 0.0824303 0)
(0.419217 0.00239005 0)
(0.419314 0.00290788 0)
(0.419492 0.00396842 0)
(0.419744 0.00558303 0)
(0.420106 0.00774823 0)
(0.420618 0.0104397 0)
(0.421317 0.0136106 0)
(0.422238 0.0171985 0)
(0.423421 0.0211372 0)
(0.424907 0.0253669 0)
(0.426744 0.0298385 0)
(0.428988 0.034513 0)
(0.431701 0.0393559 0)
(0.434955 0.0443303 0)
(0.438828 0.0493886 0)
(0.443404 0.0544644 0)
(0.448752 0.0594648 0)
(0.455002 0.064275 0)
(0.462019 0.0686029 0)
(0.470718 0.0733648 0)
(0.42306 0.00226903 0)
(0.423171 0.00275451 0)
(0.423373 0.00374782 0)
(0.423656 0.00525932 0)
(0.424057 0.00728506 0)
(0.424621 0.00980059 0)
(0.425386 0.0127589 0)
(0.426388 0.0160968 0)
(0.427664 0.0197461 0)
(0.429252 0.0236434 0)
(0.431196 0.0277345 0)
(0.433541 0.0319744 0)
(0.436338 0.0363222 0)
(0.439645 0.0407357 0)
(0.443518 0.0451636 0)
(0.448019 0.0495402 0)
(0.453192 0.0537786 0)
(0.459133 0.0577813 0)
(0.465694 0.0612956 0)
(0.473686 0.0651187 0)
(0.426709 0.00213269 0)
(0.426831 0.00258349 0)
(0.427052 0.0035048 0)
(0.427357 0.00490607 0)
(0.427787 0.00678317 0)
(0.428389 0.00911209 0)
(0.4292 0.0118466 0)
(0.430257 0.0149243 0)
(0.431595 0.0182767 0)
(0.433249 0.0218389 0)
(0.435255 0.025554 0)
(0.437652 0.0293737 0)
(0.44048 0.033254 0)
(0.443781 0.0371501 0)
(0.447599 0.041011 0)
(0.451976 0.0447742 0)
(0.456934 0.0483612 0)
(0.462547 0.0516893 0)
(0.468664 0.0545418 0)
(0.475994 0.0576017 0)
(0.430132 0.00198408 0)
(0.430262 0.00239859 0)
(0.430497 0.00324475 0)
(0.43082 0.00453115 0)
(0.43127 0.00625372 0)
(0.431896 0.00838932 0)
(0.432737 0.0108935 0)
(0.433828 0.0137056 0)
(0.435203 0.0167586 0)
(0.436891 0.0199878 0)
(0.438925 0.023336 0)
(0.441335 0.0267535 0)
(0.444153 0.0301954 0)
(0.44741 0.0336171 0)
(0.451134 0.0369694 0)
(0.455354 0.0401948 0)
(0.460078 0.0432235 0)
(0.46536 0.0459856 0)
(0.471055 0.0482963 0)
(0.477767 0.0507345 0)
(0.433306 0.00182598 0)
(0.433443 0.00220326 0)
(0.433688 0.00297252 0)
(0.434022 0.00414155 0)
(0.434484 0.00570645 0)
(0.435125 0.00764542 0)
(0.435983 0.00991634 0)
(0.437091 0.0124616 0)
(0.438482 0.0152167 0)
(0.440181 0.018119 0)
(0.442217 0.0211123 0)
(0.444612 0.0241476 0)
(0.447391 0.0271808 0)
(0.450574 0.0301687 0)
(0.45418 0.0330655 0)
(0.458227 0.0358194 0)
(0.462711 0.0383689 0)
(0.467669 0.0406554 0)
(0.472969 0.0425223 0)
(0.479114 0.0444552 0)
(0.436216 0.00166087 0)
(0.436357 0.00200051 0)
(0.436609 0.00269223 0)
(0.436949 0.00374304 0)
(0.437418 0.00514936 0)
(0.438065 0.00689097 0)
(0.438929 0.00892874 0)
(0.440042 0.0112088 0)
(0.441433 0.0136705 0)
(0.443126 0.0162543 0)
(0.445144 0.0189066 0)
(0.447504 0.0215802 0)
(0.450224 0.0242332 0)
(0.453317 0.0268252 0)
(0.456793 0.0293141 0)
(0.46066 0.031654 0)
(0.464908 0.0337917 0)
(0.469559 0.0356778 0)
(0.474496 0.0371811 0)
(0.480124 0.0387044 0)
(0.438849 0.00149086 0)
(0.438993 0.00179284 0)
(0.439249 0.0024072 0)
(0.439593 0.00334019 0)
(0.440064 0.00458861 0)
(0.440711 0.00613407 0)
(0.441573 0.00794083 0)
(0.442681 0.00995946 0)
(0.444061 0.012134 0)
(0.445735 0.0144092 0)
(0.447722 0.0167349 0)
(0.450034 0.0190671 0)
(0.452684 0.0213668 0)
(0.455678 0.023597 0)
(0.459019 0.0257199 0)
(0.462709 0.0276954 0)
(0.466732 0.0294779 0)
(0.471098 0.0310262 0)
(0.475706 0.032231 0)
(0.480871 0.0334235 0)
(0.441197 0.00131765 0)
(0.441343 0.00158225 0)
(0.441601 0.00212 0)
(0.441946 0.00293643 0)
(0.442415 0.00402874 0)
(0.443059 0.00538055 0)
(0.443914 0.00695984 0)
(0.44501 0.00872213 0)
(0.446372 0.0106169 0)
(0.448019 0.0125939 0)
(0.449967 0.0146073 0)
(0.452225 0.0166172 0)
(0.454799 0.0185881 0)
(0.457692 0.0204867 0)
(0.460901 0.02228 0)
(0.464422 0.0239334 0)
(0.468237 0.0254082 0)
(0.472345 0.0266702 0)
(0.47666 0.0276295 0)
(0.481416 0.0285555 0)
(0.443256 0.0011426 0)
(0.443402 0.00137026 0)
(0.443662 0.00183252 0)
(0.444005 0.00253418 0)
(0.444471 0.00347287 0)
(0.445108 0.00463431 0)
(0.445953 0.00599044 0)
(0.447033 0.00750215 0)
(0.448373 0.00912481 0)
(0.449989 0.0108139 0)
(0.451894 0.0125288 0)
(0.454095 0.0142338 0)
(0.456594 0.0158976 0)
(0.45939 0.0174912 0)
(0.462475 0.018986 0)
(0.465841 0.0203527 0)
(0.469468 0.0215591 0)
(0.473346 0.0225772 0)
(0.477405 0.0233339 0)
(0.481806 0.0240453 0)
(0.445023 0.000966707 0)
(0.445169 0.00115798 0)
(0.445427 0.00154603 0)
(0.445768 0.00213496 0)
(0.44623 0.00292285 0)
(0.446859 0.00389755 0)
(0.447691 0.00503514 0)
(0.448755 0.00630216 0)
(0.450071 0.00766031 0)
(0.451656 0.00907127 0)
(0.453519 0.0105 0)
(0.455665 0.0119156 0)
(0.458093 0.0132914 0)
(0.460798 0.0146025 0)
(0.463771 0.015825 0)
(0.467 0.0169346 0)
(0.470461 0.0179049 0)
(0.474141 0.0187133 0)
(0.47798 0.0193014 0)
(0.48208 0.0198399 0)
(0.446495 0.000790671 0)
(0.44664 0.000946119 0)
(0.446897 0.00126126 0)
(0.447236 0.00173953 0)
(0.447692 0.00237946 0)
(0.448313 0.00317104 0)
(0.449134 0.00409461 0)
(0.45018 0.00512256 0)
(0.451473 0.00622322 0)
(0.453028 0.00736482 0)
(0.454852 0.00851823 0)
(0.456948 0.00965795 0)
(0.459313 0.0107617 0)
(0.461939 0.0118092 0)
(0.464815 0.0127809 0)
(0.467925 0.0136574 0)
(0.471246 0.0144177 0)
(0.474759 0.0150439 0)
(0.478416 0.0154904 0)
(0.482267 0.0158886 0)
(0.447671 0.000615 0)
(0.447816 0.000735053 0)
(0.448072 0.000978427 0)
(0.448408 0.001348 0)
(0.44886 0.0018426 0)
(0.449473 0.00245442 0)
(0.450282 0.00316807 0)
(0.451314 0.00396196 0)
(0.452587 0.00481126 0)
(0.454116 0.00569102 0)
(0.455906 0.00657834 0)
(0.457959 0.00745318 0)
(0.46027 0.00829804 0)
(0.46283 0.00909716 0)
(0.465626 0.00983546 0)
(0.468639 0.0104979 0)
(0.471847 0.0110686 0)
(0.475226 0.011534 0)
(0.478736 0.0118597 0)
(0.482389 0.0121433 0)
(0.448554 0.000440276 0)
(0.448698 0.000525051 0)
(0.448953 0.000697437 0)
(0.449286 0.000959933 0)
(0.449734 0.00131152 0)
(0.450341 0.0017464 0)
(0.451141 0.00225355 0)
(0.45216 0.00281752 0)
(0.453417 0.00342046 0)
(0.454925 0.00404443 0)
(0.456688 0.00467295 0)
(0.458708 0.00529159 0)
(0.460977 0.00588779 0)
(0.463486 0.00645028 0)
(0.46622 0.00696831 0)
(0.46916 0.00743128 0)
(0.472282 0.00782786 0)
(0.47556 0.0081485 0)
(0.47896 0.00836914 0)
(0.482464 0.00855749 0)
(0.449142 0.00026667 0)
(0.449285 0.000316138 0)
(0.449539 0.000417995 0)
(0.449871 0.000574626 0)
(0.450316 0.0007849 0)
(0.450918 0.00104497 0)
(0.451712 0.00134818 0)
(0.452723 0.00168529 0)
(0.453968 0.00204555 0)
(0.455461 0.00241814 0)
(0.457206 0.00279312 0)
(0.459203 0.00316179 0)
(0.461444 0.00351661 0)
(0.463918 0.00385079 0)
(0.46661 0.00415789 0)
(0.4695 0.00443158 0)
(0.472564 0.00466508 0)
(0.475774 0.00485253 0)
(0.4791 0.00497907 0)
(0.482506 0.00508537 0)
(0.449438 9.00504e-05 0)
(0.449578 0.000105961 0)
(0.449832 0.000139309 0)
(0.450164 0.00019128 0)
(0.450607 0.000261262 0)
(0.451207 0.000347805 0)
(0.451997 0.000448687 0)
(0.453003 0.000560837 0)
(0.454243 0.000680668 0)
(0.455728 0.00080456 0)
(0.457464 0.000929193 0)
(0.459449 0.00105167 0)
(0.461675 0.00116945 0)
(0.464132 0.00128029 0)
(0.466803 0.00138204 0)
(0.469668 0.00147259 0)
(0.472703 0.00154967 0)
(0.475878 0.0016113 0)
(0.479164 0.00165191 0)
(0.482517 0.00168929 0)
(0.456982 0.125837 -1.49316e-21)
(0.477719 0.120557 -9.0806e-20)
(0.496505 0.116085 0)
(0.515173 0.109829 -8.27411e-20)
(0.532811 0.101525 0)
(0.548879 0.0911199 -7.38006e-20)
(0.563142 0.0785851 3.60297e-20)
(0.5753 0.0640186 -1.05875e-21)
(0.585027 0.047615 0)
(0.592057 0.0294845 0)
(0.462961 0.111862 9.58251e-20)
(0.482557 0.107924 0)
(0.498581 0.103769 8.64856e-20)
(0.514037 0.0976619 0)
(0.529077 0.0896865 -2.38804e-21)
(0.542945 0.0800461 3.94728e-20)
(0.555311 0.0687297 8.14877e-23)
(0.565898 0.0557858 -1.01107e-21)
(0.574361 0.041346 1.0094e-21)
(0.580516 0.0255664 3.72548e-21)
(0.468459 0.100534 -9.48225e-20)
(0.486362 0.096798 0)
(0.500685 0.0922067 -8.34726e-20)
(0.51383 0.0861447 -2.61502e-21)
(0.526685 0.0785972 7.80569e-20)
(0.538553 0.0697517 -3.71576e-20)
(0.549088 0.0596075 1.15708e-21)
(0.558096 0.0481796 -1.0749e-21)
(0.565302 0.0355529 0)
(0.570578 0.0219147 -7.51964e-21)
(0.473073 0.0901138 0)
(0.489133 0.0864318 8.86831e-20)
(0.501933 0.0817685 -2.61025e-21)
(0.513284 0.0760158 5.09745e-21)
(0.524384 0.0690525 -8.2931e-20)
(0.53465 0.0610008 2.38084e-21)
(0.543712 0.0519015 -3.54613e-20)
(0.551422 0.0417831 0)
(0.557576 0.030725 -1.65827e-20)
(0.56206 0.0189331 4.28344e-21)
(0.476787 0.0803698 -9.11977e-20)
(0.491064 0.0768863 2.31974e-21)
(0.502457 0.0723846 -5.28039e-21)
(0.512376 0.067028 5.07469e-21)
(0.522056 0.0606884 -2.4859e-21)
(0.53103 0.0534243 -2.28077e-21)
(0.538919 0.045294 3.37013e-21)
(0.545594 0.0363333 1.49134e-20)
(0.550933 0.0266155 1.72056e-20)
(0.554721 0.0162975 0)
(0.479699 0.0714293 1.80111e-19)
(0.492346 0.0681725 -1.73777e-19)
(0.502468 0.0639361 -2.57284e-21)
(0.51122 0.059009 2.5752e-21)
(0.51974 0.0532862 0)
(0.527655 0.0467792 3.73849e-20)
(0.534595 0.0395458 1.09464e-21)
(0.540438 0.0316251 -1.92499e-20)
(0.545081 0.02308 1.04691e-21)
(0.548352 0.0139877 -3.9027e-21)
(0.481913 0.06329 -8.89346e-20)
(0.493118 0.0602584 8.87554e-20)
(0.502128 0.0563399 -5.20449e-21)
(0.509919 0.0518548 2.5643e-21)
(0.517484 0.0467221 3.88729e-20)
(0.524522 0.0409254 -2.28512e-21)
(0.530686 0.0345154 3.82972e-20)
(0.535856 0.0275326 0)
(0.539939 0.0200332 8.25589e-21)
(0.542794 0.0120873 3.92195e-21)
(0.483544 0.0558824 0)
(0.493497 0.0530829 0)
(0.501556 0.0495067 0)
(0.508554 0.0454612 4.25715e-20)
(0.515332 0.0408835 -8.01895e-20)
(0.521641 0.0357445 4.23682e-24)
(0.527164 0.0300866 -1.69298e-20)
(0.531783 0.0239496 -2.16861e-21)
(0.535412 0.0173829 -1.55496e-20)
(0.537931 0.0104469 0)
(0.484704 0.0491403 -4.31296e-20)
(0.493581 0.0465805 0)
(0.50084 0.043352 -2.5247e-21)
(0.507184 0.0397328 -3.50269e-20)
(0.513312 0.035673 3.63679e-20)
(0.519014 0.0311391 -3.7577e-20)
(0.524006 0.0261663 -1.81238e-20)
(0.528172 0.020792 -1.06671e-21)
(0.531429 0.0150594 1.78039e-20)
(0.533675 0.00902076 0)
(0.485495 0.0429994 8.5299e-20)
(0.493454 0.0406826 0)
(0.500047 0.0377952 -2.51007e-21)
(0.505853 0.0345828 -3.48653e-20)
(0.511445 0.0310042 -2.47036e-21)
(0.516642 0.0270258 2.30609e-21)
(0.521193 0.0226769 1.69958e-20)
(0.524983 0.0179918 -1.97446e-20)
(0.527935 0.0130079 -7.85464e-21)
(0.529956 0.00777017 5.15948e-22)
(0.486006 0.0373948 -4.08818e-20)
(0.493184 0.0353203 1.23152e-21)
(0.499227 0.0327614 -2.58089e-21)
(0.504593 0.0299336 4.22063e-20)
(0.509742 0.0268011 -2.46803e-21)
(0.51452 0.0233328 0)
(0.518704 0.0195529 8.70778e-24)
(0.522184 0.0154925 -1.92885e-23)
(0.524883 0.0111837 -8.48842e-21)
(0.526718 0.00666451 0)
(0.486308 0.0322633 -1.28128e-21)
(0.492827 0.0304273 3.82881e-21)
(0.49842 0.0281819 -5.04827e-21)
(0.503427 0.0257153 4.95253e-21)
(0.508211 0.0229967 -2.46583e-21)
(0.512643 0.0199975 -2.31427e-21)
(0.516523 0.0167384 -1.48616e-20)
(0.519745 0.0132467 1.54965e-20)
(0.522235 0.00954971 1.81591e-20)
(0.523918 0.00567918 0)
(0.486461 0.0275441 0)
(0.492427 0.0259409 -4.0698e-20)
(0.497654 0.0239934 0)
(0.502371 0.0218656 1.97447e-20)
(0.506858 0.0195314 0)
(0.511003 0.0169653 0)
(0.514632 0.0141847 1.12628e-21)
(0.517641 0.0112136 -1.13575e-21)
(0.519959 0.00807469 -8.58114e-21)
(0.521515 0.00479389 0)
(0.486512 0.0231795 3.94419e-20)
(0.49202 0.0218021 4.17029e-20)
(0.496951 0.0201376 0)
(0.501437 0.018328 2.4035e-21)
(0.505683 0.0163522 -2.18028e-20)
(0.509594 0.0141879 -2.3215e-21)
(0.513017 0.0118497 -6.87013e-21)
(0.515852 0.00935828 -1.09535e-21)
(0.518028 0.00673211 -3.21775e-21)
(0.519479 0.00399163 0)
(0.486498 0.019115 -6.04404e-20)
(0.491632 0.0179562 -2.00333e-20)
(0.49633 0.016561 -2.44326e-21)
(0.500633 0.0150515 -1.47372e-20)
(0.504687 0.0134115 3.62066e-20)
(0.50841 0.0116224 0)
(0.511666 0.00969635 1.03814e-20)
(0.514358 0.00765043 -1.14555e-21)
(0.516418 0.0054992 4.34071e-21)
(0.517784 0.00325801 1.04501e-21)
(0.486449 0.0152992 1.99427e-20)
(0.491285 0.0143514 2.23454e-20)
(0.495802 0.0132136 1.48206e-20)
(0.499966 0.0119888 2.48926e-21)
(0.503871 0.010666 -1.9325e-20)
(0.507445 0.00923038 0)
(0.510567 0.0076917 9.27354e-21)
(0.513145 0.00606352 -5.61651e-21)
(0.515111 0.00435641 1.11404e-21)
(0.516406 0.00258096 -1.05039e-21)
(0.486384 0.0116838 1.97262e-20)
(0.490994 0.0109394 0)
(0.495379 0.0100478 -2.20962e-20)
(0.499442 0.00909468 1.46419e-20)
(0.503235 0.0080743 -2.4556e-21)
(0.506695 0.00697537 2.33073e-21)
(0.509713 0.005805 -1.05304e-20)
(0.5122 0.00457286 -2.26494e-21)
(0.514089 0.00328553 1.11965e-21)
(0.515327 0.00194924 0)
(0.48632 0.00822526 -8.57343e-21)
(0.490771 0.00767891 1.16715e-21)
(0.495067 0.00702634 -2.48627e-21)
(0.499065 0.00633676 2.38588e-21)
(0.50278 0.00560863 -2.45359e-21)
(0.506156 0.00483392 4.75277e-21)
(0.509093 0.00401691 0)
(0.511508 0.00316293 4.54804e-21)
(0.513338 0.00227458 -2.20542e-21)
(0.51453 0.00135412 5.31695e-22)
(0.486276 0.00486949 -9.67604e-21)
(0.490633 0.0045088 2.39356e-21)
(0.494881 0.00409437 -1.03909e-24)
(0.49884 0.00367337 -7.2444e-21)
(0.502502 0.00324014 -2.40832e-21)
(0.505816 0.00278703 -9.47467e-21)
(0.508692 0.00231557 3.52802e-21)
(0.511053 0.00182758 -2.25931e-23)
(0.512836 0.00132287 2.21612e-21)
(0.513994 0.000801075 -5.34476e-22)
(0.486255 0.00156337 0)
(0.490596 0.00133114 0)
(0.494842 0.00110165 -7.26305e-21)
(0.498781 0.00091105 2.47364e-21)
(0.502401 0.000754286 2.42078e-21)
(0.505666 0.000621577 2.39566e-21)
(0.508496 0.00050646 1.1561e-21)
(0.510817 0.000402895 -3.45786e-21)
(0.512569 0.000304818 1.14261e-21)
(0.513704 0.000206994 0)
)
;

boundaryField
{
    bottom
    {
        type            symmetryPlane;
    }
    right
    {
        type            zeroGradient;
    }
    top
    {
        type            symmetryPlane;
    }
    left
    {
        type            zeroGradient;
    }
    cylinder
    {
        type            noSlip;
    }
    defaultFaces
    {
        type            empty;
    }
}


// ************************************************************************* //
