/*--------------------------------*- C++ -*----------------------------------*\
| =========                 |                                                 |
| \\      /  F ield         | OpenFOAM: The Open Source CFD Toolbox           |
|  \\    /   O peration     | Version:  4.1                                   |
|   \\  /    A nd           | Web:      www.OpenFOAM.org                      |
|    \\/     M anipulation  |                                                 |
\*---------------------------------------------------------------------------*/
FoamFile
{
    version     2.0;
    format      ascii;
    class       surfaceScalarField;
    location    "13.3";
    object      phi;
}
// * * * * * * * * * * * * * * * * * * * * * * * * * * * * * * * * * * * * * //

dimensions      [0 3 -1 0 0 0 0];

internalField   nonuniform List<scalar> 
3890
(
0.000372901
0.00138503
-0.00175793
0.00231638
-0.000874773
-0.0010687
0.00636319
-0.00630991
0.00226309
0.012712
-0.0137659
0.00741712
0.0211315
-0.0221324
0.0137128
0.0310535
-0.0304127
0.0204908
0.0417765
-0.0379089
0.0271859
0.0527463
-0.0442745
0.0333047
0.0634371
-0.0496641
0.0389734
-0.0532103
0.0432952
0.0733522
0.00065197
0.000733061
0.0034893
-0.00371211
0.0089875
-0.0118081
0.0169933
-0.0217717
0.0267591
-0.0318982
0.0373094
-0.040963
0.0477995
-0.0483991
0.0576979
-0.0541729
0.0665836
-0.0585499
-0.0615782
0.0749515
0.00102263
-0.000289567
0.0049107
-0.00760018
0.0118514
-0.0187488
0.0210578
-0.0309781
0.0312311
-0.0420715
0.0412216
-0.0509535
0.0503473
-0.0575247
0.0583793
-0.0622048
0.0654228
-0.0655935
-0.068075
0.0719196
0.00147921
-0.00176878
0.00647728
-0.0125982
0.0145543
-0.0268258
0.024153
-0.0405768
0.0336859
-0.0516044
0.0422153
-0.0594829
0.0494853
-0.0647947
0.0556905
-0.06841
0.061185
-0.071088
-0.0732732
0.0663832
0.00200202
-0.0037708
0.00800067
-0.0185969
0.0166165
-0.0354417
0.0257086
-0.0496688
0.0338453
-0.0597411
0.0405778
-0.0662154
0.0460998
-0.0703167
0.0508451
-0.0731553
0.0552268
-0.0754697
-0.077664
0.0596176
0.00254617
-0.00631698
0.0092356
-0.0252863
0.0176632
-0.0438693
0.0255675
-0.0575731
0.0320076
-0.0661811
0.0370366
-0.0712445
0.0411188
-0.0743989
0.0447371
-0.0767737
0.0482409
-0.0789734
-0.08123
0.0518068
0.00304284
-0.00935982
0.00995822
-0.0322017
0.0175665
-0.0514776
0.0239432
-0.0639498
0.0287133
-0.0709512
0.0322751
-0.0748063
0.0351813
-0.0773052
0.0378545
-0.0794469
0.040527
-0.0816459
-0.084004
0.0433011
0.00340983
-0.0127696
0.0100432
-0.0388351
0.0164283
-0.0578627
0.0212081
-0.0687296
0.0244712
-0.0742143
0.0267889
-0.0771239
0.0286869
-0.0792032
0.0304849
-0.0812449
0.0323233
-0.0834844
-0.0859206
0.0342399
0.00357605
-0.0163457
0.00948835
-0.0447474
0.0144724
-0.0628467
0.0177353
-0.0719925
0.0196779
-0.076157
0.0209169
-0.0783629
0.0218954
-0.0801817
0.0228339
-0.0821833
0.0238023
-0.0844528
-0.0869343
0.024816
0.00350612
-0.0198518
0.00840732
-0.0496486
0.0119558
-0.0663951
0.0138383
-0.073875
0.0146245
-0.0769432
0.0148955
-0.0786339
0.0149957
-0.080282
0.0150667
-0.0822543
0.0151393
-0.0845254
0.0152196
-0.0870146
-0.000447446
0.000447446
-0.00133814
0.000890692
-0.00243719
0.00109906
-0.00361261
0.00117542
-0.00478882
0.00117621
-0.00592589
0.00113707
-0.0070088
0.00108292
-0.00804151
0.00103271
-0.00904533
0.00100383
0.00101792
-0.0100632
-0.000414641
0.000862086
-0.00123588
0.00171193
-0.00223983
0.00210301
-0.0032933
0.00222888
-0.00431678
0.00219969
-0.00526398
0.00208426
-0.00611181
0.00193075
-0.00685679
0.00177768
-0.00751333
0.00166037
0.00163165
-0.00812707
-0.000355655
0.00121774
-0.0010531
0.00240938
-0.00188043
0.00293034
-0.00270623
0.00305468
-0.00344585
0.00293931
-0.00404222
0.00268063
-0.00445705
0.00234559
-0.00467189
0.00199252
-0.00469105
0.00167952
0.00146569
-0.00452509
-0.000284299
0.00150204
-0.000820385
0.00294547
-0.0014098
0.00351976
-0.00192324
0.00356811
-0.00227132
0.0032874
-0.00238602
0.00279533
-0.00221005
0.00216962
-0.00169475
0.00147722
-0.000815316
0.000800085
0.000315143
0.000335232
-0.000212889
0.00171493
-0.000566389
0.00329897
-0.000868741
0.00382211
-0.000989585
0.00368896
-0.000833076
0.00313089
-0.0003203
0.00228255
0.000621102
0.00122822
0.00205966
3.86668e-05
0.00406003
-0.00120029
-0.00230474
0.00667991
-0.000148793
0.00186372
-0.000303909
0.00345408
-0.000263721
0.00378192
0.0001142
0.00331103
0.000943471
0.00230162
0.00231812
0.000907905
0.00432118
-0.000774845
0.00702501
-0.00266516
0.0104947
-0.00466997
-0.00678266
0.0149726
-9.17973e-05
0.00195552
-1.85608e-05
0.00338084
0.000444582
0.00331878
0.00148282
0.00227279
0.00324177
0.000542673
0.00583765
-0.00168798
0.00935126
-0.00428846
0.013824
-0.00713793
0.019231
-0.0100769
-0.0135462
0.0259945
-3.26556e-05
0.00198817
0.000316306
0.00303188
0.00134045
0.00229464
0.00327258
0.000340661
0.00630099
-0.00248573
0.0105458
-0.00593282
0.0160424
-0.00978508
0.0227278
-0.0138233
0.0304652
-0.0178143
-0.0226227
0.0395417
5.20486e-05
0.00193613
0.000773567
0.00231036
0.0025501
0.000518104
0.0056757
-0.00278494
0.0103397
-0.00714971
0.0165866
-0.0121797
0.0243088
-0.0175073
0.0332312
-0.0227457
0.0431672
-0.0277503
-0.032994
0.0535385
0.000178195
0.00141985
0.00420105
0.00883323
0.0153963
0.0237073
0.033386
0.043945
0.055168
0.0654692
-0.0106148
0.000551513
-0.0111523
0.000537499
-0.0116591
0.000506877
-0.0121341
0.00047497
-0.0125775
0.000443382
-0.0129893
0.000411799
-0.0133693
0.000380029
-0.0137173
0.000347962
-0.0140329
0.000315624
-0.0143161
0.000283226
-0.0145676
0.00025143
-0.0147887
0.00022118
-0.0149824
0.000193709
-0.0151529
0.000170491
-0.015306
0.000153063
-0.0154486
0.00014261
-0.0155881
0.000139538
-0.015732
0.000143889
-0.0158876
0.000155566
0.0001682
-0.00856288
0.000987326
-0.00899682
0.000971435
-0.00941195
0.000922006
-0.00980949
0.000872505
-0.0101898
0.000823697
-0.0105526
0.000774581
-0.0108972
0.000724648
-0.0112228
0.000673601
-0.0115287
0.000621455
-0.0118136
0.000568141
-0.0120769
0.00051473
-0.0123186
0.000462847
-0.0125395
0.000414649
-0.0127418
0.000372841
-0.0129292
0.000340448
-0.0131068
0.000320182
-0.0132808
0.000313483
-0.0134575
0.000320616
-0.0136435
0.000341628
0.0003663
-0.00476084
0.00122308
-0.00499214
0.00120273
-0.00522814
0.00115801
-0.00546836
0.00111272
-0.00571281
0.00106815
-0.00596216
0.00102393
-0.00621546
0.000977952
-0.00647142
0.00092956
-0.00673029
0.000880328
-0.00698887
0.00082672
-0.00724528
0.00077114
-0.00749779
0.000715356
-0.00774493
0.000661784
-0.00798579
0.0006137
-0.00822046
0.000575123
-0.00845052
0.000550243
-0.00867905
0.000542004
-0.00890978
0.000551354
-0.00914776
0.000579605
0.000621537
0.000456719
0.0011016
0.000459333
0.00120012
0.000447266
0.00117008
0.000425731
0.00113426
0.000380512
0.00111337
0.000308495
0.00109594
0.000210485
0.00107596
8.79161e-05
0.00105213
-5.43961e-05
0.00102264
-0.000219213
0.000991537
-0.000405824
0.00095775
-0.000612373
0.000921905
-0.000836461
0.000885872
-0.00107535
0.000852587
-0.00132623
0.000826009
-0.00158695
0.000810961
-0.00185685
0.000811901
-0.00213651
0.000831018
-0.0024257
0.000868793
0.000919715
0.00700605
0.000775462
0.00725178
0.000954384
0.00746137
0.000960488
0.00765342
0.000942206
0.00781589
0.000950902
0.00794195
0.000969878
0.00803306
0.000984861
0.00808997
0.000995214
0.00810998
0.00100263
0.00809349
0.00100803
0.00804017
0.00101107
0.00795003
0.00101204
0.00782366
0.00101224
0.00766241
0.00101384
0.00746855
0.00101987
0.00724497
0.00103454
0.00699446
0.00106241
0.00671837
0.00110711
0.00641907
0.00116809
0.00124912
0.0154131
0.000335016
0.0157679
0.000599549
0.0160983
0.000630053
0.0164153
0.000625244
0.0167098
0.000656394
0.0169736
0.000706093
0.0172092
0.000749217
0.0174171
0.000787382
0.0175938
0.00082593
0.0177361
0.000865682
0.0178414
0.000905751
0.0179072
0.0009463
0.0179311
0.000988276
0.0179117
0.00103322
0.0178487
0.00108296
0.0177424
0.00114081
0.017595
0.00120978
0.0174063
0.00129585
0.0171789
0.00139544
0.00153077
0.0263084
2.10829e-05
0.026609
0.000298951
0.0269314
0.000307643
0.0272528
0.000303924
0.0275589
0.000350236
0.0278566
0.000408377
0.0281482
0.000457662
0.0284319
0.000503656
0.0287006
0.000557198
0.0289488
0.00061756
0.029172
0.000682556
0.029366
0.00075229
0.0295267
0.000827567
0.0296503
0.000909614
0.0297345
0.000998731
0.0297771
0.00109821
0.0297794
0.00120751
0.0297381
0.00133711
0.0296612
0.00147242
0.00167442
0.0395978
-3.50042e-05
0.0397458
0.000150986
0.0399678
8.56588e-05
0.0402267
4.49349e-05
0.0405021
7.48795e-05
0.0407958
0.000114696
0.0411056
0.000147872
0.0414214
0.000187853
0.0417347
0.000243859
0.0420396
0.000312717
0.0423315
0.000390584
0.0426062
0.000477592
0.0428593
0.000574492
0.0430867
0.00068223
0.0432869
0.000798501
0.0434567
0.000928427
0.0435996
0.00106459
0.0437087
0.00122807
0.0438046
0.00137649
0.00163205
0.0535073
-3.82646e-06
0.0537383
-7.99885e-05
0.0540812
-0.000257297
0.0544228
-0.000296603
0.0547732
-0.000275503
0.0551468
-0.000258894
0.0555316
-0.000237022
0.0559191
-0.00019961
0.0563017
-0.000138753
0.0566719
-5.7494e-05
0.0570322
3.03238e-05
0.0573827
0.000127138
0.0577194
0.000237713
0.0580399
0.000361735
0.0583452
0.000493204
0.0586326
0.000641
0.0589104
0.000786827
0.0591691
0.00096943
0.0594366
0.0011089
0.00138281
0.0659592
-0.00049377
0.0666635
-0.000784365
0.0673041
-0.000897806
0.0678978
-0.000890393
0.068489
-0.000866648
0.0690661
-0.000836033
0.069622
-0.000792922
0.0701569
-0.000734524
0.070679
-0.00066085
0.0711953
-0.000573737
0.0717035
-0.000477883
0.072202
-0.000371343
0.0726934
-0.000253725
0.0731768
-0.000121683
0.0736592
1.08104e-05
0.074141
0.000159274
0.0746301
0.000297664
0.0751186
0.000480906
0.0756295
0.00059804
0.000846288
0.0912817
0.000293494
-0.0920689
0.0904005
9.67783e-05
0.0895578
-5.50423e-05
0.0888187
-0.000151285
0.0881739
-0.000221894
0.0875975
-0.000259662
0.0870738
-0.000269198
0.0865939
-0.000254594
0.0861524
-0.000219339
0.0857436
-0.000165005
0.0853629
-9.71526e-05
0.0850086
-1.70365e-05
0.0846728
8.20643e-05
0.0843595
0.000191638
0.0840686
0.000301717
0.0837947
0.000433173
0.0835455
0.000546824
0.0833206
0.000705846
0.0831235
0.00079515
0.000992304
0.100022
0.000598452
-0.100327
0.0996233
0.000495951
0.0991758
0.00039249
0.0987423
0.000282136
0.0983285
0.000191983
0.0979339
0.000134862
0.0975571
0.000107675
0.0971977
0.000104711
0.0968567
0.000121719
0.0965337
0.000158007
0.0962274
0.00020913
0.095934
0.000276403
0.0956611
0.000354892
0.0954036
0.000449216
0.0951624
0.000542855
0.0949371
0.000658439
0.0947296
0.000754394
0.0945435
0.000891905
0.094374
0.000964673
0.00113029
0.106539
0.000906867
-0.106847
0.106286
0.000748869
0.106054
0.00062457
0.105829
0.000507365
0.10561
0.000410368
0.105401
0.000344053
0.105201
0.000307734
0.105009
0.000296483
0.104826
0.000304986
0.104652
0.000332422
0.104487
0.000374214
0.10433
0.000432759
0.104185
0.000500121
0.10405
0.000584378
0.103926
0.000666589
0.103813
0.000771147
0.103713
0.000854765
0.103626
0.000978602
0.10355
0.00104098
0.00119015
0.112029
0.00113389
-0.112256
0.111869
0.000908959
0.111742
0.000750825
0.111625
0.00062483
0.111513
0.000522287
0.11141
0.00044725
0.111317
0.000400482
0.111234
0.000379558
0.11116
0.000378921
0.111095
0.000397705
0.111039
0.000430321
0.110991
0.000480315
0.110954
0.000537614
0.110925
0.000612871
0.110907
0.000684453
0.110898
0.000780028
0.110901
0.00085257
0.110912
0.000967225
0.110932
0.00102053
0.00116014
0.117125
0.00124078
-0.117232
0.11704
0.000994242
0.116975
0.000815234
0.11692
0.000679894
0.11687
0.000572531
0.116827
0.000490836
0.116792
0.000434778
0.116768
0.000404164
0.116753
0.000393749
0.116747
0.000403348
0.116752
0.000425963
0.116765
0.000466554
0.11679
0.000512977
0.116824
0.000578625
0.11687
0.000638807
0.116925
0.000724981
0.116991
0.000786221
0.117067
0.000891843
0.117151
0.000936277
0.00106686
0.12227
0.00127786
-0.122307
0.122229
0.00103609
0.122195
0.000848515
0.12217
0.000705039
0.12215
0.000592593
0.122135
0.000505933
0.122127
0.000442748
0.122127
0.000403803
0.122137
0.000384113
0.122156
0.000384659
0.122184
0.000397252
0.122223
0.000428158
0.122272
0.000463527
0.122332
0.000518926
0.122403
0.000567527
0.122485
0.000643272
0.122578
0.000693443
0.122681
0.000788496
0.122793
0.000824734
0.000943849
0.127614
0.00129148
-0.127627
0.12759
0.00105955
0.127568
0.000870194
0.127552
0.000721515
0.12754
0.000604631
0.127532
0.000514019
0.127529
0.000445362
0.127534
0.000399451
0.127546
0.000371361
0.127568
0.000363191
0.127599
0.00036616
0.12764
0.000387353
0.127691
0.000412063
0.127753
0.000456808
0.127826
0.00049433
0.127911
0.000558747
0.128006
0.000598635
0.128113
0.000681564
0.128227
0.000710558
0.000815719
0.133054
0.00129573
-0.133058
0.133039
0.00107431
0.133022
0.000887479
0.133006
0.000737082
0.132994
0.000617394
0.132984
0.000523766
0.132978
0.000450847
0.132979
0.000399107
0.132986
0.000363625
0.133002
0.000347207
0.133027
0.00034117
0.133062
0.000352769
0.133107
0.00036749
0.133162
0.000401424
0.133228
0.000428662
0.133305
0.000481206
0.133392
0.000511774
0.133492
0.000581571
0.133598
0.00060424
0.000693938
0.138361
0.00128607
-0.138351
0.138358
0.00107684
0.13835
0.000895592
0.138341
0.000746486
0.138332
0.00062608
0.138325
0.000530704
0.138321
0.000454732
0.138322
0.000398297
0.138329
0.000356616
0.138343
0.000332719
0.138366
0.000318571
0.138398
0.000321014
0.138439
0.000326628
0.13849
0.00034999
0.138551
0.000367887
0.138623
0.000408563
0.138704
0.000430792
0.138799
0.000487221
0.138899
0.000504372
0.000578266
0.143303
0.00124828
-0.143265
0.143327
0.00105242
0.143344
0.00087887
0.143357
0.00073376
0.143368
0.000615069
0.143379
0.000519763
0.143391
0.000442324
0.143407
0.000382677
0.143427
0.000336348
0.143453
0.00030628
0.143487
0.000285347
0.143528
0.000279666
0.143577
0.000277387
0.143636
0.000291076
0.143703
0.000300807
0.143781
0.000330407
0.143867
0.000345359
0.143965
0.000389164
0.144068
0.000401552
0.000460543
0.147788
0.00116026
-0.1477
0.147862
0.000978797
0.147925
0.000815315
0.147982
0.000677251
0.148034
0.000563199
0.148083
0.000470474
0.148132
0.0003938
0.148181
0.000333114
0.148233
0.000284281
0.148289
0.000250136
0.14835
0.000224373
0.148418
0.000212451
0.148491
0.000204019
0.148572
0.000209842
0.14866
0.000212974
0.148757
0.0002333
0.14886
0.000242257
0.148974
0.000275327
0.149092
0.000283753
0.00033004
0.15199
0.00100063
-0.15183
0.152133
0.000836221
0.152262
0.000686413
0.15238
0.000559121
0.15249
0.00045312
0.152594
0.000366159
0.152695
0.000293189
0.152793
0.000234438
0.152892
0.000185923
0.152991
0.000150647
0.153093
0.000122716
0.153198
0.000107304
0.153307
9.50484e-05
0.153421
9.57465e-05
0.15354
9.42926e-05
0.153665
0.00010813
0.153795
0.000112651
0.153932
0.000137932
0.154072
0.000143285
0.000180158
0.156388
0.000765934
-0.156153
0.156601
0.000622877
0.156797
0.000491267
0.156977
0.000378749
0.157146
0.000284251
0.157306
0.000206447
0.157458
0.000140456
0.157606
8.69971e-05
0.15775
4.19407e-05
0.157891
8.8329e-06
0.158032
-1.81729e-05
0.158174
-3.3942e-05
0.158316
-4.73978e-05
0.15846
-4.86321e-05
0.158607
-5.2458e-05
0.158757
-4.18774e-05
0.15891
-4.01051e-05
0.159067
-1.92144e-05
0.159226
-1.59982e-05
1.51046e-05
0.161617
0.000485548
-0.161337
0.161873
0.000367627
0.162106
0.000257891
0.162322
0.000163261
0.162523
8.2781e-05
0.162713
1.66986e-05
0.162893
-3.96839e-05
0.163065
-8.51497e-05
0.163231
-0.000124085
0.163392
-0.00015222
0.16355
-0.000176245
0.163706
-0.000189402
0.16386
-0.000201826
0.164014
-0.000202406
0.164168
-0.000206656
0.164323
-0.000196769
0.164479
-0.000196245
0.164637
-0.000177104
0.164796
-0.000175144
-0.000146914
0.168097
0.000218103
-0.16783
0.168339
0.000125845
0.168558
3.88456e-05
0.168759
-3.69867e-05
0.168944
-0.000102841
0.169117
-0.000156363
0.16928
-0.000202403
0.169434
-0.000238703
0.16958
-0.000270445
0.16972
-0.000292499
0.169856
-0.000312228
0.169988
-0.000321686
0.170119
-0.000331947
0.170247
-0.000330709
0.170375
-0.000334371
0.170502
-0.000324056
0.17063
-0.000323933
0.170758
-0.000305466
0.170887
-0.000304216
-0.000277809
0.175636
2.13672e-05
-0.17544
0.17581
-4.82416e-05
0.175964
-0.000114479
0.1761
-0.000173235
0.176222
-0.000224998
0.176333
-0.000266962
0.176434
-0.000303285
0.176526
-0.000331108
0.176612
-0.00035596
0.176691
-0.000372359
0.176767
-0.000387849
0.176839
-0.000394037
0.17691
-0.000402083
0.176978
-0.000399442
0.177046
-0.000402345
0.177114
-0.000392114
0.177183
-0.000392138
0.177252
-0.000375017
0.177322
-0.000374221
-0.000350423
0.183383
-8.17686e-05
-0.18328
0.183467
-0.000132153
0.183533
-0.000180426
0.183584
-0.000223789
0.183621
-0.000262595
0.183648
-0.000293966
0.183667
-0.000321349
0.183677
-0.000341794
0.183682
-0.00036041
0.183681
-0.000372126
0.183677
-0.000383798
0.183671
-0.000387708
0.183663
-0.000393816
0.183654
-0.000390866
0.183645
-0.000393137
0.183637
-0.000384248
0.183629
-0.000384398
0.183624
-0.000370092
0.18362
-0.000369633
-0.000350106
0.190246
-0.000102724
-0.190225
0.190251
-0.000136551
0.190239
-0.000168618
0.190212
-0.00019719
0.190173
-0.00022314
0.190123
-0.000244109
0.190064
-0.00026258
0.189998
-0.000276122
0.189927
-0.000288627
0.189851
-0.000296231
0.189771
-0.000304118
0.18969
-0.000306437
0.189607
-0.000310603
0.189524
-0.000308221
0.189441
-0.000309815
0.18936
-0.000303348
0.189279
-0.000303526
0.189202
-0.00029332
0.189125
-0.000293074
-0.000279293
0.195338
-6.46096e-05
-0.195377
0.195286
-8.38613e-05
0.195217
-0.000100286
0.195135
-0.000114311
0.195038
-0.000127131
0.194932
-0.000137555
0.194816
-0.000146795
0.194694
-0.000153529
0.194565
-0.00015978
0.194432
-0.00016354
0.194295
-0.000167473
0.194158
-0.000168576
0.194018
-0.000170617
0.193879
-0.000169358
0.193739
-0.000170078
0.193602
-0.000166785
0.193466
-0.000166754
0.193334
-0.000161621
0.193202
-0.000161324
-0.000154295
0.198058
-0.198123
0.197975
0.197874
0.19776
0.197633
0.197495
0.197349
0.197195
0.197035
0.196872
0.196704
0.196536
0.196365
0.196196
0.196026
0.195859
0.195692
0.19553
0.195369
0.0907762
0.0141729
-0.0897295
0.0918326
0.0237597
0.0929172
0.0331552
0.0939887
0.0422296
0.0950747
0.0507208
0.0960745
0.0586178
0.0967658
0.0656919
0.0972724
0.0714131
0.0949527
0.0772712
0.0762359
0.0937945
0.0132451
-0.0928667
0.0947788
0.0227755
0.0958494
0.0320846
0.0969815
0.0410975
0.0981146
0.0495878
0.0994005
0.0573319
0.100272
0.06482
0.101645
0.0700401
0.101642
0.0772747
0.0775504
0.0970735
0.0124261
-0.0962545
0.0980099
0.0218391
0.0990441
0.0310504
0.100238
0.0399033
0.101389
0.0484372
0.102853
0.0558676
0.104013
0.0636605
0.10554
0.0685131
0.106878
0.0759364
0.077581
0.100458
0.0116845
-0.0997168
0.101393
0.0209048
0.102437
0.0300058
0.103716
0.0386243
0.104976
0.0471771
0.106517
0.0543266
0.108002
0.0621756
0.109466
0.0670494
0.111284
0.0741181
0.0766093
0.103807
0.0109858
-0.103108
0.104773
0.0199393
0.105901
0.0288776
0.10729
0.0372353
0.10876
0.0457067
0.110379
0.0527082
0.11214
0.0604145
0.113699
0.0654898
0.115668
0.0721499
0.0750448
0.106984
0.0102954
-0.106293
0.108001
0.0189219
0.109269
0.0276093
0.110802
0.0357023
0.112536
0.0439728
0.114343
0.0509013
0.116381
0.0583768
0.118253
0.0636177
0.120386
0.0700168
0.0731234
0.109867
0.00958474
-0.109156
0.110955
0.0178334
0.112389
0.0261755
0.114109
0.0339819
0.116128
0.0419546
0.118248
0.0487806
0.120618
0.0560069
0.122917
0.061319
0.125362
0.0675718
0.0708582
0.112392
0.00883576
-0.111643
0.113567
0.0166577
0.115167
0.0245757
0.117105
0.0320439
0.119412
0.0396483
0.121905
0.0462876
0.124663
0.0532481
0.127431
0.0585512
0.130343
0.0646596
0.0681434
0.114596
0.00804024
-0.1138
0.115863
0.01539
0.117611
0.0228276
0.119761
0.0298945
0.122335
0.0370738
0.125184
0.0434389
0.128353
0.0500796
0.1316
0.0553033
0.135072
0.0611883
0.0648642
0.116652
0.00719895
-0.115811
0.117999
0.0140433
0.119862
0.0209645
0.122177
0.0275787
0.12497
0.0342808
0.128108
0.0403014
0.131649
0.0465386
0.135344
0.0516085
0.139367
0.057165
0.0609664
0.118872
0.00632442
-0.117998
0.120269
0.0126465
0.122202
0.0190317
0.124618
0.025163
0.127555
0.031344
0.130888
0.0369683
0.134704
0.0427225
0.138755
0.0475569
0.143226
0.0526947
0.0564919
0.121651
0.00543216
-0.120759
0.123059
0.0112384
0.125015
0.0170763
0.127469
0.0227091
0.130471
0.0283411
0.133908
0.0335313
0.137875
0.0387561
0.14216
0.0432722
0.146914
0.0479399
0.0515758
0.125326
0.0045704
-0.124464
0.126714
0.00985064
0.12866
0.0151305
0.131119
0.0202494
0.13414
0.0253202
0.137628
0.030044
0.141654
0.0347298
0.14607
0.0388566
0.150965
0.0430442
0.0463877
0.129997
0.00377627
-0.129202
0.131349
0.00849867
0.133282
0.0131971
0.135762
0.0177697
0.138813
0.0222691
0.142367
0.0264898
0.146454
0.0306425
0.150981
0.0343302
0.155979
0.0380461
0.0410294
0.135377
0.0030682
-0.134669
0.136705
0.00717099
0.138658
0.0112438
0.141214
0.0152137
0.144369
0.0191144
0.148075
0.0227839
0.152325
0.0263924
0.157049
0.0296058
0.162253
0.0328423
0.0354523
0.140848
0.00243018
-0.14021
0.142186
0.00583275
0.144214
0.0092159
0.146917
0.0125107
0.150273
0.0157588
0.15424
0.0188168
0.158798
0.0218343
0.163869
0.0245345
0.169464
0.0272477
0.0294763
0.145734
0.00181925
-0.145123
0.147123
0.00444417
0.149273
0.00706568
0.152171
0.0096129
0.155793
0.0121371
0.160093
0.0145164
0.165057
0.01687
0.170593
0.0189985
0.176722
0.0211186
0.0229183
0.149635
0.00120337
-0.149019
0.151088
0.00299048
0.15337
0.00478419
0.15646
0.00652276
0.160344
0.00825262
0.164973
0.00988727
0.17034
0.0115032
0.176354
0.0129848
0.183031
0.0144419
0.0157237
0.152436
0.000592837
-0.151825
0.153929
0.00149767
0.156302
0.00241088
0.159531
0.00329383
0.163609
0.00417436
0.168488
0.00500823
0.17416
0.00583099
0.180551
0.0065937
0.187658
0.00733572
0.0080048
0.153973
-0.15338
0.155471
0.157881
0.161175
0.16535
0.170358
0.176189
0.182783
0.190118
0.0425973
0.0517818
-0.0456599
-0.0487192
0.0365333
0.050405
-0.044341
0.0308873
0.0495037
-0.0438577
0.0255635
0.049166
-0.0438421
0.0204438
0.0493026
-0.0441829
0.015459
0.0498956
-0.0449109
0.0105906
0.0508071
-0.0459387
0.00595365
0.0509165
-0.0462795
0.00202546
0.0461497
-0.0422215
0.0265662
-0.0245407
0.0408536
0.0578236
-0.0468955
0.034955
0.0563037
0.029354
0.0551047
0.024088
0.0544319
0.0190804
0.0543102
0.014249
0.0547271
0.00957647
0.0554796
0.00521119
0.0552817
0.00166144
0.0496994
0.0282276
0.0381977
0.0635318
-0.0439059
0.0325835
0.0619179
0.0271817
0.0605065
0.0220752
0.0595385
0.0172449
0.0591404
0.0126317
0.0593403
0.00823579
0.0598755
0.00424604
0.0592715
0.00119524
0.0527502
0.0294228
0.0344518
0.0688643
-0.0397843
0.0292503
0.0671195
0.0242138
0.0655429
0.0194198
0.0643325
0.0148843
0.063676
0.0105829
0.0636417
0.00655702
0.0639014
0.00305746
0.0627711
0.000626601
0.0551811
0.0300494
0.0296867
0.0737392
-0.0345616
0.0249765
0.0718298
0.0204274
0.0700919
0.0160844
0.0686755
0.0119707
0.0677896
0.00809129
0.0675212
0.00453208
0.0674606
0.00163974
0.0656634
-5.47238e-05
0.0568756
0.0299947
0.0239274
0.0780206
-0.0282089
0.0198204
0.0759368
0.0158699
0.0740424
0.0120932
0.0724522
0.00851255
0.0713703
0.00516464
0.0708691
0.00218508
0.0704402
-8.18317e-05
0.0679303
-0.000717835
0.0575116
0.0292769
0.0172912
0.0815774
-0.020848
0.0138892
0.0793388
0.0106277
0.0773039
0.00751181
0.0755681
0.0045602
0.0743219
0.00185177
0.0735775
-0.000396176
0.0726881
-0.00165261
0.0691867
-0.00141051
0.0572695
0.0278664
0.00989797
0.0843022
-0.0126227
0.00728943
0.0819474
0.00479936
0.079794
0.00242742
0.07794
0.000197621
0.0765517
-0.00178301
0.0755581
-0.00317946
0.0740846
-0.00344265
0.0694499
-0.00209378
0.0559206
0.0257726
0.00189634
0.0861642
-0.00375833
0.000155143
0.0836886
-0.00149931
0.0814484
-0.00308611
0.0795268
-0.00454659
0.0780122
-0.00569482
0.0767064
-0.00613493
0.0745247
-0.00524738
0.0685624
-0.00271488
0.0533881
0.0230577
-0.00650585
0.00565549
-0.00734274
-0.0081486
-0.00890375
-0.00952545
-0.00976231
-0.00911265
-0.00694536
-0.00320589
0.0322001
0.00304701
-0.0352471
0.0290317
0.00316841
0.0257225
0.00330921
0.0222518
0.00347073
0.0185913
0.00366046
0.0147076
0.00388374
0.0105823
0.00412527
0.00630314
0.00427917
0.00232472
0.00397842
0.00232472
0.0327933
0.00622643
-0.0359727
0.0295079
0.00645376
0.0260969
0.00672026
0.0225392
0.00702844
0.018806
0.00739361
0.0148627
0.00782712
0.0106875
0.00830043
0.00636467
0.008602
0.00235464
0.00798846
0.00467935
0.0339185
0.00965784
-0.0373499
0.0304102
0.00996202
0.0268047
0.0103257
0.0230805
0.0107527
0.0192077
0.0112664
0.0151498
0.011885
0.010882
0.0125682
0.00648242
0.0130016
0.00240221
0.0120687
0.00708156
0.0354578
0.0134339
-0.0392339
0.0316431
0.0137767
0.0277692
0.0141997
0.0238145
0.0147074
0.0197486
0.0153323
0.0155329
0.0161008
0.011138
0.0169631
0.00663395
0.0175056
0.00246368
0.0162389
0.00954524
0.0372492
0.0176127
-0.041428
0.0330733
0.0179526
0.0288814
0.0183916
0.0246539
0.0189348
0.02036
0.0196262
0.0159584
0.0205023
0.0114155
0.021506
0.00679317
0.0221279
0.0025261
0.020506
0.0120713
0.0391095
0.0222115
-0.0437083
0.0345477
0.0225144
0.0300134
0.0229259
0.025493
0.0234552
0.0209562
0.024163
0.0163592
0.0250993
0.0116642
0.026201
0.00692659
0.0268655
0.00257384
0.0248588
0.0146452
0.040826
0.0272365
-0.045851
0.0358779
0.0274626
0.0310115
0.0277923
0.0262143
0.0282524
0.0214481
0.0289292
0.0166666
0.0298808
0.0118324
0.0310353
0.00699895
0.031699
0.00259033
0.0292674
0.0172355
0.0422794
0.0326717
-0.0477146
0.0369335
0.0328085
0.0317475
0.0329783
0.026699
0.033301
0.0217334
0.0338948
0.0168001
0.0348141
0.0118613
0.0359741
0.00697227
0.036588
0.00255826
0.0336814
0.0197938
0.0430558
0.0386225
-0.0490066
0.0373951
0.0384692
0.0320257
0.0383477
0.0268162
0.0385104
0.0217115
0.0389995
0.0166805
0.0398451
0.0116921
0.0409625
0.00680815
0.0414719
0.00246067
0.0380289
0.0222544
0.0432254
-0.0502628
0.0373536
0.0318436
0.0265118
0.0213284
0.0162627
0.0112864
0.00647888
0.00228626
0.0388385
-0.000101641
0.0389394
-0.000100929
0.0390371
-9.76575e-05
0.0391273
-9.02044e-05
0.0392065
-7.92424e-05
0.0392714
-6.4908e-05
0.0393182
-4.67774e-05
0.0393423
-2.4096e-05
0.0393382
4.07345e-06
0.0393042
3.40574e-05
0.0392333
7.09258e-05
0.0391183
0.000114905
0.0389513
0.000167003
0.0387228
0.000228588
0.0384214
0.000301376
0.0380339
0.000387463
0.0375444
0.00048952
0.0369338
0.00061064
0.0361786
0.000755202
0.000931411
0.0397003
-0.000204584
0.0398007
-0.000201279
0.0398963
-0.000193256
0.0399839
-0.000177853
0.0400605
-0.000155788
0.0401225
-0.000126906
0.040166
-9.02986e-05
0.0401864
-4.44716e-05
0.0401788
1.16093e-05
0.0401403
7.25327e-05
0.0400642
0.000147062
0.0399432
0.000235913
0.0397691
0.000341132
0.0395322
0.000465462
0.0392212
0.000612353
0.0388227
0.00078598
0.0383205
0.00099174
0.0376955
0.00123568
0.036924
0.00152663
0.00188271
0.0413952
-0.000299107
0.0414877
-0.00029383
0.0415759
-0.000281434
0.041656
-0.000257951
0.0417246
-0.000224387
0.0417781
-0.000180451
0.0418126
-0.000124707
0.0418228
-5.47291e-05
0.0418056
2.87965e-05
0.0417558
0.00012234
0.0416668
0.000236032
0.0415313
0.000371435
0.0413408
0.000531679
0.0410853
0.000720915
0.0407533
0.000944353
0.0403311
0.00120823
0.0398021
0.00152076
0.039147
0.00189073
0.0383425
0.0023311
0.00287536
0.0438625
-0.000375267
0.0439365
-0.000367863
0.0440064
-0.000351273
0.0440681
-0.000319709
0.044118
-0.00027424
0.0441521
-0.000214555
0.0441661
-0.000138722
0.0441548
-4.34333e-05
0.044117
6.65462e-05
0.0440442
0.000195206
0.04393
0.0003502
0.043767
0.000534422
0.0435465
0.000752226
0.0432581
0.00100925
0.04289
0.0013125
0.0424279
0.00167031
0.0418549
0.00209376
0.041151
0.00259463
0.0402943
0.00318784
0.00393571
0.0470199
-0.000416023
0.0470582
-0.000406156
0.0470921
-0.000385111
0.0471176
-0.000345297
0.047131
-0.000287561
0.0471279
-0.000211528
0.0471041
-0.000114866
0.0470521
8.59747e-06
0.0469754
0.000143167
0.0468609
0.000309744
0.0467027
0.000508442
0.0464931
0.000743994
0.0462232
0.00102215
0.0458821
0.00135028
0.0454577
0.00173697
0.0449349
0.00219311
0.0442967
0.00273197
0.0435209
0.00337044
0.0425894
0.00411928
0.00509712
0.0507718
-0.000396888
0.0507495
-0.000383852
0.0507215
-0.000357209
0.0506847
-0.000308458
0.050635
-0.000237846
0.0505679
-0.000144438
0.0504763
-2.32695e-05
0.0503678
0.000117085
0.0502233
0.000287679
0.0500401
0.000492932
0.0498115
0.000737084
0.049529
0.00102645
0.0491836
0.00136752
0.0487637
0.00177018
0.048257
0.00224369
0.0476467
0.00280349
0.0469167
0.00346195
0.0460396
0.00424751
0.0450078
0.0051511
0.00639662
0.0550195
-0.000284848
0.0549031
-0.000267388
0.054779
-0.000233116
0.0546453
-0.000174742
0.0544978
-9.0403e-05
0.0543309
2.24487e-05
0.0541492
0.000158474
0.0539382
0.000328078
0.0536931
0.000532783
0.0534079
0.000778138
0.0530758
0.00106918
0.0526876
0.00141462
0.0522347
0.00182043
0.0517038
0.00230112
0.0510845
0.00286299
0.0503558
0.00353217
0.0495064
0.00431136
0.0484913
0.00526256
0.0473145
0.00632792
0.00786016
0.0596741
-3.47504e-05
0.0594194
-1.26593e-05
0.0591547
3.15205e-05
0.0588804
9.95776e-05
0.0585948
0.000195243
0.0582951
0.000322101
0.0579716
0.000481977
0.0576198
0.000679893
0.057234
0.000918549
0.056807
0.00120518
0.0563323
0.00154388
0.0557992
0.00194776
0.0552004
0.00241917
0.0545187
0.00298281
0.0537488
0.00363292
0.0528598
0.00442122
0.0518588
0.00531229
0.0506778
0.00644363
0.0493672
0.00763849
0.00951275
0.0646641
0.000394787
0.0642176
0.000433753
0.0637621
0.000487014
0.0633004
0.000561287
0.0628298
0.000665845
0.0623437
0.000808259
0.0618351
0.00099052
0.0612983
0.00121672
0.0607283
0.00148851
0.0601169
0.0018166
0.0594589
0.00220195
0.0587406
0.00266598
0.0579593
0.00320047
0.0570893
0.00385283
0.0561383
0.00458399
0.0550464
0.00551312
0.0538611
0.00649757
0.0524296
0.00787508
0.05095
0.00911812
0.0114561
0.0699579
0.00112484
0.0692485
0.00114321
0.0685457
0.00118977
0.0678455
0.00126155
0.06714
0.00137127
0.0664199
0.00152844
0.0656787
0.00173167
0.064911
0.00198441
0.0641137
0.00228588
0.0632778
0.00265246
0.0624004
0.00307936
0.061466
0.00360037
0.0604785
0.00418797
0.0594071
0.00492422
0.0582816
0.00570952
0.0570217
0.00677304
0.0557498
0.0077694
0.0541805
0.00944445
0.0527406
0.010558
0.0139338
0.0697875
0.00116902
0.0697641
0.00116657
0.0697571
0.00119677
0.0697647
0.00125395
0.0697788
0.00135714
0.0697926
0.00151472
0.069807
0.00171728
0.0698243
0.00196702
0.0698502
0.00226005
0.0698843
0.0026183
0.0699362
0.00302749
0.0700035
0.00353309
0.0701094
0.00408208
0.0702424
0.00479118
0.0704596
0.00549232
0.0707183
0.00651431
0.0711694
0.00731837
0.0717309
0.00888295
0.0728763
0.00941253
0.0119148
0.0748954
0.0753011
0.00113963
0.0752866
0.00118105
0.0752989
0.00118445
0.0753389
0.00121397
0.0753855
0.00131051
0.0754287
0.00147149
0.0754728
0.00167325
0.0755223
0.00191751
0.0755828
0.00219954
0.0756548
0.00254627
0.075747
0.00293526
0.0758617
0.00341848
0.0760163
0.00392741
0.0762163
0.00459126
0.0764906
0.00521802
0.0768653
0.00613954
0.0773678
0.0068159
0.0781336
0.00811714
0.0789553
0.00859084
0.0105349
0.0803352
0.0812939
0.00134598
0.0812528
0.00122207
0.0813288
0.00110846
0.0814344
0.00110839
0.0815279
0.00121704
0.0816073
0.00139206
0.0816859
0.00159465
0.0817708
0.00183261
0.0818664
0.00210394
0.081974
0.00243874
0.082101
0.0028082
0.0822539
0.00326562
0.0824446
0.00373671
0.0826885
0.00434733
0.0829958
0.00491069
0.0834138
0.0057216
0.0839137
0.00631594
0.084637
0.00739384
0.0853698
0.00785809
0.00930524
0.0865994
0.0876686
0.00115086
0.0878606
0.0010301
0.0880537
0.000915377
0.0882202
0.000941905
0.0883468
0.0010904
0.0884496
0.00128927
0.0885513
0.00149299
0.0886588
0.00172504
0.0887744
0.00198834
0.0889007
0.00231252
0.0890446
0.00266424
0.0892157
0.00309455
0.0894217
0.00353072
0.0896814
0.00408757
0.0899956
0.00459654
0.0904093
0.00530791
0.0908879
0.00583728
0.0915437
0.00673806
0.0922446
0.00715721
0.00828961
0.0932602
0.0948888
0.000565925
0.0953637
0.000555256
0.0956895
0.000589576
0.0958832
0.000748136
0.0959995
0.00097412
0.0960886
0.0012002
0.09618
0.0014016
0.0962761
0.00162896
0.0963764
0.00188803
0.0964866
0.00220228
0.096614
0.00253682
0.0967702
0.00293839
0.0969592
0.00334174
0.0972006
0.00384617
0.0974898
0.00430734
0.0978676
0.0049301
0.0983026
0.00540226
0.0988826
0.00615809
0.0995085
0.00653135
0.00744917
0.100349
0.103307
-0.000373054
0.104052
-0.000189749
0.10443
0.000211493
0.104531
0.000646807
0.104533
0.000972781
0.104536
0.0011972
0.104552
0.00138522
0.104575
0.00160647
0.104603
0.00185973
0.104647
0.0021581
0.104714
0.00247038
0.104814
0.00283759
0.104949
0.0032067
0.105138
0.00365755
0.105371
0.00407384
0.105687
0.00461424
0.106054
0.0050353
0.106544
0.00566824
0.107071
0.00600499
0.00675118
0.107768
0.113054
-0.00147076
0.113736
-0.00087219
0.113867
8.05307e-05
0.113649
0.000865044
0.113416
0.00120528
0.113258
0.00135584
0.113141
0.00150136
0.113045
0.00170245
0.112969
0.00193603
0.112923
0.00220422
0.11291
0.00248373
0.112939
0.00280829
0.113007
0.00313864
0.113131
0.00353345
0.113301
0.00390443
0.113547
0.0043675
0.113842
0.0047404
0.114242
0.00526833
0.114676
0.00557079
0.00617763
0.11525
0.123378
-0.000367563
0.122544
-3.79978e-05
0.121905
0.000719429
0.121523
0.00124741
0.121248
0.00147953
0.121032
0.00157231
0.120851
0.00168176
0.120703
0.00185092
0.120585
0.00205387
0.120504
0.00228553
0.120458
0.00252951
0.120455
0.00281147
0.120491
0.00310262
0.12058
0.00344445
0.120714
0.00377012
0.120917
0.00416489
0.121168
0.00448976
0.121504
0.00493197
0.121879
0.00519581
0.00569711
0.122359
0.131729
0.00153719
0.130052
0.00163876
0.128952
0.00181938
0.128316
0.00188399
0.127924
0.00187124
0.127625
0.00187096
0.127375
0.00193212
0.127172
0.00205372
0.12702
0.0022056
0.126918
0.00238779
0.12686
0.00258751
0.126847
0.00282484
0.126877
0.00307208
0.126958
0.00336365
0.127088
0.00363972
0.127278
0.00397567
0.12752
0.0042477
0.127828
0.00462324
0.128185
0.00483936
0.0052668
0.128615
0.136495
0.00367567
0.134543
0.00359101
0.133312
0.00305006
0.13268
0.00251622
0.132344
0.00220723
0.132092
0.00212265
0.131877
0.00214756
0.131711
0.00221937
0.131604
0.00231279
0.131548
0.00244339
0.131539
0.00259626
0.131572
0.00279245
0.13165
0.0029934
0.131773
0.003241
0.131949
0.00346372
0.132173
0.00375225
0.132454
0.00396608
0.132784
0.00429372
0.13317
0.00445289
0.00483334
0.133604
0.137301
0.00657337
0.135491
0.0054011
0.134707
0.00383404
0.134424
0.00279883
0.134319
0.00231249
0.134247
0.0021947
0.13419
0.00220458
0.134165
0.00224377
0.134186
0.00229192
0.134247
0.00238279
0.13435
0.00249366
0.134486
0.00265602
0.134668
0.00281146
0.134886
0.00302312
0.135158
0.00319139
0.135467
0.00344369
0.135836
0.00359646
0.136238
0.00389218
0.136702
0.00398879
0.00434317
0.137192
0.133703
0.00487804
0.134566
0.00453839
0.13478
0.00361928
0.134811
0.00276818
0.134845
0.0022786
0.134926
0.00211379
0.13504
0.00209057
0.135175
0.00210863
0.135341
0.00212534
0.13554
0.00218395
0.135781
0.0022532
0.136055
0.00238205
0.136375
0.00249097
0.136729
0.00266946
0.137136
0.00278444
0.137573
0.00300637
0.138069
0.00310051
0.138588
0.00337282
0.139168
0.00340898
0.00374945
0.139762
0.130135
0.00337335
0.131473
0.00320009
0.132474
0.00261788
0.133182
0.00206059
0.13374
0.0017203
0.134255
0.00159883
0.134756
0.00159013
0.135245
0.00161934
0.135732
0.0016384
0.136222
0.00169357
0.136728
0.00174706
0.13725
0.00186007
0.137799
0.00194236
0.138369
0.00209985
0.138971
0.00218184
0.139596
0.00238163
0.140257
0.00243922
0.14094
0.00269049
0.141659
0.00268982
0.0030116
0.142397
0.129827
0.00151615
0.131562
0.00146475
0.133047
0.001133
0.134275
0.000832842
0.135289
0.000706003
0.136174
0.000714438
0.137012
0.000751782
0.137817
0.000814576
0.138589
0.000866168
0.139338
0.000944938
0.14007
0.00101461
0.140799
0.00113137
0.141526
0.00121481
0.142264
0.00136237
0.143005
0.00144105
0.143765
0.00162164
0.144527
0.00167697
0.14532
0.00189761
0.146109
0.00190085
0.00217531
0.146945
0.138041
-0.000899337
0.140182
-0.000676786
0.141888
-0.000572207
0.143178
-0.000457897
0.144187
-0.000302978
0.145049
-0.000146937
0.145867
-6.67387e-05
0.146656
2.5655e-05
0.147395
0.000126935
0.148103
0.000237684
0.148779
0.000337808
0.14945
0.000460493
0.150108
0.000557145
0.150778
0.000691893
0.151436
0.00078319
0.152122
0.00093587
0.152789
0.00100974
0.153505
0.00118171
0.154189
0.00121724
0.00141317
0.154951
0.155241
-0.00369002
0.157748
-0.0031836
0.159517
-0.00234069
0.160375
-0.0013162
0.160741
-0.000669049
0.161046
-0.000452463
0.161363
-0.000383617
0.161682
-0.000293316
0.161981
-0.000171639
0.162258
-3.96447e-05
0.162529
6.67716e-05
0.162823
0.000166515
0.163125
0.000254869
0.163461
0.000355924
0.163801
0.000443795
0.164185
0.000551488
0.164566
0.000629451
0.165007
0.000740506
0.165429
0.000795301
0.00091059
0.165931
0.175776
-0.00720433
0.177746
-0.00515371
0.178129
-0.00272408
0.177844
-0.00103075
0.177431
-0.000255907
0.177042
-6.41829e-05
0.176729
-7.05186e-05
0.176487
-5.09726e-05
0.176293
2.21144e-05
0.176135
0.000118608
0.176013
0.000188385
0.175945
0.000234674
0.175919
0.000280506
0.175947
0.000328725
0.176008
0.000382218
0.176123
0.000436968
0.176264
0.000488252
0.176459
0.000545081
0.17667
0.000584247
0.000645422
0.176936
0.190117
-0.000888977
0.185707
-0.000743084
0.18352
-0.000537657
0.182926
-0.000436744
0.182985
-0.000314607
0.18311
-0.000189277
0.183133
-9.30366e-05
0.183126
-4.40927e-05
0.183162
-1.448e-05
0.183263
1.74483e-05
0.183391
6.11324e-05
0.183527
9.84084e-05
0.18367
0.000137754
0.183829
0.000169847
0.184003
0.000207402
0.184199
0.000241762
0.184409
0.000277746
0.18464
0.000314016
0.184884
0.000340347
0.000379858
0.18515
0.194064
0.0050882
0.189952
0.00336839
0.187966
0.0014487
0.187423
0.0001064
0.187767
-0.000659331
0.188114
-0.00053634
0.188275
-0.000253254
0.188417
-0.000186472
0.188608
-0.000205829
0.188827
-0.000201159
0.189055
-0.000167397
0.189278
-0.000124012
0.189495
-7.97101e-05
0.189712
-4.71972e-05
0.189934
-1.40893e-05
0.190161
1.46153e-05
0.190395
4.38377e-05
0.190637
7.1448e-05
0.190885
9.32865e-05
0.000117267
0.191147
0.192442
0.195811
0.19726
0.197366
0.196707
0.19617
0.195917
0.195731
0.195525
0.195324
0.195156
0.195032
0.194952
0.194905
0.194891
0.194906
0.19495
0.195021
0.195114
0.195232
0.0767586
-0.0505824
0.0787915
-0.0489284
0.0807574
-0.0458718
0.0824724
-0.0414993
0.0839847
-0.0360739
0.0853222
-0.0295464
0.0865263
-0.0220521
0.0876332
-0.0137297
0.0887045
-0.00482965
0.00463048
0.0826147
-0.0528619
0.0844126
-0.0507263
0.0860726
-0.0475318
0.0874688
-0.0428955
0.0885992
-0.0372043
0.0895497
-0.0304969
0.090412
-0.0229144
0.091214
-0.0145317
0.0920143
-0.00562998
0.0037781
0.0885825
-0.054845
0.0900365
-0.0521803
0.091267
-0.0487622
0.0923161
-0.0439446
0.0931345
-0.0380227
0.0937785
-0.0311408
0.0943632
-0.0234991
0.0949285
-0.015097
0.0955453
-0.00624681
0.00306889
0.0948574
-0.0564422
0.0959882
-0.0533111
0.0967878
-0.0495618
0.0974004
-0.0445572
0.0978285
-0.0384508
0.0981148
-0.0314272
0.0983805
-0.0237648
0.098698
-0.0154144
0.099127
-0.00667587
0.00247914
0.101455
-0.0575478
0.102123
-0.0539794
0.102406
-0.0498447
0.102492
-0.0446433
0.10246
-0.0384188
0.102362
-0.0313293
0.1023
-0.0237025
0.102369
-0.0154838
0.102618
-0.00692525
0.00198923
0.108218
-0.057997
0.108256
-0.054018
0.107925
-0.0495132
0.107418
-0.0441368
0.106873
-0.0378732
0.106365
-0.0308216
0.105974
-0.0233117
0.105801
-0.0153107
0.105887
-0.00701113
0.00158281
0.114857
-0.0576041
0.114114
-0.0532746
0.11308
-0.0484798
0.111944
-0.0430008
0.110869
-0.0367977
0.109951
-0.0299044
0.109254
-0.0226141
0.108862
-0.0149186
0.108813
-0.00696194
0.00123928
0.12098
-0.0562247
0.119367
-0.0516616
0.117603
-0.0467155
0.115856
-0.0412543
0.114289
-0.0352308
0.113004
-0.0286195
0.112048
-0.021658
0.111481
-0.0143518
0.111335
-0.00681555
0.000931614
0.126205
-0.0538147
0.123738
-0.0491944
0.121303
-0.0442808
0.119038
-0.0389893
0.117079
-0.0332712
0.115514
-0.0270553
0.114376
-0.0205197
0.113697
-0.0136729
0.113498
-0.00661672
0.000629776
0.130274
-0.0504847
0.127103
-0.0460236
0.124166
-0.041344
0.121553
-0.0363766
0.119356
-0.0310744
0.117639
-0.0253383
0.116416
-0.0192958
0.115696
-0.0129531
0.115489
-0.00641031
0.000308496
0.133232
-0.0465245
0.129644
-0.0424356
0.126466
-0.038166
0.123732
-0.0336421
0.12148
-0.0288233
0.119747
-0.0236048
0.118531
-0.0180798
0.117831
-0.0122534
0.117646
-0.00622542
-4.29724e-05
0.135607
-0.0423694
0.131971
-0.0388
0.128842
-0.0350367
0.1262
-0.0310004
0.124044
-0.0266669
0.122387
-0.0219475
0.121226
-0.0169195
0.120566
-0.0115932
0.120412
-0.00607159
-0.000389658
0.138505
-0.0384776
0.135136
-0.0354308
0.13224
-0.0321412
0.12978
-0.0285399
0.127742
-0.0246292
0.126143
-0.0203489
0.124999
-0.0157753
0.124327
-0.0109212
0.124145
-0.00588925
-0.000709261
0.143462
-0.0349949
0.140351
-0.0323198
0.137579
-0.029369
0.135138
-0.0260994
0.133045
-0.0225362
0.131342
-0.0186458
0.130071
-0.0145036
0.129269
-0.01012
0.128972
-0.00559228
-0.000939201
0.151429
-0.0314725
0.148112
-0.029003
0.145028
-0.0262858
0.142229
-0.0233002
0.139769
-0.0200763
0.137719
-0.0165956
0.136137
-0.0129211
0.135077
-0.00906023
0.134578
-0.0050929
-0.00103059
0.161568
-0.0271094
0.157414
-0.0248486
0.15354
-0.0224119
0.150029
-0.0197892
0.146951
-0.0169984
0.144383
-0.0140281
0.14238
-0.0109177
0.140997
-0.00767728
0.140263
-0.00435874
-0.000977471
0.171319
-0.0214925
0.166083
-0.0196127
0.161293
-0.017622
0.15702
-0.0155163
0.153321
-0.013299
0.150258
-0.0109652
0.147871
-0.0085306
0.146206
-0.00601231
0.145281
-0.00343369
-0.000820181
0.178594
-0.0149372
0.172575
-0.0135936
0.167138
-0.0121847
0.162332
-0.0107107
0.158201
-0.00916791
0.154793
-0.00755717
0.152142
-0.00587917
0.150283
-0.00415401
0.149235
-0.00238572
-0.000603329
0.183942
-0.00773235
0.177367
-0.00701838
0.17146
-0.00627794
0.16626
-0.00551004
0.161802
-0.00471021
0.158126
-0.00388113
0.155266
-0.00301906
0.15325
-0.00213784
0.152098
-0.00123459
-0.000330033
0.187499
0.180481
0.174203
0.168693
0.163983
0.160102
0.157083
0.154945
0.15371
)
;

boundaryField
{
    bottom
    {
        type            symmetryPlane;
        value           uniform 0;
    }
    right
    {
        type            calculated;
        value           nonuniform List<scalar> 
30
(
-0.0160558
-0.0138416
-0.009403
-0.00272388
0.00608966
0.0168973
0.0295175
0.043847
0.0596859
0.076166
0.0829775
0.094236
0.10349
0.110962
0.117244
0.122916
0.128355
0.13372
0.139014
0.144185
0.149222
0.154222
0.159391
0.164958
0.171018
0.177395
0.18362
0.189055
0.193077
0.195215
)
;
    }
    top
    {
        type            symmetryPlane;
        value           uniform 0;
    }
    left
    {
        type            calculated;
        value           nonuniform List<scalar> 
30
(
-0.0387369
-0.0395974
-0.0413007
-0.0437863
-0.0469792
-0.0507909
-0.0551316
-0.0599242
-0.0650936
-0.070688
-0.0698317
-0.0752717
-0.0815002
-0.0874735
-0.0943039
-0.102368
-0.111956
-0.124481
-0.133634
-0.138633
-0.140199
-0.132007
-0.12863
-0.12797
-0.135625
-0.152451
-0.172261
-0.196433
-0.200041
-0.187354
)
;
    }
    cylinder
    {
        type            calculated;
        value           uniform 0;
    }
    defaultFaces
    {
        type            empty;
        value           nonuniform 0();
    }
}


// ************************************************************************* //
