/*--------------------------------*- C++ -*----------------------------------*\
| =========                 |                                                 |
| \\      /  F ield         | OpenFOAM: The Open Source CFD Toolbox           |
|  \\    /   O peration     | Version:  4.1                                   |
|   \\  /    A nd           | Web:      www.OpenFOAM.org                      |
|    \\/     M anipulation  |                                                 |
\*---------------------------------------------------------------------------*/
FoamFile
{
    version     2.0;
    format      ascii;
    class       volVectorField;
    location    "10";
    object      U;
}
// * * * * * * * * * * * * * * * * * * * * * * * * * * * * * * * * * * * * * //

dimensions      [0 1 -1 0 0 0 0];

internalField   nonuniform List<vector> 
2000
(
(-0.0399707 0.0333503 3.64663e-21)
(-0.029423 0.0454255 0)
(0.0588662 0.0391247 6.9852e-22)
(0.212977 0.0273478 -8.65126e-22)
(0.418449 0.0184227 1.69941e-21)
(0.652744 0.015368 4.70476e-21)
(0.893054 0.0193653 -1.64911e-21)
(1.11204 0.0246546 0)
(1.32638 0.0379146 1.86533e-21)
(1.45827 0.0446433 0)
(-0.0370093 0.0274017 -1.65119e-21)
(0.00816319 0.0262501 4.80699e-22)
(0.155744 0.0150937 -4.476e-21)
(0.381825 0.00642761 -1.93862e-21)
(0.652435 0.00652089 -9.1926e-22)
(0.928063 0.0147662 -1.86751e-21)
(1.17764 0.0279084 8.01952e-22)
(1.38534 0.0400717 1.66092e-21)
(1.55064 0.0542119 -1.86521e-21)
(1.64864 0.053204 -4.20808e-21)
(-0.0273607 0.0194145 3.26615e-21)
(0.0698138 0.0053653 -3.05931e-21)
(0.294157 -0.00489827 2.40541e-21)
(0.595724 -0.00306472 -1.52478e-21)
(0.91222 0.010517 1.10063e-22)
(1.19378 0.0296295 -6.41744e-22)
(1.41679 0.0481144 -1.2207e-21)
(1.57879 0.0615326 -1.66086e-21)
(1.68841 0.070297 -2.34907e-21)
(1.76389 0.0692788 2.83528e-21)
(-0.0083665 0.0096152 -6.58082e-22)
(0.160668 -0.0144829 -4.51624e-21)
(0.472661 -0.0152167 0)
(0.834191 0.00317998 9.49561e-22)
(1.16043 0.0297317 -2.53296e-21)
(1.41097 0.0544936 0)
(1.58328 0.0722722 0)
(1.69313 0.0813048 0)
(1.76482 0.0853191 2.34919e-21)
(1.80721 0.0808198 -6.24983e-21)
(0.0227677 -0.00105633 1.5218e-20)
(0.283039 -0.0283213 5.31451e-23)
(0.678812 -0.0103729 4.60174e-21)
(1.06685 0.0253666 1.29418e-21)
(1.36571 0.05923 1.69942e-21)
(1.56404 0.0829993 5.11897e-22)
(1.68416 0.0955792 0)
(1.75595 0.0994968 -1.20549e-21)
(1.80182 0.0986173 9.07034e-21)
(1.83792 0.0915265 -1.26919e-20)
(0.0683121 -0.0105098 -2.68921e-20)
(0.433538 -0.0297045 1.82889e-21)
(0.890432 0.0119266 -9.14011e-21)
(1.26732 0.0598806 7.31692e-21)
(1.51647 0.0939262 -4.23184e-21)
(1.66107 0.112166 1.86558e-21)
(1.74088 0.118466 0)
(1.78811 0.117429 1.20559e-21)
(1.82338 0.112646 -1.79522e-21)
(1.85519 0.104938 -1.16798e-20)
(0.12901 -0.0158069 0)
(0.601162 -0.0136658 0)
(1.0848 0.0499227 -5.51519e-21)
(1.42344 0.102453 5.13414e-21)
(1.61747 0.131276 -1.27932e-21)
(1.71718 0.142013 1.2011e-21)
(1.76917 0.141952 -2.9073e-21)
(1.8031 0.136454 2.74809e-21)
(1.83294 0.128574 6.01396e-21)
(1.86399 0.119816 -2.86435e-21)
(0.203442 -0.0137122 7.28769e-21)
(0.76973 0.0211537 0)
(1.24744 0.100092 -2.31937e-21)
(1.53506 0.150179 8.99282e-21)
(1.67851 0.170447 -3.8756e-21)
(1.74432 0.172896 0)
(1.77891 0.166757 0)
(1.80591 0.157117 0)
(1.83421 0.146439 7.83505e-21)
(1.86543 0.136743 -7.4478e-21)
(0.287388 -0.0015878 -3.816e-21)
(0.923553 0.0725336 -2.88304e-22)
(1.37281 0.15896 -3.81421e-21)
(1.60712 0.201211 9.55023e-22)
(1.70851 0.210983 9.04398e-22)
(1.75058 0.205014 7.68017e-23)
(1.77501 0.193074 0)
(1.79907 0.179472 1.11148e-21)
(1.82697 0.166266 6.40342e-21)
(1.85823 0.154824 -4.8234e-21)
(0.374403 0.0218768 0)
(1.05188 0.136415 -2.96323e-21)
(1.46058 0.223378 0)
(1.64555 0.254174 -7.30505e-22)
(1.71427 0.252471 -6.65204e-22)
(1.74066 0.238202 2.57874e-22)
(1.75971 0.220637 0)
(1.78281 0.203107 -1.1116e-21)
(1.811 0.187277 -1.32883e-21)
(1.8427 0.1735 -1.752e-21)
(-0.00844837 0.00821733 0)
(-0.0343545 0.0155146 6.81555e-22)
(-0.0717266 0.0183039 0)
(-0.108587 0.0191294 7.54439e-22)
(-0.142675 0.0191542 1.97921e-22)
(-0.173953 0.0189743 -3.42453e-22)
(-0.202743 0.0188973 3.22508e-22)
(-0.229548 0.0190745 -2.29096e-22)
(-0.255041 0.0196125 -1.99392e-23)
(-0.280145 0.0206046 -1.44254e-22)
(-0.00988069 0.0236051 2.24222e-21)
(-0.035321 0.0448789 -1.37557e-21)
(-0.0699305 0.0531848 1.09257e-21)
(-0.103178 0.0556385 -5.03961e-22)
(-0.133101 0.0556055 -2.00944e-21)
(-0.159636 0.0548522 7.3751e-22)
(-0.183047 0.0543162 0)
(-0.203721 0.0544979 2.28326e-22)
(-0.222152 0.055754 1.71262e-22)
(-0.239675 0.0583869 0)
(-0.0125033 0.0360757 -1.49588e-21)
(-0.0372786 0.0695679 0)
(-0.0669664 0.0830941 -3.10262e-21)
(-0.0936831 0.0870815 3.58467e-21)
(-0.116027 0.0867278 -8.05535e-22)
(-0.133977 0.0848572 0)
(-0.147751 0.0830404 0)
(-0.157592 0.0822254 0)
(-0.163576 0.0831429 -1.02588e-21)
(-0.167376 0.0864383 9.74977e-22)
(-0.0158733 0.0444816 0)
(-0.0402066 0.087444 2.04679e-21)
(-0.063806 0.105459 -3.67834e-21)
(-0.0820912 0.110741 1.65924e-21)
(-0.0945249 0.109759 -1.28521e-21)
(-0.101286 0.106149 3.32324e-21)
(-0.102628 0.102006 -2.90102e-22)
(-0.0987951 0.0987298 -1.61077e-21)
(-0.0893458 0.0976096 -1.0152e-21)
(-0.0747366 0.100323 1.43229e-21)
(-0.0195645 0.0486546 -2.16604e-21)
(-0.0439953 0.0975528 3.441e-21)
(-0.0612547 0.118714 -7.84315e-23)
(-0.0700858 0.124763 1.13286e-22)
(-0.0710578 0.122853 -1.15888e-21)
(-0.0647398 0.117106 3.22675e-21)
(-0.0514896 0.109887 0)
(-0.0317469 0.102748 7.50352e-22)
(-0.00492579 0.0975234 -6.48821e-22)
(0.0319606 0.0982294 1.34473e-21)
(-0.0233401 0.049274 -2.25192e-22)
(-0.0483853 0.100132 -3.07611e-21)
(-0.059417 0.122392 -1.47742e-21)
(-0.0579697 0.128211 -1.06159e-21)
(-0.0457348 0.124977 -1.18232e-21)
(-0.0237475 0.11704 -1.0286e-21)
(0.00749188 0.106797 0)
(0.0473349 0.0956237 -7.50299e-22)
(0.095423 0.0851731 -2.21157e-21)
(0.1633 0.0819646 4.62255e-22)
(-0.027215 0.0475222 3.41348e-23)
(-0.0528395 0.0963821 -1.10623e-21)
(-0.057084 0.117085 0)
(-0.0435085 0.121104 2.5356e-21)
(-0.0145648 0.115881 -2.15928e-21)
(0.0283939 0.105844 0)
(0.0847667 0.0934649 0)
(0.15379 0.0802483 0)
(0.228983 0.0655076 1.64952e-21)
(0.345499 0.058816 2.09446e-21)
(-0.0312794 0.0446092 7.89742e-22)
(-0.0562063 0.0879419 -7.39774e-22)
(-0.0510547 0.104215 -1.6288e-21)
(-0.0206895 0.104598 2.46372e-22)
(0.0321865 0.0965915 -2.08245e-21)
(0.105856 0.0846768 -2.11327e-21)
(0.19889 0.0715208 -2.0689e-21)
(0.310242 0.0598288 -2.00771e-21)
(0.419429 0.0440943 -1.64931e-21)
(0.601261 0.0393836 2.09422e-21)
(-0.0353668 0.0413077 1.17293e-22)
(-0.0561716 0.0762466 8.67062e-22)
(-0.0354646 0.0856852 3.21919e-21)
(0.0209301 0.0810784 1.95131e-21)
(0.109994 0.0701968 1.98992e-22)
(0.228261 0.0575896 2.25678e-21)
(0.370784 0.0459475 -2.03363e-21)
(0.532196 0.0388684 2.00744e-21)
(0.682426 0.0276409 -1.83827e-21)
(0.916208 0.0319881 3.36757e-21)
(-0.0387369 0.0377284 2.21308e-22)
(-0.0489309 0.0620623 0)
(-0.00198083 0.0633971 -1.04234e-21)
(0.0947178 0.0539376 3.5364e-23)
(0.235583 0.0419089 3.92277e-22)
(0.411035 0.0316794 -2.05119e-21)
(0.608912 0.0259271 5.89882e-21)
(0.811065 0.0247402 0)
(1.00621 0.0247926 1.83797e-21)
(1.22855 0.0382284 0)
(-0.305365 0.0218368 0)
(-0.332379 0.0217292 -1.81515e-23)
(-0.358961 0.0213679 9.49796e-23)
(-0.385213 0.0208813 -6.26065e-23)
(-0.410995 0.0202263 0)
(-0.436074 0.0193644 2.62639e-22)
(-0.460177 0.0182634 -2.63941e-22)
(-0.482989 0.0168981 0)
(-0.504163 0.0152535 0)
(-0.523329 0.0133272 5.9141e-23)
(-0.540091 0.0111272 0)
(-0.55402 0.00866795 0)
(-0.564672 0.00597148 0)
(-0.571674 0.00307161 0)
(-0.574871 5.32023e-05 -1.13582e-22)
(-0.574231 -0.00288539 1.1417e-22)
(-0.569323 -0.00562117 0)
(-0.559404 -0.00808651 -2.20139e-23)
(-0.545834 -0.010297 2.21297e-23)
(-0.536168 -0.0119766 0)
(-0.258484 0.0618038 0)
(-0.282096 0.0617061 4.16134e-24)
(-0.305082 0.060854 0)
(-0.327859 0.0596663 6.09843e-22)
(-0.350456 0.0580271 -5.76695e-22)
(-0.372682 0.055822 6.70483e-23)
(-0.394323 0.0529525 -6.94669e-22)
(-0.415128 0.0493362 1.61144e-21)
(-0.434811 0.0449145 -1.62437e-21)
(-0.453064 0.0396603 9.9484e-22)
(-0.469558 0.0335822 1.07963e-21)
(-0.48393 0.0267193 -2.05594e-21)
(-0.495774 0.0191299 1.12284e-21)
(-0.504664 0.0109152 6.86978e-22)
(-0.51022 0.00226554 -5.41432e-22)
(-0.512366 -0.00646238 1.26889e-22)
(-0.510692 -0.0146636 1.06321e-22)
(-0.504405 -0.0220388 1.06613e-22)
(-0.494323 -0.0284905 -1.07129e-22)
(-0.486567 -0.0332628 1.36353e-23)
(-0.175541 0.0915274 5.07117e-24)
(-0.192587 0.0918094 -4.16868e-24)
(-0.208939 0.0910114 -2.32342e-23)
(-0.225157 0.089739 0)
(-0.24159 0.0878452 -1.10158e-21)
(-0.258113 0.0851639 8.58101e-22)
(-0.274586 0.0815386 0)
(-0.290857 0.0768302 -2.07985e-22)
(-0.306752 0.0709252 -1.14382e-22)
(-0.322069 0.0637404 1.95877e-21)
(-0.336595 0.0552346 1.46813e-22)
(-0.350107 0.0454189 -2.69717e-21)
(-0.362335 0.0343572 -1.6551e-22)
(-0.372948 0.0221534 -1.4717e-22)
(-0.381609 0.00900426 -1.58935e-22)
(-0.387854 -0.00468041 3.72698e-22)
(-0.391108 -0.0180359 -3.29957e-22)
(-0.390744 -0.0302707 -4.01952e-22)
(-0.386759 -0.0408 -9.27067e-23)
(-0.382716 -0.0482408 1.42478e-24)
(-0.0707621 0.106353 -1.15432e-22)
(-0.0794985 0.107678 -4.51384e-22)
(-0.0873966 0.107567 -4.72185e-22)
(-0.0951224 0.106773 1.06229e-21)
(-0.103343 0.105307 1.73744e-22)
(-0.112035 0.102973 7.35972e-23)
(-0.121103 0.0995575 -3.11173e-21)
(-0.130468 0.0948918 1.49279e-21)
(-0.140058 0.0888382 1.93368e-21)
(-0.149798 0.0812763 -2.56601e-21)
(-0.159603 0.0721095 -1.72483e-22)
(-0.169381 0.0612844 3.09974e-21)
(-0.17908 0.0488131 1.64135e-22)
(-0.188621 0.0347643 1.71494e-21)
(-0.197787 0.0192735 -1.20316e-21)
(-0.20614 0.00268279 -1.14238e-21)
(-0.213291 -0.0144776 9.88446e-22)
(-0.218554 -0.0309482 0)
(-0.221317 -0.0454613 2.01336e-22)
(-0.22207 -0.0554955 1.98096e-23)
(0.0481375 0.105305 -1.18814e-21)
(0.048444 0.108449 -5.29688e-22)
(0.0482077 0.109369 5.46387e-22)
(0.0488704 0.109347 0)
(0.0492672 0.10872 -1.17507e-22)
(0.0490014 0.107252 -2.78301e-21)
(0.0481223 0.10464 -7.89105e-22)
(0.0467179 0.100693 -5.82112e-22)
(0.0448107 0.0952884 3.97945e-21)
(0.0423827 0.0883118 2.93213e-22)
(0.0394109 0.0796562 0)
(0.0358752 0.069242 -3.40305e-22)
(0.0317325 0.0570338 0)
(0.0268969 0.0430723 -3.5414e-22)
(0.021298 0.0274766 0)
(0.0149589 0.0104539 0)
(0.0081573 -0.00767435 2.75427e-22)
(0.00125044 -0.0262259 -3.82706e-22)
(-0.00548356 -0.0437499 3.47071e-22)
(-0.0110366 -0.0571001 -1.06266e-22)
(0.188704 0.0913683 0)
(0.196482 0.096726 -1.59086e-23)
(0.201178 0.098626 -1.79692e-21)
(0.207745 0.0993323 1.73217e-21)
(0.214999 0.0996249 -1.01609e-22)
(0.221796 0.0991776 0)
(0.227998 0.0975485 -3.30294e-21)
(0.233756 0.0945412 6.99532e-21)
(0.239095 0.0900712 -4.17001e-21)
(0.243922 0.0840375 -2.93274e-22)
(0.248128 0.0763344 -3.24285e-22)
(0.251612 0.0668885 -3.49015e-22)
(0.254235 0.0556773 0)
(0.25583 0.042712 2.58012e-21)
(0.256231 0.0281307 -6.14678e-21)
(0.255367 0.0121504 2.83035e-21)
(0.25306 -0.00477196 -3.02799e-22)
(0.24925 -0.0224806 -2.42082e-22)
(0.243615 -0.04 1.10326e-22)
(0.237929 -0.0560578 -1.10934e-22)
(0.374045 0.0712021 -2.54661e-21)
(0.384673 0.0784087 0)
(0.389926 0.080602 -2.12024e-23)
(0.398098 0.0815812 1.13594e-22)
(0.408434 0.0825343 1.87266e-22)
(0.418985 0.08282 1.25419e-22)
(0.429329 0.0818585 1.65067e-22)
(0.43968 0.0795325 -3.49429e-21)
(0.450061 0.075821 4.20348e-21)
(0.460291 0.070621 5.398e-21)
(0.470166 0.0638204 -4.49864e-21)
(0.479532 0.0553501 6.78572e-22)
(0.48815 0.0452313 -2.89076e-21)
(0.495831 0.0334745 3.60787e-22)
(0.502295 0.0202636 3.59207e-21)
(0.507528 0.00574597 3.30207e-22)
(0.510905 -0.00929503 -4.80535e-22)
(0.512584 -0.0251691 5.10126e-22)
(0.511182 -0.0400099 9.44603e-22)
(0.509261 -0.0563929 5.65969e-23)
(0.624089 0.0539896 0)
(0.631947 0.0614021 -1.47238e-22)
(0.633722 0.0622206 1.67915e-22)
(0.639433 0.0625667 -4.89677e-23)
(0.648682 0.0635283 -1.52842e-22)
(0.659001 0.0637632 -1.25309e-22)
(0.669808 0.0626997 -3.09609e-22)
(0.681338 0.0604342 0)
(0.693542 0.056983 -2.40429e-22)
(0.706139 0.0521898 -2.75093e-22)
(0.718833 0.0459275 -2.86688e-22)
(0.731448 0.0381146 -6.40269e-22)
(0.743594 0.0288234 0)
(0.755137 0.0181003 0)
(0.765574 0.00630553 -3.43926e-22)
(0.775396 -0.00661495 -3.01659e-21)
(0.782748 -0.0198735 2.09283e-21)
(0.788899 -0.0342351 -2.14912e-22)
(0.791308 -0.045865 -4.9465e-22)
(0.794281 -0.0608568 1.42963e-22)
(0.928272 0.0480696 -3.48662e-21)
(0.930693 0.0525305 0)
(0.929273 0.0503071 0)
(0.932491 0.0495707 -1.26906e-21)
(0.939273 0.0496362 -1.14051e-21)
(0.947298 0.0485494 6.14402e-21)
(0.956256 0.0462291 -3.52297e-21)
(0.966359 0.043027 0)
(0.977431 0.0389329 0)
(0.989168 0.0337546 0)
(1.00127 0.0274125 1.55458e-22)
(1.01361 0.0197986 4.45187e-22)
(1.02577 0.0110473 5.03077e-21)
(1.03781 0.00106845 -4.84628e-21)
(1.04898 -0.00963211 2.41012e-21)
(1.05946 -0.0215045 -2.09427e-21)
(1.06726 -0.0330932 0)
(1.0748 -0.045813 1.12676e-22)
(1.07846 -0.0547291 1.37852e-22)
(1.08316 -0.0673408 0)
(1.24571 0.0476489 2.91658e-23)
(1.25138 0.0439108 6.8794e-22)
(1.25394 0.0404 -6.80793e-22)
(1.25817 0.0402615 0)
(1.26274 0.0401166 1.73483e-21)
(1.26723 0.0387113 -4.5096e-21)
(1.27231 0.0363783 2.76428e-21)
(1.27829 0.0332193 0)
(1.28508 0.0290821 3.0497e-21)
(1.29251 0.0237811 -6.55877e-21)
(1.30044 0.0173574 3.63006e-21)
(1.30874 0.00966727 -1.36719e-22)
(1.31708 0.00102516 0)
(1.32539 -0.00884091 -4.56186e-21)
(1.33312 -0.0191469 6.48553e-21)
(1.34029 -0.0307389 -2.09219e-21)
(1.34592 -0.0411319 -1.59598e-21)
(1.35073 -0.0527636 1.08989e-21)
(1.3533 -0.0601633 5.78485e-22)
(1.35505 -0.0707866 0)
(1.58926 0.0505939 0)
(1.57317 0.0451866 0)
(1.56293 0.0417663 0)
(1.55548 0.0393128 0)
(1.54985 0.0366608 0)
(1.54604 0.0336024 0)
(1.54418 0.0301573 0)
(1.544 0.0261508 0)
(1.54526 0.0214913 0)
(1.54751 0.0159862 0)
(1.55062 0.00977395 0)
(1.55415 0.00257901 0)
(1.55813 -0.005266 0)
(1.56185 -0.0141805 0)
(1.56557 -0.0230757 0)
(1.56821 -0.0331736 0)
(1.57066 -0.0418557 0)
(1.57093 -0.0522008 0)
(1.57169 -0.058376 0)
(1.5686 -0.0680728 0)
(1.73332 0.0563531 0)
(1.73104 0.0538909 0)
(1.7299 0.0510386 0)
(1.7288 0.0473576 0)
(1.72774 0.0431316 0)
(1.72706 0.0385599 0)
(1.72713 0.0337052 0)
(1.72776 0.0283976 0)
(1.72902 0.0226313 0)
(1.73048 0.0161878 0)
(1.73241 0.0092574 0)
(1.73397 0.00149404 0)
(1.73582 -0.0064365 0)
(1.73681 -0.015283 0)
(1.73814 -0.0237599 0)
(1.73752 -0.033323 0)
(1.73773 -0.041204 0)
(1.73447 -0.0506883 0)
(1.73376 -0.056043 0)
(1.72702 -0.0646239 0)
(1.82735 0.0572682 0)
(1.82971 0.0537131 0)
(1.83174 0.0502487 0)
(1.83366 0.0461474 0)
(1.83582 0.0416109 0)
(1.83819 0.036784 0)
(1.84091 0.031736 0)
(1.8436 0.0262749 0)
(1.84648 0.020445 0)
(1.84895 0.0140035 0)
(1.85148 0.00721081 0)
(1.85325 -0.000330574 0)
(1.85522 -0.00779673 0)
(1.85558 -0.0160845 0)
(1.85642 -0.0237882 0)
(1.85469 -0.0325161 0)
(1.85436 -0.0394238 0)
(1.84984 -0.0478965 0)
(1.84887 -0.0523975 0)
(1.84099 -0.0599988 0)
(1.8944 0.0562757 0)
(1.8992 0.0513908 0)
(1.90269 0.0469941 0)
(1.90583 0.0424965 0)
(1.90932 0.037827 0)
(1.91306 0.0329495 0)
(1.91708 0.0279238 0)
(1.92087 0.0225594 0)
(1.92471 0.0169579 0)
(1.92789 0.0108336 0)
(1.9311 0.00454337 0)
(1.93325 -0.00233592 0)
(1.93555 -0.0091569 0)
(1.93603 -0.0167172 0)
(1.93706 -0.0235387 0)
(1.93535 -0.0313223 0)
(1.93521 -0.037254 0)
(1.93082 -0.0447379 0)
(1.93009 -0.0484879 0)
(1.92267 -0.055307 0)
(1.94878 0.0534393 0)
(1.95487 0.0478233 0)
(1.95939 0.0428474 0)
(1.96323 0.0381286 0)
(1.9673 0.033447 0)
(1.97152 0.0286208 0)
(1.976 0.0236982 0)
(1.98016 0.0185033 0)
(1.9843 0.0131823 0)
(1.98772 0.00744336 0)
(1.99114 0.00166299 0)
(1.99342 -0.00465253 0)
(1.99585 -0.0107729 0)
(1.99651 -0.0175446 0)
(1.99775 -0.023507 0)
(1.99636 -0.0303657 0)
(1.9965 -0.0354317 0)
(1.99272 -0.0420054 0)
(1.99228 -0.0451522 0)
(1.9859 -0.0512507 0)
(2.00084 0.049209 0)
(2.00744 0.0434324 0)
(2.01251 0.0382552 0)
(2.01665 0.0334564 0)
(2.02081 0.0288224 0)
(2.02502 0.0241115 0)
(2.02945 0.0193562 0)
(2.03352 0.0143876 0)
(2.03756 0.00937673 0)
(2.04085 0.00403653 0)
(2.04414 -0.00126033 0)
(2.04631 -0.00700365 0)
(2.04866 -0.0124542 0)
(2.04935 -0.0184697 0)
(2.05063 -0.0236662 0)
(2.04949 -0.0296878 0)
(2.04979 -0.0340274 0)
(2.04659 -0.0397902 0)
(2.04635 -0.0424543 0)
(2.04094 -0.0478677 0)
(2.05564 0.0444227 0)
(2.06223 0.0388255 0)
(2.06739 0.03368 0)
(2.0715 0.0288984 0)
(2.07545 0.024348 0)
(2.07934 0.0197892 0)
(2.08341 0.015242 0)
(2.08711 0.0105348 0)
(2.09077 0.00584621 0)
(2.0937 0.000903646 0)
(2.09663 -0.00392861 0)
(2.0985 -0.00912041 0)
(2.10058 -0.0139692 0)
(2.10111 -0.0193087 0)
(2.10226 -0.023851 0)
(2.10118 -0.029141 0)
(2.1015 -0.0328785 0)
(2.09863 -0.0379281 0)
(2.09848 -0.0401986 0)
(2.09372 -0.0449779 0)
(2.11415 0.0396562 0)
(2.12038 0.0343623 0)
(2.12534 0.0293715 0)
(2.12923 0.0246913 0)
(2.13284 0.0202707 0)
(2.13626 0.0158965 0)
(2.13983 0.0115846 0)
(2.143 0.00715899 0)
(2.14616 0.00279545 0)
(2.14857 -0.00176009 0)
(2.15104 -0.00615837 0)
(2.15246 -0.0108464 0)
(2.15415 -0.0151701 0)
(2.15436 -0.0199161 0)
(2.15525 -0.0239009 0)
(2.15403 -0.0285538 0)
(2.15423 -0.0317882 0)
(2.15143 -0.0362122 0)
(2.15128 -0.0381582 0)
(2.1468 -0.0423598 0)
(2.17534 0.0351068 0)
(2.18103 0.0301526 0)
(2.18565 0.0254017 0)
(2.18923 0.0209069 0)
(2.19245 0.016673 0)
(2.19538 0.0125197 0)
(2.1984 0.00846618 0)
(2.20099 0.00433751 0)
(2.20359 0.000300818 0)
(2.20544 -0.00388019 0)
(2.20738 -0.00787569 0)
(2.20827 -0.012105 0)
(2.20951 -0.0159633 0)
(2.20928 -0.0201819 0)
(2.20984 -0.0236837 0)
(2.20832 -0.0277773 0)
(2.20833 -0.0305853 0)
(2.20536 -0.0344585 0)
(2.20515 -0.0361339 0)
(2.20062 -0.0398122 0)
(2.23759 0.0308186 0)
(2.24271 0.0262369 0)
(2.24693 0.0217963 0)
(2.25014 0.0175614 0)
(2.25297 0.0135697 0)
(2.25541 0.00967408 0)
(2.25789 0.00590123 0)
(2.2599 0.00207971 0)
(2.26194 -0.00162456 0)
(2.2632 -0.00543761 0)
(2.26461 -0.00905193 0)
(2.26494 -0.0128544 0)
(2.2657 -0.0162903 0)
(2.26498 -0.0200323 0)
(2.26517 -0.0231084 0)
(2.26322 -0.0267051 0)
(2.26299 -0.0291457 0)
(2.25969 -0.0325298 0)
(2.25937 -0.033975 0)
(2.25456 -0.0371791 0)
(2.29922 0.0268327 0)
(2.30377 0.0226589 0)
(2.30756 0.0185794 0)
(2.3104 0.0146587 0)
(2.31283 0.0109551 0)
(2.31479 0.00735117 0)
(2.31676 0.00387995 0)
(2.3182 0.000382747 0)
(2.3197 -0.00298463 0)
(2.32039 -0.00643457 0)
(2.32127 -0.00968125 0)
(2.32103 -0.0130791 0)
(2.32133 -0.0161237 0)
(2.32007 -0.0194285 0)
(2.31988 -0.0221222 0)
(2.31745 -0.0252709 0)
(2.31696 -0.027388 0)
(2.3132 -0.0303327 0)
(2.31276 -0.0315776 0)
(2.3075 -0.0343512 0)
(2.35846 0.0231862 0)
(2.36246 0.0194443 0)
(2.36583 0.0157569 0)
(2.36829 0.0121879 0)
(2.37035 0.0088094 0)
(2.37186 0.00552658 0)
(2.37336 0.00237863 0)
(2.37427 -0.000776054 0)
(2.37526 -0.0038008 0)
(2.37539 -0.00688902 0)
(2.37578 -0.00977579 0)
(2.37499 -0.0127847 0)
(2.37484 -0.0154606 0)
(2.37303 -0.018358 0)
(2.37247 -0.020701 0)
(2.36952 -0.0234398 0)
(2.36876 -0.0252657 0)
(2.36451 -0.0278113 0)
(2.36392 -0.0288779 0)
(2.35814 -0.0312605 0)
(2.41346 0.0198782 0)
(2.41695 0.016581 0)
(2.41991 0.0133068 0)
(2.42202 0.0101184 0)
(2.42374 0.00709605 0)
(2.42484 0.00416098 0)
(2.42592 0.00135775 0)
(2.42634 -0.00144291 0)
(2.42687 -0.0041155 0)
(2.42649 -0.00683773 0)
(2.42644 -0.00936745 0)
(2.42513 -0.011998 0)
(2.42457 -0.0143208 0)
(2.42225 -0.0168332 0)
(2.42134 -0.0188487 0)
(2.41789 -0.0212076 0)
(2.41688 -0.0227662 0)
(2.41212 -0.0249466 0)
(2.4114 -0.0258512 0)
(2.40508 -0.0278794 0)
(2.46228 0.0168799 0)
(2.4653 0.0140348 0)
(2.4679 0.0111904 0)
(2.46969 0.00840665 0)
(2.47111 0.00576601 0)
(2.47186 0.00320251 0)
(2.47258 0.000761113 0)
(2.47258 -0.00167248 0)
(2.47273 -0.00398429 0)
(2.47191 -0.00633721 0)
(2.47148 -0.0085117 0)
(2.46973 -0.0107718 0)
(2.46883 -0.0127531 0)
(2.46607 -0.0148984 0)
(2.46487 -0.0166042 0)
(2.461 -0.0186081 0)
(2.45977 -0.019918 0)
(2.45458 -0.0217628 0)
(2.45374 -0.0225184 0)
(2.44697 -0.0242261 0)
(2.50303 0.0141572 0)
(2.50565 0.0117664 0)
(2.50794 0.0093615 0)
(2.50947 0.00699847 0)
(2.51066 0.00475708 0)
(2.51115 0.00258087 0)
(2.5116 0.000514856 0)
(2.51129 -0.00154386 0)
(2.51115 -0.00349174 0)
(2.51 -0.00547519 0)
(2.5093 -0.00729806 0)
(2.50723 -0.0091956 0)
(2.50608 -0.0108462 0)
(2.50302 -0.0126398 0)
(2.50161 -0.0140515 0)
(2.49744 -0.0157217 0)
(2.49606 -0.016799 0)
(2.49059 -0.0183336 0)
(2.48967 -0.0189512 0)
(2.48261 -0.0203685 0)
(2.5342 0.0116528 0)
(2.53654 0.00971002 0)
(2.53862 0.00774566 0)
(2.54 0.00581001 0)
(2.54107 0.00397532 0)
(2.54142 0.0021938 0)
(2.54173 0.00050743 0)
(2.54125 -0.00117614 0)
(2.54095 -0.00276246 0)
(2.53963 -0.00437987 0)
(2.5388 -0.00585782 0)
(2.53657 -0.0074012 0)
(2.5353 -0.00873276 0)
(2.5321 -0.0101883 0)
(2.53061 -0.0113208 0)
(2.52631 -0.0126747 0)
(2.52488 -0.0135341 0)
(2.51932 -0.0147784 0)
(2.51837 -0.015268 0)
(2.51125 -0.0164182 0)
(2.55543 0.00923591 0)
(2.55763 0.00773037 0)
(2.55965 0.00620367 0)
(2.56102 0.00469807 0)
(2.56211 0.00327363 0)
(2.56247 0.00188993 0)
(2.56278 0.000583057 0)
(2.56229 -0.000725577 0)
(2.56199 -0.00195465 0)
(2.56067 -0.00321073 0)
(2.55984 -0.00435183 0)
(2.55762 -0.00554856 0)
(2.55638 -0.00657248 0)
(2.5532 -0.00770016 0)
(2.55174 -0.00856711 0)
(2.54751 -0.00961651 0)
(2.54612 -0.010271 0)
(2.54065 -0.0112375 0)
(2.53974 -0.011608 0)
(2.53276 -0.0125046 0)
(2.568 0.00674104 0)
(2.5702 0.00566 0)
(2.57229 0.00456742 0)
(2.57377 0.00349359 0)
(2.57499 0.00248316 0)
(2.57546 0.00150012 0)
(2.57589 0.000574562 0)
(2.5755 -0.000355702 0)
(2.57531 -0.0012284 0)
(2.5741 -0.00212413 0)
(2.57339 -0.00293317 0)
(2.5713 -0.00378663 0)
(2.57017 -0.00451065 0)
(2.56715 -0.00531543 0)
(2.5658 -0.00592631 0)
(2.56175 -0.00667644 0)
(2.56046 -0.00713566 0)
(2.55521 -0.00782859 0)
(2.55437 -0.00808707 0)
(2.54768 -0.00873261 0)
(2.57439 0.00419583 0)
(2.57666 0.00350924 0)
(2.57886 0.00282978 0)
(2.58048 0.00217373 0)
(2.58185 0.00156516 0)
(2.58247 0.000975176 0)
(2.58304 0.000422716 0)
(2.58279 -0.000135439 0)
(2.58274 -0.00065545 0)
(2.58167 -0.00119205 0)
(2.58109 -0.00167262 0)
(2.57916 -0.00218472 0)
(2.57817 -0.00261385 0)
(2.57532 -0.0030979 0)
(2.57411 -0.00345858 0)
(2.57025 -0.00391116 0)
(2.56907 -0.00418082 0)
(2.56406 -0.00460036 0)
(2.56328 -0.00475088 0)
(2.55689 -0.00514236 0)
(2.57692 0.00161588 0)
(2.57925 0.00133458 0)
(2.58154 0.00106902 0)
(2.58326 0.000822525 0)
(2.58473 0.000600011 0)
(2.58545 0.0003888 0)
(2.5861 0.00019413 0)
(2.58594 -1.60078e-06 0)
(2.58598 -0.000180688 0)
(2.585 -0.000364578 0)
(2.58451 -0.0005272 0)
(2.58268 -0.000701298 0)
(2.58178 -0.000845126 0)
(2.57904 -0.00100915 0)
(2.5779 -0.00112901 0)
(2.57417 -0.00128228 0)
(2.57306 -0.00137113 0)
(2.5682 -0.0015133 0)
(2.56746 -0.00156237 0)
(2.56125 -0.00169479 0)
(1.87708 0.156935 1.71189e-21)
(1.89208 0.144225 0)
(1.8985 0.131385 -2.6418e-22)
(1.89854 0.118634 -7.85544e-21)
(1.88937 0.106341 1.09448e-20)
(1.87761 0.0955024 0)
(1.85412 0.0843706 6.98871e-21)
(1.82075 0.0782331 0)
(1.79323 0.0648796 4.38878e-21)
(1.61297 0.0536872 -5.44119e-23)
(1.91751 0.143411 -2.02295e-21)
(1.93091 0.132953 3.69952e-22)
(1.93629 0.121999 -3.70701e-22)
(1.93521 0.112502 -1.1849e-21)
(1.92834 0.10179 -7.28489e-21)
(1.91175 0.0947749 -4.01299e-22)
(1.90565 0.0846763 0)
(1.85346 0.0802225 -7.54958e-21)
(1.88031 0.0738729 0)
(1.7367 0.0603395 -3.69159e-21)
(1.96409 0.129809 4.18922e-21)
(1.97386 0.121251 0)
(1.98051 0.111293 -3.41484e-22)
(1.97364 0.103904 -7.76962e-22)
(1.97405 0.0944883 7.69575e-21)
(1.945 0.0889548 0)
(1.95632 0.0817967 1.16465e-20)
(1.88961 0.0754005 7.81542e-21)
(1.92566 0.0736006 0)
(1.82482 0.0629837 3.65378e-21)
(2.01463 0.117637 -1.90868e-21)
(2.01968 0.110288 7.60001e-21)
(2.02995 0.101639 0)
(2.01578 0.0950329 1.05102e-20)
(2.02375 0.0875872 5.31313e-22)
(1.98515 0.08128 -9.73687e-22)
(2.00204 0.0769329 -1.11162e-20)
(1.937 0.0691082 -3.6172e-22)
(1.95959 0.0679557 -9.40746e-21)
(1.88844 0.0623229 0)
(2.06717 0.106724 0)
(2.06823 0.100018 -7.42078e-21)
(2.08153 0.0930972 -8.12135e-21)
(2.06306 0.0864993 1.10546e-21)
(2.07387 0.0811137 -6.98127e-22)
(2.03426 0.0741025 -5.00608e-22)
(2.04621 0.0710648 -1.46881e-20)
(1.99149 0.0643044 -7.63976e-22)
(1.99972 0.0618227 -1.1399e-21)
(1.94161 0.0595183 8.36085e-21)
(2.12015 0.0967636 2.48361e-21)
(2.11934 0.0904655 5.01203e-22)
(2.13312 0.0850663 -1.33916e-21)
(2.11477 0.0785952 4.35468e-22)
(2.1238 0.0744504 -1.16122e-20)
(2.08903 0.0679993 0)
(2.09368 0.0648788 1.60409e-20)
(2.04808 0.0602428 -4.67894e-22)
(2.04865 0.0562675 2.29306e-20)
(1.99358 0.0552287 -1.80332e-20)
(2.17267 0.0874914 -2.49583e-21)
(2.17196 0.0817279 -4.55865e-21)
(2.18428 0.0772466 7.70085e-21)
(2.16862 0.0714329 -1.33167e-20)
(2.17454 0.0676195 -1.56406e-21)
(2.14542 0.0624932 -1.07007e-20)
(2.14565 0.0587308 5.14404e-22)
(2.10492 0.0556555 -9.48367e-22)
(2.1034 0.050876 -1.16628e-20)
(2.04865 0.0501359 9.65942e-21)
(2.22427 0.078766 0)
(2.22447 0.0737445 9.86317e-21)
(2.23505 0.0696825 -1.03485e-21)
(2.22233 0.064845 7.22193e-21)
(2.22639 0.0609536 -6.94448e-22)
(2.20122 0.0570577 2.14609e-20)
(2.20047 0.0528319 -9.33487e-21)
(2.16218 0.0504995 0)
(2.16123 0.0456759 0)
(2.10762 0.0449364 0)
(2.27435 0.0705644 0)
(2.27539 0.0663418 -9.07783e-21)
(2.28498 0.0625114 -5.69999e-22)
(2.27445 0.0585972 7.44736e-21)
(2.27832 0.0546806 1.31215e-20)
(2.25573 0.0515876 -1.20991e-20)
(2.25595 0.0473474 1.12446e-20)
(2.21992 0.0453205 -5.96477e-22)
(2.22027 0.0408519 0)
(2.16941 0.0399805 6.77226e-21)
(2.32205 0.0628658 3.29273e-22)
(2.32364 0.0593482 5.17921e-21)
(2.33303 0.0557848 7.93602e-21)
(2.32413 0.0525678 -4.13305e-22)
(2.32882 0.0488483 9.32448e-22)
(2.30851 0.0462248 -1.33959e-20)
(2.3103 0.0423041 1.25535e-20)
(2.27732 0.0404127 -6.32922e-22)
(2.27891 0.0363716 0)
(2.2323 0.0353133 -1.40117e-20)
(2.36643 0.0556094 0)
(2.36844 0.0526554 5.17638e-21)
(2.37801 0.0494583 2.40072e-22)
(2.37065 0.0467358 0)
(2.37642 0.0433948 0)
(2.35875 0.0410731 1.18959e-20)
(2.36203 0.0376 -1.04071e-20)
(2.33303 0.0357792 -5.89956e-22)
(2.33561 0.032143 3.25874e-22)
(2.29451 0.0309268 7.48736e-21)
(2.40664 0.04872 0)
(2.40913 0.0462157 -9.87418e-21)
(2.41888 0.0434557 -1.05518e-20)
(2.41324 0.0411077 1.56887e-21)
(2.41992 0.0382272 -1.00003e-21)
(2.40537 0.0361397 -7.98493e-22)
(2.40983 0.0331295 1.49313e-21)
(2.38554 0.0313767 9.39781e-21)
(2.38888 0.0281492 8.8124e-22)
(2.35429 0.026848 -2.66158e-22)
(2.44197 0.042151 0)
(2.44505 0.0400261 5.32442e-21)
(2.45476 0.0377245 -5.78748e-22)
(2.45107 0.0356928 5.73968e-22)
(2.45829 0.033282 0)
(2.44722 0.0314104 0)
(2.45246 0.02885 0)
(2.43337 0.0272032 -1.06635e-20)
(2.43724 0.024401 9.82726e-21)
(2.40977 0.0230923 0)
(2.47171 0.0359014 0)
(2.47549 0.0341162 3.41086e-21)
(2.48486 0.0322539 4.35307e-21)
(2.48324 0.0305129 5.58038e-21)
(2.49061 0.0285445 -1.05416e-21)
(2.48316 0.0268951 6.39628e-21)
(2.48877 0.0247642 -5.62646e-21)
(2.47507 0.0232689 0)
(2.47918 0.0208916 6.74928e-22)
(2.45903 0.0196418 -9.18174e-21)
(2.49506 0.0299828 -7.66579e-22)
(2.49959 0.0285138 -2.76916e-21)
(2.50841 0.0270471 -5.62817e-21)
(2.50885 0.025589 -3.92767e-21)
(2.51603 0.0240194 0)
(2.51212 0.0226098 -8.12201e-21)
(2.51773 0.0208768 8.0865e-21)
(2.50923 0.0195719 -7.61728e-22)
(2.51331 0.017601 -4.87128e-21)
(2.50017 0.0164681 1.33827e-20)
(2.51144 0.0243503 7.70514e-22)
(2.51678 0.0231858 -2.16271e-21)
(2.52497 0.0220625 1.91259e-21)
(2.52734 0.020892 -4.67671e-21)
(2.53411 0.0196725 0)
(2.53337 0.0185256 0)
(2.53872 0.017151 7.95565e-22)
(2.5348 0.0160718 -7.45886e-21)
(2.53868 0.0144812 -4.47095e-21)
(2.53163 0.0135219 -4.52913e-21)
(2.52134 0.0188714 0)
(2.52745 0.0180127 3.54092e-21)
(2.53509 0.0171912 -1.28333e-21)
(2.53906 0.0163184 4.17738e-21)
(2.54538 0.0154065 1.11097e-21)
(2.54715 0.0145403 -9.08726e-22)
(2.55214 0.0134858 1.69709e-21)
(2.55175 0.0126589 5.16102e-21)
(2.5554 0.0114215 0)
(2.55299 0.0106798 0)
(2.52664 0.0134283 0)
(2.53333 0.012881 1.45119e-21)
(2.54053 0.0123436 -2.62817e-21)
(2.54559 0.0117745 0)
(2.55151 0.0111462 -2.15692e-21)
(2.55494 0.0105594 -9.20455e-22)
(2.55961 0.00979892 -2.54774e-21)
(2.56152 0.00921845 -7.26082e-22)
(2.565 0.00830997 3.83938e-22)
(2.56555 0.00777954 3.10595e-22)
(2.52961 0.00804276 0)
(2.53654 0.00778784 -1.45815e-21)
(2.54338 0.00753517 -1.30473e-21)
(2.54897 0.00727054 1.78414e-21)
(2.55458 0.00693522 1.02707e-21)
(2.55887 0.00662206 9.72382e-22)
(2.56331 0.00616216 4.26358e-21)
(2.5664 0.00580976 -3.06824e-21)
(2.56979 0.00522253 7.07564e-22)
(2.57188 0.00486481 0)
(2.53119 0.00254667 0)
(2.53813 0.0025746 7.10622e-22)
(2.54474 0.00260235 -6.76484e-22)
(2.5505 0.00261796 6.36238e-22)
(2.55591 0.00258529 0)
(2.5605 0.00253916 -9.77217e-22)
(2.56481 0.00241338 8.33598e-22)
(2.56834 0.00229907 7.28871e-22)
(2.57169 0.00207715 0)
(2.57437 0.00190538 0)
(1.22873 0.276183 0)
(1.17617 0.301989 -5.81743e-20)
(1.13449 0.336101 0)
(1.10059 0.379761 -1.93057e-19)
(1.07073 0.432362 7.36174e-20)
(1.04285 0.495919 2.52083e-21)
(1.01474 0.571747 6.22917e-20)
(0.968268 0.64927 -8.59381e-21)
(0.834924 0.667073 0)
(0.473966 0.416282 6.06488e-20)
(1.31544 0.278753 1.05885e-19)
(1.26502 0.311713 5.81725e-20)
(1.22548 0.344686 -5.50334e-20)
(1.19294 0.386919 6.50005e-20)
(1.16526 0.439194 -5.46792e-20)
(1.14163 0.502446 8.57438e-21)
(1.11941 0.577295 -6.47156e-20)
(1.07741 0.651906 -1.26781e-19)
(0.936754 0.663773 -3.36666e-20)
(0.530891 0.405889 -8.85109e-20)
(1.3975 0.276916 -4.67036e-20)
(1.35245 0.31222 4.8327e-20)
(1.31567 0.344627 5.50312e-20)
(1.28402 0.385958 5.62777e-20)
(1.25804 0.437569 5.72324e-20)
(1.23831 0.499645 5.75461e-20)
(1.22136 0.572012 1.01242e-20)
(1.18223 0.641221 5.36909e-20)
(1.03156 0.644785 1.87889e-20)
(0.57935 0.383405 -2.00567e-20)
(1.47787 0.272451 9.32881e-20)
(1.43695 0.307891 -4.83246e-20)
(1.40233 0.33919 0)
(1.37165 0.378922 0)
(1.34737 0.428691 0)
(1.33113 0.488226 4.15714e-20)
(1.31831 0.556427 -3.44736e-20)
(1.27952 0.617707 0)
(1.11508 0.610623 1.17323e-20)
(0.615173 0.349523 -2.30523e-20)
(1.55422 0.264958 -1.70607e-20)
(1.516 0.299134 6.25893e-20)
(1.48309 0.329005 0)
(1.45371 0.366618 0)
(1.43133 0.413479 1.7244e-20)
(1.41813 0.469162 1.5856e-20)
(1.40791 0.531618 2.30499e-20)
(1.36621 0.582239 9.73927e-21)
(1.18264 0.562746 9.49505e-21)
(0.6352 0.306851 -5.11268e-21)
(1.62358 0.254753 5.03478e-20)
(1.58759 0.28638 1.8566e-20)
(1.55621 0.314411 0)
(1.52837 0.349508 0)
(1.50807 0.392639 -4.55781e-20)
(1.49733 0.443213 1.43241e-20)
(1.48782 0.498324 4.61769e-21)
(1.43886 0.536741 -2.17937e-22)
(1.2293 0.5033 -3.74964e-21)
(0.637559 0.257616 1.61279e-21)
(1.68525 0.241882 -2.83952e-20)
(1.65097 0.269972 2.98763e-20)
(1.62075 0.295936 2.64504e-20)
(1.59443 0.328164 -2.79828e-20)
(1.57597 0.366918 -1.06783e-20)
(1.56679 0.411382 1.13731e-20)
(1.55529 0.457504 -4.59713e-21)
(1.4934 0.483047 4.93747e-21)
(1.25201 0.435384 0)
(0.620885 0.204409 0)
(1.73815 0.226832 -2.3722e-20)
(1.70542 0.251032 2.49598e-20)
(1.67602 0.27454 0)
(1.65095 0.303658 0)
(1.63399 0.337505 0)
(1.62485 0.374929 2.24701e-21)
(1.60749 0.410942 -6.20442e-21)
(1.52603 0.42274 -3.62243e-22)
(1.2481 0.361622 0)
(0.584397 0.150739 -6.46779e-21)
(1.7826 0.209941 -9.71924e-21)
(1.75048 0.229814 8.05045e-21)
(1.72144 0.251336 -1.97501e-21)
(1.69743 0.276861 0)
(1.68132 0.305426 -2.44555e-21)
(1.66993 0.33546 5.90247e-21)
(1.64187 0.360494 0)
(1.53371 0.357822 8.87322e-23)
(1.21465 0.284869 -5.60507e-21)
(0.528851 0.100268 9.58413e-21)
(1.81777 0.192109 0)
(1.78564 0.208673 2.17586e-21)
(1.757 0.227297 1.97481e-21)
(1.73375 0.248837 0)
(1.71714 0.271946 6.77252e-22)
(1.7004 0.294264 -1.40872e-21)
(1.6557 0.307744 1.52634e-23)
(1.5131 0.290547 1.34202e-21)
(1.14946 0.208538 2.68601e-21)
(0.45715 0.0563958 0)
(0.5575 0.0163064 -1.9861e-20)
(0.534166 0.0187098 2.11002e-20)
(0.505755 0.0215399 1.13315e-20)
(0.471184 0.0248348 1.23325e-20)
(0.428914 0.0287376 -1.30952e-20)
(0.376776 0.0334282 -2.15436e-20)
(0.311973 0.0389975 7.75026e-21)
(0.22904 0.0447428 -1.70514e-20)
(0.123754 0.0464144 -1.86944e-20)
(0.0349103 0.0299714 0)
(0.572834 0.0487439 0)
(0.549262 0.0558734 -1.0545e-20)
(0.520445 0.0643114 -1.12938e-20)
(0.485639 0.0741329 0)
(0.443436 0.0857569 2.64054e-20)
(0.391678 0.0997295 1.42996e-20)
(0.327554 0.116344 0)
(0.245347 0.133511 -1.65104e-20)
(0.139324 0.138497 -6.73845e-23)
(0.0445975 0.0895373 -1.97715e-20)
(0.602998 0.0806586 7.891e-20)
(0.579005 0.0922645 -8.30395e-20)
(0.549424 0.106148 0)
(0.514181 0.122306 0)
(0.472134 0.141399 0)
(0.421164 0.164349 -8.46733e-20)
(0.358433 0.191684 1.21718e-19)
(0.277622 0.220011 -3.24084e-20)
(0.170241 0.228306 0)
(0.0639388 0.14776 3.96482e-20)
(0.646982 0.111656 7.79937e-20)
(0.622483 0.127335 -8.20743e-20)
(0.591881 0.146393 -8.86933e-20)
(0.556075 0.168567 -1.29808e-21)
(0.514317 0.194709 1.52158e-19)
(0.464561 0.226133 -5.4524e-20)
(0.403939 0.263625 5.98106e-20)
(0.325241 0.302627 -1.2904e-19)
(0.215993 0.314272 6.99436e-20)
(0.0926514 0.203522 0)
(0.703376 0.141246 -1.903e-19)
(0.678397 0.160518 3.99859e-20)
(0.646643 0.184464 0)
(0.610257 0.212278 0)
(0.569002 0.244917 5.09299e-20)
(0.520924 0.284105 -1.58572e-19)
(0.463131 0.33093 1.14159e-19)
(0.387297 0.379854 -1.22753e-19)
(0.27578 0.394771 2.12963e-21)
(0.130246 0.25567 -6.98332e-20)
(0.770504 0.168836 2.61359e-19)
(0.74521 0.190981 -1.97655e-19)
(0.712268 0.219291 0)
(0.675321 0.252183 0)
(0.634792 0.290674 4.87638e-20)
(0.588883 0.336881 5.23906e-20)
(0.534672 0.392156 5.10617e-20)
(0.462506 0.450094 6.07157e-20)
(0.348436 0.46807 1.79888e-21)
(0.175961 0.302905 1.37946e-19)
(0.846355 0.194206 -1.48191e-19)
(0.821033 0.219133 -7.48139e-20)
(0.787085 0.251648 0)
(0.749816 0.288979 0)
(0.710358 0.332237 0)
(0.667072 0.384137 -9.78777e-20)
(0.617067 0.446419 9.82851e-20)
(0.549275 0.511964 0)
(0.432396 0.532437 -5.88389e-20)
(0.228688 0.343814 1.25444e-19)
(0.929774 0.214743 -7.13327e-20)
(0.904218 0.24126 7.48143e-20)
(0.868817 0.27734 7.53017e-20)
(0.831318 0.318863 7.97133e-20)
(0.793518 0.366707 8.42887e-20)
(0.753585 0.42382 8.89986e-20)
(0.708513 0.492124 -7.3786e-21)
(0.645733 0.56387 9.79997e-20)
(0.525716 0.586076 -5.33762e-20)
(0.286951 0.376957 5.69748e-20)
(1.01936 0.236689 -1.35034e-19)
(0.99326 0.265365 6.71761e-20)
(0.956145 0.303693 -7.53013e-20)
(0.91863 0.346811 -8.21367e-20)
(0.882702 0.396596 7.58634e-20)
(0.846396 0.45667 -6.96142e-21)
(0.806733 0.528942 -2.67378e-19)
(0.74946 0.604759 -1.82145e-19)
(0.62589 0.627365 5.09586e-20)
(0.348885 0.40097 -4.15558e-20)
(1.1175 0.245782 0)
(1.0835 0.27519 -6.71756e-20)
(1.04408 0.317737 0)
(1.00858 0.364713 6.81948e-20)
(0.975886 0.417549 -2.29952e-19)
(0.943696 0.480431 -1.59099e-19)
(0.909668 0.555518 1.6781e-19)
(0.857927 0.633429 8.79596e-20)
(0.730056 0.654724 0)
(0.412181 0.414448 9.19787e-20)
(0.682011 0.00116592 0)
(0.681485 0.00116538 -1.13584e-21)
(0.680135 0.00119127 1.12989e-21)
(0.67843 0.00126772 0)
(0.676652 0.00139577 -2.27979e-21)
(0.674763 0.00157174 2.26804e-21)
(0.672634 0.0017966 0)
(0.670165 0.00207478 0)
(0.667271 0.00241342 0)
(0.663873 0.00281657 0)
(0.65992 0.00329986 1.14794e-21)
(0.655343 0.00387604 0)
(0.650022 0.00455815 0)
(0.643809 0.00536263 9.30913e-21)
(0.63654 0.00631034 -9.26322e-21)
(0.628032 0.00742698 0)
(0.618069 0.00874282 1.06132e-20)
(0.606399 0.0103017 -1.88903e-20)
(0.592701 0.0121206 9.45022e-21)
(0.576611 0.0144468 9.63211e-21)
(0.693589 0.00339716 2.36553e-21)
(0.693072 0.00341287 4.50646e-21)
(0.691812 0.00352881 -4.48475e-21)
(0.690237 0.00378642 2.25274e-21)
(0.688583 0.00418324 2.25631e-21)
(0.686805 0.00471534 9.0705e-21)
(0.684784 0.0053906 -6.76372e-21)
(0.682424 0.00622331 -1.82109e-20)
(0.679638 0.00723569 3.86501e-20)
(0.676357 0.00844366 -1.81665e-20)
(0.672541 0.00989614 -1.72069e-20)
(0.668113 0.0116292 3.8958e-20)
(0.66295 0.0136792 -3.44896e-20)
(0.656909 0.0160943 1.83827e-20)
(0.649835 0.0189367 2.31447e-21)
(0.641555 0.0222835 3.97386e-20)
(0.63185 0.0262245 -3.84147e-20)
(0.620516 0.0308926 0)
(0.607145 0.0363284 2.36232e-21)
(0.591943 0.043293 0)
(0.716135 0.00553827 -7.02878e-21)
(0.715732 0.00558908 -6.24971e-24)
(0.714692 0.00582424 8.9418e-21)
(0.713353 0.00628474 -4.41023e-21)
(0.711916 0.00696323 -1.11645e-20)
(0.710344 0.00786164 -2.24314e-21)
(0.708526 0.00899925 -2.24946e-21)
(0.706376 0.0104033 -2.25389e-21)
(0.7038 0.0121075 3.17799e-20)
(0.700759 0.014128 2.55086e-22)
(0.697224 0.0165468 -4.08168e-20)
(0.69309 0.0194319 -2.28376e-21)
(0.688237 0.0228459 -4.581e-21)
(0.682538 0.026867 0)
(0.675851 0.0315958 -4.17464e-20)
(0.668026 0.0371595 3.23413e-20)
(0.658841 0.0437033 0)
(0.648193 0.0514542 -2.3407e-21)
(0.635479 0.0604379 -2.36646e-21)
(0.622027 0.0720047 -2.36733e-21)
(0.748964 0.00766161 2.30458e-21)
(0.748702 0.00774835 6.57382e-21)
(0.747943 0.00808896 0)
(0.74691 0.00874333 -1.98978e-20)
(0.745761 0.00970308 1.76416e-20)
(0.74447 0.0109684 2.00294e-20)
(0.742939 0.0125591 -1.33059e-20)
(0.741088 0.014515 2.23516e-21)
(0.73879 0.0168601 -2.9273e-20)
(0.736059 0.0197257 -2.4503e-22)
(0.732904 0.0231573 3.37784e-20)
(0.729193 0.0272185 -3.64359e-20)
(0.724796 0.0320015 -3.45869e-20)
(0.719606 0.0376242 7.75539e-20)
(0.713499 0.0442258 2.30406e-21)
(0.706364 0.0519846 6.92859e-21)
(0.697965 0.0610898 -7.47264e-20)
(0.688373 0.0718823 1.68758e-21)
(0.676655 0.0842862 -6.77996e-22)
(0.665745 0.100419 7.77387e-20)
(0.790984 0.00968093 4.52916e-21)
(0.790859 0.00980795 -1.72079e-20)
(0.790409 0.0102509 8.60914e-21)
(0.789719 0.0111 4.33695e-21)
(0.788887 0.0123506 0)
(0.787888 0.0139976 0)
(0.786649 0.016063 -4.3969e-21)
(0.78507 0.0185965 0)
(0.78317 0.0216204 -4.43919e-21)
(0.780965 0.0253037 0)
(0.77829 0.0297204 4.48394e-21)
(0.775063 0.0349409 -7.22658e-20)
(0.771215 0.0410715 -4.92293e-22)
(0.766671 0.0482668 -5.06271e-21)
(0.761321 0.0566976 7.29195e-20)
(0.755104 0.0666031 -4.61168e-21)
(0.747764 0.0781853 4.60301e-21)
(0.739607 0.0919524 -7.46883e-20)
(0.729257 0.107556 7.92145e-20)
(0.721565 0.128232 1.50633e-19)
(0.840931 0.0114747 4.41832e-21)
(0.840907 0.0116645 -4.18729e-21)
(0.840747 0.0122258 -4.22216e-21)
(0.840403 0.0132765 -4.24612e-21)
(0.83989 0.0148206 -3.42819e-20)
(0.839188 0.0168471 6.44776e-20)
(0.838254 0.0193758 -3.88101e-20)
(0.837 0.0224457 0)
(0.83549 0.0262323 -4.36962e-21)
(0.833732 0.0307649 -4.39435e-21)
(0.83157 0.0361324 -4.41923e-21)
(0.828916 0.0424642 6.70594e-20)
(0.825732 0.0498892 -1.4792e-19)
(0.821973 0.0586035 7.19468e-20)
(0.81756 0.0687836 0)
(0.81249 0.0807631 -4.54007e-21)
(0.806493 0.0946889 -1.56457e-19)
(0.800145 0.111365 1.47295e-19)
(0.791592 0.129852 -4.66919e-21)
(0.787656 0.155079 0)
(0.897504 0.0128711 4.28069e-21)
(0.897515 0.0131734 -1.23016e-20)
(0.897561 0.013909 4.0298e-21)
(0.897491 0.0151977 2.48378e-20)
(0.897224 0.0170379 4.17494e-21)
(0.896738 0.0194023 -2.53523e-20)
(0.895998 0.0223672 4.06119e-21)
(0.895105 0.02605 3.41005e-20)
(0.894094 0.0305398 8.60944e-21)
(0.892785 0.0358875 7.39244e-20)
(0.891112 0.0421754 -6.09911e-20)
(0.889049 0.0495759 -6.17921e-20)
(0.8866 0.0582177 7.51854e-20)
(0.883734 0.0683746 4.44173e-21)
(0.880429 0.0801686 4.46684e-21)
(0.876728 0.094105 9.03275e-21)
(0.872397 0.110107 9.08163e-21)
(0.86822 0.129542 -4.52082e-21)
(0.861954 0.150427 0)
(0.862031 0.180241 1.46142e-19)
(0.959365 0.0137371 -1.24559e-20)
(0.959366 0.0142099 -1.98806e-23)
(0.95951 0.01517 -3.99679e-21)
(0.959576 0.0166805 -3.64058e-20)
(0.959385 0.0188075 2.4362e-20)
(0.959003 0.0216174 -4.11625e-21)
(0.958573 0.025125 0)
(0.958057 0.0294371 0)
(0.957351 0.0345569 -8.45057e-21)
(0.956389 0.0406148 -4.25177e-21)
(0.955205 0.047706 -4.31311e-21)
(0.953759 0.0560752 -4.35214e-21)
(0.952133 0.0657883 0)
(0.95025 0.0772786 -8.80894e-21)
(0.948233 0.0904841 -4.46329e-21)
(0.946059 0.106316 -8.92361e-21)
(0.943698 0.124084 -4.52569e-21)
(0.942016 0.146182 -1.39398e-19)
(0.938657 0.168459 1.446e-19)
(0.943296 0.202524 0)
(1.02527 0.0140805 0)
(1.02523 0.0147501 3.83174e-21)
(1.0253 0.0160649 1.94058e-21)
(1.02534 0.0179572 0)
(1.02528 0.0204572 3.57281e-20)
(1.02509 0.0236773 -3.19796e-20)
(1.0248 0.027644 6.69639e-20)
(1.02439 0.0324048 -6.53916e-20)
(1.02391 0.0380163 6.2134e-21)
(1.02328 0.0446972 2.11073e-21)
(1.02263 0.0524836 0)
(1.02183 0.061742 0)
(1.02116 0.0723455 0)
(1.02036 0.0850347 1.43385e-19)
(1.01997 0.0992098 -2.79955e-19)
(1.01952 0.116685 4.73931e-21)
(1.01959 0.13543 1.4168e-19)
(1.0203 0.160721 0)
(1.02012 0.184443 0)
(1.02986 0.224876 1.40763e-19)
(1.09439 0.0146847 0)
(1.09456 0.0154292 -1.47993e-20)
(1.09468 0.0169031 -1.31804e-20)
(1.0946 0.0190789 3.02698e-20)
(1.0944 0.0218987 3.0792e-20)
(1.0941 0.025391 -9.34816e-20)
(1.09383 0.0296063 6.10178e-20)
(1.09353 0.0347045 0)
(1.09336 0.0406997 -2.02858e-21)
(1.09314 0.047866 -6.35299e-20)
(1.09322 0.0560965 1.32557e-19)
(1.09319 0.0659368 -6.69848e-20)
(1.09385 0.0769288 0)
(1.09426 0.0903336 -1.36419e-19)
(1.0962 0.104642 2.75069e-19)
(1.09758 0.123066 -1.38669e-19)
(1.10211 0.14094 0)
(1.10641 0.167635 -1.37279e-19)
(1.11372 0.188579 1.38714e-19)
(1.13207 0.236269 -2.16073e-21)
(1.16594 0.0145633 0)
(1.16578 0.0153313 0)
(1.16563 0.0168517 0)
(1.16531 0.0190102 0)
(1.16488 0.0217286 0)
(1.16438 0.025109 0)
(1.16405 0.0292126 0)
(1.16372 0.0342688 0)
(1.16373 0.0402352 0)
(1.16363 0.0475029 0)
(1.16425 0.0557936 0)
(1.16449 0.0659886 0)
(1.16641 0.0771275 0)
(1.16711 0.0914572 0)
(1.17192 0.105871 0)
(1.17292 0.126711 0)
(1.18462 0.143757 0)
(1.18462 0.176928 0)
(1.2158 0.190743 0)
(1.20814 0.253568 0)
(1.23994 0.0139195 0)
(1.24005 0.0148573 0)
(1.24001 0.0167307 0)
(1.23959 0.0191432 0)
(1.2391 0.0219434 0)
(1.23862 0.0252988 0)
(1.23848 0.0292845 0)
(1.23836 0.034192 0)
(1.2388 0.0399076 0)
(1.239 0.046915 0)
(1.24038 0.0547458 0)
(1.24097 0.0645205 0)
(1.24427 0.07482 0)
(1.24516 0.0884389 0)
(1.25254 0.101241 0)
(1.25295 0.120629 0)
(1.26957 0.13475 0)
(1.26648 0.163462 0)
(1.30425 0.173761 0)
(1.28693 0.215655 0)
(1.31766 0.0151093 0)
(1.31841 0.0158676 0)
(1.31873 0.0175045 0)
(1.3183 0.0197587 0)
(1.31776 0.0224034 0)
(1.3173 0.0255781 0)
(1.31738 0.0293321 0)
(1.31747 0.0339949 0)
(1.31835 0.0393863 0)
(1.31885 0.0460351 0)
(1.32095 0.0533408 0)
(1.32184 0.0625053 0)
(1.32628 0.0719147 0)
(1.32729 0.084402 0)
(1.33642 0.0957472 0)
(1.3364 0.112764 0)
(1.35517 0.124802 0)
(1.35043 0.14793 0)
(1.38873 0.156852 0)
(1.369 0.187294 0)
(1.40083 0.0163986 0)
(1.40133 0.0170163 0)
(1.40162 0.0184447 0)
(1.40107 0.0204867 0)
(1.40042 0.0228717 0)
(1.3999 0.0257508 0)
(1.40014 0.0291722 0)
(1.40039 0.0334959 0)
(1.40168 0.0384915 0)
(1.4024 0.0446941 0)
(1.40512 0.051435 0)
(1.40623 0.0598987 0)
(1.41157 0.0684583 0)
(1.41266 0.0797469 0)
(1.42292 0.0898591 0)
(1.42257 0.104677 0)
(1.44231 0.115187 0)
(1.43655 0.134342 0)
(1.47455 0.142429 0)
(1.45353 0.166972 0)
(1.48637 0.0159581 0)
(1.48698 0.0168253 0)
(1.48735 0.0186409 0)
(1.48664 0.0208146 0)
(1.48585 0.0230594 0)
(1.48527 0.0256594 0)
(1.48572 0.0287351 0)
(1.48618 0.0326874 0)
(1.48787 0.0372535 0)
(1.4888 0.0429552 0)
(1.49208 0.0490976 0)
(1.49334 0.0568128 0)
(1.49941 0.0645306 0)
(1.5005 0.0746472 0)
(1.51155 0.0836182 0)
(1.51085 0.0965516 0)
(1.5311 0.105725 0)
(1.52457 0.121994 0)
(1.56196 0.129065 0)
(1.54012 0.149573 0)
(1.57229 0.0174832 0)
(1.5739 0.0182336 0)
(1.57479 0.0197808 0)
(1.57398 0.0215762 0)
(1.5731 0.0233579 0)
(1.57259 0.0254826 0)
(1.57339 0.0281033 0)
(1.57412 0.0316179 0)
(1.57626 0.0357138 0)
(1.5774 0.0408759 0)
(1.58117 0.0464012 0)
(1.58255 0.053359 0)
(1.58919 0.0602554 0)
(1.59021 0.0692696 0)
(1.6018 0.0771791 0)
(1.60074 0.0884884 0)
(1.62116 0.096447 0)
(1.61405 0.110391 0)
(1.65044 0.116423 0)
(1.62837 0.133717 0)
(1.66288 0.0198071 0)
(1.66416 0.0204466 0)
(1.66483 0.0214693 0)
(1.66369 0.0225348 0)
(1.66265 0.0235755 0)
(1.66216 0.0250683 0)
(1.66325 0.0271776 0)
(1.6642 0.0302387 0)
(1.66669 0.0338631 0)
(1.66793 0.0384813 0)
(1.67206 0.0434017 0)
(1.67346 0.0496267 0)
(1.68049 0.0557506 0)
(1.68137 0.0637504 0)
(1.69322 0.0706975 0)
(1.69183 0.0805854 0)
(1.71205 0.0874698 0)
(1.70459 0.0994522 0)
(1.73954 0.104593 0)
(1.71789 0.119244 0)
(1.75476 0.0218468 0)
(1.75626 0.0226735 0)
(1.75659 0.0234199 0)
(1.75493 0.0237016 0)
(1.75369 0.0238105 0)
(1.75329 0.0245421 0)
(1.75471 0.0261054 0)
(1.75581 0.0287063 0)
(1.75851 0.0318558 0)
(1.75973 0.0359232 0)
(1.76406 0.0402527 0)
(1.76539 0.0457725 0)
(1.7726 0.0511789 0)
(1.7733 0.0582443 0)
(1.78513 0.0643311 0)
(1.78349 0.072957 0)
(1.80313 0.0789174 0)
(1.79563 0.0892159 0)
(1.82868 0.0936414 0)
(1.80809 0.10607 0)
(1.84926 0.023227 0)
(1.8498 0.0245019 0)
(1.84863 0.0254091 0)
(1.84573 0.0249934 0)
(1.84412 0.0240999 0)
(1.84393 0.0240573 0)
(1.84576 0.0250966 0)
(1.84704 0.0272286 0)
(1.84986 0.0298793 0)
(1.85105 0.0333732 0)
(1.85548 0.0371183 0)
(1.85676 0.0419543 0)
(1.864 0.0466932 0)
(1.86461 0.0528907 0)
(1.87616 0.0582088 0)
(1.87448 0.0657029 0)
(1.89318 0.0708727 0)
(1.88606 0.0797086 0)
(1.91673 0.0835536 0)
(1.89795 0.0940853 0)
(1.93647 0.0249897 0)
(1.9372 0.0261817 0)
(1.93469 0.0261238 0)
(1.93045 0.0244097 0)
(1.92894 0.0227244 0)
(1.92966 0.022419 0)
(1.93241 0.0233412 0)
(1.93422 0.025233 0)
(1.9374 0.0275243 0)
(1.93882 0.0305489 0)
(1.94348 0.0338115 0)
(1.94495 0.0380556 0)
(1.9522 0.0422213 0)
(1.95296 0.0476486 0)
(1.9641 0.0523006 0)
(1.96272 0.058798 0)
(1.98019 0.0632932 0)
(1.974 0.0708668 0)
(2.00187 0.0742216 0)
(1.9857 0.0831465 0)
(2.00689 0.0444796 0)
(2.00937 0.0420103 0)
(2.00719 0.0341208 0)
(2.00426 0.0264769 0)
(2.00514 0.0221333 0)
(2.00807 0.0209464 0)
(2.01224 0.0214798 0)
(2.01485 0.0229746 0)
(2.01853 0.0248487 0)
(2.02043 0.0274204 0)
(2.0254 0.0302612 0)
(2.0273 0.0339931 0)
(2.03454 0.0376688 0)
(2.03573 0.0424246 0)
(2.04635 0.0464993 0)
(2.04567 0.0521334 0)
(2.06174 0.0560423 0)
(2.05704 0.0625426 0)
(2.08182 0.0654608 0)
(2.06902 0.0730494 0)
(2.08967 0.0540352 0)
(2.0808 0.0486458 0)
(2.0723 0.036426 0)
(2.07107 0.0258085 0)
(2.07541 0.0202474 0)
(2.08043 0.0186872 0)
(2.08525 0.0190111 0)
(2.08802 0.0202127 0)
(2.09175 0.0217623 0)
(2.09396 0.0239671 0)
(2.09907 0.0264578 0)
(2.10147 0.0297459 0)
(2.10863 0.0329852 0)
(2.11047 0.0371449 0)
(2.12052 0.0406967 0)
(2.12091 0.045578 0)
(2.13553 0.0489543 0)
(2.13278 0.0545453 0)
(2.15447 0.0570521 0)
(2.14546 0.0635416 0)
(2.13734 0.0369198 0)
(2.12621 0.0327076 0)
(2.11792 0.0248289 0)
(2.12091 0.0180914 0)
(2.13003 0.0147982 0)
(2.13827 0.0143155 0)
(2.1447 0.0150869 0)
(2.14849 0.0163957 0)
(2.15293 0.017896 0)
(2.15611 0.0199179 0)
(2.16182 0.0221697 0)
(2.1652 0.025092 0)
(2.17257 0.0279463 0)
(2.17548 0.0315783 0)
(2.18518 0.0346595 0)
(2.18697 0.038886 0)
(2.20035 0.0417858 0)
(2.19978 0.0466047 0)
(2.21874 0.0487388 0)
(2.21348 0.054317 0)
(2.17507 0.0175435 0)
(2.16386 0.0152672 0)
(2.1572 0.0115217 0)
(2.16376 0.00875415 0)
(2.1766 0.0079608 0)
(2.18763 0.00866282 0)
(2.19574 0.00988584 0)
(2.20087 0.0113562 0)
(2.2063 0.0129184 0)
(2.2107 0.0148844 0)
(2.21713 0.017007 0)
(2.22161 0.0196546 0)
(2.2292 0.0222097 0)
(2.23319 0.0254068 0)
(2.24253 0.0281187 0)
(2.24566 0.0317969 0)
(2.25784 0.0343291 0)
(2.25922 0.0384868 0)
(2.27573 0.0403527 0)
(2.27364 0.0451323 0)
(2.23029 -0.00406783 0)
(2.21916 -0.00379919 0)
(2.21333 -0.00388643 0)
(2.22119 -0.0032085 0)
(2.23482 -0.00154566 0)
(2.246 0.000504646 0)
(2.25373 0.00249938 0)
(2.25861 0.00447816 0)
(2.26361 0.0064572 0)
(2.2679 0.00869194 0)
(2.27376 0.0109431 0)
(2.27821 0.0135068 0)
(2.28494 0.0159261 0)
(2.28908 0.018821 0)
(2.29718 0.0213056 0)
(2.30084 0.0245374 0)
(2.31117 0.0268371 0)
(2.31375 0.0303988 0)
(2.32744 0.0321353 0)
(2.3277 0.0361366 0)
(2.3204 -0.0324949 0)
(2.30724 -0.0259619 0)
(2.29812 -0.0172444 0)
(2.30246 -0.0099401 0)
(2.31212 -0.00568302 0)
(2.31938 -0.00355752 0)
(2.32339 -0.00202816 0)
(2.32516 -0.000248046 0)
(2.32719 0.00187149 0)
(2.32908 0.00422539 0)
(2.33228 0.00646307 0)
(2.33485 0.00881296 0)
(2.33917 0.0109886 0)
(2.3421 0.0134913 0)
(2.3478 0.0156787 0)
(2.35095 0.0183993 0)
(2.35857 0.0204257 0)
(2.36156 0.0233405 0)
(2.37177 0.0249299 0)
(2.37386 0.0281017 0)
(2.41352 -0.0745708 0)
(2.39867 -0.0647988 0)
(2.3824 -0.0400366 0)
(2.37521 -0.0179174 0)
(2.37384 -0.00653635 0)
(2.37388 -0.00287142 0)
(2.37367 -0.00173936 0)
(2.37283 -0.000356426 0)
(2.37235 0.00150335 0)
(2.37199 0.00350477 0)
(2.37275 0.00529231 0)
(2.37368 0.00707626 0)
(2.37601 0.00869233 0)
(2.37804 0.0105471 0)
(2.38186 0.0121762 0)
(2.38475 0.0142024 0)
(2.39022 0.015735 0)
(2.39378 0.0179028 0)
(2.40116 0.0191348 0)
(2.40505 0.0214673 0)
(2.37667 -0.055236 0)
(2.38786 -0.0513547 0)
(2.39097 -0.0336826 0)
(2.38168 -0.0160135 0)
(2.37258 -0.00599029 0)
(2.36957 -0.00205683 0)
(2.37108 -0.000598078 0)
(2.3736 0.000512967 0)
(2.37581 0.00167467 0)
(2.37762 0.00293567 0)
(2.37987 0.00410482 0)
(2.38237 0.00531392 0)
(2.38566 0.00639692 0)
(2.38899 0.00765406 0)
(2.39323 0.00873825 0)
(2.39728 0.0101268 0)
(2.40256 0.0111592 0)
(2.40734 0.0126672 0)
(2.41385 0.0134971 0)
(2.41936 0.0151234 0)
(2.38003 0.0325211 0)
(2.39309 0.0278958 0)
(2.39926 0.0113436 0)
(2.39183 -0.00191352 0)
(2.38302 -0.00589394 0)
(2.37976 -0.00457579 0)
(2.38088 -0.00266403 0)
(2.38328 -0.00161829 0)
(2.38559 -0.00105872 0)
(2.38765 -0.000386152 0)
(2.38991 0.000428275 0)
(2.39244 0.00138385 0)
(2.39551 0.00226053 0)
(2.39884 0.00321326 0)
(2.40276 0.00401834 0)
(2.40684 0.00499464 0)
(2.41167 0.00572984 0)
(2.41655 0.00674736 0)
(2.42242 0.00733145 0)
(2.42818 0.00837843 0)
(2.45555 0.0378474 0)
(2.44136 0.0335145 0)
(2.42827 0.0165175 0)
(2.42489 0.00186381 0)
(2.42441 -0.00360481 0)
(2.42207 -0.00346834 0)
(2.4186 -0.00230868 0)
(2.41568 -0.00168953 0)
(2.41378 -0.00146219 0)
(2.41265 -0.00121389 0)
(2.41218 -0.000858437 0)
(2.41228 -0.00041709 0)
(2.41308 -5.54894e-06 0)
(2.41449 0.000415685 0)
(2.41664 0.000769204 0)
(2.41932 0.00116955 0)
(2.42274 0.00147796 0)
(2.42661 0.00187401 0)
(2.4313 0.0021158 0)
(2.43637 0.00250314 0)
(1.29181 0.239677 -1.78228e-21)
(1.37462 0.228682 -1.06651e-19)
(1.45296 0.223347 0)
(1.52937 0.218888 -8.83666e-20)
(1.60303 0.213322 0)
(1.66967 0.207065 -6.77585e-20)
(1.72856 0.199704 3.0436e-20)
(1.77888 0.190992 -8.52552e-22)
(1.82077 0.18137 0)
(1.85368 0.169574 0)
(1.36406 0.208311 1.15305e-19)
(1.44854 0.202662 0)
(1.5276 0.201077 9.52713e-20)
(1.59922 0.199988 0)
(1.66759 0.196085 -2.28344e-21)
(1.72905 0.190354 3.64226e-20)
(1.78344 0.183051 2.56011e-22)
(1.82912 0.174817 -7.4741e-22)
(1.8671 0.165165 7.46308e-22)
(1.8963 0.154673 2.39191e-21)
(1.44113 0.186256 -1.14093e-19)
(1.52121 0.183593 0)
(1.5991 0.181204 -9.20389e-20)
(1.66733 0.179514 -2.79766e-21)
(1.73163 0.17583 7.67119e-20)
(1.78901 0.170461 -3.42067e-20)
(1.84072 0.163668 1.15895e-21)
(1.88259 0.156593 -8.83392e-22)
(1.91829 0.147952 0)
(1.94392 0.139536 -4.91469e-21)
(1.52219 0.167279 0)
(1.59749 0.165567 1.00753e-19)
(1.67295 0.162823 -2.76601e-21)
(1.73817 0.160806 5.27079e-21)
(1.79843 0.157863 -8.14913e-20)
(1.85108 0.153327 2.26662e-21)
(1.89999 0.147241 -3.03944e-20)
(1.9379 0.140949 0)
(1.97216 0.13339 -1.23098e-20)
(1.99388 0.126183 2.86903e-21)
(1.60563 0.149947 -1.05868e-19)
(1.67596 0.148963 1.62004e-21)
(1.74763 0.146537 -5.6942e-21)
(1.80969 0.144261 5.2071e-21)
(1.86621 0.141708 -2.48646e-21)
(1.91434 0.137832 -2.03971e-21)
(1.96032 0.132523 2.95159e-21)
(1.99454 0.126804 1.21034e-20)
(2.02756 0.120293 1.28284e-20)
(2.04562 0.11389 0)
(1.69059 0.134113 2.07812e-19)
(1.75605 0.133652 -1.94672e-19)
(1.82316 0.131694 -2.68437e-21)
(1.88171 0.129335 2.68726e-21)
(1.93454 0.127006 0)
(1.97848 0.123681 3.44574e-20)
(2.02113 0.119214 9.23104e-22)
(2.0521 0.11399 -1.56294e-20)
(2.08344 0.108458 8.27067e-22)
(2.09886 0.102603 -2.80193e-21)
(1.77648 0.119721 -1.0198e-19)
(1.837 0.119643 9.88788e-20)
(1.89903 0.118168 -5.52616e-21)
(1.95361 0.115931 2.65848e-21)
(2.00258 0.113746 3.74803e-20)
(2.04267 0.110847 -2.07093e-21)
(2.08165 0.107115 3.35784e-20)
(2.10985 0.102407 0)
(2.13891 0.0976694 6.43214e-21)
(2.15282 0.0923312 2.81577e-21)
(1.86252 0.106646 0)
(1.91788 0.106857 0)
(1.97443 0.105803 0)
(2.02456 0.103799 4.26705e-20)
(2.06947 0.101725 -7.72488e-20)
(2.10588 0.0991574 -1.4535e-23)
(2.14108 0.0959966 -1.47873e-20)
(2.16675 0.0918585 -1.80347e-21)
(2.19324 0.0877184 -1.21635e-20)
(2.2063 0.0829713 0)
(1.94754 0.09475 -4.7808e-20)
(1.99739 0.0951743 0)
(2.04814 0.0944644 -2.58742e-21)
(2.09342 0.0927277 -3.51503e-20)
(2.1341 0.0907604 3.49048e-20)
(2.1669 0.0884517 -3.46027e-20)
(2.19844 0.0857135 -1.59246e-20)
(2.22168 0.0821518 -8.69795e-22)
(2.24567 0.0784764 1.41415e-20)
(2.25802 0.0743585 0)
(2.02984 0.0838632 9.40589e-20)
(2.07386 0.0844233 0)
(2.11864 0.0839737 -2.55951e-21)
(2.15885 0.0824878 -3.47049e-20)
(2.19526 0.0806355 -2.41632e-21)
(2.22455 0.0785328 2.08003e-21)
(2.25269 0.0761194 1.49554e-20)
(2.27356 0.0730889 -1.66746e-20)
(2.29532 0.0698288 -6.22663e-21)
(2.30688 0.0663079 4.0303e-22)
(2.10731 0.0737639 -4.4863e-20)
(2.14545 0.0743764 1.25968e-21)
(2.18436 0.0741102 -2.71695e-21)
(2.21958 0.0728447 4.19874e-20)
(2.25184 0.0711298 -2.40796e-21)
(2.27783 0.0692061 0)
(2.30291 0.0670725 4.64947e-23)
(2.32154 0.0645066 -9.65628e-23)
(2.34134 0.0616635 -6.88959e-21)
(2.35208 0.0586717 0)
(2.17803 0.0641926 -1.37312e-21)
(2.21065 0.0647844 4.03651e-21)
(2.24412 0.0646469 -5.19133e-21)
(2.27472 0.0635886 4.91498e-21)
(2.30313 0.0620533 -2.40071e-21)
(2.32612 0.0603156 -2.09269e-21)
(2.34842 0.0584562 -1.31438e-20)
(2.36504 0.0562977 1.31557e-20)
(2.38303 0.053887 1.48133e-20)
(2.39303 0.0513605 0)
(2.24103 0.0548792 0)
(2.26889 0.0554313 -4.27234e-20)
(2.29759 0.0554184 0)
(2.32406 0.0545919 1.9498e-20)
(2.34889 0.0532991 0)
(2.36914 0.0517855 0)
(2.38885 0.0502167 9.82511e-22)
(2.40365 0.048429 -9.90823e-22)
(2.41986 0.0464561 -7.0157e-21)
(2.4292 0.0443495 0)
(2.29699 0.0456812 4.1843e-20)
(2.3207 0.046269 4.37932e-20)
(2.34508 0.0464349 0)
(2.36768 0.0458904 2.28367e-21)
(2.38902 0.0448998 -2.08231e-20)
(2.4066 0.0436537 -2.10433e-21)
(2.42374 0.0423887 -6.08706e-21)
(2.43682 0.0409443 -9.22184e-22)
(2.45119 0.039391 -2.64385e-21)
(2.45995 0.0376691 0)
(2.34681 0.0368249 -6.39645e-20)
(2.36627 0.0375589 -2.07829e-20)
(2.38623 0.0379477 -2.44228e-21)
(2.40487 0.037696 -1.45254e-20)
(2.42262 0.0370118 3.44637e-20)
(2.4375 0.0360375 0)
(2.45209 0.0350552 9.23642e-21)
(2.46356 0.0339156 -1.0043e-21)
(2.47611 0.0327331 3.58912e-21)
(2.4844 0.0313597 8.33855e-22)
(2.3881 0.0289327 2.10153e-20)
(2.40295 0.0297645 2.31498e-20)
(2.41845 0.0302781 1.49489e-20)
(2.43325 0.0302139 2.48098e-21)
(2.44765 0.0297463 -1.84119e-20)
(2.46015 0.0289864 0)
(2.47252 0.0282244 8.28667e-21)
(2.48273 0.0273346 -4.83266e-21)
(2.49375 0.0264518 9.44266e-22)
(2.50178 0.0253899 -8.38161e-22)
(2.41514 0.0221859 2.05955e-20)
(2.42635 0.0228723 0)
(2.43853 0.0232959 -2.22627e-20)
(2.45065 0.0232575 1.43504e-20)
(2.46277 0.0228969 -2.37339e-21)
(2.47378 0.0222955 2.11836e-21)
(2.48475 0.0217067 -9.46268e-21)
(2.49432 0.021033 -1.96423e-21)
(2.50435 0.0203948 9.51128e-22)
(2.51241 0.0196165 0)
(2.42772 0.0155891 -8.98918e-21)
(2.43746 0.0160189 1.16183e-21)
(2.44825 0.0162748 -2.52681e-21)
(2.45926 0.0162313 2.29094e-21)
(2.47038 0.0159857 -2.3692e-21)
(2.48082 0.0155839 4.38746e-21)
(2.49114 0.015207 0)
(2.50052 0.0147809 3.93362e-21)
(2.50999 0.0143996 -1.84359e-21)
(2.5182 0.0138929 4.28556e-22)
(2.43573 0.00869847 -1.00702e-20)
(2.44472 0.00894279 2.42848e-21)
(2.45472 0.0090639 4.19038e-25)
(2.46505 0.00903322 -7.06063e-21)
(2.47548 0.00892109 -2.29012e-21)
(2.48547 0.00875501 -8.71354e-21)
(2.49527 0.00861942 3.17424e-21)
(2.50442 0.00848837 -3.68541e-23)
(2.51341 0.008373 1.85261e-21)
(2.52158 0.00824012 -4.30803e-22)
(2.44279 0.00263278 0)
(2.45077 0.00265109 0)
(2.45988 0.00258086 -7.25786e-21)
(2.46949 0.00246377 2.45074e-21)
(2.47927 0.00235541 2.30228e-21)
(2.48877 0.00228348 2.21121e-21)
(2.49809 0.00226642 1.01749e-21)
(2.50693 0.00230704 -2.99345e-21)
(2.51555 0.00236754 9.72235e-22)
(2.52354 0.00249622 0)
)
;

boundaryField
{
    bottom
    {
        type            symmetryPlane;
    }
    right
    {
        type            zeroGradient;
    }
    top
    {
        type            symmetryPlane;
    }
    left
    {
        type            zeroGradient;
    }
    cylinder
    {
        type            noSlip;
    }
    defaultFaces
    {
        type            empty;
    }
}


// ************************************************************************* //
