/*--------------------------------*- C++ -*----------------------------------*\
| =========                 |                                                 |
| \\      /  F ield         | OpenFOAM: The Open Source CFD Toolbox           |
|  \\    /   O peration     | Version:  4.1                                   |
|   \\  /    A nd           | Web:      www.OpenFOAM.org                      |
|    \\/     M anipulation  |                                                 |
\*---------------------------------------------------------------------------*/
FoamFile
{
    version     2.0;
    format      ascii;
    class       surfaceScalarField;
    location    "10";
    object      phi;
}
// * * * * * * * * * * * * * * * * * * * * * * * * * * * * * * * * * * * * * //

dimensions      [0 3 -1 0 0 0 0];

internalField   nonuniform List<scalar> 
7430
(
-0.000341929
0.00239511
-0.00205318
-0.000102794
0.0040853
-0.00432444
0.00132654
0.00317859
-0.00460792
0.00467272
-0.00022969
-0.00311649
0.0106188
-0.00595929
1.31653e-05
0.0195346
-0.0134745
0.00455883
0.0306992
-0.0214875
0.0103229
0.0440295
-0.0292565
0.0159262
0.0583968
-0.0373596
0.0229923
-0.0417178
0.0286686
0.0714459
-0.000439211
0.00283432
-1.29187e-06
0.00364738
0.00248285
0.000694448
0.00821626
-0.0059631
0.0175889
-0.0153319
0.0297583
-0.0256439
0.0433371
-0.0350663
0.0574592
-0.0433785
0.0693514
-0.0492518
-0.0534265
0.0810601
-0.000287571
0.00312189
0.00091577
0.00244404
0.0054894
-0.00387918
0.0144602
-0.0149339
0.0268088
-0.0276806
0.0403958
-0.0392309
0.0535691
-0.0482397
0.0647164
-0.0545259
0.0735864
-0.0581218
-0.060733
0.0808929
4.38137e-05
0.00307808
0.00258964
-0.000101784
0.0100399
-0.0113294
0.0218677
-0.0267617
0.0351896
-0.0410025
0.0475218
-0.0515631
0.0575205
-0.0582384
0.0648942
-0.0618995
0.0703799
-0.0636075
-0.0642526
0.0738995
0.000443978
0.0026341
0.00500041
-0.00465821
0.0153807
-0.0217097
0.0282563
-0.0396373
0.0400983
-0.0528445
0.0493027
-0.0607675
0.0558316
-0.0647673
0.0603945
-0.0664624
0.0636332
-0.0668462
-0.0669779
0.0663585
0.00100302
0.00163109
0.00811282
-0.011768
0.0201295
-0.0337264
0.0318397
-0.0513475
0.0408417
-0.0618465
0.047023
-0.0669488
0.0511907
-0.068935
0.0540995
-0.0693712
0.0564885
-0.0692353
-0.0689787
0.0584893
0.00195405
-0.000322959
0.0113501
-0.021164
0.0229906
-0.045367
0.0323302
-0.0606871
0.0386396
-0.0681559
0.0426718
-0.070981
0.0453193
-0.0715825
0.0472794
-0.0713312
0.0488813
-0.0708372
-0.0702905
0.0501931
0.00328718
-0.00361014
0.0138088
-0.0316856
0.0237208
-0.055279
0.0305985
-0.0675648
0.034797
-0.0723544
0.0373077
-0.0734917
0.0389564
-0.0732312
0.0401906
-0.0725654
0.0412212
-0.0718678
-0.0712345
0.0421653
0.00471317
-0.00832331
0.0148372
-0.0418096
0.02273
-0.0631718
0.0274964
-0.0723312
0.0300921
-0.0749501
0.0315477
-0.0749474
0.0324773
-0.0741608
0.0331678
-0.0732559
0.0337224
-0.0724224
-0.0716524
0.0341404
0.00583892
-0.0141622
0.0146043
-0.050575
0.0205312
-0.0690987
0.0236104
-0.0754104
0.0250357
-0.0763754
0.0257078
-0.0756194
0.0260635
-0.0745165
0.0262583
-0.0734508
0.0263235
-0.0724876
0.0263189
-0.0716478
-0.00196839
0.00196839
-0.00526277
0.00329438
-0.00900189
0.00373912
-0.0129575
0.00395557
-0.0170907
0.00413318
-0.0213917
0.004301
-0.0258484
0.00445679
-0.0304493
0.0046009
-0.035188
0.00473867
0.00489562
-0.0400836
-0.00164822
0.00361662
-0.0045204
0.00616656
-0.00782871
0.00704742
-0.0113066
0.00743348
-0.014885
0.00771158
-0.018542
0.00795799
-0.0222604
0.00817519
-0.0260226
0.0083631
-0.0298183
0.00853435
0.00873118
-0.0336539
-0.00107543
0.00469204
-0.00318681
0.00827794
-0.00570565
0.00956626
-0.0083283
0.0100561
-0.0109333
0.0103165
-0.013474
0.0104987
-0.0159263
0.0106276
-0.018269
0.0107058
-0.0204756
0.010741
0.0107898
-0.0225343
-0.000389811
0.00508186
-0.00152127
0.0094094
-0.00301503
0.01106
-0.00455289
0.011594
-0.00595368
0.0117173
-0.00713621
0.0116812
-0.00806595
0.0115573
-0.0087311
0.011371
-0.00910865
0.0111185
0.010801
-0.00911979
0.000253264
0.00482859
0.000151535
0.00951113
-0.000226595
0.0114382
-0.00059382
0.0119612
-0.000734359
0.0118579
-0.000530035
0.0114769
7.48319e-05
0.0109524
0.00109825
0.0103476
0.00251201
0.00970474
0.00894417
0.0043688
0.000702511
0.00412608
0.00148158
0.00873207
0.00215685
0.0107629
0.00290385
0.0112142
0.00393435
0.0108274
0.00538932
0.0100219
0.00734014
0.0090016
0.00984406
0.00784364
0.012783
0.00676577
0.00526259
0.0164646
0.000874425
0.00325165
0.00220057
0.00740592
0.00365185
0.0093116
0.00528207
0.009584
0.00724146
0.00886799
0.00965821
0.00760517
0.012608
0.00605179
0.0162214
0.00423022
0.0201844
0.00280284
3.87346e-05
0.0254082
0.000761957
0.0024897
0.0021836
0.00598429
0.00395894
0.00753626
0.00605055
0.00749239
0.00853845
0.00638008
0.0115394
0.00460419
0.0152101
0.00238114
0.0197049
-0.000264556
0.0246741
-0.00216643
-0.00732563
0.0320385
0.000429665
0.00206003
0.00152592
0.00488803
0.0031503
0.00591188
0.00527721
0.00536548
0.00803451
0.00362277
0.0116729
0.000965797
0.0166116
-0.00255755
0.0228287
-0.00648171
0.0308335
-0.0101712
-0.0173632
0.0408711
6.84798e-06
0.000570443
0.0018744
0.00412338
0.00775932
0.0132839
0.0210493
0.0304937
0.0433148
0.0546203
-0.0448742
0.00479053
-0.0488959
0.00402172
-0.0525286
0.00363272
-0.0555899
0.00306124
-0.0582344
0.00264455
-0.0604321
0.00219771
-0.0622636
0.00183149
-0.06374
0.00147638
-0.0649206
0.00118065
-0.0658306
0.000909937
-0.0664853
0.000654683
-0.0668771
0.000391813
-0.0669769
9.98289e-05
-0.066817
-0.000159882
-0.0663914
-0.0004256
-0.0656553
-0.000736105
-0.0645634
-0.00109186
-0.0630624
-0.00150103
-0.0610944
-0.00196796
-0.0586029
-0.0024915
-0.0555353
-0.00306766
-0.0518572
-0.00367809
-0.0475619
-0.00429525
-0.0426789
-0.00488302
-0.0372658
-0.00541317
-0.0314444
-0.00582136
-0.0253307
-0.00611368
-0.0190566
-0.00627417
-0.0127809
-0.0062757
-0.00660095
-0.00617991
-0.000624934
-0.00597601
0.00508041
-0.00570534
0.0104623
-0.00538187
0.015493
-0.00503068
0.0201604
-0.00466742
0.0244653
-0.00430494
0.0284165
-0.0039512
0.0320275
-0.00361099
0.0353166
-0.00328915
0.0383051
-0.00298848
0.0410155
-0.00271035
0.0434707
-0.00245521
0.0456935
-0.00222276
0.0477055
-0.00201208
0.0495274
-0.00182186
0.051178
-0.00165059
0.0526747
-0.00149667
0.0540331
-0.00135848
0.0552676
-0.00123451
0.0563909
-0.00112326
0.0574143
-0.0010234
0.058348
-0.000933656
0.0592009
-0.000852942
0.0599811
-0.00078017
0.0606956
-0.000714506
0.0613506
-0.000655031
0.0619517
-0.000601132
0.0625038
-0.000552026
0.0630111
-0.000507293
0.0634773
-0.000466259
0.063906
-0.000428651
0.0642999
-0.000393903
0.0646617
-0.000361832
0.0649937
-0.000332011
0.065298
-0.000304254
0.0655763
-0.000278336
0.0658303
-0.000253966
0.0660614
-0.00023117
0.066271
-0.000209505
0.0664601
-0.000189159
0.0666298
-0.000169732
0.066781
-0.00015111
0.0669147
-0.000133728
0.0670306
-0.000115884
0.0671313
-0.000100759
0.0672137
-8.24088e-05
0.0672841
-7.03901e-05
0.0673341
-4.99693e-05
0.0673768
-4.26741e-05
-1.83048e-05
-0.0380102
0.00914692
-0.0416372
0.00764873
-0.0448279
0.00682335
-0.0475315
0.00576484
-0.0498192
0.00493225
-0.051712
0.00409057
-0.0532522
0.00337166
-0.0544707
0.0026949
-0.0553969
0.00210685
-0.0560747
0.00158768
-0.0565269
0.00110686
-0.0567462
0.000611116
-0.0566944
4.80896e-05
-0.0564459
-0.000408451
-0.0559453
-0.000926107
-0.0551655
-0.00151594
-0.0540672
-0.0021902
-0.052601
-0.00296722
-0.0507077
-0.00386123
-0.0483338
-0.00486539
-0.0454234
-0.00597808
-0.0419373
-0.00716425
-0.0378612
-0.00837135
-0.033222
-0.00952222
-0.0280791
-0.010556
-0.022549
-0.0113514
-0.0167459
-0.0119168
-0.0107847
-0.0122354
-0.0048153
-0.0122451
0.000996538
-0.0119918
0.00659888
-0.0115784
0.0119338
-0.0110402
0.0169549
-0.010403
0.0216332
-0.00970901
0.0259581
-0.00899226
0.0299315
-0.00827842
0.0335652
-0.00758488
0.0368753
-0.00692106
0.0398797
-0.00629352
0.0425992
-0.00570801
0.045056
-0.00516721
0.0472727
-0.00467188
0.0492713
-0.00422134
0.0510729
-0.00381367
0.0526972
-0.00344623
0.0541626
-0.00311594
0.0554856
-0.00281966
0.0566813
-0.00255415
0.0577631
-0.00231639
0.0587433
-0.00210342
0.0596325
-0.00191264
0.0604404
-0.00174149
0.0611753
-0.00158787
0.0618448
-0.00144962
0.0624554
-0.00132511
0.0630129
-0.00121255
0.0635225
-0.00111072
0.0639886
-0.00101812
0.0644152
-0.000933903
0.0648057
-0.000856774
0.0651632
-0.000786186
0.0654904
-0.000721064
0.0657896
-0.000661012
0.0660628
-0.000605257
0.0663119
-0.000553368
0.0665386
-0.000505001
0.0667441
-0.000459482
0.0669299
-0.000417001
0.067097
-0.000376544
0.0672465
-0.000338661
0.0673791
-0.000302386
0.0674957
-0.000267691
0.0675972
-0.000235225
0.0676832
-0.000201871
0.0677561
-0.000173641
0.0678128
-0.00013912
0.0678592
-0.00011675
0.0678872
-7.80385e-05
0.0679092
-6.46158e-05
-1.84163e-05
-0.0260616
0.0126743
-0.0290687
0.0106558
-0.031611
0.00936563
-0.0338106
0.00796447
-0.0356236
0.00674528
-0.0371112
0.00557819
-0.0382794
0.0045398
-0.0391676
0.00358314
-0.0397925
0.00273177
-0.0401746
0.00196975
-0.0403681
0.00130034
-0.0403602
0.000603266
-0.0401816
-0.000130577
-0.0398057
-0.000784322
-0.0392266
-0.00150524
-0.0384247
-0.00231786
-0.0373643
-0.00325057
-0.0360013
-0.00433017
-0.0342782
-0.00558437
-0.0321467
-0.00699689
-0.0295477
-0.00857704
-0.0264354
-0.0102766
-0.0227785
-0.0120283
-0.018587
-0.0137138
-0.0139164
-0.0152266
-0.00884085
-0.016427
-0.00351395
-0.0172437
0.0018186
-0.0175679
0.00711052
-0.017537
0.0123236
-0.0172048
0.0173536
-0.0166084
0.0221246
-0.0158112
0.0265961
-0.0148745
0.030745
-0.0138579
0.0345629
-0.0128103
0.0380532
-0.0117687
0.0412275
-0.0107592
0.0441037
-0.00979723
0.0467007
-0.00889055
0.0490377
-0.00804496
0.0511353
-0.00726486
0.0530148
-0.00655132
0.0546967
-0.00590328
0.0562009
-0.0053179
0.0575459
-0.00479122
0.0587487
-0.00431873
0.0598248
-0.00389575
0.0607882
-0.00351755
0.0616515
-0.00317965
0.0624258
-0.00287773
0.0631211
-0.00260796
0.0637462
-0.0023666
0.0643089
-0.00215054
0.0648159
-0.00195666
0.0652734
-0.00178256
0.0656864
-0.00162562
0.0660598
-0.00148406
0.0663974
-0.00135571
0.0667028
-0.0012393
0.066979
-0.00113302
0.0672288
-0.00103597
0.0674544
-0.000946721
0.067658
-0.000864521
0.0678412
-0.000788493
0.0680055
-0.000717697
0.0681526
-0.000652037
0.0682831
-0.00059005
0.0683987
-0.000532603
0.0684997
-0.00047756
0.0685876
-0.0004265
0.0686624
-0.000377174
0.0687251
-0.000330465
0.0687762
-0.000286315
0.0688156
-0.000241288
0.0688449
-0.000202886
0.0688617
-0.000155929
0.0688704
-0.000125449
0.0688647
-7.23671e-05
0.0688541
-5.39794e-05
9.4817e-06
-0.0115208
0.0150753
-0.0138027
0.0129377
-0.0157316
0.0112945
-0.0174626
0.00969548
-0.0188967
0.0081793
-0.0200729
0.00675444
-0.020984
0.00545091
-0.0216529
0.00425201
-0.0220922
0.00317106
-0.0223175
0.00219506
-0.0223492
0.00133205
-0.0222171
0.000471159
-0.0219491
-0.000398588
-0.0215145
-0.00121893
-0.020915
-0.00210472
-0.0201368
-0.00309603
-0.0191496
-0.00423783
-0.017915
-0.00556475
-0.0163863
-0.00711308
-0.0144949
-0.00888829
-0.0122085
-0.0108634
-0.00947683
-0.0130083
-0.00626869
-0.0152364
-0.00255131
-0.0174312
0.00145805
-0.019236
0.00567861
-0.0206475
0.0101172
-0.0216823
0.0147115
-0.0221623
0.0193342
-0.0221597
0.0238598
-0.0217304
0.0282046
-0.0209532
0.0323137
-0.0199203
0.0361552
-0.018716
0.0397118
-0.0174145
0.0429777
-0.0160761
0.0459559
-0.0147469
0.048656
-0.0134592
0.051093
-0.0122342
0.0532852
-0.0110828
0.0552498
-0.0100095
0.057004
-0.00901901
0.058566
-0.00811331
0.0599539
-0.00729119
0.0611851
-0.00654911
0.062276
-0.00588209
0.0632416
-0.00528439
0.0640959
-0.00475006
0.0648514
-0.00427303
0.0655193
-0.00384758
0.0661098
-0.00346821
0.0666318
-0.00312998
0.0670933
-0.00282811
0.0675014
-0.00255861
0.0678622
-0.00231746
0.0681812
-0.00210155
0.0684632
-0.00190757
0.0687122
-0.00173316
0.0689321
-0.0015756
0.069126
-0.00143315
0.0692966
-0.00130363
0.0694463
-0.00118565
0.0695773
-0.0010777
0.0696911
-0.000978397
0.0697897
-0.000887093
0.069874
-0.000801997
0.0699457
-0.000723686
0.0700051
-0.000649443
0.0700538
-0.000581372
0.0700919
-0.000515611
0.0701209
-0.00045546
0.0701404
-0.000396693
0.0701517
-0.000341843
0.0701548
-0.000289412
0.0701499
-0.00023639
0.070138
-0.000190907
0.0701171
-0.0001351
0.0700907
-9.90518e-05
0.0700536
-3.52571e-05
0.0700131
-1.34668e-05
6.30456e-05
0.00324151
0.0162026
0.00185358
0.0143256
0.000480809
0.0126673
-0.000804363
0.0109806
-0.00196371
0.00933865
-0.00297708
0.00776781
-0.00379932
0.00627316
-0.00442194
0.00487463
-0.00484519
0.00359432
-0.00507854
0.00242842
-0.0051151
0.00136861
-0.00500219
0.000358252
-0.00474761
-0.000653163
-0.00432892
-0.00163762
-0.00375092
-0.00268272
-0.00300412
-0.00384283
-0.00206503
-0.00517691
-0.000880873
-0.00674891
0.000510145
-0.0085041
0.00212269
-0.0105008
0.00406214
-0.0128029
0.00636255
-0.0153087
0.00902809
-0.0179019
0.0120178
-0.0204208
0.0153553
-0.0225736
0.0189925
-0.0242847
0.0227744
-0.0254642
0.0266373
-0.0260251
0.0304754
-0.0259978
0.0342075
-0.0254625
0.0377788
-0.0245245
0.0411533
-0.0232948
0.0443095
-0.0218723
0.0472357
-0.0203406
0.0499272
-0.0187677
0.0523856
-0.0172052
0.0546169
-0.0156906
0.0566316
-0.0142489
0.0584434
-0.0128947
0.0600674
-0.0116335
0.0615161
-0.0104678
0.0628038
-0.009401
0.0639448
-0.00843219
0.0649532
-0.00755744
0.0658422
-0.00677112
0.0666244
-0.00606663
0.0673114
-0.00543704
0.0679136
-0.00487524
0.0684406
-0.00437455
0.0689009
-0.0039285
0.0693022
-0.0035313
0.0696514
-0.00317733
0.0699546
-0.00286183
0.0702173
-0.00258012
0.0704442
-0.00232843
0.0706395
-0.0021029
0.070807
-0.00190064
0.0709499
-0.00171853
0.0710711
-0.00155432
0.0711731
-0.00140562
0.0712579
-0.00127049
0.0713277
-0.00114749
0.0713838
-0.00103446
0.071428
-0.000931256
0.0714609
-0.000834928
0.0714843
-0.000747128
0.0714983
-0.00066346
0.0715047
-0.000587748
0.071503
-0.000513934
0.0714951
-0.000447533
0.0714803
-0.000381907
0.0714601
-0.000321652
0.0714343
-0.000263575
0.0714031
-0.000205146
0.0713674
-0.000155225
0.0713253
-9.3058e-05
0.07128
-5.37237e-05
0.0712266
1.81404e-05
0.0711712
4.18978e-05
0.000128653
0.0166263
0.0160409
0.0162099
0.014742
0.0154922
0.013385
0.0146421
0.0118308
0.013741
0.0102398
0.0128564
0.0086524
0.0120528
0.00707673
0.0113696
0.00555785
0.0108296
0.00413427
0.010446
0.00281199
0.0102247
0.00158996
0.0101716
0.000411294
0.0102837
-0.000765179
0.0105634
-0.00191739
0.0110122
-0.00313153
0.0116341
-0.00446471
0.0124395
-0.00598232
0.0134373
-0.00774669
0.0146813
-0.00974811
0.0162208
-0.0120403
0.0180425
-0.0146246
0.0201515
-0.0174177
0.0225332
-0.0202836
0.0251403
-0.023028
0.0279753
-0.0254085
0.0309586
-0.0272681
0.0339992
-0.0285047
0.0370398
-0.0290657
0.0400245
-0.0289826
0.0429101
-0.0283481
0.0456693
-0.0272837
0.0482843
-0.0259097
0.0507426
-0.0243306
0.0530359
-0.0226339
0.0551589
-0.0208907
0.0571102
-0.0191565
0.0588915
-0.0174719
0.0605077
-0.0158652
0.0619672
-0.0143541
0.0632805
-0.0129468
0.0644575
-0.0116448
0.0655074
-0.0104509
0.0664405
-0.0093652
0.0672668
-0.00838383
0.0679966
-0.00750091
0.0686394
-0.0067094
0.0692041
-0.00600172
0.0696989
-0.00537007
0.0701314
-0.00480705
0.0705084
-0.00430548
0.070836
-0.00385892
0.0711198
-0.00346115
0.0713649
-0.00310684
0.0715755
-0.00279078
0.0717558
-0.00250871
0.0719093
-0.00225638
0.072039
-0.0020304
0.0721479
-0.00182744
0.0722383
-0.0016447
0.0723125
-0.00147982
0.0723722
-0.00133016
0.0724193
-0.0011946
0.0724549
-0.00107004
0.0724807
-0.000957099
0.0724972
-0.000851441
0.0725062
-0.000756079
0.0725074
-0.000664701
0.0725028
-0.000583096
0.0724917
-0.000502852
0.072476
-0.000431794
0.072455
-0.000360956
0.0724302
-0.000296801
0.0724014
-0.000234858
0.0723689
-0.000172587
0.0723337
-0.000120028
0.0722936
-5.29939e-05
0.0722522
-1.22813e-05
0.0722039
6.64521e-05
0.072155
9.08021e-05
0.000186504
0.0269258
0.0145233
0.0275515
0.0141163
0.0277
0.0132365
0.027524
0.0120068
0.0270771
0.0106866
0.0264613
0.00926819
0.0257776
0.00776044
0.0250988
0.00623663
0.0244822
0.00475093
0.0239706
0.00332355
0.0236082
0.00195236
0.0233978
0.000621677
0.0233517
-0.000719077
0.0234943
-0.00205999
0.0238398
-0.00347701
0.0243945
-0.00501944
0.0251628
-0.00675059
0.0261468
-0.00873069
0.0273795
-0.0109808
0.0288626
-0.0135234
0.0305746
-0.0163366
0.0324853
-0.0193284
0.0345534
-0.0223517
0.0367247
-0.0251993
0.0389565
-0.0276403
0.0411992
-0.0295108
0.0434115
-0.0307171
0.0455769
-0.031231
0.0476841
-0.0310899
0.0497237
-0.0303876
0.0516901
-0.0292501
0.0535779
-0.0277975
0.0553787
-0.0261315
0.0570834
-0.0243386
0.0586837
-0.022491
0.0601733
-0.0206461
0.0615492
-0.0188477
0.0628108
-0.0171268
0.0639607
-0.015504
0.0650044
-0.0139905
0.0659495
-0.0125899
0.0668016
-0.011303
0.0675665
-0.0101301
0.0682503
-0.0090677
0.0688596
-0.00811016
0.0694008
-0.0072506
0.0698803
-0.00648125
0.0703042
-0.00579397
0.0706781
-0.00518095
0.0710072
-0.00463456
0.0712962
-0.00414789
0.0715493
-0.0037143
0.0717705
-0.00332804
0.0719633
-0.00298357
0.0721308
-0.00267621
0.0722759
-0.00240149
0.0724011
-0.00215558
0.0725087
-0.00193508
0.0726007
-0.00173666
0.072679
-0.00155813
0.0727449
-0.0013961
0.0728003
-0.00124996
0.0728458
-0.00111556
0.0728832
-0.000994478
0.0729126
-0.000880866
0.0729358
-0.00077924
0.0729524
-0.000681323
0.0729642
-0.000594881
0.0729707
-0.000509297
0.0729733
-0.000434446
0.0729719
-0.000359514
0.0729673
-0.000292188
0.0729601
-0.000227711
0.0729496
-0.000162049
0.0729383
-0.000108721
0.0729223
-3.7078e-05
0.072907
3.09991e-06
0.0728849
8.85336e-05
0.0728635
0.000112158
0.000216546
0.034187
0.0123748
0.0354983
0.0128049
0.0364002
0.0123346
0.0369075
0.0114996
0.0370411
0.0105531
0.0369006
0.00940865
0.0365717
0.00808936
0.0361271
0.00668125
0.0356469
0.0052311
0.035199
0.0037715
0.0347917
0.00235959
0.0345625
0.000850944
0.0345406
-0.000697171
0.0346944
-0.00221385
0.0350715
-0.00385412
0.0356807
-0.00562862
0.036521
-0.00759089
0.0375797
-0.00978943
0.0388406
-0.0122416
0.0402647
-0.0149475
0.0417963
-0.0178682
0.0433854
-0.0209175
0.0449781
-0.0239444
0.0465196
-0.0267408
0.047982
-0.0291026
0.0493635
-0.0308923
0.050678
-0.0320316
0.0519514
-0.0325044
0.0532077
-0.0323462
0.0544606
-0.0316405
0.0557144
-0.030504
0.0569644
-0.0290474
0.0581986
-0.0273657
0.0594025
-0.0255425
0.0605625
-0.023651
0.0616673
-0.0217509
0.0627089
-0.0198892
0.0636822
-0.0181001
0.0645851
-0.0164069
0.065418
-0.0148234
0.0661839
-0.0133558
0.0668866
-0.0120057
0.0675293
-0.0107728
0.0681145
-0.00965286
0.0686448
-0.00864047
0.0691237
-0.00772948
0.0695548
-0.00691242
0.0699422
-0.00618132
0.0702896
-0.00552838
0.0706009
-0.00494587
0.0708796
-0.00442661
0.0711291
-0.00396376
0.0713523
-0.00355123
0.071552
-0.0031833
0.0717307
-0.00285493
0.0718908
-0.00256156
0.0720342
-0.00229895
0.0721629
-0.00206376
0.0722783
-0.00185211
0.0723823
-0.00166208
0.0724757
-0.00148957
0.0725603
-0.00133454
0.0726365
-0.00119177
0.0727059
-0.00106384
0.0727685
-0.000943457
0.0728258
-0.000836585
0.0728776
-0.000733126
0.0729253
-0.000642616
0.0729687
-0.000552623
0.0730087
-0.00047446
0.0730457
-0.000396481
0.0730797
-0.000326263
0.0731124
-0.000260382
0.0731419
-0.000191568
0.073172
-0.000138781
0.0731977
-6.28043e-05
0.0732252
-2.43767e-05
0.0732462
6.74924e-05
0.0732691
8.93207e-05
0.000202421
0.0420212
0.0112248
0.0430121
0.011814
0.043909
0.0114377
0.0445029
0.0109057
0.0448293
0.0102266
0.0449559
0.00928205
0.04492
0.0081253
0.0447681
0.00683308
0.0445589
0.00544031
0.0443584
0.00397198
0.0442638
0.00245419
0.044242
0.000872823
0.0443934
-0.000848581
0.0447147
-0.00253515
0.0452438
-0.00438327
0.045981
-0.00636576
0.0469112
-0.00852115
0.0480027
-0.0108809
0.0492101
-0.0134491
0.0504686
-0.016206
0.0516958
-0.0190953
0.052802
-0.0220237
0.0537167
-0.0248591
0.0544261
-0.0274503
0.0549838
-0.0296602
0.0554482
-0.0313567
0.0558792
-0.0324626
0.0563309
-0.0329561
0.0568381
-0.0328534
0.0574148
-0.0322172
0.058064
-0.0311532
0.058775
-0.0297585
0.0595306
-0.0281212
0.0603121
-0.026324
0.0611026
-0.0244415
0.0618878
-0.0225361
0.0626563
-0.0206577
0.0633995
-0.0188433
0.0641112
-0.0171186
0.0647872
-0.0154995
0.065426
-0.0139946
0.0660271
-0.0126068
0.0665897
-0.0113354
0.0671139
-0.010177
0.0676002
-0.00912675
0.0680495
-0.00817884
0.0684634
-0.00732633
0.0688435
-0.00656144
0.0691919
-0.00587678
0.069511
-0.0052649
0.0698031
-0.00471871
0.0700707
-0.00423138
0.0703161
-0.00379668
0.0705417
-0.00340883
0.0707493
-0.00306253
0.0709409
-0.00275322
0.0711183
-0.00247629
0.071283
-0.00222849
0.0714364
-0.00200548
0.0715799
-0.00180562
0.0717144
-0.00162411
0.0718414
-0.00146149
0.0719612
-0.00131157
0.0720752
-0.00117785
0.0721835
-0.00105174
0.0722873
-0.00094044
0.0723866
-0.000832367
0.0724824
-0.000738402
0.0725746
-0.000644849
0.072664
-0.000563855
0.0727512
-0.000483676
0.0728357
-0.000410794
0.0729199
-0.000344541
0.073001
-0.000272749
0.0730838
-0.000221577
0.0731625
-0.00014148
0.0732441
-0.000105951
0.0733194
-7.85535e-06
0.0733974
1.13379e-05
0.0001329
0.0540239
0.0118211
0.0544285
0.0114095
0.0547289
0.0111372
0.0549151
0.0107196
0.0550464
0.0100953
0.055091
0.00923749
0.055042
0.00817433
0.0549284
0.00694663
0.0547894
0.0055793
0.0546665
0.00409494
0.0546035
0.00251719
0.0546597
0.000816599
0.0547865
-0.000975352
0.0551074
-0.00285608
0.055588
-0.00486388
0.0562214
-0.00699916
0.0569837
-0.00928339
0.0578318
-0.011729
0.0587102
-0.0143274
0.0595523
-0.0170482
0.0602906
-0.0198336
0.0608644
-0.0225976
0.0612337
-0.0252283
0.0613853
-0.0276019
0.0613336
-0.0296086
0.0611299
-0.031153
0.0608415
-0.0321742
0.0605382
-0.0326528
0.0602955
-0.0326107
0.0601749
-0.0320967
0.0601834
-0.0311616
0.0603076
-0.0298827
0.0605316
-0.0283453
0.0608394
-0.0266318
0.0612149
-0.024817
0.0616431
-0.0229643
0.06211
-0.0211247
0.0626031
-0.0193364
0.063111
-0.0176265
0.0636244
-0.0160128
0.0641353
-0.0145056
0.0646376
-0.0131091
0.0651264
-0.0118242
0.0655981
-0.0106487
0.06605
-0.00957863
0.0664799
-0.00860881
0.0668867
-0.00773312
0.0672701
-0.00694479
0.0676303
-0.00623702
0.0679683
-0.00560287
0.0682851
-0.00503554
0.0685822
-0.00452848
0.068861
-0.00407549
0.0691231
-0.00367094
0.06937
-0.0033094
0.0696032
-0.00298641
0.069824
-0.0026971
0.0700339
-0.00243838
0.0702339
-0.00220549
0.0704254
-0.00199708
0.070609
-0.00180776
0.0707861
-0.00163858
0.0709571
-0.00148251
0.0711231
-0.00134384
0.0712842
-0.00121288
0.0714416
-0.00109782
0.0715952
-0.00098597
0.0717458
-0.000889064
0.0718938
-0.000792776
0.0720392
-0.000709307
0.0721833
-0.000627731
0.072325
-0.000552481
0.0724671
-0.000486643
0.0726065
-0.000412216
0.0727484
-0.000363401
0.0728865
-0.000279627
0.0730282
-0.000247675
0.0731644
-0.00014404
0.0733036
-0.000127829
1.39434e-06
0.0790111
0.0145094
-0.0816994
0.0762708
0.0141498
0.0739956
0.0134124
0.0722477
0.0124674
0.0710356
0.0113075
0.07029
0.00998306
0.0699136
0.00855069
0.0698343
0.007026
0.0699977
0.00541585
0.0703621
0.00373051
0.0709225
0.00195683
0.0716861
5.29946e-05
0.0725485
-0.00183769
0.0736047
-0.00391231
0.0747914
-0.00605063
0.0760905
-0.00829818
0.0774703
-0.0106633
0.078881
-0.0131397
0.0802605
-0.0157069
0.0815384
-0.0183261
0.0826426
-0.0209378
0.0835064
-0.0234614
0.0840805
-0.0258024
0.0843404
-0.0278619
0.0842825
-0.0295506
0.083926
-0.0307965
0.0833061
-0.0315543
0.0824655
-0.0318122
0.0814475
-0.0315927
0.0802997
-0.030949
0.0790803
-0.0299422
0.0778406
-0.028643
0.0766245
-0.0271292
0.0754679
-0.0254752
0.0743967
-0.0237457
0.0734264
-0.0219941
0.072564
-0.0202622
0.0718091
-0.0185815
0.0711567
-0.0169741
0.0705985
-0.0154547
0.0701249
-0.014032
0.0697258
-0.01271
0.0693913
-0.0114896
0.0691119
-0.0103693
0.0688791
-0.00934586
0.0686852
-0.0084149
0.0685234
-0.0075713
0.0683879
-0.00680924
0.0682735
-0.00612269
0.0681762
-0.00550551
0.0680922
-0.00495162
0.0680189
-0.00445513
0.0679538
-0.00401039
0.0678951
-0.00361229
0.0678415
-0.00325571
0.0677916
-0.0029366
0.0677448
-0.00265023
0.0677003
-0.00239389
0.0676575
-0.00216273
0.0676163
-0.00195586
0.0675761
-0.0017676
0.0675371
-0.00159952
0.0674987
-0.00144414
0.0674612
-0.00130636
0.0674243
-0.00117591
0.0673881
-0.00106164
0.0673524
-0.000950275
0.0673174
-0.000854039
0.0672831
-0.000758483
0.0672493
-0.000675498
0.0672168
-0.000595259
0.0671845
-0.000520229
0.0671547
-0.000456781
0.0671246
-0.000382105
0.0670981
-0.000336897
0.0670704
-0.000251954
0.0670469
-0.000224233
0.067021
-0.000118116
0.0669984
-0.000105184
2.81043e-05
0.0936298
0.0159186
-0.0950391
0.0922729
0.0155067
0.0910023
0.014683
0.0898546
0.0136151
0.0888493
0.0123128
0.0880097
0.0108227
0.0873561
0.00920434
0.0868984
0.00748364
0.0866345
0.00567981
0.0865707
0.0037943
0.0866779
0.00184958
0.086866
-0.000135044
0.0873173
-0.00228903
0.087869
-0.00446403
0.0885253
-0.00670692
0.0892516
-0.0090245
0.0900036
-0.0114153
0.0907282
-0.0138643
0.0913658
-0.0163445
0.0918545
-0.0188148
0.0921347
-0.021218
0.092156
-0.0234827
0.0918835
-0.0255298
0.0913026
-0.027281
0.0904189
-0.028667
0.089259
-0.0296365
0.0878672
-0.0301624
0.0863012
-0.0302463
0.0846254
-0.0299169
0.0829022
-0.0292257
0.0811927
-0.0282327
0.0795495
-0.0269998
0.0780113
-0.0255909
0.0766025
-0.0240664
0.0753355
-0.0224788
0.0742127
-0.0208712
0.0732289
-0.0192785
0.0723746
-0.0177272
0.0716377
-0.0162372
0.0710052
-0.0148223
0.0704645
-0.0134913
0.0700036
-0.012249
0.0696114
-0.0110975
0.0692781
-0.0100361
0.068995
-0.00906272
0.0687542
-0.00817415
0.068549
-0.00736614
0.0683736
-0.00663379
0.0682228
-0.00597187
0.0680923
-0.00537503
0.0679785
-0.00483785
0.0678785
-0.0043551
0.0677897
-0.00392159
0.0677101
-0.00353272
0.0676381
-0.00318368
0.0675723
-0.00287084
0.0675117
-0.00258959
0.0674554
-0.0023376
0.0674027
-0.00211
0.0673531
-0.00190628
0.0673061
-0.00172058
0.0672615
-0.00155491
0.0672188
-0.00140147
0.0671781
-0.00126563
0.0671389
-0.00113676
0.0671014
-0.00102412
0.0670653
-0.000914186
0.0670306
-0.000819308
0.0669974
-0.000725298
0.0669653
-0.000643392
0.0669352
-0.000565192
0.0669059
-0.000490909
0.0668795
-0.000430382
0.0668534
-0.000355996
0.0668311
-0.000314638
0.0668084
-0.000229267
0.06679
-0.000205793
0.06677
-9.81439e-05
0.0667532
-8.83929e-05
4.77834e-05
0.100768
0.0167339
-0.101583
0.100534
0.0157404
0.100392
0.0148258
0.100217
0.0137892
0.100002
0.0125285
0.0997616
0.0110629
0.0995257
0.00944021
0.0993176
0.0076917
0.0991543
0.00584314
0.0990471
0.00390147
0.0989901
0.00190659
0.0989947
-0.000139628
0.0990848
-0.00237916
0.0992125
-0.00459168
0.0993619
-0.00685636
0.0995052
-0.00916781
0.0996028
-0.0115129
0.0996094
-0.0138709
0.099477
-0.0162121
0.0991586
-0.0184963
0.0986129
-0.0206724
0.0978107
-0.0226805
0.0967385
-0.0244577
0.0954018
-0.0259442
0.0938249
-0.0270902
0.0920502
-0.0278617
0.0901332
-0.0282455
0.088137
-0.0282501
0.0861238
-0.0279037
0.0841476
-0.0272495
0.0822535
-0.0263385
0.0804758
-0.0252222
0.0788367
-0.0239518
0.0773468
-0.0225765
0.0760082
-0.0211402
0.0748173
-0.0196803
0.0737661
-0.0182273
0.0728443
-0.0168054
0.0720404
-0.0154333
0.0713424
-0.0141242
0.0707383
-0.0128872
0.0702171
-0.0117278
0.0697682
-0.0106485
0.069382
-0.00964989
0.06905
-0.00873066
0.0687642
-0.00788843
0.0685179
-0.00711986
0.0683051
-0.00642092
0.0681204
-0.0057872
0.0679594
-0.00521407
0.0678184
-0.00469677
0.067694
-0.0042307
0.0675835
-0.00381116
0.0674849
-0.00343404
0.067396
-0.00309487
0.0673156
-0.00279039
0.0672422
-0.0025162
0.0671749
-0.00227028
0.0671127
-0.00204785
0.0670551
-0.00184868
0.0670014
-0.00166688
0.0669513
-0.00150475
0.0669042
-0.00135438
0.06686
-0.0012214
0.0668183
-0.00109506
0.0667789
-0.000984801
0.0667419
-0.000877127
0.0667068
-0.00078423
0.066674
-0.000692485
0.0666428
-0.000612217
0.0666143
-0.000536625
0.066587
-0.000463643
0.066563
-0.00040637
0.0665398
-0.000332866
0.0665206
-0.000295413
0.0665017
-0.000210344
0.0664868
-0.000190917
0.0664714
-8.27067e-05
0.0664589
-7.58704e-05
6.19073e-05
0.103402
0.0164182
-0.103086
0.103902
0.0152405
0.104419
0.0143089
0.104897
0.013311
0.105299
0.012126
0.105616
0.0107462
0.105853
0.00920273
0.106021
0.00752404
0.106129
0.00573477
0.106183
0.00384813
0.106201
0.00188873
0.106196
-0.0001348
0.106119
-0.00230214
0.105997
-0.0044702
0.10581
-0.0066695
0.105536
-0.00889369
0.105149
-0.0111251
0.104618
-0.0133399
0.103914
-0.0155081
0.10301
-0.0175927
0.101887
-0.0195496
0.100537
-0.0213303
0.0989649
-0.0228856
0.0971911
-0.0241705
0.09525
-0.025149
0.0931871
-0.0257988
0.0910547
-0.0261131
0.088906
-0.0261014
0.0867899
-0.0257876
0.0847471
-0.0252067
0.082809
-0.0244003
0.0809983
-0.0234115
0.0793295
-0.0222829
0.0778087
-0.0210557
0.0764361
-0.0197677
0.0752076
-0.0184518
0.0741157
-0.0171354
0.0731509
-0.0158406
0.0723024
-0.0145848
0.0715591
-0.0133809
0.07091
-0.0122381
0.0703445
-0.0111622
0.0698525
-0.0101566
0.0694249
-0.00922233
0.0690534
-0.00835919
0.0687306
-0.00756553
0.0684495
-0.00683882
0.0682044
-0.00617585
0.0679902
-0.00557291
0.0678022
-0.00502608
0.0676366
-0.00453119
0.0674901
-0.00408423
0.0673599
-0.00368095
0.0672436
-0.00331774
0.0671392
-0.00299043
0.0670449
-0.00269617
0.0669595
-0.00243074
0.0668817
-0.00219245
0.0668104
-0.00197662
0.066745
-0.00178327
0.0666847
-0.00160657
0.066629
-0.00144901
0.0665773
-0.00130271
0.0665293
-0.00117343
0.0664847
-0.00105048
0.0664432
-0.000943259
0.0664046
-0.000838579
0.0663686
-0.000748238
0.0663355
-0.000659368
0.0663046
-0.000581275
0.0662767
-0.000508733
0.0662507
-0.000437606
0.0662281
-0.000383768
0.066207
-0.000311768
0.0661896
-0.000278099
0.0661734
-0.000194079
0.0661608
-0.000178318
0.0661486
-7.05052e-05
0.0661389
-6.621e-05
7.19221e-05
0.103706
0.0154755
-0.102763
0.104512
0.0144343
0.105331
0.0134894
0.106148
0.0124945
0.106901
0.0113724
0.107558
0.0100895
0.108107
0.00865411
0.108545
0.00708598
0.108874
0.00540525
0.109094
0.00362819
0.109215
0.00176762
0.109239
-0.000158758
0.10912
-0.00218316
0.108885
-0.00423518
0.108525
-0.00630863
0.108023
-0.00839182
0.107364
-0.0104667
0.106534
-0.0125096
0.105518
-0.014492
0.104305
-0.0163805
0.102894
-0.0181377
0.101287
-0.019724
0.0995024
-0.0211007
0.0975649
-0.022233
0.09551
-0.0230941
0.0933791
-0.0236679
0.0912164
-0.0239503
0.0890647
-0.0239497
0.0869625
-0.0236855
0.0849418
-0.023186
0.083027
-0.0224855
0.0812358
-0.0216203
0.0795793
-0.0206265
0.0780629
-0.0195393
0.0766867
-0.0183914
0.0754468
-0.0172119
0.0743368
-0.0160254
0.0733485
-0.0148522
0.0724723
-0.0137086
0.0716982
-0.0126069
0.0710162
-0.0115562
0.0704168
-0.0105628
0.0698907
-0.00963045
0.0694294
-0.00876103
0.0690251
-0.00795489
0.0686707
-0.00721111
0.0683598
-0.0065279
0.0680866
-0.00590271
0.0678462
-0.00533252
0.0676341
-0.004814
0.0674465
-0.00434355
0.06728
-0.00391769
0.0671316
-0.00353262
0.0669991
-0.00318515
0.0668801
-0.00287146
0.0667729
-0.00258903
0.0666761
-0.00233389
0.0665882
-0.0021046
0.0665083
-0.00189666
0.0664353
-0.00171028
0.0663685
-0.00153977
0.0663072
-0.00138773
0.0662509
-0.00124641
0.0661991
-0.00112158
0.0661514
-0.00100279
0.0661074
-0.000899245
0.066067
-0.000798203
0.0660297
-0.000710956
0.0659958
-0.000625481
0.0659646
-0.000550072
0.0659368
-0.000480922
0.0659114
-0.000412179
0.0658895
-0.000361856
0.0658697
-0.000291965
0.0658534
-0.000261849
0.0658389
-0.000179597
0.0658277
-0.000167032
0.0658177
-6.05353e-05
0.0658098
-5.83594e-05
7.8963e-05
0.103021
0.0145018
-0.102047
0.103919
0.0135362
0.104855
0.012553
0.105799
0.011551
0.106692
0.0104796
0.107493
0.00928783
0.108184
0.00796321
0.108755
0.00651555
0.1092
0.00495997
0.109515
0.00331352
0.109696
0.00158579
0.109743
-0.000205411
0.109625
-0.00206467
0.109352
-0.00396232
0.108921
-0.00587836
0.108325
-0.00779581
0.107555
-0.0096965
0.106604
-0.0115586
0.105468
-0.013356
0.104147
-0.0150592
0.102645
-0.016636
0.100975
-0.018054
0.0991562
-0.0192816
0.0972146
-0.0202914
0.0951829
-0.0210624
0.0930971
-0.0215821
0.0909942
-0.0218474
0.0889098
-0.0218653
0.086876
-0.0216516
0.0849195
-0.0212296
0.0830613
-0.0206273
0.0813166
-0.0198756
0.0796953
-0.0190052
0.0782025
-0.0180465
0.0768388
-0.0170277
0.0756017
-0.0159747
0.0744858
-0.0149095
0.0734844
-0.0138508
0.0725894
-0.0128136
0.0717924
-0.0118098
0.0710846
-0.0108484
0.0704573
-0.00993557
0.0699025
-0.0090756
0.0694122
-0.00827079
0.0689794
-0.00752201
0.0685972
-0.00682897
0.0682598
-0.00619042
0.0679615
-0.00560445
0.0676976
-0.00506859
0.0674636
-0.00458007
0.0672559
-0.00413579
0.0670709
-0.00373275
0.0669059
-0.00336758
0.0667582
-0.00303747
0.0666257
-0.00273895
0.0665064
-0.00246979
0.0663989
-0.0022263
0.0663015
-0.00200727
0.0662133
-0.00180839
0.066133
-0.00163004
0.06606
-0.00146671
0.0659933
-0.00132104
0.0659324
-0.00118555
0.0658767
-0.00106588
0.0658259
-0.000951949
0.0657793
-0.000852655
0.0657369
-0.000755834
0.0656981
-0.000672184
0.0656632
-0.000590555
0.0656314
-0.000518304
0.0656033
-0.000452815
0.0655781
-0.00038695
0.0655564
-0.000340156
0.0655374
-0.000272932
0.0655216
-0.000246082
0.0655083
-0.000166274
0.0654977
-0.000156415
0.0654892
-5.21071e-05
0.0654825
-5.16196e-05
8.37723e-05
0.102032
0.0135465
-0.101077
0.102988
0.0125806
0.103959
0.0115825
0.104915
0.0105942
0.105823
0.00957149
0.106649
0.00846207
0.107371
0.00724178
0.107974
0.00591194
0.108451
0.00448323
0.108793
0.00297165
0.108992
0.00138672
0.109042
-0.00025569
0.108928
-0.00194999
0.108647
-0.00368148
0.108198
-0.00542962
0.107577
-0.0071752
0.106781
-0.00889993
0.105806
-0.0105839
0.104654
-0.0122039
0.103329
-0.0137341
0.10184
-0.0151469
0.100201
-0.0164149
0.0984316
-0.0175124
0.0965572
-0.018417
0.0946066
-0.0191118
0.092611
-0.0195865
0.0906022
-0.0198387
0.088611
-0.0198741
0.0866648
-0.0197055
0.0847874
-0.0193521
0.0829972
-0.0188372
0.0813084
-0.0181867
0.0797303
-0.0174271
0.0782683
-0.0165845
0.076924
-0.0156834
0.0756959
-0.0147466
0.0745803
-0.013794
0.0735719
-0.0128424
0.0726642
-0.0119059
0.07185
-0.0109956
0.0711217
-0.0101201
0.0704719
-0.00928572
0.0698931
-0.00849681
0.0693783
-0.00775599
0.0689209
-0.00706456
0.0685146
-0.00642268
0.0681537
-0.00582959
0.0678332
-0.0052839
0.0675482
-0.00478361
0.0672946
-0.00432645
0.0670686
-0.00390978
0.0668668
-0.00353102
0.0666865
-0.0031872
0.0665249
-0.00287588
0.0663798
-0.00259389
0.0662493
-0.0023393
0.0661317
-0.00210869
0.0660255
-0.00190104
0.0659294
-0.00171229
0.0658423
-0.00154292
0.0657632
-0.00138768
0.0656914
-0.00124918
0.0656261
-0.00112028
0.0655667
-0.00100642
0.0655127
-0.000898
0.0654636
-0.000803502
0.0654192
-0.000711429
0.0653788
-0.000631845
0.0653427
-0.000554461
0.0653102
-0.000485803
0.0652816
-0.000424197
0.0652563
-0.000361652
0.0652345
-0.000318366
0.0652159
-0.000254308
0.0652002
-0.000230433
0.0651877
-0.000153694
0.0651773
-0.000146071
0.06517
-4.47827e-05
0.065164
-4.55807e-05
8.67746e-05
0.101023
0.0124997
-0.0999762
0.102027
0.0115761
0.102993
0.0106169
0.103922
0.00966547
0.104798
0.00869501
0.105598
0.00766261
0.106299
0.00654059
0.106887
0.00532382
0.107351
0.00401921
0.107682
0.00264044
0.107872
0.00119686
0.107913
-0.000296419
0.107795
-0.00183207
0.107513
-0.00339936
0.107064
-0.00498062
0.106446
-0.00655735
0.105658
-0.00811176
0.1047
-0.00962558
0.103574
-0.0110784
0.102288
-0.0124477
0.100851
-0.0137099
0.0992775
-0.0148418
0.0975872
-0.0158221
0.0958024
-0.0166322
0.0939489
-0.0172582
0.0920541
-0.0176917
0.090146
-0.0179306
0.0882514
-0.0179794
0.0863947
-0.0178488
0.0845971
-0.0175545
0.0828757
-0.0171159
0.0812437
-0.0165548
0.0797105
-0.0158939
0.0782816
-0.0151556
0.0769596
-0.0143614
0.0757443
-0.0135313
0.0746332
-0.0126829
0.0736224
-0.0118316
0.0727065
-0.01099
0.0718796
-0.0101687
0.0711354
-0.00937584
0.0704671
-0.00861748
0.0698683
-0.00789803
0.0693327
-0.00722032
0.068854
-0.00658591
0.0684267
-0.00599532
0.0680453
-0.0054482
0.0677049
-0.00494354
0.0674011
-0.0044798
0.0671298
-0.00405512
0.0668873
-0.00366727
0.0666703
-0.00331404
0.0664759
-0.00299283
0.0663016
-0.00270153
0.066145
-0.00243728
0.0660041
-0.00219842
0.0658772
-0.00198178
0.0657627
-0.00178652
0.0656592
-0.00160887
0.0655657
-0.00144935
0.065481
-0.00130302
0.0654043
-0.00117244
0.0653348
-0.00105082
0.0652718
-0.000943389
0.0652148
-0.000841061
0.0651632
-0.000751865
0.0651168
-0.000665024
0.0650749
-0.000589941
0.0650376
-0.000517161
0.0650043
-0.000452491
0.064975
-0.000394958
0.0649495
-0.00033612
0.0649274
-0.000296305
0.064909
-0.00023585
0.0648932
-0.000214675
0.0648811
-0.000141579
0.0648708
-0.000135766
0.0648643
-3.83043e-05
0.0648588
-4.00297e-05
8.81774e-05
0.10007
0.0113836
-0.0989539
0.101091
0.0105554
0.102039
0.00966858
0.102935
0.00876973
0.103773
0.00785715
0.104535
0.00690065
0.105202
0.00587351
0.105759
0.00476618
0.106196
0.00358231
0.106504
0.00233274
0.106675
0.0010262
0.106701
-0.000322373
0.106575
-0.00170621
0.106291
-0.00311577
0.105847
-0.00453601
0.10524
-0.00595053
0.104471
-0.00734279
0.103541
-0.008696
0.102455
-0.00999217
0.101219
-0.0112119
0.0998442
-0.012335
0.0983443
-0.0133419
0.0967369
-0.0142147
0.0950426
-0.0149379
0.0932843
-0.0155
0.0914866
-0.015894
0.0896741
-0.0161181
0.0878706
-0.016176
0.0860982
-0.0160764
0.0843759
-0.0158322
0.0827198
-0.0154598
0.0811424
-0.0149774
0.0796529
-0.0144044
0.0782574
-0.01376
0.076959
-0.013063
0.0757585
-0.0123308
0.0746546
-0.011579
0.0736443
-0.0108213
0.0727236
-0.0100694
0.0718876
-0.00933274
0.0711308
-0.00861909
0.0704476
-0.00793428
0.0698322
-0.0072826
0.0692788
-0.00666693
0.0687819
-0.00608903
0.0683363
-0.00554965
0.0679368
-0.00504876
0.067579
-0.00458569
0.0672584
-0.00415925
0.0669713
-0.00376796
0.0667139
-0.00340991
0.0664831
-0.00308327
0.0662761
-0.00278576
0.0660901
-0.00251555
0.0659229
-0.00227011
0.0657725
-0.00204798
0.065637
-0.0018463
0.0655148
-0.00166435
0.0654046
-0.00149866
0.0653051
-0.00134978
0.0652152
-0.00121313
0.0651338
-0.00109112
0.0650605
-0.000977439
0.0649941
-0.000876986
0.0649343
-0.000781295
0.0648803
-0.00069787
0.064832
-0.000616704
0.0647886
-0.000546522
0.0647501
-0.000478674
0.0647159
-0.00041834
0.064686
-0.000365048
0.0646601
-0.000310251
0.0646377
-0.000273869
0.0646192
-0.000217393
0.0646032
-0.000198669
0.0645914
-0.000129742
0.064581
-0.000125367
0.0645752
-3.25266e-05
0.0645701
-3.487e-05
8.80592e-05
0.0991723
0.0102754
-0.0980641
0.100184
0.00954369
0.101117
0.00873529
0.101987
0.00790045
0.102791
0.00705315
0.103517
0.0061743
0.10415
0.00524044
0.104676
0.00423991
0.105085
0.00317354
0.105368
0.00204947
0.105519
0.00087592
0.105529
-0.000333161
0.105395
-0.00157154
0.105109
-0.00283036
0.10467
-0.0040968
0.104076
-0.00535677
0.103329
-0.00659532
0.10243
-0.00779724
0.101385
-0.00894667
0.1002
-0.0100269
0.0988855
-0.0110209
0.0974555
-0.011912
0.0959259
-0.012685
0.0943152
-0.0133273
0.0926443
-0.0138291
0.090935
-0.0141846
0.0892093
-0.0143924
0.0874887
-0.0144554
0.085793
-0.0143807
0.0841398
-0.014179
0.082544
-0.013864
0.0810176
-0.013451
0.0795696
-0.0129564
0.0782064
-0.0123968
0.0769316
-0.0117883
0.0757468
-0.011146
0.0746516
-0.0104838
0.0736441
-0.00981375
0.0727211
-0.00914638
0.0718788
-0.00849036
0.0711124
-0.00785275
0.0704172
-0.00723905
0.069788
-0.00665338
0.0692196
-0.0060986
0.0687071
-0.00557655
0.0682456
-0.00508814
0.0678304
-0.00463358
0.0674572
-0.00421246
0.0671219
-0.0038239
0.0668206
-0.0034667
0.06655
-0.00313929
0.0663068
-0.00284013
0.0660883
-0.00256724
0.0658918
-0.00231906
0.0657151
-0.00209335
0.0655559
-0.00188886
0.0654126
-0.00170299
0.0652835
-0.00153517
0.065167
-0.00138222
0.0650619
-0.0012447
0.0649672
-0.00111839
0.0648816
-0.00100557
0.0648046
-0.000900407
0.0647351
-0.000807452
0.0646727
-0.00071889
0.0646165
-0.00064167
0.0645664
-0.000566585
0.0645215
-0.000501668
0.0644819
-0.000439048
0.0644469
-0.00038336
0.0644163
-0.000334459
0.06439
-0.00028398
0.0643672
-0.000250996
0.0643486
-0.000198821
0.0643323
-0.000182333
0.0643206
-0.000118059
0.06431
-0.000114806
0.0643049
-2.73666e-05
0.0643
-3.00676e-05
8.64368e-05
0.0983246
0.00919933
-0.0972486
0.099323
0.00854526
0.100245
0.00781331
0.101094
0.0070517
0.101869
0.00627744
0.102565
0.00547924
0.103167
0.00463801
0.103665
0.00374205
0.104048
0.00279019
0.104309
0.00178829
0.104441
0.000743962
0.104439
-0.000330427
0.104296
-0.00142905
0.104009
-0.00254371
0.103576
-0.0036635
0.102996
-0.00477634
0.102269
-0.00586907
0.1014
-0.00692814
0.100393
-0.00793967
0.0992558
-0.00888931
0.0979975
-0.00976261
0.0966311
-0.0105456
0.0951715
-0.0112255
0.0936359
-0.0117917
0.0920429
-0.0122361
0.0904123
-0.012554
0.0887641
-0.0127441
0.0871175
-0.0128088
0.0854906
-0.0127538
0.0838997
-0.0125881
0.0823587
-0.012323
0.080879
-0.0119713
0.0794696
-0.011547
0.0781369
-0.0110641
0.0768851
-0.0105364
0.0757162
-0.00997716
0.0746307
-0.00939825
0.0736274
-0.00881044
0.072704
-0.00822301
0.0718574
-0.00764378
0.0710838
-0.00707916
0.070379
-0.00653422
0.0697385
-0.00601283
0.0691576
-0.00551775
0.0686319
-0.00505081
0.0681568
-0.00461303
0.067728
-0.00420476
0.0673413
-0.00382582
0.066993
-0.00347554
0.0666793
-0.00315301
0.0663969
-0.00285691
0.0661427
-0.00258596
0.065914
-0.00233848
0.065708
-0.00211314
0.0655226
-0.00190796
0.0653557
-0.00172188
0.0652053
-0.00155259
0.0650697
-0.00139963
0.0649476
-0.0012601
0.0648375
-0.00113459
0.0647383
-0.00101923
0.0646489
-0.000916153
0.0645685
-0.00082003
0.0644961
-0.000735039
0.0644313
-0.000654058
0.0643731
-0.000583435
0.0643213
-0.000514801
0.0642751
-0.000455475
0.0642344
-0.000398356
0.0641986
-0.000347578
0.0641674
-0.000303203
0.0641407
-0.000257274
0.0641173
-0.000227657
0.0640985
-0.000180055
0.0640818
-0.00016562
0.0640702
-0.000106443
0.0640595
-0.000104049
0.0640549
-2.27735e-05
0.0640504
-2.56187e-05
8.33108e-05
0.0975381
0.00814045
-0.0964792
0.0985263
0.00755705
0.0994367
0.00690291
0.100268
0.00622065
0.10102
0.00552552
0.101688
0.00481097
0.102264
0.00406231
0.102737
0.00326907
0.103098
0.00242904
0.10334
0.00154642
0.103456
0.000627537
0.103442
-0.00031632
0.103293
-0.0012803
0.103006
-0.00225678
0.102579
-0.00323639
0.102012
-0.00420888
0.101306
-0.00516288
0.100464
-0.00608654
0.0994921
-0.00696782
0.0983973
-0.00779449
0.097189
-0.00855435
0.0958792
-0.0092357
0.0944816
-0.00982792
0.0930121
-0.0103222
0.0914877
-0.0107117
0.0899264
-0.0109927
0.0883463
-0.011164
0.086765
-0.0112275
0.0851991
-0.0111879
0.0836637
-0.0110527
0.0821719
-0.0108311
0.0807346
-0.010534
0.0793605
-0.0101729
0.0780561
-0.00975971
0.0768259
-0.0093063
0.0756726
-0.00882385
0.0745971
-0.00832272
0.0735989
-0.00781226
0.0726765
-0.0073006
0.0718274
-0.00679468
0.0710485
-0.00630024
0.0703361
-0.00582185
0.0696864
-0.00536308
0.0690951
-0.00492651
0.0685582
-0.00451391
0.0680715
-0.00412633
0.067631
-0.00376423
0.0672327
-0.00342756
0.066873
-0.00311587
0.0665485
-0.00282843
0.0662557
-0.00256418
0.0659919
-0.00232207
0.065754
-0.00210066
0.0655397
-0.00189883
0.0653466
-0.00171488
0.0651727
-0.0015479
0.0650159
-0.00139586
0.0648747
-0.00125837
0.0647475
-0.00113289
0.0646328
-0.00101994
0.0645297
-0.00091608
0.0644367
-0.000823233
0.0643533
-0.000736623
0.0642783
-0.000660017
0.0642113
-0.000587019
0.0641512
-0.000523349
0.0640979
-0.000461499
0.0640505
-0.000408056
0.0640088
-0.000356679
0.0639722
-0.000311041
0.0639404
-0.00027131
0.0639132
-0.00023012
0.0638894
-0.000203844
0.0638704
-0.000161041
0.0638533
-0.000148508
0.0638417
-9.48339e-05
0.0638307
-9.30867e-05
0.0638266
-1.87103e-05
0.0638225
-2.15292e-05
7.86934e-05
0.0968257
0.00708889
-0.0957742
0.0978039
0.0065789
0.0987012
0.00600562
0.0995159
0.00540593
0.100248
0.0047937
0.100893
0.0041652
0.101446
0.00350939
0.101898
0.00281745
0.10224
0.00208698
0.102466
0.00132087
0.102569
0.000524086
0.102546
-0.00029304
0.102392
-0.00112688
0.102106
-0.00197037
0.101685
-0.0028155
0.10113
-0.00365363
0.100442
-0.00447512
0.0996253
-0.00526982
0.098685
-0.00602744
0.0976281
-0.00673762
0.0964639
-0.00739019
0.0952037
-0.00797543
0.0938603
-0.00848456
0.0924484
-0.00891026
0.0909837
-0.00924706
0.0894827
-0.00949168
0.0879619
-0.00964321
0.0864376
-0.0097032
0.0849252
-0.00967554
0.0834387
-0.00956619
0.0819904
-0.00938283
0.0805908
-0.00913437
0.0792484
-0.00883048
0.0779699
-0.00848114
0.0767598
-0.00809624
0.0756212
-0.00768527
0.0745556
-0.00725708
0.073563
-0.00681966
0.0726425
-0.00638007
0.0717921
-0.00594434
0.0710094
-0.0055175
0.0702912
-0.00510363
0.069634
-0.00470591
0.0690342
-0.00432671
0.068488
-0.00396768
0.0679915
-0.00362986
0.067541
-0.00331373
0.0671328
-0.00301936
0.0667634
-0.00274645
0.0664294
-0.00249444
0.0661277
-0.00226247
0.0658553
-0.0020497
0.0656095
-0.00185491
0.0653879
-0.00167717
0.065188
-0.00151503
0.0650078
-0.00136773
0.0648455
-0.00123351
0.0646992
-0.00111206
0.0645674
-0.00100115
0.0644488
-0.000901259
0.0643421
-0.00080937
0.064246
-0.000727191
0.0641599
-0.000650509
0.0640825
-0.000582662
0.0640135
-0.000518005
0.0639518
-0.000461603
0.0638971
-0.000406836
0.0638486
-0.000359529
0.063806
-0.000314112
0.0637688
-0.000273804
0.0637363
-0.000238823
0.0637087
-0.000202521
0.0636844
-0.000179567
0.0636651
-0.000141751
0.0636476
-0.000130998
0.063636
-8.31931e-05
0.0636248
-8.19247e-05
0.0636213
-1.51434e-05
0.0636175
-1.78037e-05
7.26233e-05
0.0961936
0.00604727
-0.095152
0.0971601
0.00561242
0.0980442
0.00512151
0.0988442
0.00460593
0.0995591
0.0040788
0.100186
0.00353808
0.10072
0.00297545
0.101154
0.00238383
0.10148
0.00176099
0.101692
0.00110884
0.101784
0.000431443
0.101754
-0.000262611
0.101597
-0.000970081
0.101312
-0.00168502
0.100897
-0.00240059
0.100353
-0.00310955
0.0996817
-0.00380393
0.0988871
-0.00447519
0.0979743
-0.00511472
0.0969506
-0.00571389
0.0958247
-0.00626431
0.0946073
-0.00675802
0.0933106
-0.00718787
0.0919483
-0.00754789
0.0905348
-0.00783362
0.0890855
-0.00804239
0.0876158
-0.00817346
0.0861406
-0.00822805
0.0846744
-0.0082093
0.0832302
-0.00812203
0.0818199
-0.00797247
0.0804534
-0.00776787
0.0791391
-0.00751617
0.0778835
-0.00722559
0.0766916
-0.00690432
0.0755666
-0.00656027
0.0745103
-0.00620082
0.0735234
-0.00583273
0.0726053
-0.00546196
0.0717546
-0.00509365
0.0709692
-0.00473213
0.0702465
-0.00438093
0.0695835
-0.00404284
0.0689767
-0.00371996
0.0684228
-0.00341376
0.0679182
-0.00312523
0.0674593
-0.00285485
0.0670427
-0.00260276
0.066665
-0.00236874
0.0663229
-0.00215241
0.0660135
-0.00195307
0.0657339
-0.00177003
0.0654813
-0.00160231
0.0652533
-0.00144915
0.0650475
-0.00130932
0.064862
-0.00118219
0.0646948
-0.00106628
0.0645441
-0.000961339
0.0644084
-0.00086545
0.0642861
-0.000779053
0.0641763
-0.000699544
0.0640775
-0.00062841
0.0639891
-0.000562017
0.0639096
-0.000503256
0.0638389
-0.000447255
0.0637757
-0.000398397
0.0637198
-0.000350972
0.0636703
-0.000310022
0.063627
-0.000270753
0.0635891
-0.000235933
0.0635561
-0.000205792
0.063528
-0.000174496
0.0635033
-0.000154848
0.0634837
-0.000122174
0.0634658
-0.000113103
0.0634541
-7.14966e-05
0.0634428
-7.05778e-05
0.0634397
-1.20356e-05
0.0634363
-1.44382e-05
6.51734e-05
0.0956443
0.00501909
-0.0946161
0.0965988
0.00465797
0.0974711
0.00424916
0.0982584
0.00381862
0.0989592
0.00337798
0.0995711
0.00292622
0.100089
0.00245709
0.100508
0.00196506
0.100821
0.00144827
0.101022
0.000908015
0.101106
0.000347312
0.10107
-0.000226423
0.100911
-0.000810948
0.100627
-0.00140109
0.100217
-0.00199122
0.0996831
-0.00257542
0.0990264
-0.00314724
0.098251
-0.00369971
0.097362
-0.00422579
0.0963666
-0.00471849
0.0952733
-0.00517101
0.0940923
-0.00557698
0.0928351
-0.00593068
0.0915145
-0.00622734
0.0901443
-0.00646341
0.0887387
-0.00663675
0.087312
-0.00674677
0.0858784
-0.00679443
0.0844513
-0.0067822
0.0830431
-0.0067139
0.0816652
-0.00659449
0.0803271
-0.00642977
0.079037
-0.00622609
0.0778015
-0.00599008
0.0766255
-0.00572837
0.0755126
-0.00544738
0.074465
-0.00515315
0.0734834
-0.0048512
0.0725679
-0.00454646
0.0717175
-0.0042432
0.0709304
-0.00394502
0.0702043
-0.00365489
0.0695367
-0.00337516
0.0689243
-0.00310764
0.0683642
-0.00285361
0.0678529
-0.00261392
0.0673871
-0.00238905
0.0669635
-0.00217916
0.0665789
-0.00198412
0.0662301
-0.00180364
0.0659142
-0.00163718
0.0656284
-0.00148422
0.06537
-0.00134394
0.0651366
-0.00121574
0.0649259
-0.00109862
0.0647358
-0.000992083
0.0645644
-0.000894888
0.0644099
-0.000806848
0.0642708
-0.000726368
0.0641456
-0.000653825
0.0640331
-0.000587044
0.063932
-0.000527277
0.0638414
-0.000471483
0.0637603
-0.000422087
0.063688
-0.000375011
0.0636236
-0.000333932
0.0635667
-0.000294074
0.0635163
-0.000259666
0.0634723
-0.000226705
0.0634338
-0.000197501
0.0634003
-0.000172279
0.0633719
-0.000146076
0.0633468
-0.000129725
0.0633269
-0.000102316
0.0633087
-9.48533e-05
0.0632969
-5.97286e-05
0.0632854
-5.90718e-05
0.0632827
-9.34139e-06
0.0632797
-1.14174e-05
5.64533e-05
0.0951808
0.00400369
-0.0941654
0.0961246
0.00371424
0.0969869
0.0033868
0.0977636
0.00304191
0.0984529
0.00268871
0.0990524
0.00232669
0.0995582
0.00195127
0.099965
0.00155828
0.100267
0.00114626
0.100459
0.000716133
0.100536
0.000270067
0.100496
-0.000185904
0.100335
-0.000650228
0.100052
-0.00111865
0.099648
-0.00158674
0.0991224
-0.00204982
0.098478
-0.00250282
0.0977186
-0.00294032
0.0968496
-0.00335675
0.0958777
-0.00374664
0.0948114
-0.00410469
0.0936604
-0.00442596
0.0924357
-0.00470602
0.0911496
-0.00494119
0.0898149
-0.00512874
0.0884452
-0.005267
0.0870539
-0.00535552
0.0856545
-0.00539502
0.0842597
-0.00538741
0.0828814
-0.0053356
0.0815303
-0.00524342
0.0802159
-0.00511536
0.0789462
-0.00495632
0.0777276
-0.00477148
0.0765652
-0.00456601
0.0754627
-0.00434493
0.0744226
-0.00411299
0.0734459
-0.00387456
0.072533
-0.00363354
0.0716831
-0.00339333
0.0708949
-0.00315682
0.0701664
-0.00292638
0.0694952
-0.00270394
0.0688785
-0.00249095
0.0683134
-0.00228849
0.0677968
-0.00209726
0.0673254
-0.00191768
0.0668961
-0.00174991
0.0665059
-0.00159387
0.0661516
-0.00144937
0.0658304
-0.00131599
0.0655395
-0.00119334
0.0652764
-0.00108079
0.0650385
-0.000977876
0.0648237
-0.000883801
0.0646298
-0.000798183
0.064455
-0.000720038
0.0642973
-0.000649225
0.0641554
-0.00058447
0.0640277
-0.00052608
0.063913
-0.000472315
0.0638099
-0.000424181
0.0637176
-0.000379243
0.063635
-0.000339443
0.0635615
-0.000301518
0.063496
-0.000268414
0.0634382
-0.000236311
0.0633872
-0.000208596
0.0633425
-0.000182079
0.0633036
-0.00015859
0.0632697
-0.000138352
0.0632409
-0.000117306
0.0632154
-0.000104247
0.0631953
-8.2196e-05
0.0631768
-7.62926e-05
0.0631649
-4.78871e-05
0.0631533
-4.74287e-05
0.0631509
-7.01071e-06
0.0631482
-8.71094e-06
4.66092e-05
0.0948062
0.00299811
-0.0938006
0.0957414
0.00277904
0.0965955
0.00253266
0.0973636
0.00227378
0.0980438
0.00200859
0.0986336
0.00173682
0.0991297
0.00145522
0.0995271
0.00116083
0.0998208
0.000852594
0.100006
0.000531149
0.100078
0.000198144
0.100034
-0.000142183
0.0998722
-0.000488465
0.0995912
-0.000837622
0.0991908
-0.00118635
0.0986722
-0.00153119
0.0980377
-0.00186837
0.0972913
-0.00219389
0.0964382
-0.00250365
0.0954852
-0.0027936
0.0944403
-0.00305985
0.0933131
-0.00329878
0.0921143
-0.00350716
0.0908554
-0.0036823
0.0895489
-0.0038222
0.0882075
-0.00392565
0.0868443
-0.00399232
0.085472
-0.00402274
0.0841029
-0.00401826
0.0827483
-0.00398103
0.0814187
-0.00391382
0.0801232
-0.0038199
0.0788698
-0.00370288
0.0776648
-0.00356654
0.0765135
-0.00341468
0.0754196
-0.00325102
0.0743857
-0.00307907
0.0734132
-0.00290207
0.0725026
-0.00272292
0.0716534
-0.00254417
0.0708646
-0.00236797
0.0701343
-0.00219613
0.0694605
-0.00203009
0.0688405
-0.00187096
0.0682716
-0.00171956
0.0677508
-0.00157646
0.067275
-0.00144196
0.0668414
-0.00131622
0.0664467
-0.0011992
0.0660881
-0.00109076
0.0657627
-0.000990614
0.0654678
-0.00089847
0.0652009
-0.000813871
0.0649595
-0.000736479
0.0647414
-0.000665705
0.0645445
-0.000601268
0.0643669
-0.000542435
0.0642068
-0.000489104
0.0640626
-0.000440322
0.0639329
-0.000396323
0.0638164
-0.000355802
0.0637117
-0.000319514
0.0636181
-0.000285635
0.0635343
-0.000255618
0.0634598
-0.000227024
0.0633934
-0.00020205
0.0633349
-0.000177853
0.0632833
-0.000156948
0.0632382
-0.000136985
0.0631989
-0.000119283
0.0631646
-0.000104086
0.0631356
-8.82374e-05
0.0631098
-7.84752e-05
0.0630894
-6.18459e-05
0.0630706
-5.74746e-05
0.0630587
-3.59733e-05
0.063047
-3.56772e-05
0.0630449
-4.98326e-06
0.0630425
-6.27552e-06
3.58209e-05
0.0945224
0.00199905
-0.0935234
0.0954517
0.00184977
0.0962995
0.00168484
0.0970612
0.00151209
0.0977346
0.00133524
0.0983173
0.00115407
0.0988062
0.000966356
0.0991968
0.000770242
0.0994843
0.000565024
0.0996642
0.00035124
0.0997324
0.000129975
0.0996864
-9.6141e-05
0.099524
-0.000326068
0.0992441
-0.000557795
0.098847
-0.000789174
0.0983337
-0.00101789
0.0977068
-0.00124146
0.0969701
-0.00145723
0.096129
-0.00166252
0.09519
-0.00185465
0.0941612
-0.00203106
0.0930518
-0.00218939
0.0918722
-0.00232751
0.0906336
-0.00244368
0.0893479
-0.00253658
0.0880277
-0.00260543
0.0866854
-0.00265
0.0853333
-0.00267063
0.0839833
-0.00266822
0.0826464
-0.00264416
0.0813328
-0.00260026
0.0800516
-0.00253866
0.0788104
-0.00246171
0.0776158
-0.0023719
0.0764728
-0.00227173
0.0753855
-0.00216364
0.0743563
-0.00204996
0.0733871
-0.00193283
0.0724784
-0.00181417
0.0716299
-0.00169567
0.0708407
-0.00157878
0.0701092
-0.00146469
0.0694335
-0.00135438
0.0688111
-0.00124859
0.0682394
-0.00114788
0.0677156
-0.00105262
0.0672367
-0.000963055
0.0667998
-0.000879274
0.0664018
-0.000801266
0.06604
-0.000728945
0.0657115
-0.000662128
0.0654137
-0.000600626
0.0651439
-0.00054414
0.0648999
-0.000492448
0.0646794
-0.000445163
0.0644802
-0.000402099
0.0643005
-0.000362771
0.0641386
-0.000327111
0.0639927
-0.000294489
0.0638615
-0.000265056
0.0637436
-0.000237951
0.0636378
-0.000213667
0.0635431
-0.000191001
0.0634584
-0.000170905
0.0633832
-0.000151776
0.0633162
-0.00013505
0.0632572
-0.000118871
0.0632051
-0.000104866
0.0631596
-9.15378e-05
0.06312
-7.96757e-05
0.0630855
-6.95605e-05
0.0630562
-5.89351e-05
0.0630302
-5.24761e-05
0.0630097
-4.13097e-05
0.0629907
-3.84604e-05
0.0629787
-2.39943e-05
0.0629669
-2.38498e-05
0.0629651
-3.18364e-06
0.0629628
-4.06363e-06
2.43012e-05
0.094331
0.00100294
-0.0933349
0.0952569
0.000923867
0.096101
0.000840789
0.0968588
0.000754288
0.0975278
0.000666206
0.0981059
0.000575973
0.09859
0.000482237
0.0989761
0.000384163
0.0992596
0.000281495
0.0994362
0.000174636
0.0995019
6.42854e-05
0.0994544
-4.86393e-05
0.0992916
-0.000163272
0.0990126
-0.000278805
0.0986176
-0.000394163
0.0981079
-0.000508171
0.097486
-0.000619585
0.0967559
-0.000727093
0.0959227
-0.000829358
0.0949931
-0.000925058
0.093975
-0.00101292
0.0928774
-0.00109178
0.0917104
-0.00116059
0.0904852
-0.00121847
0.0892135
-0.0012648
0.0879072
-0.00129917
0.0865787
-0.00132148
0.08524
-0.0013319
0.0839026
-0.00133086
0.0825775
-0.00131906
0.0812746
-0.00129738
0.0800028
-0.00126688
0.0787699
-0.00122873
0.0775821
-0.00118415
0.0764448
-0.0011344
0.0753618
-0.00108067
0.074336
-0.00102412
0.073369
-0.000965822
0.0724615
-0.00090673
0.0716135
-0.000847687
0.0708242
-0.000789417
0.070092
-0.000732519
0.0694151
-0.000677479
0.0687912
-0.000624675
0.0682177
-0.000574388
0.0676919
-0.000526809
0.0672109
-0.000482055
0.0667718
-0.00044018
0.0663717
-0.000401178
0.0660078
-0.000365009
0.0656772
-0.000331585
0.0653774
-0.000300813
0.0651058
-0.000272544
0.06486
-0.000246669
0.0646379
-0.000222995
0.0644372
-0.000201431
0.0642562
-0.000181736
0.0640929
-0.000163873
0.063946
-0.000147533
0.0638137
-0.000132784
0.063695
-0.000119206
0.0635883
-0.000107032
0.063493
-9.56805e-05
0.0634077
-8.55986e-05
0.0633319
-7.60258e-05
0.0632645
-6.76229e-05
0.0632052
-5.95412e-05
0.0631528
-5.24886e-05
0.0631071
-4.58564e-05
0.0630673
-3.98587e-05
0.0630326
-3.48669e-05
0.0630031
-2.94605e-05
0.062977
-2.63378e-05
0.0629563
-2.06211e-05
0.0629372
-1.93424e-05
0.0629251
-1.19281e-05
0.0629133
-1.20229e-05
0.0629116
-1.4752e-06
0.0629096
-2.06376e-06
1.23037e-05
0.0942393
-0.0932364
0.0951632
0.096004
0.0967583
0.0974245
0.0980005
0.0984827
0.0988669
0.0991484
0.099323
0.0993873
0.0993386
0.0991754
0.0988966
0.0985024
0.0979942
0.0973746
0.0966475
0.0958182
0.0948931
0.0938802
0.0927884
0.0916278
0.0904094
0.0891446
0.0878454
0.0865239
0.085192
0.0838612
0.0825421
0.0812447
0.0799778
0.0787491
0.077565
0.0764306
0.0753499
0.0743258
0.0733599
0.0724532
0.0716055
0.0708161
0.0700836
0.0694061
0.0687814
0.0682071
0.0676802
0.0671982
0.066758
0.0663568
0.0659918
0.0656602
0.0653594
0.0650869
0.0648402
0.0646172
0.0644158
0.064234
0.0640702
0.0639226
0.0637899
0.0636707
0.0635636
0.0634679
0.0633823
0.0633063
0.0632387
0.0631792
0.0631267
0.0630808
0.0630409
0.0630061
0.0629766
0.0629503
0.0629297
0.0629103
0.0628984
0.0628864
0.0628849
0.0628828
0.0728884
0.0245069
-0.0710764
0.0750551
0.0319736
0.0775103
0.0397101
0.0801862
0.0475171
0.0833918
0.0552837
0.0863021
0.0634482
0.0895616
0.07064
0.0929556
0.0774989
0.0886645
0.0853512
0.078411
0.0722093
0.0227117
-0.0704141
0.0743012
0.0298817
0.0768953
0.0371161
0.0796753
0.0447371
0.0829383
0.0520208
0.0870006
0.0593859
0.0900805
0.0675601
0.0961528
0.0714267
0.0984829
0.0830211
0.0818549
0.0715818
0.0209899
-0.06986
0.0736599
0.0278036
0.0761573
0.0346187
0.0793399
0.0415545
0.0823492
0.0490115
0.0871123
0.0546229
0.0905804
0.064092
0.0953845
0.0666225
0.100737
0.0776685
0.0810087
0.0709641
0.0194145
-0.0693887
0.0731025
0.0256652
0.075367
0.0323541
0.0786884
0.0382331
0.0816181
0.0460818
0.085769
0.050472
0.0899431
0.0599179
0.0932806
0.0632849
0.0993139
0.0716352
0.0772364
0.0703955
0.0179741
-0.0689551
0.0725054
0.0235553
0.0746835
0.030176
0.0776782
0.0352383
0.0808275
0.0429325
0.0840686
0.047231
0.0886971
0.0552894
0.0920712
0.0599108
0.0977659
0.0659405
0.0722394
0.0699094
0.0165781
-0.0685133
0.0718504
0.0216143
0.0741119
0.0279146
0.0766727
0.0326775
0.0800582
0.039547
0.0830147
0.0442745
0.0876909
0.0506132
0.0916949
0.0559068
0.0968046
0.0608308
0.0669968
0.0694824
0.0151648
-0.0680691
0.0712289
0.0198678
0.0735778
0.0255657
0.0759365
0.0303188
0.0793722
0.0361113
0.0825251
0.0411216
0.0868872
0.0462511
0.0911478
0.0516461
0.095876
0.0561026
0.0617957
0.069073
0.013746
-0.0676542
0.0707083
0.0182325
0.073047
0.0232269
0.0754249
0.0279408
0.0787125
0.0328238
0.0820306
0.0378035
0.0860045
0.0422771
0.0902403
0.0474103
0.0948468
0.0514961
0.0566663
0.0686687
0.0123652
-0.0672879
0.0702788
0.0166224
0.0725252
0.0209806
0.074965
0.025501
0.0780342
0.0297546
0.081368
0.0344697
0.0851246
0.0385204
0.0893245
0.0432105
0.0939014
0.0469192
0.0516138
0.0682842
0.0110493
-0.0669684
0.0698979
0.0150087
0.0720298
0.0188487
0.0744842
0.0230466
0.0773928
0.026846
0.0806992
0.0311634
0.0843944
0.0348252
0.0885692
0.0390357
0.0930907
0.0423977
0.0466404
0.0679327
0.00979924
-0.0666826
0.0695401
0.0134013
0.0715797
0.0168091
0.0740146
0.0206118
0.0768447
0.0240159
0.0801271
0.0278809
0.0837921
0.0311602
0.0879083
0.0349195
0.0923499
0.0379562
0.0417418
0.0676187
0.0086029
-0.0664224
0.0692057
0.0118143
0.071185
0.0148298
0.0735915
0.0182052
0.0763814
0.021226
0.0796272
0.0246351
0.0832385
0.0275489
0.0872804
0.0308775
0.0916509
0.0335857
0.0369134
0.0673429
0.00744725
-0.0661872
0.0689032
0.010254
0.0708428
0.0128902
0.0732175
0.0158304
0.0759698
0.0184738
0.0791653
0.0214396
0.0827172
0.023997
0.0866975
0.0268972
0.0910131
0.0292701
0.0321523
0.067104
0.00632277
-0.0659795
0.0686367
0.0087213
0.0705448
0.0109821
0.0728848
0.0134905
0.075598
0.0157606
0.0787453
0.0182923
0.0822509
0.0204914
0.086184
0.022964
0.090453
0.0250011
0.0274534
0.0669004
0.0052236
-0.0658012
0.0684062
0.00721549
0.0702864
0.00910184
0.0725925
0.0111844
0.0752717
0.0130813
0.0783805
0.0151835
0.0818514
0.0170206
0.0857437
0.0190717
0.0899706
0.0207743
0.0228078
0.0667305
0.00414603
-0.065653
0.0682115
0.00573452
0.0700671
0.00724623
0.0723439
0.00890766
0.074996
0.0104292
0.0780739
0.0121057
0.0815156
0.0135789
0.0853718
0.0152154
0.0895628
0.0165832
0.0182052
0.0665941
0.00308726
-0.0655353
0.0680532
0.00427544
0.0698879
0.00541145
0.0721404
0.00665514
0.0747706
0.00779906
0.0778226
0.00905371
0.0812396
0.0101619
0.0850667
0.0113883
0.0892304
0.0124195
0.0136351
0.0664909
0.00204492
-0.0654485
0.0679311
0.00283521
0.0697484
0.00359414
0.0719811
0.00442246
0.0745932
0.0051869
0.0776245
0.00602249
0.0810225
0.0067638
0.0848292
0.0075816
0.0889752
0.0082735
0.00908694
0.0664206
0.00101671
-0.0653924
0.0678446
0.00141118
0.0696473
0.00179144
0.071864
0.00220582
0.0744622
0.00258865
0.077478
0.00300668
0.0808635
0.00337837
0.0846574
0.00378762
0.0887957
0.00413526
0.00454773
0.0663836
-0.0653669
0.0677948
0.0695863
0.0717921
0.0743807
0.0773874
0.0807658
0.0845534
0.0886887
0.0325552
0.0536945
-0.0514164
-0.0348333
0.0291421
0.0549082
-0.0514951
0.025351
0.0561142
-0.0523231
0.0213991
0.0574996
-0.0535476
0.0173568
0.0590983
-0.055056
0.0132483
0.0609895
-0.056881
0.00905401
0.0632946
-0.0591003
0.00484729
0.0659906
-0.0617839
0.00132826
0.0656395
-0.0621204
0.0452981
-0.0439698
0.0276324
0.0569059
-0.0308438
0.0244591
0.0580815
0.0211511
0.0594223
0.0177064
0.0609443
0.0141498
0.0626549
0.010506
0.0646333
0.00679081
0.0670098
0.00314292
0.0696385
0.000260863
0.0685215
0.0455589
0.0229729
0.0600005
-0.0260675
0.0199369
0.0611175
0.0169053
0.0624538
0.0138345
0.0640151
0.0107069
0.0657826
0.00752049
0.0678197
0.00430074
0.0702295
0.00130288
0.0726364
-0.000649192
0.0704736
0.0449097
0.0179968
0.0627275
-0.0207238
0.0152908
0.0638235
0.0125587
0.0651859
0.00981745
0.0667563
0.00707773
0.0685223
0.00433289
0.0705646
0.0016231
0.0729393
-0.00074117
0.0750007
-0.00153453
0.071267
0.0433752
0.0127375
0.0650999
-0.0151099
0.0103423
0.0662187
0.00793966
0.0675885
0.00556566
0.0691303
0.00323938
0.0708486
0.000966292
0.0728377
-0.00120157
0.0751072
-0.00274008
0.0765392
-0.00256194
0.0710888
0.0408133
0.00711611
0.0671685
-0.00918466
0.00502187
0.0683129
0.00299622
0.0696142
0.00104864
0.0710779
-0.000853248
0.0727505
-0.00268362
0.074668
-0.00425145
0.076675
-0.00497726
0.077265
-0.00363822
0.0697498
0.037175
0.0010295
0.0690573
-0.00291836
-0.000671004
0.0700134
-0.00227986
0.0712231
-0.00382319
0.0726212
-0.0052732
0.0742005
-0.00657671
0.0759715
-0.00751019
0.0776085
-0.00731044
0.0770653
-0.00469543
0.0671348
0.0324796
-0.00534299
0.0703823
0.00401805
-0.00663778
0.0713082
-0.00784897
0.0724342
-0.00894997
0.0737222
-0.00992944
0.07518
-0.0106987
0.0767408
-0.0109036
0.0778133
-0.00962223
0.0757839
-0.00563402
0.0631465
0.0268456
-0.0121345
0.0712229
0.0112939
-0.0129513
0.072125
-0.0136923
0.0731752
-0.0143314
0.0743613
-0.0148195
0.0756681
-0.014989
0.0769103
-0.0143237
0.077148
-0.0117562
0.0732163
-0.00628198
0.0576724
0.0205636
-0.0191442
0.0187193
-0.0195068
-0.0197824
-0.0199376
-0.0198889
-0.0193539
-0.0176164
-0.0134987
-0.00640137
0.0566989
0.00553473
-0.0622336
0.0510479
0.005651
0.0452442
0.00580366
0.0392664
0.00597785
0.0330924
0.00617401
0.0266864
0.00640596
0.0199999
0.00668647
0.0129482
0.00705173
0.00560233
0.00734589
0.00560233
0.0562559
0.011028
-0.0617491
0.050643
0.0112639
0.044878
0.0115686
0.0389421
0.0119138
0.0328143
0.0123018
0.0264581
0.0127621
0.019824
0.0133206
0.0128223
0.0140534
0.00554226
0.0146259
0.0111446
0.0553763
0.0164449
-0.0607933
0.0498363
0.0168039
0.0441445
0.0172605
0.038284
0.0177742
0.0322365
0.0183493
0.0259684
0.0190302
0.019431
0.0198581
0.012536
0.0209483
0.00538586
0.0217761
0.0165305
0.054061
0.0217498
-0.0593659
0.0486328
0.0222321
0.0430603
0.022833
0.0373261
0.0235084
0.0314078
0.0242676
0.0252728
0.0251652
0.0188761
0.0262548
0.0121354
0.027689
0.00517619
0.0287353
0.0217066
0.0523186
0.0269144
-0.0574833
0.0470133
0.0275374
0.041563
0.0282833
0.0359672
0.0291042
0.0302113
0.0300235
0.0242621
0.0311144
0.0180731
0.0324439
0.0115682
0.0341939
0.0049034
0.0354
0.02661
0.0502033
0.0318699
-0.0551587
0.0451102
0.0326305
0.0398582
0.0335352
0.0344501
0.0345123
0.0288807
0.035593
0.0231235
0.0368716
0.0171415
0.0384259
0.0108811
0.0404543
0.00454896
0.0417322
0.031159
0.047548
0.0367041
-0.0523822
0.0425725
0.037606
0.0374853
0.0386225
0.0323148
0.0396829
0.0270361
0.0408716
0.0215943
0.0423133
0.015934
0.0440862
0.0100118
0.0463765
0.00410103
0.047643
0.03526
0.0449605
0.0411397
-0.0493961
0.0401849
0.0423816
0.0352585
0.0435488
0.0302581
0.0446832
0.0251595
0.0459703
0.0199352
0.0475376
0.0145528
0.0494686
0.00898597
0.0519433
0.00356413
0.0530648
0.0388242
0.041089
0.0456814
-0.0456306
0.0364021
0.0470685
0.0319393
0.0480116
0.0274518
0.0491708
0.022795
0.050627
0.0179545
0.0523781
0.0129417
0.0544814
0.00779159
0.0570935
0.0029382
0.0579182
0.0417624
0.037766
-0.043501
0.0333394
0.0290278
0.024651
0.020222
0.0157191
0.0111001
0.00640965
0.00220742
0.0710694
-0.000358723
0.0713726
-0.000303167
0.0716218
-0.000249218
0.0718158
-0.000194014
0.0719519
-0.000136057
0.072024
-7.21678e-05
0.072021
3.08251e-06
0.071954
6.69688e-05
0.0718131
0.00014092
0.0715892
0.000223885
0.0712755
0.000313713
0.0708601
0.000415342
0.070336
0.000524101
0.069685
0.000651
0.0689021
0.000782899
0.0679568
0.000945372
0.0668546
0.00110216
0.065536
0.00131864
0.0640435
0.00149244
0.00180991
0.0710454
-0.000693392
0.0713249
-0.000582702
0.0715503
-0.00047458
0.07172
-0.000363759
0.0718314
-0.000247473
0.0718783
-0.000119083
0.0718566
2.47888e-05
0.0717676
0.000155966
0.0716047
0.000303825
0.0713591
0.000469485
0.0710241
0.000648739
0.0705876
0.000851818
0.0700427
0.00106903
0.0693707
0.00132303
0.0685667
0.00158687
0.067599
0.00191308
0.0664734
0.00222775
0.0651273
0.00266478
0.0636035
0.00301622
0.00366425
0.0709975
-0.000980235
0.0712299
-0.000815107
0.0714082
-0.000652818
0.0715306
-0.000486213
0.0715934
-0.000310186
0.07159
-0.000115729
0.071528
8.6754e-05
0.0713959
0.000288126
0.0711896
0.000510137
0.0709008
0.000758245
0.0705233
0.00102624
0.0700446
0.00133053
0.069458
0.00165562
0.0687438
0.00203721
0.0678977
0.00243299
0.0668853
0.00292545
0.0657134
0.00339967
0.0643134
0.00406477
0.0627303
0.00459934
0.00560129
0.0709262
-0.00119572
0.071088
-0.000976902
0.0711957
-0.000760539
0.0712486
-0.000539085
0.0712432
-0.000304795
0.071164
-3.65738e-05
0.0710396
0.000211202
0.0708426
0.000485054
0.0705711
0.00078172
0.0702174
0.00111188
0.0697761
0.00146756
0.0692338
0.00187279
0.0685845
0.002305
0.0678066
0.00281511
0.0668967
0.00334282
0.065817
0.00400517
0.0645758
0.00464092
0.0630957
0.00554485
0.0614249
0.00627016
0.00766029
0.070832
-0.001317
0.0709009
-0.00104586
0.0709161
-0.00077574
0.070873
-0.000495924
0.0707668
-0.000198618
0.0706139
0.000116367
0.0703988
0.000426226
0.0701138
0.00077014
0.0697555
0.00113998
0.0693155
0.00155183
0.0687889
0.00199418
0.0681616
0.00250017
0.0674282
0.00303839
0.066565
0.00367827
0.0655699
0.00433796
0.0643996
0.00517546
0.0630655
0.00597498
0.0614798
0.00713059
0.059697
0.00805289
0.00987403
0.0707152
-0.00132146
0.0706691
-0.000999813
0.0705709
-0.000677487
0.0704162
-0.000341287
0.0701914
2.62376e-05
0.0699353
0.000372383
0.0696094
0.000752202
0.0692141
0.00116544
0.0687474
0.00160665
0.0681999
0.00209936
0.0675671
0.002627
0.0668335
0.00323377
0.0659952
0.00387664
0.0650259
0.00464761
0.0639254
0.00543843
0.0626446
0.00645629
0.0611963
0.00742326
0.0594787
0.00884817
0.0575519
0.00997972
0.0122672
0.0705768
-0.00118757
0.0703952
-0.000818227
0.0701616
-0.000443874
0.0698587
-3.84075e-05
0.0695331
0.000351904
0.0691356
0.000769804
0.0686777
0.00121011
0.0681525
0.00169065
0.0675571
0.00220212
0.0668809
0.00277554
0.0661213
0.00338656
0.0652608
0.00409428
0.0642977
0.00483978
0.0632009
0.00574432
0.0619745
0.0066649
0.0605611
0.0078697
0.058985
0.00899929
0.057123
0.0107102
0.055042
0.0120607
0.014927
0.0704187
-0.000895584
0.0700815
-0.000480972
0.0696856
-4.80307e-05
0.0692578
0.000389405
0.0687688
0.000840881
0.0682192
0.00131941
0.06761
0.00181936
0.0669335
0.00236709
0.0661889
0.00294676
0.0653631
0.00360131
0.0644572
0.00429251
0.0634495
0.00510197
0.0623452
0.00594406
0.0611048
0.00698478
0.0597428
0.00802687
0.0581785
0.00943399
0.0564494
0.0107284
0.0543997
0.0127599
0.0521596
0.0143008
0.0176905
0.0702427
-0.000427554
0.0697311
3.06013e-05
0.0691831
0.000499921
0.068579
0.00099354
0.0679191
0.00150077
0.0671987
0.00203988
0.0664191
0.00259892
0.0655704
0.00321579
0.0646547
0.00386245
0.0636555
0.00460051
0.0625789
0.00536911
0.0613987
0.0062822
0.0601283
0.0072144
0.0587241
0.00838904
0.0572135
0.00953748
0.055517
0.0111304
0.0536792
0.0125662
0.0514662
0.014973
0.0489077
0.0168592
0.0209676
0.0700504
0.000232722
0.0693652
0.000715836
0.0686305
0.00123459
0.0678391
0.00178491
0.066994
0.00234589
0.0660862
0.0029477
0.0651202
0.00356488
0.0640794
0.00425661
0.062974
0.00496787
0.0617739
0.00580066
0.0605035
0.00663944
0.059108
0.00767773
0.0576445
0.00867792
0.056008
0.0100255
0.05433
0.0112155
0.0524011
0.0130593
0.0505381
0.0144292
0.048318
0.0171931
0.0464279
0.0187493
0.0238945
0.0646296
0.000247781
0.0645894
0.00075602
0.0645509
0.00127305
0.0645087
0.00182719
0.064465
0.00238959
0.064411
0.00300166
0.0643585
0.00361744
0.0642941
0.00432099
0.0642445
0.00501743
0.0641808
0.00586441
0.0641574
0.00666281
0.0641109
0.00772418
0.0641564
0.00863243
0.0641558
0.0100262
0.0643498
0.0110215
0.0644447
0.0129645
0.064923
0.0139508
0.0652878
0.0168283
0.0667427
0.0172943
0.0206169
0.0700203
0.0646382
0.000254252
0.0646203
0.000773867
0.0646011
0.00129229
0.0645818
0.00184648
0.0645668
0.00240455
0.06455
0.00301851
0.0645412
0.0036262
0.0645315
0.00433071
0.0645422
0.00500673
0.0645553
0.00585129
0.0646103
0.00660784
0.0646731
0.00766137
0.0648131
0.00849246
0.0649771
0.00986216
0.0652714
0.0107271
0.0656607
0.0125752
0.0662684
0.0133432
0.0673095
0.0157872
0.0685243
0.0160796
0.0190713
0.0700699
0.0646437
0.000255194
0.064641
0.000776588
0.0646403
0.00129297
0.0646441
0.00184271
0.0646565
0.00239211
0.0646759
0.00299915
0.0647081
0.003594
0.0647515
0.00428727
0.0648172
0.004941
0.0649043
0.0057642
0.0650281
0.00648407
0.0651935
0.00749601
0.065414
0.00827192
0.0657236
0.0095526
0.0661089
0.0103418
0.0667054
0.0119787
0.0673826
0.0126659
0.0684802
0.0146896
0.0694278
0.015132
0.0175636
0.0709355
0.0646475
0.000252369
0.0646561
0.000767944
0.0646719
0.00127723
0.0646975
0.00181705
0.0647356
0.00235403
0.0647886
0.00294619
0.0648582
0.0035244
0.0649499
0.00419554
0.0650652
0.00482566
0.0652174
0.00561199
0.0654027
0.00629881
0.0656528
0.00724592
0.0659459
0.00797878
0.0663592
0.00913937
0.066822
0.00987888
0.0675034
0.0112973
0.0682073
0.0119621
0.0692361
0.0136608
0.070212
0.0141561
0.0161056
0.07167
0.0646504
0.000246638
0.0646682
0.000750102
0.0646982
0.00124723
0.0647436
0.00177167
0.0648052
0.00229246
0.064888
0.00286332
0.0649913
0.00342115
0.0651247
0.00406209
0.0652844
0.00466602
0.0654904
0.00540596
0.0657302
0.00605901
0.0660445
0.00693159
0.0664005
0.00762286
0.0668775
0.00866229
0.0673993
0.0093571
0.0681054
0.0105912
0.0688419
0.0112256
0.069831
0.0126718
0.0708491
0.013138
0.0147701
0.0721846
0.0646528
0.000238457
0.0646784
0.000724553
0.0647208
0.00120485
0.0647833
0.00170908
0.064866
0.00220984
0.0649748
0.00275448
0.0651079
0.00328804
0.0652765
0.00389355
0.0654749
0.0044676
0.065724
0.00515678
0.0660104
0.00577264
0.0663718
0.00657023
0.0667781
0.00721656
0.067294
0.00814639
0.0678594
0.00879164
0.0685763
0.00987437
0.0693432
0.0104587
0.0703083
0.0117067
0.0713241
0.0121221
0.0135348
0.0725594
0.064655
0.000228145
0.064687
0.00069249
0.0647401
0.00115177
0.0648175
0.00163173
0.0649186
0.00210868
0.0650497
0.00262343
0.0652088
0.00312894
0.0654065
0.00369585
0.0656379
0.00423618
0.0659214
0.00487331
0.0662458
0.00544819
0.0666419
0.00617417
0.0670867
0.00677177
0.0676287
0.00760439
0.0682256
0.00819467
0.0689503
0.0091497
0.0697338
0.00967521
0.0706763
0.0107642
0.071669
0.0111294
0.0123674
0.0728365
0.0646568
0.000215984
0.0646944
0.000654922
0.0647567
0.00108949
0.0648466
0.00154181
0.0649637
0.00199152
0.0651136
0.00247356
0.0652948
0.00294769
0.0655166
0.00347404
0.0657754
0.00397744
0.0660861
0.00456256
0.0664407
0.00509363
0.066863
0.00575187
0.0673363
0.00629843
0.0678973
0.00704343
0.0685152
0.00757674
0.0692441
0.00842084
0.0700312
0.00888812
0.0709518
0.00984355
0.0719183
0.0101629
0.0112499
0.0730357
0.0646584
0.000202236
0.0647006
0.000612715
0.0647707
0.0010194
0.0648712
0.00144129
0.0650019
0.0018608
0.0651676
0.00230791
0.0653673
0.00274794
0.0656089
0.00323245
0.0658898
0.00369656
0.0662223
0.00423011
0.0666002
0.00471573
0.0670425
0.0053095
0.0675365
0.00580445
0.068111
0.00646896
0.0687413
0.00694638
0.0694704
0.00769172
0.0702538
0.00810476
0.0711541
0.00894327
0.0720956
0.00922139
0.010174
0.0731716
0.0646597
0.000187149
0.0647058
0.000566614
0.0647825
0.00094276
0.0648919
0.00133189
0.0650339
0.00171875
0.0652127
0.00212915
0.0654277
0.00253298
0.0656854
0.00297474
0.0659839
0.00339802
0.0663335
0.00388048
0.0667292
0.00432005
0.0671868
0.00485195
0.0676952
0.005296
0.0682787
0.00588552
0.0689154
0.00630968
0.0696418
0.00696525
0.0704181
0.00732852
0.0712995
0.0080618
0.0722177
0.00830326
0.00913469
0.073257
0.0646609
0.000170946
0.0647102
0.000517271
0.0647923
0.000860672
0.064909
0.00121513
0.0650604
0.00156736
0.06525
0.0019396
0.0654773
0.00230569
0.065748
0.00270401
0.0660604
0.00308557
0.0664235
0.00351743
0.0668326
0.00391099
0.0673013
0.00438321
0.0678196
0.00477775
0.0684084
0.0052967
0.0690475
0.00567055
0.0697694
0.00624331
0.070537
0.00656092
0.0714008
0.00719804
0.072297
0.00740709
0.00812797
0.0733037
0.0646618
0.000153825
0.0647138
0.000465254
0.0648003
0.000774116
0.0649232
0.00109232
0.0650821
0.00140837
0.0652804
0.0017413
0.0655176
0.00206852
0.0657987
0.00242291
0.066122
0.00276227
0.0664954
0.00314405
0.0669144
0.00349202
0.0673911
0.00390647
0.0679158
0.00425308
0.0685073
0.00470516
0.0691464
0.00503147
0.0698626
0.00552707
0.070621
0.00580254
0.0714681
0.006351
0.072344
0.00653113
0.00715025
0.0733217
0.0646625
0.000135959
0.0647167
0.000411059
0.0648069
0.000683934
0.0649346
0.000964609
0.0650997
0.00124326
0.065305
0.00153597
0.0655501
0.00182351
0.0658393
0.00213367
0.066171
0.00243059
0.0665522
0.00276286
0.0669784
0.00306581
0.0674606
0.00342424
0.0679893
0.0037244
0.0685816
0.00411283
0.0692191
0.00439394
0.069929
0.00481717
0.0706782
0.00505338
0.0715097
0.00551953
0.0723674
0.00567337
0.00619822
0.0733195
0.0646631
0.000117494
0.0647191
0.000355114
0.0648121
0.000590845
0.0649438
0.000832978
0.0651138
0.00107328
0.0653246
0.0013251
0.0655758
0.00157236
0.0658713
0.00183814
0.0662094
0.00209254
0.0665963
0.0023759
0.0670278
0.0026344
0.0675136
0.0029384
0.0680446
0.00319341
0.0686364
0.00352098
0.0692716
0.00375882
0.0699749
0.00411382
0.0707153
0.00431298
0.0715326
0.00470227
0.0723743
0.00483168
0.00526876
0.0733037
0.0646636
9.85547e-05
0.0647209
0.000297787
0.0648163
0.000495462
0.064951
0.000698264
0.0651248
0.00089948
0.06534
0.0011099
0.0655959
0.00131646
0.0658962
0.00153781
0.0662391
0.00174971
0.0666302
0.00198474
0.0670653
0.00219932
0.0675534
0.00245032
0.0680855
0.00266127
0.0686761
0.00293041
0.0693084
0.00312651
0.0700054
0.0034168
0.0707378
0.00358057
0.0715425
0.00389763
0.0723702
0.00400389
0.00435884
0.0732802
0.064664
7.92485e-05
0.0647224
0.000239394
0.0648195
0.000398303
0.0649566
0.000561179
0.0651333
0.00072275
0.0653518
0.000891421
0.0656113
0.00105697
0.0659152
0.00123393
0.0662615
0.00140335
0.0666557
0.00159062
0.0670933
0.00176173
0.0675826
0.00196097
0.0681152
0.00212873
0.0687041
0.0023415
0.0693335
0.00249705
0.0700247
0.0027256
0.0707501
0.00285517
0.0715439
0.00310383
0.07236
0.00318779
0.00346539
0.0732535
0.0646642
5.9665e-05
0.0647234
0.000180203
0.0648219
0.000299815
0.0649608
0.000422327
0.0651397
0.000543836
0.0653606
0.000670515
0.0656227
0.000794829
0.0659292
0.000927462
0.0662781
0.00105446
0.0666742
0.00119446
0.0671135
0.00132247
0.0676035
0.00147098
0.068136
0.00159621
0.0687232
0.00175431
0.06935
0.0018702
0.0700362
0.00203943
0.0707556
0.00213572
0.0715404
0.00231904
0.0723471
0.00238109
0.00258516
0.0732274
0.0646644
3.98733e-05
0.0647242
0.000120445
0.0648236
0.000200386
0.0649637
0.000282229
0.0651442
0.000363378
0.0653668
0.000447904
0.0656308
0.000530842
0.065939
0.000619222
0.0662896
0.000703844
0.0666871
0.000796973
0.0671275
0.000882138
0.0676177
0.00098072
0.06815
0.00106392
0.0687357
0.00116864
0.0693604
0.00124551
0.0700425
0.00135732
0.0707572
0.00142103
0.0715347
0.00154158
0.072334
0.0015818
0.00171478
0.0732043
0.0646646
1.99214e-05
0.0647247
6.02981e-05
0.0648248
0.000100366
0.0649657
0.000141341
0.0651471
0.00018193
0.0653708
0.00022421
0.065636
0.000265682
0.0659453
0.000309879
0.066297
0.000352158
0.0666953
0.000398692
0.0671362
0.000441184
0.0676265
0.000490402
0.0681586
0.000531844
0.0687432
0.000584093
0.0693664
0.000622291
0.0700456
0.000678069
0.0707571
0.000709569
0.071529
0.000769644
0.0723222
0.000788567
0.000852029
0.073185
0.0646646
0.0647249
0.0648252
0.0649666
0.0651485
0.0653727
0.0656384
0.0659483
0.0663004
0.0666991
0.0671403
0.0676307
0.0681626
0.0687467
0.0693689
0.070047
0.0707566
0.0715262
0.0723148
0.0731668
0.0682227
-0.0330356
0.0675661
-0.0301872
0.0672694
-0.0257707
0.0669644
-0.0204189
0.0668527
-0.0149982
0.0670597
-0.00939169
0.0676289
-0.00348754
0.068508
0.00313893
0.0695981
0.0102038
0.0172411
0.0694585
-0.0324243
0.0682772
-0.0290059
0.0676358
-0.0251293
0.0672527
-0.0200357
0.0669908
-0.0147363
0.066986
-0.00938689
0.0672937
-0.00379529
0.0680035
0.00242919
0.06904
0.00916727
0.015867
0.0701118
-0.0316006
0.0688438
-0.027738
0.0678584
-0.0241439
0.0673114
-0.0194888
0.0670008
-0.0144256
0.066851
-0.00923713
0.0670524
-0.00399669
0.0676448
0.00183679
0.0686017
0.00821043
0.0146086
0.0705219
-0.0304525
0.0692349
-0.026451
0.0680742
-0.0229832
0.0673262
-0.0187408
0.0669445
-0.0140439
0.0667228
-0.00901544
0.0668283
-0.00410217
0.0673005
0.00136453
0.0681747
0.00733623
0.0133947
0.070787
-0.0290549
0.0694669
-0.0251309
0.0682316
-0.0217479
0.0673361
-0.0178453
0.0668389
-0.0135467
0.0665758
-0.00875229
0.0665918
-0.00411822
0.0669988
0.000957523
0.0677567
0.00657836
0.0121963
0.0709813
-0.0274769
0.0696062
-0.0237557
0.0683257
-0.0204674
0.0673391
-0.0168587
0.0667119
-0.0129195
0.0664092
-0.00844962
0.0663489
-0.00405787
0.0667097
0.000596737
0.0673699
0.00591818
0.0110528
0.0711266
-0.025767
0.0696812
-0.0223103
0.0683648
-0.019151
0.0673188
-0.0158127
0.0665862
-0.012187
0.0662265
-0.00808992
0.0661127
-0.0039441
0.0664192
0.000290301
0.0670259
0.00531148
0.0100096
0.0712298
-0.023961
0.0697108
-0.0207912
0.0683631
-0.0178034
0.0672708
-0.0147204
0.0664691
-0.0113853
0.0660412
-0.00766196
0.0658903
-0.0037932
0.0661298
5.08178e-05
0.0667104
0.00473089
0.0090658
0.0712951
-0.0220846
0.0697088
-0.0192049
0.0683315
-0.0164261
0.0672
-0.0135889
0.0663538
-0.0105391
0.0658636
-0.00717177
0.0656959
-0.00362544
0.0658388
-9.21502e-05
0.0664109
0.00415879
0.0081888
0.0713281
-0.0201557
0.0696858
-0.0175626
0.0682793
-0.0150196
0.0671157
-0.0124253
0.0662381
-0.00966153
0.0656953
-0.00662895
0.0654969
-0.00342706
0.065582
-0.000177277
0.0661234
0.00361739
0.00734387
0.0713357
-0.0181877
0.0696494
-0.0158763
0.0682149
-0.013585
0.0670257
-0.0112362
0.0661228
-0.00875863
0.0655386
-0.00604468
0.0653012
-0.0031897
0.0653619
-0.000237991
0.0658551
0.00312418
0.00651641
0.0713253
-0.0161913
0.0696057
-0.0141567
0.0681451
-0.0121245
0.066936
-0.0100271
0.0660107
-0.00783333
0.0653968
-0.00543079
0.0651246
-0.0029175
0.0651649
-0.000278223
0.0656135
0.00267549
0.0057076
0.0713033
-0.0141752
0.069559
-0.0124123
0.068076
-0.0106415
0.0668509
-0.00880192
0.0659065
-0.00688897
0.0652709
-0.00479518
0.0649678
-0.00261441
0.0649896
-0.000299962
0.065401
0.00226406
0.00492136
0.0712753
-0.0121468
0.0695133
-0.0106503
0.0680123
-0.00914057
0.0667739
-0.00756351
0.0658141
-0.00592912
0.0651612
-0.00414232
0.0648329
-0.00228605
0.0648364
-0.000303469
0.0652175
0.00188291
0.00415936
0.0712455
-0.0101121
0.0694717
-0.00887653
0.0679574
-0.00762621
0.0667083
-0.00631441
0.0657363
-0.00495709
0.0650692
-0.00347524
0.0647206
-0.0019375
0.0647066
-0.000289428
0.0650628
0.00152669
0.00342098
0.0712176
-0.00807629
0.0694371
-0.00709604
0.0679136
-0.00610272
0.0666564
-0.00505719
0.0656751
-0.00397578
0.0649963
-0.00279644
0.0646315
-0.0015727
0.0646012
-0.000259161
0.0649365
0.00119145
0.00270449
0.0711946
-0.00604353
0.0694118
-0.00531327
0.0678832
-0.00457406
0.0666204
-0.00379435
0.0656321
-0.00298753
0.0649438
-0.00210812
0.064566
-0.00119495
0.064521
-0.000214084
0.0648385
0.000873953
0.00200763
0.0711784
-0.00401764
0.0693979
-0.00353271
0.0678682
-0.0030444
0.0666024
-0.00252852
0.065609
-0.00199412
0.0649123
-0.00141143
0.0645241
-0.000806764
0.0644662
-0.000156178
0.0647686
0.000571521
0.00132773
0.0711689
-0.00200156
0.0693957
-0.0017595
0.0678699
-0.00151856
0.0666044
-0.00126305
0.065608
-0.00099766
0.0649038
-0.000707306
0.0645042
-0.000407092
0.0644367
-8.87424e-05
0.0647259
0.000282367
0.000661227
0.0711653
0.0694058
0.0678872
0.0666241
0.0656265
0.0649192
0.0645121
0.0644233
0.0647057
)
;

boundaryField
{
    bottom
    {
        type            symmetryPlane;
        value           uniform 0;
    }
    right
    {
        type            calculated;
        value           nonuniform List<scalar> 
30
(
0.0673951
0.0679093
0.0688262
0.0699596
0.0711056
0.0720971
0.0728335
0.0732832
0.0734669
0.0734351
0.0669717
0.0667335
0.0664447
0.0661289
0.0658028
0.0654777
0.065161
0.0648574
0.0645702
0.0643017
0.0640535
0.0638272
0.0636236
0.0634438
0.0632884
0.0631581
0.0630533
0.0629744
0.0629216
0.0628951
)
;
    }
    top
    {
        type            symmetryPlane;
        value           uniform 0;
    }
    left
    {
        type            calculated;
        value           nonuniform List<scalar> 
30
(
-0.0707107
-0.0707107
-0.0707107
-0.0707107
-0.0707107
-0.0707107
-0.0707107
-0.0707107
-0.0707107
-0.0707107
-0.0646446
-0.0646446
-0.0646446
-0.0646447
-0.0646446
-0.0646446
-0.0646446
-0.0646446
-0.0646447
-0.0646446
-0.0646446
-0.0646446
-0.0646446
-0.0646446
-0.0646446
-0.0646446
-0.0646447
-0.0646446
-0.0646446
-0.0646446
)
;
    }
    cylinder
    {
        type            calculated;
        value           uniform 0;
    }
    defaultFaces
    {
        type            empty;
        value           nonuniform 0();
    }
}


// ************************************************************************* //
