/*--------------------------------*- C++ -*----------------------------------*\
| =========                 |                                                 |
| \\      /  F ield         | OpenFOAM: The Open Source CFD Toolbox           |
|  \\    /   O peration     | Version:  4.1                                   |
|   \\  /    A nd           | Web:      www.OpenFOAM.org                      |
|    \\/     M anipulation  |                                                 |
\*---------------------------------------------------------------------------*/
FoamFile
{
    version     2.0;
    format      ascii;
    class       volVectorField;
    location    "9.8";
    object      U;
}
// * * * * * * * * * * * * * * * * * * * * * * * * * * * * * * * * * * * * * //

dimensions      [0 1 -1 0 0 0 0];

internalField   nonuniform List<vector> 
2000
(
(-0.0410103 0.0342264 8.14739e-21)
(-0.0302658 0.0464969 0)
(0.0602174 0.0396912 8.39206e-21)
(0.218375 0.0271078 2.70355e-21)
(0.429234 0.017337 -4.96203e-21)
(0.669227 0.0134784 -4.62726e-21)
(0.914527 0.0167858 1.28848e-21)
(1.13701 0.021219 0)
(1.35325 0.0339383 -6.78654e-22)
(1.48586 0.0390739 0)
(-0.0380598 0.0281506 -3.89372e-21)
(0.007962 0.0268712 2.56947e-21)
(0.159096 0.0150269 -1.22667e-20)
(0.390897 0.00559901 -1.27391e-20)
(0.667951 0.00506072 -9.42311e-22)
(0.949119 0.0127735 1.23464e-21)
(1.20232 0.0254084 -2.10951e-21)
(1.41172 0.0369799 -1.03409e-21)
(1.57664 0.0506018 6.7861e-22)
(1.67352 0.04879 4.15154e-22)
(-0.0283342 0.0200093 5.55997e-21)
(0.0707212 0.0055052 -5.20786e-21)
(0.30043 -0.00546558 6.31378e-21)
(0.609207 -0.00412566 -1.5652e-21)
(0.932174 0.00913319 3.46739e-21)
(1.2179 0.0279184 2.47942e-21)
(1.4426 0.0460042 1.68059e-21)
(1.60431 0.0588966 1.03405e-21)
(1.71239 0.0672541 1.03162e-22)
(1.78622 0.065549 5.61102e-22)
(-0.00913234 0.0100207 -6.70015e-22)
(0.163306 -0.014801 -6.70512e-21)
(0.482694 -0.015984 0)
(0.852048 0.00231964 4.55832e-21)
(1.18357 0.0287713 -5.94317e-21)
(1.43635 0.0532729 0)
(1.60861 0.0706612 0)
(1.71714 0.0792446 0)
(1.78705 0.0829309 -1.03167e-22)
(1.82751 0.0779182 -1.76394e-21)
(0.0224239 -0.000889456 2.00427e-20)
(0.288145 -0.028949 6.09777e-23)
(0.692976 -0.0109216 6.64905e-21)
(1.08821 0.0250517 3.12641e-21)
(1.39055 0.0588751 3.38856e-21)
(1.58944 0.0823701 2.0454e-21)
(1.70853 0.0945833 0)
(1.77865 0.0981494 7.20589e-23)
(1.82262 0.096995 3.2115e-21)
(1.85692 0.089532 -4.92837e-21)
(0.0686992 -0.0105878 -3.42412e-20)
(0.441792 -0.0302922 1.87438e-21)
(0.908395 0.0119906 -1.32229e-20)
(1.29102 0.0603127 1.10739e-20)
(1.54194 0.0942825 -9.23155e-21)
(1.68601 0.112234 3.44006e-21)
(1.76431 0.118208 0)
(1.80968 0.116871 -7.20651e-23)
(1.84305 0.11183 -6.21537e-22)
(1.87295 0.10384 -7.49427e-21)
(0.130496 -0.0160628 0)
(0.612899 -0.01376 0)
(1.10578 0.0508685 -7.5654e-21)
(1.4485 0.103753 7.04269e-21)
(1.64301 0.132438 -2.91447e-21)
(1.74152 0.142871 2.73628e-21)
(1.79171 0.142494 -2.47157e-22)
(1.82372 0.136708 2.33622e-22)
(1.85161 0.128569 3.7935e-21)
(1.88074 0.119576 -1.80713e-21)
(0.206419 -0.0139902 8.5953e-21)
(0.784806 0.0219675 0)
(1.27061 0.102096 -3.31943e-21)
(1.56081 0.152438 1.27168e-20)
(1.70381 0.172485 -6.38632e-21)
(1.76801 0.174596 0)
(1.80068 0.168131 0)
(1.82571 0.158189 0)
(1.85206 0.147239 5.6853e-21)
(1.88131 0.137335 -5.4043e-21)
(0.292181 -0.00165393 -4.47351e-21)
(0.941478 0.0745414 -2.958e-22)
(1.39748 0.162141 -4.86752e-21)
(1.63313 0.204493 1.41058e-21)
(1.73342 0.213941 1.3333e-21)
(1.77365 0.207587 8.14265e-22)
(1.79609 0.19529 0)
(1.81818 0.181353 8.27278e-22)
(1.84411 0.167855 5.10892e-21)
(1.87338 0.1562 -3.83867e-21)
(0.38119 0.0222999 0)
(1.07206 0.139787 -3.56459e-21)
(1.48618 0.227809 0)
(1.67151 0.258523 -9.68105e-22)
(1.7387 0.256377 -8.86211e-22)
(1.76314 0.241661 -1.0019e-22)
(1.78018 0.22369 0)
(1.80131 0.205777 -8.27366e-22)
(1.82755 0.189629 -1.07034e-21)
(1.85727 0.175618 -1.52447e-21)
(-0.00874522 0.00847903 0)
(-0.0354151 0.0159342 1.94948e-22)
(-0.0737405 0.0187356 0)
(-0.111421 0.0195262 1.24487e-22)
(-0.146172 0.0195025 8.79693e-25)
(-0.177977 0.0192697 2.54794e-23)
(-0.20717 0.0191376 -2.39954e-23)
(-0.23426 0.0192598 9.80402e-23)
(-0.259935 0.0197467 -1.80757e-23)
(-0.285145 0.0206965 1.47181e-22)
(-0.0102172 0.0243558 6.93838e-22)
(-0.0363854 0.0460936 -4.09714e-22)
(-0.0718571 0.0544421 1.91674e-22)
(-0.105824 0.0567958 -8.61204e-23)
(-0.136304 0.0566171 -4.73395e-23)
(-0.163249 0.0557002 1.27931e-24)
(-0.186929 0.0549903 0)
(-0.207732 0.0549938 -9.77106e-23)
(-0.226158 0.0560797 -1.36433e-22)
(-0.24357 0.0585681 0)
(-0.0129112 0.0372185 -4.63008e-22)
(-0.0383543 0.0714513 0)
(-0.0687404 0.0850664 -3.92623e-22)
(-0.0959943 0.0889033 2.13167e-22)
(-0.118705 0.088311 -1.45147e-23)
(-0.13686 0.0861598 0)
(-0.150677 0.0840323 0)
(-0.160392 0.0828875 0)
(-0.166068 0.0834761 1.45977e-21)
(-0.169395 0.086485 -1.38734e-21)
(-0.0163699 0.0458797 0)
(-0.0413044 0.089808 8.09606e-23)
(-0.0653948 0.107973 -3.32456e-23)
(-0.0839788 0.113077 -3.88794e-23)
(-0.0965277 0.11178 3.0837e-22)
(-0.103227 0.107778 -1.16833e-21)
(-0.104323 0.10318 -2.8975e-22)
(-0.100057 0.0993972 1.05652e-21)
(-0.0899482 0.0977371 1.49803e-21)
(-0.0743707 0.0999723 -2.15382e-21)
(-0.0201514 0.0501626 -6.13184e-23)
(-0.0451268 0.100176 -5.3126e-22)
(-0.0626565 0.12155 -8.43449e-23)
(-0.0715116 0.127413 1.20903e-22)
(-0.0722936 0.125135 4.44067e-22)
(-0.0655775 0.118912 -1.30725e-21)
(-0.0517026 0.111121 0)
(-0.0311177 0.103301 -6.02551e-22)
(-0.00322043 0.0972964 6.32312e-22)
(0.0353121 0.0972359 -3.48347e-21)
(-0.0240092 0.0507665 -2.35409e-22)
(-0.0495604 0.102792 9.14537e-22)
(-0.0606505 0.125302 3.6763e-22)
(-0.0589265 0.130926 6.81483e-22)
(-0.0461292 0.127282 4.29136e-22)
(-0.0232952 0.118802 4.87398e-22)
(0.00911088 0.107906 0)
(0.0504527 0.095955 6.02507e-22)
(0.100164 0.084547 1.63805e-21)
(0.1709 0.0802296 -7.6736e-22)
(-0.0279588 0.048915 3.54944e-23)
(-0.0540646 0.0988937 9.10545e-22)
(-0.0581639 0.119823 0)
(-0.0439775 0.123603 -9.20548e-22)
(-0.014 0.117896 1.09099e-21)
(0.030429 0.107226 0)
(0.0887631 0.0941081 0)
(0.160355 0.0800988 0)
(0.237779 0.06434 -9.64041e-22)
(0.358993 0.0562875 -2.78969e-21)
(-0.0320975 0.0458662 -1.38029e-21)
(-0.0574754 0.0901736 1.29295e-21)
(-0.0519481 0.106573 2.13681e-21)
(-0.0205436 0.106611 2.64626e-22)
(0.0340241 0.0979943 1.19195e-21)
(0.110063 0.0853071 9.66663e-22)
(0.206108 0.0712454 8.41018e-22)
(0.321382 0.058726 7.4481e-22)
(0.43333 0.0420128 9.63917e-22)
(0.621534 0.0358814 -3.704e-22)
(-0.0362652 0.0424275 -6.47139e-21)
(-0.0574411 0.0781239 -1.16847e-21)
(-0.0360194 0.0875166 -4.32759e-21)
(0.022051 0.0824006 -1.55702e-21)
(0.113763 0.0707535 2.15867e-22)
(0.235592 0.0572336 -8.19844e-22)
(0.382332 0.0445661 8.86653e-22)
(0.548664 0.0365661 -7.44708e-22)
(0.702198 0.0244621 7.82175e-22)
(0.942124 0.0274579 -1.61743e-21)
(-0.0397161 0.0387227 4.62283e-21)
(-0.0500904 0.0635492 0)
(-0.0018602 0.0646153 2.74876e-21)
(0.0974937 0.0544679 2.54419e-23)
(0.242304 0.0415628 4.03039e-22)
(0.422591 0.0303845 1.05702e-21)
(0.625585 0.0237112 -2.86137e-21)
(0.832475 0.0215491 0)
(1.03107 0.0208918 -7.82046e-22)
(1.25707 0.0330074 0)
(-0.310421 0.0218952 0)
(-0.337488 0.0217405 -2.95852e-22)
(-0.364059 0.021345 6.48805e-22)
(-0.39026 0.0208336 -3.04339e-22)
(-0.415963 0.0201609 0)
(-0.440942 0.0192859 5.22904e-22)
(-0.464932 0.0181732 -5.25495e-22)
(-0.487623 0.0167939 0)
(-0.50866 0.0151288 0)
(-0.527654 0.0131659 8.82218e-23)
(-0.544177 0.0109008 0)
(-0.557752 0.008343 0)
(-0.567855 0.00550816 0)
(-0.574053 0.00241667 0)
(-0.576218 -0.000852234 -1.47505e-22)
(-0.574288 -0.00407768 1.4827e-22)
(-0.567727 -0.00710159 0)
(-0.555526 -0.00984153 -2.83583e-23)
(-0.538917 -0.0123226 2.85075e-23)
(-0.526751 -0.0142426 0)
(-0.262216 0.0618715 0)
(-0.285752 0.0616129 7.49834e-23)
(-0.308564 0.0606312 0)
(-0.331099 0.0593396 1.66744e-21)
(-0.353389 0.0576167 -1.60511e-21)
(-0.375249 0.0553445 1.34239e-22)
(-0.396471 0.0524166 -1.20582e-21)
(-0.416808 0.04874 2.68361e-21)
(-0.435983 0.0442437 -2.5359e-21)
(-0.453694 0.0388825 1.5032e-21)
(-0.469594 0.0326387 1.50826e-21)
(-0.483287 0.0255164 -2.83278e-21)
(-0.494336 0.0175428 1.52376e-21)
(-0.502289 0.00878529 8.94251e-22)
(-0.506791 -0.000545665 -7.05133e-22)
(-0.507685 -0.00996498 1.60062e-22)
(-0.504506 -0.0189261 1.32912e-22)
(-0.496236 -0.0270706 1.34361e-22)
(-0.483485 -0.0342879 -1.35012e-22)
(-0.473428 -0.0397339 1.6536e-23)
(-0.177086 0.0913741 -6.72589e-23)
(-0.193865 0.0913439 -7.51157e-23)
(-0.20983 0.0902687 -9.46607e-23)
(-0.225563 0.0887453 0)
(-0.241407 0.0866232 -2.3319e-21)
(-0.257231 0.0837374 1.81892e-21)
(-0.272891 0.0799266 0)
(-0.288238 0.0750408 -3.36795e-22)
(-0.303098 0.0689523 -1.75829e-22)
(-0.317288 0.0615631 2.76863e-21)
(-0.330626 0.0528145 9.35692e-23)
(-0.342903 0.0426864 -3.68723e-21)
(-0.353846 0.0311856 -2.1596e-22)
(-0.363077 0.0183743 -1.91236e-22)
(-0.370149 0.00443608 -1.99521e-22)
(-0.374863 -0.0102164 4.61719e-22)
(-0.376667 -0.0246227 -4.1285e-22)
(-0.374647 -0.0380134 -4.96406e-22)
(-0.368489 -0.0497361 -1.12236e-22)
(-0.362432 -0.0582629 2.36539e-24)
(-0.0696203 0.105699 -2.37169e-21)
(-0.0779044 0.106614 -4.28403e-22)
(-0.0852162 0.10607 -3.72733e-22)
(-0.0922672 0.104835 3.36193e-21)
(-0.0997002 0.102937 3.856e-22)
(-0.107469 0.100183 1.42001e-22)
(-0.115469 0.0963618 -5.10524e-21)
(-0.123609 0.0912996 2.66125e-21)
(-0.131806 0.0848496 2.96967e-21)
(-0.139983 0.0768802 -3.58075e-21)
(-0.148062 0.067286 -1.19582e-22)
(-0.156001 0.05601 4.1684e-21)
(-0.163764 0.0430417 2.14166e-22)
(-0.171256 0.028404 2.15905e-21)
(-0.178302 0.0121897 -1.51388e-21)
(-0.184585 -0.00535048 -1.39695e-21)
(-0.189679 -0.0234646 1.21305e-21)
(-0.193075 -0.0411604 0)
(-0.193822 -0.0571018 2.40136e-22)
(-0.192559 -0.0686982 2.34633e-23)
(0.0525685 0.103931 3.57076e-21)
(0.0535878 0.106633 -2.74092e-21)
(0.0540562 0.107003 2.91074e-21)
(0.0555278 0.106373 0)
(0.0568419 0.10511 -2.59655e-22)
(0.0576162 0.102999 -5.0126e-21)
(0.0579156 0.0997369 -8.67323e-22)
(0.0578467 0.095131 -5.13324e-22)
(0.05745 0.0890571 6.09238e-21)
(0.0567224 0.0813961 4.16075e-22)
(0.0556487 0.0720336 0)
(0.0541922 0.0608817 -4.50273e-22)
(0.0522636 0.0479144 0)
(0.0497845 0.0331682 -4.47253e-22)
(0.0467294 0.0167775 0)
(0.0432332 -0.00100233 0)
(0.0391317 -0.0199326 3.33012e-22)
(0.0346874 -0.0393559 -4.53571e-22)
(0.0302529 -0.0579613 4.09397e-22)
(0.0276189 -0.0727852 -1.23963e-22)
(0.197547 0.0891658 0)
(0.206314 0.0940184 -1.66031e-22)
(0.211855 0.0952987 -6.56688e-21)
(0.219344 0.0952834 6.35254e-21)
(0.22763 0.0947874 -2.48885e-22)
(0.235569 0.0935159 0)
(0.243018 0.0910273 -5.51902e-21)
(0.25015 0.0871233 1.1222e-20)
(0.257011 0.0817222 -6.45177e-21)
(0.263529 0.0747272 -4.21172e-22)
(0.269607 0.0660354 -4.45841e-22)
(0.275134 0.0555722 -4.63235e-22)
(0.279952 0.043307 0)
(0.283955 0.0292923 3.20153e-21)
(0.286988 0.0137286 -7.56911e-21)
(0.288984 -0.00309467 3.45055e-21)
(0.289341 -0.0209254 -3.59611e-22)
(0.288473 -0.0394603 -2.84561e-22)
(0.285462 -0.0575437 1.27591e-22)
(0.283169 -0.0746142 -1.28039e-22)
(0.388702 0.0680892 2.37423e-21)
(0.400596 0.0747078 0)
(0.40691 0.0762226 -1.74536e-22)
(0.416139 0.0763992 4.1476e-22)
(0.427633 0.0764618 4.83891e-22)
(0.439448 0.0757948 2.72016e-22)
(0.451136 0.0738173 3.08387e-22)
(0.462917 0.0704127 -5.53601e-21)
(0.474832 0.0655642 6.64458e-21)
(0.48672 0.0591749 7.65061e-21)
(0.498392 0.051145 -6.37134e-21)
(0.509667 0.041423 9.05732e-22)
(0.520307 0.0299985 -3.69373e-21)
(0.53023 0.0169128 5.40505e-22)
(0.539177 0.00249753 4.47323e-21)
(0.546909 -0.0130579 4.00545e-22)
(0.552397 -0.029259 -5.63522e-22)
(0.556828 -0.0460944 6.12029e-22)
(0.557768 -0.0612884 1.10399e-21)
(0.559407 -0.078471 6.44792e-23)
(0.645297 0.0498449 0)
(0.65455 0.0566292 -5.1412e-21)
(0.657625 0.0567405 5.29385e-21)
(0.664565 0.0562304 -2.01018e-22)
(0.675113 0.0562337 -4.52643e-22)
(0.686826 0.0554266 -2.71777e-22)
(0.699094 0.053238 -5.96278e-22)
(0.712137 0.0497731 0)
(0.725908 0.0450509 -3.7384e-22)
(0.740132 0.0389116 -4.0256e-22)
(0.754534 0.0312567 -4.07905e-22)
(0.768844 0.0220558 -8.66266e-22)
(0.782724 0.0113637 0)
(0.796295 -0.000742962 0)
(0.808907 -0.0139314 -4.258e-22)
(0.820344 -0.028424 -3.65569e-21)
(0.829156 -0.0428558 2.53695e-21)
(0.837559 -0.0580819 -2.54966e-22)
(0.841492 -0.0701164 -5.76557e-22)
(0.84712 -0.0856725 1.66882e-22)
(0.95499 0.0428043 1.7117e-21)
(0.958723 0.0466481 0)
(0.958659 0.0437296 0)
(0.963174 0.0421205 -6.16198e-21)
(0.971307 0.0411891 -9.22669e-22)
(0.980769 0.0390075 1.55727e-20)
(0.991224 0.0355006 -8.01884e-21)
(1.00284 0.0310347 0)
(1.01541 0.0256107 0)
(1.02864 0.0190308 0)
(1.04226 0.0112063 2.15806e-22)
(1.05601 0.00211514 6.11683e-22)
(1.06969 -0.00804026 6.59564e-21)
(1.08317 -0.019424 -6.35507e-21)
(1.09533 -0.0316422 3.0015e-21)
(1.10666 -0.0450343 -2.61437e-21)
(1.11572 -0.0575382 0)
(1.12433 -0.0710748 1.3257e-22)
(1.1287 -0.0805102 1.61513e-22)
(1.13433 -0.0934761 0)
(1.27483 0.0415067 -5.16788e-23)
(1.28147 0.0372334 -4.40329e-21)
(1.28509 0.033038 4.35754e-21)
(1.29036 0.0319776 0)
(1.29605 0.0307731 6.4948e-21)
(1.30174 0.0282322 -1.38446e-20)
(1.30807 0.0246785 7.34107e-21)
(1.31528 0.0202297 0)
(1.32328 0.014735 5.09294e-21)
(1.33182 0.00798553 -1.05069e-20)
(1.34082 0.000143439 5.59467e-21)
(1.35002 -0.00895254 -1.90836e-22)
(1.35939 -0.0189967 0)
(1.36827 -0.0303425 -5.91109e-21)
(1.37651 -0.0420454 8.3334e-21)
(1.38379 -0.0546218 -2.64229e-21)
(1.38981 -0.0658561 -1.9402e-21)
(1.39426 -0.0781851 1.33358e-21)
(1.39701 -0.0860755 6.93067e-22)
(1.39787 -0.0968245 0)
(1.61607 0.0442399 0)
(1.60117 0.038212 0)
(1.59168 0.0341621 0)
(1.58489 0.0309 0)
(1.57997 0.0272911 0)
(1.5769 0.0231925 0)
(1.57582 0.01863 0)
(1.57632 0.0134538 0)
(1.5782 0.00762318 0)
(1.58101 0.000895824 0)
(1.58473 -0.00667491 0)
(1.58849 -0.0152131 0)
(1.59274 -0.0243469 0)
(1.59629 -0.0345249 0)
(1.60002 -0.0445698 0)
(1.60197 -0.0556357 0)
(1.60424 -0.0651918 0)
(1.60324 -0.0761874 0)
(1.60382 -0.0828553 0)
(1.59875 -0.0927607 0)
(1.75628 0.0500188 0)
(1.75476 0.0466349 0)
(1.75389 0.0429521 0)
(1.75288 0.0383902 0)
(1.75199 0.03319 0)
(1.75155 0.0275741 0)
(1.75189 0.0216209 0)
(1.75272 0.0151894 0)
(1.75418 0.00826915 0)
(1.75554 0.000668469 0)
(1.75734 -0.00744486 0)
(1.75864 -0.0163238 0)
(1.76037 -0.0254343 0)
(1.76068 -0.0353645 0)
(1.76157 -0.0448417 0)
(1.75976 -0.0552325 0)
(1.75943 -0.0638553 0)
(1.75445 -0.0738263 0)
(1.75331 -0.0795827 0)
(1.7442 -0.0882494 0)
(1.8468 0.0510387 0)
(1.84963 0.0464762 0)
(1.85161 0.0420535 0)
(1.85322 0.037007 0)
(1.85509 0.0314904 0)
(1.8572 0.0256406 0)
(1.85972 0.0195229 0)
(1.86211 0.0129886 0)
(1.86462 0.00604729 0)
(1.8666 -0.00151428 0)
(1.86876 -0.00929519 0)
(1.86972 -0.0177492 0)
(1.87096 -0.026233 0)
(1.87024 -0.0354463 0)
(1.8703 -0.044012 0)
(1.86707 -0.0534196 0)
(1.86592 -0.0609379 0)
(1.85943 -0.0697789 0)
(1.85788 -0.0745969 0)
(1.84742 -0.0822293 0)
(1.91058 0.0502615 0)
(1.91567 0.0444254 0)
(1.91898 0.0390805 0)
(1.92163 0.0336626 0)
(1.9246 0.0280646 0)
(1.9278 0.0222345 0)
(1.93133 0.0162266 0)
(1.93451 0.00986723 0)
(1.93771 0.0032746 0)
(1.94012 -0.00378173 0)
(1.94257 -0.0110487 0)
(1.9436 -0.0189009 0)
(1.94491 -0.0266111 0)
(1.94405 -0.0349582 0)
(1.94408 -0.0425251 0)
(1.94067 -0.0508872 0)
(1.93957 -0.0573415 0)
(1.93307 -0.0651403 0)
(1.93169 -0.0691594 0)
(1.92155 -0.076028 0)
(1.96188 0.0477165 0)
(1.96813 0.0412336 0)
(1.9724 0.035367 0)
(1.97569 0.029776 0)
(1.97913 0.0242232 0)
(1.9827 0.0185167 0)
(1.98653 0.0126927 0)
(1.98994 0.00659057 0)
(1.99331 0.000359699 0)
(1.99578 -0.00626171 0)
(1.99826 -0.0129559 0)
(1.99931 -0.020124 0)
(2.00066 -0.02703 0)
(1.99986 -0.0344873 0)
(2 -0.0411043 0)
(1.99684 -0.0484747 0)
(1.99596 -0.0540045 0)
(1.99003 -0.0608707 0)
(1.98891 -0.0642615 0)
(1.97978 -0.0704376 0)
(2.01087 0.0438225 0)
(2.01754 0.0372578 0)
(2.02232 0.0312576 0)
(2.02589 0.0256438 0)
(2.02939 0.0201973 0)
(2.03289 0.0146753 0)
(2.03662 0.00909502 0)
(2.03988 0.00329558 0)
(2.04309 -0.00254538 0)
(2.04537 -0.00869491 0)
(2.04767 -0.0147992 0)
(2.04859 -0.021281 0)
(2.04985 -0.0274317 0)
(2.04906 -0.0340606 0)
(2.04923 -0.0398417 0)
(2.04632 -0.0463267 0)
(2.04562 -0.0510843 0)
(2.04027 -0.0571255 0)
(2.03937 -0.0600126 0)
(2.03126 -0.0655263 0)
(2.06243 0.0393895 0)
(2.06902 0.0330763 0)
(2.07387 0.0271771 0)
(2.07741 0.0216438 0)
(2.08071 0.0163444 0)
(2.08387 0.0110446 0)
(2.08722 0.00574503 0)
(2.09009 0.000289763 0)
(2.09293 -0.00514612 0)
(2.09483 -0.0108093 0)
(2.0968 -0.0163527 0)
(2.09743 -0.0221999 0)
(2.09845 -0.0276794 0)
(2.09751 -0.0335717 0)
(2.09759 -0.0386367 0)
(2.09478 -0.0443473 0)
(2.09413 -0.0484603 0)
(2.08917 -0.053774 0)
(2.0884 -0.0562461 0)
(2.08101 -0.0611416 0)
(2.11745 0.034981 0)
(2.12363 0.0290384 0)
(2.12827 0.0233621 0)
(2.13159 0.0179963 0)
(2.13455 0.012893 0)
(2.13726 0.00784767 0)
(2.14011 0.00285599 0)
(2.14246 -0.00223731 0)
(2.1448 -0.00726797 0)
(2.14622 -0.0124654 0)
(2.14773 -0.0174975 0)
(2.14795 -0.0227716 0)
(2.14861 -0.0276592 0)
(2.1474 -0.0328998 0)
(2.14726 -0.0373489 0)
(2.14436 -0.0423816 0)
(2.14366 -0.0459512 0)
(2.13883 -0.0506234 0)
(2.1381 -0.0527508 0)
(2.13108 -0.0570781 0)
(2.17494 0.0307927 0)
(2.18054 0.0252547 0)
(2.18482 0.0198846 0)
(2.18783 0.0147699 0)
(2.19042 0.00991997 0)
(2.19263 0.0051634 0)
(2.19494 0.000499991 0)
(2.19673 -0.00422486 0)
(2.19852 -0.00885541 0)
(2.19939 -0.0136082 0)
(2.20041 -0.0181677 0)
(2.20012 -0.0229174 0)
(2.20038 -0.0272752 0)
(2.19877 -0.0319339 0)
(2.19835 -0.0358466 0)
(2.19521 -0.0402822 0)
(2.19436 -0.0433884 0)
(2.18944 -0.0474937 0)
(2.18868 -0.0493315 0)
(2.1817 -0.0531401 0)
(2.23338 0.0268737 0)
(2.23834 0.0217714 0)
(2.24219 0.016776 0)
(2.24485 0.0119844 0)
(2.24705 0.00744151 0)
(2.24877 0.00300609 0)
(2.25055 -0.00130993 0)
(2.25175 -0.00565767 0)
(2.25299 -0.00989111 0)
(2.25329 -0.0142127 0)
(2.25379 -0.0183254 0)
(2.25298 -0.0225873 0)
(2.25279 -0.0264635 0)
(2.25073 -0.0305964 0)
(2.24998 -0.0340354 0)
(2.24647 -0.0379399 0)
(2.24542 -0.0406447 0)
(2.24024 -0.044245 0)
(2.2394 -0.0458348 0)
(2.23223 -0.0491709 0)
(2.29123 0.0232751 0)
(2.29555 0.0186416 0)
(2.29894 0.0140684 0)
(2.30121 0.00965212 0)
(2.30301 0.00545823 0)
(2.30425 0.00137192 0)
(2.30551 -0.00257797 0)
(2.30614 -0.00653855 0)
(2.30685 -0.0103739 0)
(2.30657 -0.0142721 0)
(2.30657 -0.0179565 0)
(2.30521 -0.021759 0)
(2.30458 -0.0251909 0)
(2.30201 -0.0288426 0)
(2.30091 -0.0318557 0)
(2.29696 -0.0352815 0)
(2.29568 -0.0376317 0)
(2.29011 -0.0407779 0)
(2.28916 -0.0421509 0)
(2.28164 -0.0450577 0)
(2.3469 0.0200487 0)
(2.3506 0.0159037 0)
(2.35352 0.0117803 0)
(2.35539 0.00777376 0)
(2.35679 0.00396106 0)
(2.35757 0.000253135 0)
(2.35835 -0.00331481 0)
(2.35843 -0.00688053 0)
(2.35862 -0.0103161 0)
(2.35779 -0.0137963 0)
(2.3573 -0.017066 0)
(2.3554 -0.020431 0)
(2.35434 -0.0234467 0)
(2.35126 -0.0266518 0)
(2.34981 -0.0292754 0)
(2.34538 -0.0322642 0)
(2.34386 -0.0342955 0)
(2.33784 -0.0370303 0)
(2.33677 -0.0382101 0)
(2.3288 -0.0407283 0)
(2.39868 0.0172068 0)
(2.40179 0.0135577 0)
(2.40425 0.00990086 0)
(2.40573 0.00632859 0)
(2.40678 0.0029242 0)
(2.40713 -0.000380748 0)
(2.40747 -0.00355336 0)
(2.40705 -0.00671561 0)
(2.40677 -0.0097483 0)
(2.40542 -0.0128139 0)
(2.40449 -0.0156789 0)
(2.40209 -0.0186229 0)
(2.40063 -0.0212435 0)
(2.39706 -0.0240296 0)
(2.39528 -0.0262917 0)
(2.39039 -0.0288778 0)
(2.38864 -0.0306179 0)
(2.38217 -0.0329782 0)
(2.38099 -0.0339835 0)
(2.37255 -0.0361515 0)
(2.44469 0.0147201 0)
(2.44727 0.0115688 0)
(2.44933 0.0083902 0)
(2.45047 0.00527117 0)
(2.45121 0.00229644 0)
(2.45121 -0.000590118 0)
(2.45117 -0.00335323 0)
(2.45033 -0.00610274 0)
(2.44967 -0.0087298 0)
(2.44789 -0.0113835 0)
(2.44659 -0.0138515 0)
(2.44376 -0.0163876 0)
(2.44198 -0.0186302 0)
(2.438 -0.0210195 0)
(2.43596 -0.0229428 0)
(2.43067 -0.0251547 0)
(2.42873 -0.0266258 0)
(2.42188 -0.0286432 0)
(2.4206 -0.029489 0)
(2.41177 -0.0313415 0)
(2.48305 0.0125271 0)
(2.48521 0.00987114 0)
(2.48696 0.00717684 0)
(2.48786 0.00452329 0)
(2.48839 0.00199205 0)
(2.48814 -0.000464065 0)
(2.48786 -0.00280947 0)
(2.48673 -0.00514188 0)
(2.4858 -0.00736301 0)
(2.48372 -0.00960794 0)
(2.48218 -0.0116861 0)
(2.47906 -0.0138252 0)
(2.47706 -0.0157041 0)
(2.47281 -0.0177146 0)
(2.47059 -0.0193178 0)
(2.46505 -0.021178 0)
(2.46299 -0.0223985 0)
(2.45591 -0.024098 0)
(2.45456 -0.0247964 0)
(2.4455 -0.0263615 0)
(2.51232 0.010519 0)
(2.51423 0.00835079 0)
(2.51582 0.0061412 0)
(2.51663 0.00395882 0)
(2.5171 0.00187816 0)
(2.51677 -0.000142857 0)
(2.5164 -0.00206666 0)
(2.51515 -0.00398093 0)
(2.51411 -0.00579863 0)
(2.51191 -0.0076385 0)
(2.51029 -0.00933411 0)
(2.50705 -0.0110848 0)
(2.50499 -0.0126121 0)
(2.50063 -0.0142565 0)
(2.49838 -0.0155546 0)
(2.49276 -0.0170782 0)
(2.49068 -0.0180626 0)
(2.48353 -0.01946 0)
(2.48219 -0.020021 0)
(2.4731 -0.0213155 0)
(2.53226 0.00851534 0)
(2.5341 0.0068262 0)
(2.53572 0.00510126 0)
(2.5366 0.0033958 0)
(2.53718 0.00177262 0)
(2.53693 0.000193801 0)
(2.53665 -0.0013064 0)
(2.53545 -0.00280155 0)
(2.53449 -0.00421791 0)
(2.53233 -0.00565455 0)
(2.53079 -0.00697291 0)
(2.52761 -0.00833944 0)
(2.52563 -0.00952369 0)
(2.52134 -0.010808 0)
(2.51917 -0.0118116 0)
(2.51363 -0.0130047 0)
(2.51164 -0.0137635 0)
(2.50461 -0.0148634 0)
(2.50333 -0.0152943 0)
(2.4944 -0.0163211 0)
(2.54418 0.00632803 0)
(2.54611 0.00511 0)
(2.54789 0.00387012 0)
(2.54896 0.0026493 0)
(2.54976 0.00149067 0)
(2.54971 0.000366428 0)
(2.54962 -0.000703612 0)
(2.54859 -0.00177435 0)
(2.54781 -0.00278642 0)
(2.54582 -0.00381637 0)
(2.54445 -0.00475749 0)
(2.54144 -0.00573816 0)
(2.53964 -0.00658208 0)
(2.53553 -0.00750529 0)
(2.53352 -0.00821896 0)
(2.52817 -0.00907946 0)
(2.52632 -0.00961773 0)
(2.51951 -0.0104153 0)
(2.51832 -0.0107198 0)
(2.50967 -0.0114698 0)
(2.5504 0.00399237 0)
(2.55247 0.00322008 0)
(2.55443 0.00244964 0)
(2.55571 0.00170237 0)
(2.55673 0.00100235 0)
(2.55689 0.000325353 0)
(2.55699 -0.000316793 0)
(2.55615 -0.000960469 0)
(2.55556 -0.00156538 0)
(2.55376 -0.00218506 0)
(2.55257 -0.00274737 0)
(2.54975 -0.0033389 0)
(2.54812 -0.00384206 0)
(2.5442 -0.00440057 0)
(2.54236 -0.00482479 0)
(2.53721 -0.00534768 0)
(2.53549 -0.00566623 0)
(2.52891 -0.0061534 0)
(2.5278 -0.0063323 0)
(2.51943 -0.00679189 0)
(2.55295 0.00155515 0)
(2.55511 0.00124407 0)
(2.5572 0.000947865 0)
(2.55863 0.000669571 0)
(2.55978 0.00041688 0)
(2.56006 0.000174956 0)
(2.56029 -5.08559e-05 0)
(2.55957 -0.000273886 0)
(2.55908 -0.000480548 0)
(2.5574 -0.000692414 0)
(2.55632 -0.000882564 0)
(2.55362 -0.00108375 0)
(2.55209 -0.00125242 0)
(2.54829 -0.00144198 0)
(2.54654 -0.0015831 0)
(2.54152 -0.00176073 0)
(2.53988 -0.00186585 0)
(2.53344 -0.00203165 0)
(2.53238 -0.00209008 0)
(2.52417 -0.00224628 0)
(1.8896 0.158714 1.48957e-21)
(1.9052 0.145399 0)
(1.91232 0.13191 -2.03544e-22)
(1.91329 0.118451 -5.96746e-21)
(1.90507 0.105386 6.77342e-21)
(1.89452 0.0937313 0)
(1.87234 0.0817178 2.53043e-21)
(1.84025 0.0746211 0)
(1.81529 0.0605933 -4.48044e-22)
(1.63796 0.0483575 2.05592e-23)
(1.92776 0.144919 -1.81282e-21)
(1.94173 0.133908 3.13206e-22)
(1.94785 0.122348 -3.13841e-22)
(1.94764 0.112202 -1.2502e-21)
(1.94185 0.100768 -5.45823e-21)
(1.92619 0.0929553 -2.7462e-22)
(1.92166 0.0820619 0)
(1.87033 0.076563 -3.29542e-21)
(1.89895 0.0694806 0)
(1.75863 0.0550452 8.20013e-22)
(1.97196 0.131025 3.77261e-21)
(1.98221 0.121956 0)
(1.98966 0.111442 -2.84274e-22)
(1.98351 0.103422 -8.97274e-22)
(1.98517 0.0933575 5.7401e-21)
(1.9569 0.0870081 0)
(1.96973 0.079154 7.8094e-21)
(1.90423 0.0717608 3.45263e-21)
(1.94114 0.0691691 0)
(1.84356 0.0576891 -8.11621e-22)
(2.01997 0.118617 -1.7282e-21)
(2.02543 0.110774 6.78964e-21)
(2.03651 0.101634 0)
(2.023 0.0944053 8.67199e-21)
(2.03216 0.0864005 4.14078e-22)
(1.99452 0.0793104 -7.36359e-22)
(2.01258 0.0743319 -7.40292e-21)
(1.94929 0.0656354 -2.38887e-22)
(1.97232 0.0636846 -5.42063e-21)
(1.90414 0.0571345 0)
(2.06984 0.107494 0)
(2.07129 0.100317 -6.63328e-21)
(2.08529 0.0929693 -7.1699e-21)
(2.06757 0.085783 9.39984e-22)
(2.07935 0.0799049 -5.86861e-22)
(2.04099 0.0721938 -3.84651e-22)
(2.0538 0.0685619 -1.12324e-20)
(2.0011 0.0610237 -5.25709e-22)
(2.00974 0.0578131 -1.40137e-21)
(1.95438 0.0545478 4.49236e-21)
(2.12005 0.0973545 2.28947e-21)
(2.11968 0.0906173 4.49649e-22)
(2.13397 0.0848364 -1.25576e-21)
(2.11649 0.0778294 3.82532e-22)
(2.12623 0.0732316 -9.88283e-21)
(2.0929 0.0661564 0)
(2.09823 0.0624833 1.22453e-20)
(2.05468 0.057112 -3.5401e-22)
(2.05575 0.0525111 1.54862e-20)
(2.00339 0.0505308 -1.05142e-20)
(2.16981 0.0879339 -2.30074e-21)
(2.16955 0.0817692 -4.16407e-21)
(2.1822 0.0769381 6.8709e-21)
(2.16745 0.0706376 -1.17659e-20)
(2.17389 0.0664046 -1.50345e-21)
(2.14621 0.0607006 -8.99209e-21)
(2.14704 0.0564428 4.04273e-22)
(2.10832 0.0526622 -7.27509e-22)
(2.10728 0.0473475 -8.1441e-21)
(2.05529 0.0457293 6.00688e-21)
(2.21875 0.0791002 0)
(2.21938 0.073711 9.02876e-21)
(2.23013 0.0693279 -9.34374e-22)
(2.21826 0.0640397 6.3212e-21)
(2.22267 0.0597665 -7.35959e-22)
(2.19887 0.0553248 1.8195e-20)
(2.19858 0.0506637 -7.76388e-21)
(2.16226 0.0476675 0)
(2.16168 0.0423718 0)
(2.11085 0.040828 0)
(2.26641 0.0708404 0)
(2.26781 0.0662764 -8.35396e-21)
(2.2774 0.0621529 -5.21207e-22)
(2.26763 0.0578151 6.6336e-21)
(2.27166 0.053554 1.14711e-20)
(2.25031 0.049947 -1.03327e-20)
(2.25078 0.0453197 9.36586e-21)
(2.21663 0.0426779 -4.93757e-22)
(2.21717 0.0377811 0)
(2.16901 0.0361754 5.15406e-21)
(2.31198 0.0631423 3.05758e-22)
(2.31384 0.0593053 4.77e-21)
(2.32306 0.0554732 7.26179e-21)
(2.31479 0.0518575 -3.62578e-22)
(2.31941 0.0478236 8.33483e-22)
(2.3002 0.0447196 -1.17087e-20)
(2.30199 0.0404445 1.07648e-20)
(2.27072 0.0379855 -5.33248e-22)
(2.27229 0.0335507 0)
(2.22815 0.0318206 -1.08525e-20)
(2.35449 0.0559495 0)
(2.35669 0.0526972 4.8032e-21)
(2.36594 0.0492506 2.53602e-22)
(2.35908 0.0461556 0)
(2.36457 0.0425218 0)
(2.34781 0.0397528 1.04085e-20)
(2.35085 0.0359484 -8.92001e-21)
(2.3233 0.0336018 -4.92606e-22)
(2.32566 0.0296035 2.78007e-22)
(2.28667 0.0277677 5.8982e-21)
(2.39299 0.0491821 0)
(2.3956 0.0464017 -9.17708e-21)
(2.40491 0.0434082 -9.69333e-21)
(2.39967 0.0407159 1.42502e-21)
(2.40591 0.0375611 -9.04507e-22)
(2.39208 0.035059 -7.01991e-22)
(2.39611 0.0317394 1.3021e-21)
(2.37296 0.0294978 8.08919e-21)
(2.37591 0.0259394 7.41338e-22)
(2.34297 0.02406 -2.20291e-22)
(2.42658 0.0427739 0)
(2.42974 0.040397 4.95348e-21)
(2.43898 0.0378786 -5.31553e-22)
(2.43558 0.0355335 5.27163e-22)
(2.44232 0.0328698 0)
(2.43178 0.0306182 0)
(2.43651 0.0277757 0)
(2.41824 0.025676 -9.17268e-21)
(2.42162 0.0225768 8.38924e-21)
(2.39533 0.0207274 0)
(2.4544 0.0366862 0)
(2.45824 0.0346761 3.18325e-21)
(2.46721 0.0326179 4.03059e-21)
(2.46582 0.0305986 5.11563e-21)
(2.47275 0.0284053 -9.61366e-22)
(2.46568 0.0264157 5.75198e-21)
(2.4708 0.0240373 -4.98889e-21)
(2.45764 0.0221317 0)
(2.46125 0.0194945 6.56171e-22)
(2.44185 0.0177513 -7.77139e-21)
(2.47566 0.0308832 -7.22377e-22)
(2.4803 0.0292203 -2.58682e-21)
(2.48885 0.0275839 -5.2121e-21)
(2.48949 0.0258877 -3.60162e-21)
(2.49634 0.024127 0)
(2.49268 0.0224254 -7.29308e-21)
(2.4979 0.020484 7.17881e-21)
(2.48971 0.0188248 -6.73352e-22)
(2.49335 0.0166327 -4.16439e-21)
(2.48061 0.0150739 1.13618e-20)
(2.49003 0.0252801 7.26085e-22)
(2.49552 0.0239567 -2.02863e-21)
(2.50362 0.0226942 1.776e-21)
(2.50617 0.0213304 -4.31177e-21)
(2.51277 0.0199558 0)
(2.5122 0.0185726 0)
(2.51728 0.017029 7.06622e-22)
(2.51351 0.0156648 -6.59376e-21)
(2.51704 0.0138906 -3.87475e-21)
(2.51014 0.0125912 -3.86896e-21)
(2.49824 0.0197323 0)
(2.50458 0.0187505 3.31506e-21)
(2.51229 0.0178219 -1.1912e-21)
(2.51644 0.0168015 3.85781e-21)
(2.52274 0.01577 1.02085e-21)
(2.52463 0.0147257 -8.19038e-22)
(2.5295 0.0135397 1.52165e-21)
(2.52915 0.0125014 4.5583e-21)
(2.53257 0.0111173 0)
(2.53013 0.0101264 0)
(2.50231 0.014137 0)
(2.5093 0.0135005 1.36161e-21)
(2.51671 0.0128859 -2.44631e-21)
(2.52197 0.0122112 0)
(2.52801 0.0114965 -1.97713e-21)
(2.53155 0.0107859 -8.31466e-22)
(2.53622 0.00992987 -2.28767e-21)
(2.53814 0.00920619 -6.41704e-22)
(2.5415 0.00818912 3.42817e-22)
(2.54195 0.00749288 2.71101e-22)
(2.50444 0.00849954 0)
(2.51174 0.00819932 -1.36814e-21)
(2.51889 0.00790482 -1.21384e-21)
(2.52475 0.00757746 1.64812e-21)
(2.53056 0.00718963 9.36344e-22)
(2.535 0.00680309 8.84145e-22)
(2.53953 0.00628406 3.83128e-21)
(2.54266 0.00584856 -2.73385e-21)
(2.54603 0.00519309 6.26753e-22)
(2.54803 0.00474125 0)
(2.50556 0.00269452 0)
(2.51293 0.00271548 6.64853e-22)
(2.51991 0.00273438 -6.3094e-22)
(2.52597 0.00273119 5.90986e-22)
(2.53164 0.00268177 0)
(2.53642 0.00261132 -8.88542e-22)
(2.54088 0.0024648 7.4732e-22)
(2.54448 0.00232232 6.4517e-22)
(2.54785 0.00207573 0)
(2.55048 0.00187266 0)
(1.24276 0.282007 0)
(1.19104 0.308446 -5.74176e-20)
(1.15011 0.343303 0)
(1.11686 0.387861 -1.90457e-19)
(1.08757 0.441492 7.28755e-20)
(1.0602 0.506254 2.59712e-21)
(1.03267 0.5836 6.06754e-20)
(0.9869 0.663196 -8.89732e-21)
(0.853065 0.682878 0)
(0.486212 0.427828 5.78323e-20)
(1.32908 0.284527 1.04317e-19)
(1.2796 0.318293 5.74158e-20)
(1.24114 0.352005 -5.40363e-20)
(1.2096 0.395088 6.4146e-20)
(1.18279 0.448348 -5.33154e-20)
(1.15993 0.512758 8.85118e-21)
(1.13856 0.589066 -6.32271e-20)
(1.09755 0.665637 -1.23121e-19)
(0.956554 0.679127 -3.26836e-20)
(0.544184 0.416761 -8.42422e-20)
(1.41086 0.282521 -4.5742e-20)
(1.3669 0.318643 4.72798e-20)
(1.33141 0.351784 5.40341e-20)
(1.30103 0.39396 5.51545e-20)
(1.27617 0.446541 5.59499e-20)
(1.25749 0.509737 5.60556e-20)
(1.24166 0.583492 1.04372e-20)
(1.20377 0.654503 5.15122e-20)
(1.05282 0.659383 1.7192e-20)
(0.593416 0.393325 -1.83521e-20)
(1.49112 0.277861 9.13763e-20)
(1.45144 0.314063 -4.72774e-20)
(1.41825 0.346047 0)
(1.38901 0.386592 0)
(1.36608 0.437302 0)
(1.35112 0.497909 3.95791e-20)
(1.33967 0.567413 -3.20476e-20)
(1.30232 0.630311 0)
(1.13756 0.624179 9.91943e-21)
(0.629584 0.358215 -1.90749e-20)
(1.56745 0.270128 -1.63915e-20)
(1.53064 0.30499 6.07587e-20)
(1.49927 0.335482 0)
(1.47145 0.37385 0)
(1.45059 0.421593 1.62733e-20)
(1.43888 0.478285 1.47316e-20)
(1.43026 0.541953 2.19961e-20)
(1.39013 0.593933 8.13427e-21)
(1.20601 0.575071 5.51047e-21)
(0.649568 0.314274 -5.29054e-21)
(1.63684 0.259602 4.8388e-20)
(1.60241 0.291832 1.78886e-20)
(1.57268 0.320422 0)
(1.54651 0.356214 0)
(1.52787 0.40015 -4.24759e-20)
(1.51881 0.451635 1.31783e-20)
(1.51108 0.50784 4.76979e-21)
(1.46373 0.547405 -2.03248e-22)
(1.25315 0.514246 3.87314e-22)
(0.651548 0.263698 4.02045e-21)
(1.69858 0.246331 -2.69346e-20)
(1.66601 0.274929 2.83395e-20)
(1.63754 0.301397 2.46481e-20)
(1.61299 0.334255 -2.6076e-20)
(1.5963 0.373724 -9.51825e-21)
(1.58894 0.419001 1.01376e-20)
(1.57933 0.466089 -2.99979e-21)
(1.51895 0.492566 3.22187e-21)
(1.27599 0.444853 0)
(0.634127 0.209127 0)
(1.75162 0.230792 -2.21409e-20)
(1.72073 0.255408 2.32962e-20)
(1.69316 0.279366 0)
(1.66993 0.309081 0)
(1.65483 0.343553 0)
(1.64763 0.381658 1.51404e-21)
(1.63221 0.418514 -2.96981e-21)
(1.55203 0.431033 -3.15872e-21)
(1.27182 0.369554 0)
(0.5965 0.154138 -7.781e-21)
(1.79633 0.213367 -8.87297e-21)
(1.76612 0.23355 7.39424e-21)
(1.73897 0.255472 -1.71611e-21)
(1.71686 0.281528 0)
(1.7027 0.310644 -1.78683e-21)
(1.69329 0.341269 4.12238e-21)
(1.66714 0.367009 0)
(1.5599 0.36484 5.59077e-22)
(1.23767 0.291245 -6.80585e-21)
(0.539442 0.102468 1.1544e-20)
(1.83187 0.194914 0)
(1.8017 0.211743 1.94165e-21)
(1.77498 0.230719 1.71594e-21)
(1.75367 0.25271 0)
(1.73906 0.276291 3.32227e-22)
(1.72432 0.299126 -8.67343e-22)
(1.68139 0.313179 2.26558e-22)
(1.53918 0.296268 1.8477e-21)
(1.17132 0.21338 3.28103e-21)
(0.465927 0.0575848 0)
(0.572089 0.0167154 -1.9927e-20)
(0.548187 0.0191731 2.11767e-20)
(0.519085 0.022068 1.13795e-20)
(0.48368 0.0254357 1.2398e-20)
(0.440402 0.0294212 -1.31647e-20)
(0.38704 0.0342095 -2.16811e-20)
(0.32075 0.0399075 7.80242e-21)
(0.235919 0.0458444 -1.71814e-20)
(0.127881 0.0477228 -1.88472e-20)
(0.0362361 0.0310141 0)
(0.587407 0.0499616 0)
(0.563312 0.0572516 -1.0584e-20)
(0.533839 0.0658825 -1.13416e-20)
(0.49823 0.0759214 0)
(0.455054 0.0877916 2.65566e-20)
(0.402113 0.102055 1.43896e-20)
(0.336551 0.119052 0)
(0.252514 0.136789 -1.66181e-20)
(0.143811 0.142387 -6.78694e-23)
(0.0462227 0.0926348 -1.99222e-20)
(0.617538 0.0826578 7.91438e-20)
(0.59311 0.0945225 -8.32859e-20)
(0.562942 0.108722 0)
(0.526958 0.125238 0)
(0.484008 0.144736 0)
(0.431935 0.168163 -8.51636e-20)
(0.367866 0.196123 1.22462e-19)
(0.285359 0.22538 -3.25943e-20)
(0.175435 0.234667 0)
(0.0661509 0.152815 3.99612e-20)
(0.661473 0.114392 7.81775e-20)
(0.636666 0.130416 -8.22681e-20)
(0.605577 0.149904 -8.89782e-20)
(0.569122 0.172568 -1.35247e-21)
(0.526564 0.199265 1.52755e-19)
(0.475823 0.23134 -5.4758e-20)
(0.414008 0.269682 6.01307e-20)
(0.333807 0.309944 -1.29754e-19)
(0.222212 0.322924 7.03429e-20)
(0.0957099 0.210372 0)
(0.717804 0.144657 -1.9054e-19)
(0.692675 0.16435 4.00284e-20)
(0.66056 0.188835 0)
(0.623646 0.217267 0)
(0.581725 0.250598 5.11344e-20)
(0.532817 0.290591 -1.59034e-19)
(0.474019 0.338462 1.14543e-19)
(0.396927 0.38893 -1.23176e-19)
(0.283303 0.405474 2.21212e-21)
(0.134371 0.264097 -7.00168e-20)
(0.784865 0.172843 2.61443e-19)
(0.759603 0.195453 -1.97768e-19)
(0.72645 0.224384 0)
(0.689116 0.258003 0)
(0.64808 0.297311 4.8869e-20)
(0.601527 0.344468 5.25232e-20)
(0.546537 0.400966 5.09867e-20)
(0.473403 0.460692 6.0898e-20)
(0.357496 0.480534 1.89686e-21)
(0.181324 0.31265 1.3822e-19)
(0.860636 0.198745 -1.48181e-19)
(0.835546 0.22421 -7.46739e-20)
(0.801552 0.257443 0)
(0.764058 0.295594 0)
(0.724274 0.339752 0)
(0.68055 0.392695 -9.78417e-20)
(0.630022 0.456319 9.79788e-20)
(0.561589 0.523823 0)
(0.443164 0.546331 -5.87183e-20)
(0.235403 0.354583 1.2516e-19)
(0.944021 0.21958 -7.12131e-20)
(0.918904 0.246648 7.46743e-20)
(0.883626 0.283521 7.50028e-20)
(0.84608 0.32597 7.93978e-20)
(0.808154 0.374827 8.39432e-20)
(0.768007 0.433094 8.86027e-20)
(0.722674 0.502854 -7.67329e-21)
(0.659591 0.576685 9.73831e-20)
(0.538309 0.601034 -5.30255e-20)
(0.295091 0.388448 5.66004e-20)
(1.03355 0.242041 -1.34482e-19)
(1.00806 0.271319 6.67413e-20)
(0.971202 0.310457 -7.50024e-20)
(0.933826 0.354489 -8.19087e-20)
(0.898014 0.405282 7.51967e-20)
(0.86176 0.466528 -7.22447e-21)
(0.822134 0.540295 -2.65419e-19)
(0.764913 0.618239 -1.80363e-19)
(0.640359 0.642991 5.05753e-20)
(0.358474 0.412845 -4.05224e-20)
(1.1319 0.25095 0)
(1.09864 0.281075 -6.67408e-20)
(1.05958 0.324584 0)
(1.02437 0.372589 6.74544e-20)
(0.991967 0.426512 -2.28061e-19)
(0.96005 0.49062 -1.57597e-19)
(0.926334 0.567238 1.66117e-19)
(0.874982 0.647277 8.69606e-20)
(0.746394 0.670626 0)
(0.423166 0.426338 9.03081e-20)
(0.699116 0.00116201 0)
(0.698627 0.00116149 -1.13589e-21)
(0.697311 0.00118717 1.12994e-21)
(0.695616 0.00126482 0)
(0.693837 0.00139602 -2.28021e-21)
(0.691944 0.00157689 2.26846e-21)
(0.689807 0.00180827 0)
(0.687321 0.00209463 0)
(0.684399 0.00244335 0)
(0.680956 0.00285841 0)
(0.676936 0.00335613 1.14868e-21)
(0.672273 0.00394956 0)
(0.666845 0.00465202 0)
(0.660499 0.00548027 9.32065e-21)
(0.653066 0.00645548 -9.27469e-21)
(0.644359 0.00760401 0)
(0.634156 0.00895604 1.06341e-20)
(0.622199 0.0105581 -1.89311e-20)
(0.608165 0.0124204 9.47212e-21)
(0.591671 0.0148153 9.66183e-21)
(0.710581 0.00337862 2.36755e-21)
(0.710095 0.00339499 4.50665e-21)
(0.708865 0.00351234 -4.48493e-21)
(0.707299 0.00377542 2.25292e-21)
(0.705645 0.0041828 2.2566e-21)
(0.703863 0.00473018 9.07257e-21)
(0.701833 0.00542522 -6.76524e-21)
(0.699457 0.00628229 -1.82176e-20)
(0.696642 0.00732429 3.86659e-20)
(0.693316 0.00856775 -1.81748e-20)
(0.689435 0.0100637 -1.72188e-20)
(0.684923 0.0118485 3.89871e-20)
(0.679656 0.0139592 -3.45209e-20)
(0.673486 0.0164449 1.84007e-20)
(0.666253 0.0193691 2.31722e-21)
(0.657779 0.0228106 3.98024e-20)
(0.647841 0.0268592 -3.8477e-20)
(0.63623 0.0316561 0)
(0.62253 0.0372206 2.36757e-21)
(0.606941 0.0443915 0)
(0.732887 0.00549792 -7.03464e-21)
(0.732511 0.00555091 -6.25102e-24)
(0.731497 0.00579092 8.9423e-21)
(0.730167 0.00626248 -4.4102e-21)
(0.728731 0.0069594 -1.11656e-20)
(0.727154 0.00788347 -2.24344e-21)
(0.725326 0.00905453 -2.24999e-21)
(0.723158 0.0105006 -2.25441e-21)
(0.720554 0.0122585 3.17926e-20)
(0.71747 0.0143349 2.58511e-22)
(0.713874 0.0168218 -4.08367e-20)
(0.709661 0.0197906 -2.28535e-21)
(0.704709 0.0233038 -4.58451e-21)
(0.698888 0.0274406 0)
(0.692052 0.0323034 -4.17965e-20)
(0.684045 0.0380231 3.23802e-20)
(0.674641 0.0447432 0)
(0.663736 0.0527077 -2.34451e-21)
(0.650711 0.0619011 -2.37173e-21)
(0.636903 0.0738121 -2.37247e-21)
(0.765358 0.00759769 2.30643e-21)
(0.765117 0.00768851 6.5739e-21)
(0.764381 0.00803706 0)
(0.763355 0.00870736 -1.98988e-20)
(0.762206 0.00969259 1.76426e-20)
(0.76091 0.0109928 2.00319e-20)
(0.759371 0.0126279 -1.33077e-20)
(0.757507 0.0146388 2.23567e-21)
(0.755175 0.0170532 -2.92815e-20)
(0.752393 0.0200011 -2.48136e-22)
(0.749184 0.0235288 3.3791e-20)
(0.745406 0.0277049 -3.64561e-20)
(0.740921 0.0326238 -3.46144e-20)
(0.735621 0.0384057 7.76056e-20)
(0.729378 0.0451908 2.30635e-21)
(0.72208 0.0531643 6.93533e-21)
(0.713485 0.0625103 -7.4827e-20)
(0.703665 0.0735997 1.67369e-21)
(0.691669 0.0862869 -6.97136e-22)
(0.680443 0.102902 7.78803e-20)
(0.806905 0.00959083 4.53256e-21)
(0.806794 0.00972397 -1.72079e-20)
(0.806359 0.0101778 8.60913e-21)
(0.805675 0.011047 4.33705e-21)
(0.804841 0.0123296 0)
(0.803834 0.014021 0)
(0.802584 0.016143 -4.39735e-21)
(0.800989 0.0187507 0)
(0.799062 0.0218509 -4.44002e-21)
(0.796818 0.0256341 0)
(0.794096 0.0301734 4.48537e-21)
(0.790809 0.0355394 -7.229e-20)
(0.786886 0.0418403 -4.98525e-22)
(0.782248 0.0492354 -5.0728e-21)
(0.776783 0.0578956 7.29572e-20)
(0.770428 0.0680716 -4.61569e-21)
(0.762922 0.079953 4.60557e-21)
(0.754575 0.0940987 -7.47668e-20)
(0.743996 0.110049 7.92964e-20)
(0.736038 0.131342 1.50835e-19)
(0.856257 0.0113565 4.42137e-21)
(0.85624 0.0115547 -4.18724e-21)
(0.856088 0.0121306 -4.22192e-21)
(0.855748 0.0132051 -4.24578e-21)
(0.855232 0.0147858 -3.428e-20)
(0.854524 0.0168608 6.44742e-20)
(0.853587 0.0194568 -3.88076e-20)
(0.85231 0.022603 0)
(0.850764 0.0264871 -4.36909e-21)
(0.848979 0.0311397 -4.39381e-21)
(0.846786 0.036652 -4.41868e-21)
(0.844089 0.0431563 6.70639e-20)
(0.840848 0.0507823 -1.4793e-19)
(0.837016 0.0597337 7.19537e-20)
(0.832515 0.0701844 0)
(0.82734 0.0824877 -4.53979e-21)
(0.821218 0.0967644 -1.56507e-19)
(0.814727 0.1139 1.47342e-19)
(0.806014 0.132785 -4.67278e-21)
(0.801866 0.158761 0)
(0.912107 0.0127227 4.2834e-21)
(0.912119 0.0130344 -1.23008e-20)
(0.912167 0.0137874 4.0301e-21)
(0.912097 0.0151035 2.48353e-20)
(0.911823 0.0169908 4.17415e-21)
(0.911336 0.0194103 -2.5348e-20)
(0.910583 0.0224365 4.06123e-21)
(0.90967 0.0261983 3.40941e-20)
(0.908653 0.0308004 8.60752e-21)
(0.907334 0.0362888 7.39067e-20)
(0.905643 0.0427429 -6.09762e-20)
(0.903552 0.0503406 -6.17748e-20)
(0.901069 0.0592105 7.5165e-20)
(0.898156 0.0696388 4.43927e-21)
(0.8948 0.0817377 4.46411e-21)
(0.891033 0.0960456 9.02941e-21)
(0.886633 0.112437 9.07795e-21)
(0.882366 0.132404 -4.51673e-21)
(0.876032 0.153724 0)
(0.875945 0.184412 1.46029e-19)
(0.9731 0.0135712 -1.24628e-20)
(0.973102 0.014057 -1.9643e-23)
(0.973247 0.015036 -3.99617e-21)
(0.973322 0.0165725 -3.63983e-20)
(0.97313 0.0187273 2.43569e-20)
(0.972728 0.0215902 -4.11534e-21)
(0.972286 0.0251658 0)
(0.97178 0.0295761 0)
(0.971085 0.0348184 -8.44681e-21)
(0.970127 0.041027 -4.24899e-21)
(0.968944 0.0482975 -4.31132e-21)
(0.967494 0.0568835 -4.35014e-21)
(0.965863 0.0668466 0)
(0.963967 0.0786409 -8.8017e-21)
(0.961941 0.0921824 -4.46057e-21)
(0.959744 0.108439 -8.91421e-21)
(0.957381 0.126619 -4.5222e-21)
(0.955673 0.149307 -1.39187e-19)
(0.952364 0.172008 1.44384e-19)
(0.956915 0.207049 0)
(1.03804 0.0138764 0)
(1.03799 0.0145619 3.83138e-21)
(1.03804 0.0159011 1.94039e-21)
(1.03806 0.0178211 0)
(1.03799 0.0203452 3.5716e-20)
(1.03782 0.0236082 -3.19684e-20)
(1.03754 0.027653 6.6928e-20)
(1.03715 0.0325185 -6.53567e-20)
(1.0367 0.0382585 6.20934e-21)
(1.03609 0.0451007 2.11002e-21)
(1.03547 0.0530793 0)
(1.0347 0.0625731 0)
(1.03406 0.073439 0)
(1.03329 0.0864505 1.43174e-19)
(1.03295 0.100965 -2.79508e-19)
(1.03252 0.118892 4.76897e-21)
(1.03264 0.138077 1.41401e-19)
(1.03338 0.164062 0)
(1.03337 0.188254 0)
(1.04312 0.229855 1.40186e-19)
(1.10592 0.0144672 0)
(1.1061 0.0152228 -1.47964e-20)
(1.10621 0.0167156 -1.31752e-20)
(1.10613 0.0189055 3.02612e-20)
(1.10592 0.021747 3.07773e-20)
(1.10566 0.0252723 -9.3429e-20)
(1.10543 0.029545 6.09809e-20)
(1.10518 0.0347344 0)
(1.10507 0.040851 -2.02689e-21)
(1.1049 0.0481771 -6.34506e-20)
(1.10504 0.0565981 1.3238e-19)
(1.10506 0.0666813 -6.68887e-20)
(1.1058 0.0779444 0)
(1.10626 0.0916913 -1.36121e-19)
(1.1083 0.106349 2.7442e-19)
(1.10977 0.125231 -1.38317e-19)
(1.11448 0.143511 0)
(1.11894 0.170869 -1.36688e-19)
(1.12658 0.192201 1.38117e-19)
(1.14515 0.24097 -2.15016e-21)
(1.17612 0.01441 0)
(1.17598 0.0151853 0)
(1.17581 0.0167034 0)
(1.17548 0.018849 0)
(1.17506 0.0215615 0)
(1.17462 0.0249625 0)
(1.17437 0.0291224 0)
(1.17413 0.0342778 0)
(1.17424 0.0403782 0)
(1.17423 0.0478259 0)
(1.17496 0.0563266 0)
(1.1753 0.066796 0)
(1.17735 0.0782302 0)
(1.17817 0.0929586 0)
(1.18314 0.107741 0)
(1.18429 0.129154 0)
(1.19624 0.146579 0)
(1.19652 0.1806 0)
(1.22803 0.194613 0)
(1.22119 0.25884 0)
(1.24864 0.0138522 0)
(1.24874 0.0147891 0)
(1.24867 0.0166259 0)
(1.24824 0.0189773 0)
(1.24779 0.0217265 0)
(1.2474 0.0250729 0)
(1.24738 0.0290983 0)
(1.24738 0.0340959 0)
(1.24795 0.0399382 0)
(1.24829 0.0471226 0)
(1.24982 0.0551582 0)
(1.25055 0.0652069 0)
(1.25402 0.0757838 0)
(1.25507 0.0897913 0)
(1.26266 0.102918 0)
(1.26329 0.122851 0)
(1.28015 0.137275 0)
(1.27748 0.16676 0)
(1.31541 0.177196 0)
(1.29918 0.22013 0)
(1.32478 0.015039 0)
(1.32548 0.0158043 0)
(1.32571 0.0173888 0)
(1.32524 0.0195388 0)
(1.32476 0.0220897 0)
(1.32444 0.025229 0)
(1.32468 0.0290088 0)
(1.32494 0.033753 0)
(1.32599 0.0392629 0)
(1.32665 0.046081 0)
(1.32893 0.0535824 0)
(1.33 0.0630103 0)
(1.33463 0.0726814 0)
(1.33586 0.0855341 0)
(1.34518 0.0971761 0)
(1.34547 0.114681 0)
(1.36441 0.126991 0)
(1.36022 0.150759 0)
(1.39851 0.159828 0)
(1.38002 0.191051 0)
(1.40609 0.0164369 0)
(1.40653 0.0170431 0)
(1.40669 0.0183322 0)
(1.40611 0.0201723 0)
(1.40556 0.0224019 0)
(1.40524 0.0252205 0)
(1.4057 0.0286622 0)
(1.40616 0.0330663 0)
(1.40764 0.0381788 0)
(1.40857 0.0445475 0)
(1.41148 0.051481 0)
(1.41281 0.0602009 0)
(1.41834 0.0690158 0)
(1.41968 0.0806487 0)
(1.43012 0.0910459 0)
(1.43014 0.106301 0)
(1.44998 0.117076 0)
(1.44486 0.13677 0)
(1.4827 0.145028 0)
(1.46303 0.170206 0)
(1.48983 0.0164604 0)
(1.49031 0.017245 0)
(1.49045 0.0187078 0)
(1.4897 0.0204787 0)
(1.48909 0.0224493 0)
(1.4888 0.0249404 0)
(1.48951 0.0280235 0)
(1.49019 0.0320526 0)
(1.49208 0.0367338 0)
(1.49322 0.0425995 0)
(1.49668 0.048935 0)
(1.49818 0.056902 0)
(1.50442 0.064873 0)
(1.50579 0.0753163 0)
(1.51697 0.0845648 0)
(1.51668 0.0978951 0)
(1.53695 0.107327 0)
(1.53114 0.124065 0)
(1.56824 0.131312 0)
(1.54781 0.152363 0)
(1.57461 0.0178554 0)
(1.5757 0.0185812 0)
(1.57603 0.0197531 0)
(1.57513 0.0210692 0)
(1.57451 0.0225243 0)
(1.57435 0.0245322 0)
(1.5754 0.0271739 0)
(1.57633 0.0307764 0)
(1.57862 0.0349932 0)
(1.57995 0.0403207 0)
(1.58387 0.0460421 0)
(1.58547 0.0532481 0)
(1.59223 0.0603954 0)
(1.59354 0.0697197 0)
(1.60519 0.0778976 0)
(1.60458 0.0895691 0)
(1.62492 0.097775 0)
(1.61859 0.112133 0)
(1.65456 0.118337 0)
(1.63397 0.1361 0)
(1.66329 0.0200293 0)
(1.66402 0.0206428 0)
(1.66392 0.021249 0)
(1.66265 0.0217951 0)
(1.66195 0.0225035 0)
(1.6619 0.0239056 0)
(1.66327 0.0260649 0)
(1.66439 0.0292293 0)
(1.66697 0.0329812 0)
(1.66838 0.0377672 0)
(1.67261 0.0428855 0)
(1.67422 0.0493538 0)
(1.6813 0.0557226 0)
(1.68247 0.0640146 0)
(1.6943 0.071217 0)
(1.69339 0.081435 0)
(1.71343 0.0885515 0)
(1.70679 0.1009 0)
(1.74121 0.106205 0)
(1.72106 0.121261 0)
(1.75402 0.021909 0)
(1.75435 0.0226696 0)
(1.75343 0.022885 0)
(1.75155 0.0226048 0)
(1.75076 0.0224387 0)
(1.75087 0.0231629 0)
(1.75254 0.024828 0)
(1.75378 0.0275532 0)
(1.75651 0.0308412 0)
(1.75788 0.0350844 0)
(1.76225 0.0396167 0)
(1.76377 0.0453767 0)
(1.77096 0.0510209 0)
(1.77195 0.0583612 0)
(1.78367 0.0646874 0)
(1.78251 0.0736134 0)
(1.80188 0.0797876 0)
(1.79521 0.0904094 0)
(1.82766 0.0949879 0)
(1.80853 0.107764 0)
(1.8465 0.0233639 0)
(1.84574 0.0244481 0)
(1.84313 0.0244642 0)
(1.84015 0.0233375 0)
(1.8392 0.0222609 0)
(1.8396 0.022348 0)
(1.84163 0.0235769 0)
(1.84296 0.0258862 0)
(1.84575 0.0287172 0)
(1.84702 0.0324197 0)
(1.85141 0.0363878 0)
(1.85283 0.0414701 0)
(1.85995 0.0464437 0)
(1.86079 0.0529021 0)
(1.87216 0.0584442 0)
(1.8709 0.0662096 0)
(1.88927 0.0715741 0)
(1.88291 0.0806918 0)
(1.91296 0.0846788 0)
(1.89549 0.0955011 0)
(1.93377 0.0260366 0)
(1.9325 0.0270041 0)
(1.9282 0.0258156 0)
(1.92421 0.0232369 0)
(1.9236 0.0212647 0)
(1.92484 0.0209654 0)
(1.92753 0.0219724 0)
(1.92913 0.0239887 0)
(1.93203 0.0264446 0)
(1.93334 0.0296719 0)
(1.93777 0.0331478 0)
(1.93922 0.0376208 0)
(1.94621 0.0420006 0)
(1.94706 0.0476597 0)
(1.9579 0.0525098 0)
(1.95683 0.0592395 0)
(1.97391 0.0639056 0)
(1.96833 0.0717114 0)
(1.9956 0.0751967 0)
(1.98048 0.0843479 0)
(2.00994 0.0388078 0)
(2.00868 0.036921 0)
(2.00322 0.030552 0)
(1.99981 0.0241907 0)
(2.00102 0.0205172 0)
(2.00389 0.019612 0)
(2.00751 0.0203129 0)
(2.00953 0.0219851 0)
(2.01263 0.0240548 0)
(2.01414 0.0268278 0)
(2.01867 0.0298586 0)
(2.02035 0.0337805 0)
(2.02719 0.0376313 0)
(2.02833 0.0425713 0)
(2.03856 0.0468076 0)
(2.03802 0.0526218 0)
(2.05367 0.0566742 0)
(2.04936 0.0633474 0)
(2.07361 0.0663848 0)
(2.0615 0.0741282 0)
(2.08553 0.0455949 0)
(2.07697 0.0410466 0)
(2.0678 0.0313787 0)
(2.06604 0.0230157 0)
(2.07016 0.0186458 0)
(2.07498 0.0175797 0)
(2.07942 0.0181726 0)
(2.08178 0.0196104 0)
(2.08503 0.0213771 0)
(2.08689 0.0237683 0)
(2.09157 0.0264173 0)
(2.09371 0.0298487 0)
(2.10045 0.0332221 0)
(2.10215 0.0375144 0)
(2.1118 0.0411949 0)
(2.11218 0.0462036 0)
(2.12638 0.0497031 0)
(2.12379 0.0554078 0)
(2.14501 0.0580289 0)
(2.13636 0.0646031 0)
(2.13698 0.034313 0)
(2.12549 0.0303916 0)
(2.11605 0.0232008 0)
(2.11772 0.0172072 0)
(2.12581 0.0143626 0)
(2.13339 0.0140643 0)
(2.13927 0.0149549 0)
(2.14257 0.0163933 0)
(2.14647 0.0180283 0)
(2.14921 0.0201732 0)
(2.15441 0.0225403 0)
(2.15743 0.025563 0)
(2.1643 0.0285214 0)
(2.16694 0.0322449 0)
(2.17615 0.035434 0)
(2.17779 0.0397441 0)
(2.19068 0.0427553 0)
(2.19008 0.0476368 0)
(2.20852 0.049884 0)
(2.20341 0.0554859 0)
(2.17622 0.0171673 0)
(2.16454 0.0148225 0)
(2.15659 0.0111533 0)
(2.16159 0.00861794 0)
(2.17306 0.00809137 0)
(2.18313 0.00895158 0)
(2.19048 0.0103218 0)
(2.19495 0.0119094 0)
(2.19969 0.0135807 0)
(2.20352 0.015646 0)
(2.20931 0.0178672 0)
(2.21332 0.0205933 0)
(2.22031 0.0232349 0)
(2.22394 0.0264942 0)
(2.23269 0.029293 0)
(2.23559 0.0330182 0)
(2.24718 0.0356418 0)
(2.24849 0.0398213 0)
(2.26434 0.0417842 0)
(2.26241 0.0465452 0)
(2.22581 -0.00324477 0)
(2.21442 -0.00321638 0)
(2.20774 -0.00331837 0)
(2.21446 -0.00244594 0)
(2.22698 -0.000533575 0)
(2.23738 0.0017318 0)
(2.2445 0.00381993 0)
(2.24883 0.00582946 0)
(2.25328 0.00785125 0)
(2.25713 0.0101245 0)
(2.26248 0.0124164 0)
(2.26656 0.0150101 0)
(2.2728 0.0174745 0)
(2.27668 0.020396 0)
(2.28428 0.0229289 0)
(2.28782 0.0261752 0)
(2.2976 0.028527 0)
(2.30025 0.0320864 0)
(2.31324 0.0338792 0)
(2.31388 0.0378512 0)
(2.30416 -0.0302989 0)
(2.29112 -0.0242154 0)
(2.28187 -0.0158117 0)
(2.28573 -0.00858767 0)
(2.29488 -0.00429302 0)
(2.30177 -0.0020379 0)
(2.30551 -0.000461307 0)
(2.30718 0.00141839 0)
(2.3091 0.00360802 0)
(2.31095 0.00598842 0)
(2.31403 0.00824231 0)
(2.31659 0.0106048 0)
(2.32077 0.0128034 0)
(2.32376 0.0153236 0)
(2.32926 0.0175333 0)
(2.33257 0.0202615 0)
(2.33989 0.0223047 0)
(2.34321 0.0252204 0)
(2.35295 0.0268212 0)
(2.35564 0.0299856 0)
(2.38419 -0.07037 0)
(2.36982 -0.0610457 0)
(2.35416 -0.0372806 0)
(2.34736 -0.016028 0)
(2.34628 -0.00505221 0)
(2.34661 -0.0014694 0)
(2.34675 -0.000265979 0)
(2.3463 0.00116382 0)
(2.34606 0.00303994 0)
(2.34599 0.00506976 0)
(2.347 0.00688627 0)
(2.34827 0.00869761 0)
(2.35082 0.0103406 0)
(2.35319 0.0122269 0)
(2.35715 0.0138773 0)
(2.36044 0.0159286 0)
(2.36596 0.0174686 0)
(2.37001 0.0196591 0)
(2.37729 0.0208826 0)
(2.38188 0.0232394 0)
(2.34329 -0.0518689 0)
(2.35408 -0.0481347 0)
(2.35706 -0.0312271 0)
(2.34833 -0.0143278 0)
(2.33995 -0.00469794 0)
(2.33747 -0.00085874 0)
(2.33926 0.000628492 0)
(2.34201 0.00169365 0)
(2.34452 0.00283714 0)
(2.34668 0.00412816 0)
(2.34924 0.00533513 0)
(2.35211 0.0065814 0)
(2.35572 0.00769129 0)
(2.35945 0.00898113 0)
(2.36398 0.0100843 0)
(2.36848 0.0115062 0)
(2.37402 0.012546 0)
(2.37932 0.0140869 0)
(2.38601 0.0149059 0)
(2.39217 0.0165683 0)
(2.34253 0.0316874 0)
(2.35503 0.0270506 0)
(2.3609 0.0111363 0)
(2.35396 -0.00143318 0)
(2.34587 -0.00508868 0)
(2.34316 -0.00373262 0)
(2.3446 -0.0018544 0)
(2.3473 -0.0007939 0)
(2.34996 -0.000196992 0)
(2.35241 0.000494017 0)
(2.35506 0.00133138 0)
(2.35803 0.00232318 0)
(2.36153 0.00321611 0)
(2.36535 0.00418114 0)
(2.36971 0.00498657 0)
(2.37433 0.00597928 0)
(2.3796 0.00671007 0)
(2.38507 0.00774586 0)
(2.39137 0.00831222 0)
(2.39778 0.00938195 0)
(2.41041 0.0362963 0)
(2.39695 0.0319762 0)
(2.38485 0.0156824 0)
(2.38208 0.00179393 0)
(2.38202 -0.00328502 0)
(2.38018 -0.00308402 0)
(2.37732 -0.00193707 0)
(2.37504 -0.00132112 0)
(2.37378 -0.0010881 0)
(2.37332 -0.000847351 0)
(2.37352 -0.000491351 0)
(2.37429 -3.48173e-05 0)
(2.37574 0.000380791 0)
(2.37782 0.000801444 0)
(2.38063 0.00114938 0)
(2.38401 0.00155172 0)
(2.38809 0.00185405 0)
(2.39267 0.0022539 0)
(2.398 0.00248467 0)
(2.40379 0.00287872 0)
(1.30498 0.244593 -1.75873e-21)
(1.38763 0.233308 -1.05066e-19)
(1.46556 0.227824 0)
(1.54163 0.223211 -8.63167e-20)
(1.61506 0.21745 0)
(1.68151 0.210955 -6.52155e-20)
(1.74027 0.203311 2.90316e-20)
(1.79059 0.194245 -8.08257e-22)
(1.8326 0.184223 0)
(1.86579 0.171917 0)
(1.37592 0.212574 1.13887e-19)
(1.4601 0.206762 0)
(1.53861 0.205133 9.33893e-20)
(1.60971 0.203975 0)
(1.67769 0.199907 -2.20826e-21)
(1.73887 0.193935 3.51001e-20)
(1.79307 0.186336 2.75245e-22)
(1.83868 0.177747 -7.00585e-22)
(1.87673 0.167674 6.99554e-22)
(1.90615 0.156704 2.19143e-21)
(1.45151 0.189956 -1.12689e-19)
(1.53115 0.187202 0)
(1.60843 0.184742 -9.02277e-20)
(1.67603 0.182967 -2.73585e-21)
(1.73981 0.179129 7.44346e-20)
(1.7968 0.173527 -3.29571e-20)
(1.84823 0.16646 1.13661e-21)
(1.88993 0.159063 -8.40213e-22)
(1.92563 0.150043 0)
(1.95141 0.141211 -4.51682e-21)
(1.53087 0.17051 0)
(1.60557 0.168752 9.905e-20)
(1.68034 0.165937 -2.70352e-21)
(1.74483 0.163833 5.14032e-21)
(1.80443 0.160761 -7.90721e-20)
(1.85661 0.156011 2.19271e-21)
(1.90516 0.149672 -2.9062e-20)
(1.94284 0.143073 0)
(1.97706 0.135178 -1.15503e-20)
(1.99885 0.127574 2.64785e-21)
(1.61236 0.152748 -1.04354e-19)
(1.68194 0.151741 1.5363e-21)
(1.75282 0.149254 -5.57523e-21)
(1.81408 0.146885 5.07655e-21)
(1.86985 0.144215 -2.41843e-21)
(1.91744 0.140142 -1.96074e-21)
(1.963 0.134608 2.8305e-21)
(1.99696 0.128601 1.15017e-20)
(2.02988 0.121795 1.20449e-20)
(2.04799 0.11502 0)
(1.6951 0.136521 2.04778e-19)
(1.75968 0.136053 -1.91237e-19)
(1.8259 0.134049 -2.62185e-21)
(1.88362 0.1316 2.62467e-21)
(1.93564 0.129163 0)
(1.97902 0.125661 3.32525e-20)
(2.0212 0.120994 8.81517e-22)
(2.05192 0.115505 -1.48528e-20)
(2.08309 0.109712 7.83094e-22)
(2.09857 0.103512 -2.61521e-21)
(1.77846 0.121777 -1.0046e-19)
(1.83804 0.121703 9.71046e-20)
(1.89913 0.120194 -5.40678e-21)
(1.95289 0.117874 2.59589e-21)
(2.00105 0.115592 3.63618e-20)
(2.0406 0.112536 -1.98235e-21)
(2.07909 0.10863 3.22281e-20)
(2.10705 0.103682 0)
(2.13589 0.0987135 6.07902e-21)
(2.14989 0.0930605 2.62812e-21)
(1.86175 0.10839 0)
(1.91617 0.108612 0)
(1.97183 0.107536 0)
(2.0212 0.105462 4.15657e-20)
(2.06535 0.103306 -7.49503e-20)
(2.10127 0.100602 -4.00542e-24)
(2.13599 0.0972942 -1.41824e-20)
(2.16147 0.0929426 -1.71974e-21)
(2.18769 0.0885981 -1.15025e-20)
(2.20084 0.0835656 0)
(1.94397 0.0962269 -4.70237e-20)
(1.99299 0.0966716 0)
(2.04296 0.0959531 -2.52551e-21)
(2.0876 0.0941658 -3.42438e-20)
(2.12762 0.0921363 3.38595e-20)
(2.16 0.0897155 -3.34136e-20)
(2.19108 0.0868545 -1.52918e-20)
(2.21415 0.0831046 -8.27337e-22)
(2.23783 0.0792484 1.34022e-20)
(2.25024 0.0748703 0)
(2.0237 0.0851395 9.24976e-20)
(2.06707 0.085733 0)
(2.11122 0.0852911 -2.49788e-21)
(2.15093 0.0837763 -3.38044e-20)
(2.18677 0.0818838 -2.34934e-21)
(2.21571 0.0796921 2.0045e-21)
(2.24341 0.0771774 1.437e-20)
(2.2641 0.0739805 -1.59374e-20)
(2.28551 0.0705594 -5.89941e-21)
(2.29708 0.0667994 3.81015e-22)
(2.09911 0.0749306 -4.41115e-20)
(2.13678 0.0755928 1.22927e-21)
(2.1752 0.0753515 -2.6599e-21)
(2.21001 0.0740776 4.08944e-20)
(2.24176 0.0723413 -2.34122e-21)
(2.26741 0.0703479 0)
(2.29201 0.0681285 5.24693e-23)
(2.31045 0.0654134 -1.03992e-22)
(2.32982 0.0624235 -6.54952e-21)
(2.34053 0.0592108 0)
(2.16841 0.0653561 -1.34772e-21)
(2.20065 0.0660175 3.9547e-21)
(2.23367 0.0659212 -5.0735e-21)
(2.26385 0.0648691 4.78749e-21)
(2.2917 0.0633216 -2.33421e-21)
(2.3143 0.0615251 -2.01819e-21)
(2.33607 0.0595871 -1.26392e-20)
(2.35243 0.057291 1.2584e-20)
(2.36994 0.0547414 1.40924e-20)
(2.37984 0.0520099 0)
(2.23041 0.0561622 0)
(2.25777 0.0567988 -4.18646e-20)
(2.2859 0.0568334 0)
(2.31183 0.0560131 1.8991e-20)
(2.33601 0.0547015 0)
(2.35577 0.0531273 0)
(2.37488 0.0514768 9.43383e-22)
(2.38937 0.0495569 -9.51363e-22)
(2.40507 0.0474477 -6.67651e-21)
(2.41429 0.0451499 0)
(2.28496 0.0471983 4.10934e-20)
(2.30794 0.0478596 4.29143e-20)
(2.33156 0.0480551 0)
(2.35348 0.0474957 2.22112e-21)
(2.3741 0.046463 -2.02181e-20)
(2.39114 0.0451418 -2.03078e-21)
(2.4077 0.0437843 -5.85824e-21)
(2.42047 0.042209 -8.81339e-22)
(2.43439 0.0405201 -2.51824e-21)
(2.44305 0.0386205 0)
(2.33201 0.038597 -6.28129e-20)
(2.35061 0.0393592 -2.03585e-20)
(2.36979 0.0397357 -2.38259e-21)
(2.38776 0.0394341 -1.41478e-20)
(2.40488 0.038678 3.34543e-20)
(2.41933 0.0376114 0)
(2.43347 0.0365267 8.89355e-21)
(2.44474 0.0352592 -9.65239e-22)
(2.457 0.0339456 3.4216e-21)
(2.46526 0.0324107 7.90862e-22)
(2.36908 0.0308135 2.06346e-20)
(2.38327 0.0316189 2.26738e-20)
(2.39822 0.0320785 1.46046e-20)
(2.41262 0.0319367 2.42038e-21)
(2.42667 0.0313795 -1.7876e-20)
(2.43897 0.0305207 0)
(2.45116 0.0296572 7.98597e-21)
(2.46136 0.0286505 -4.63396e-21)
(2.4723 0.0276502 9.03511e-22)
(2.48043 0.0264482 -7.94946e-22)
(2.39161 0.0239222 2.0219e-20)
(2.40259 0.0245551 0)
(2.41463 0.0249092 -2.17466e-20)
(2.42671 0.0247893 1.39802e-20)
(2.43882 0.024343 -2.30857e-21)
(2.44991 0.0236523 2.04595e-21)
(2.46098 0.0229756 -9.12578e-21)
(2.47073 0.0222041 -1.88604e-21)
(2.4809 0.0214705 9.10465e-22)
(2.48919 0.0205782 0)
(2.40058 0.0169955 -8.82648e-21)
(2.41048 0.0173718 1.13357e-21)
(2.42147 0.0175645 -2.47189e-21)
(2.43274 0.0174517 2.22893e-21)
(2.44412 0.0171367 -2.30466e-21)
(2.45487 0.0166637 4.24632e-21)
(2.46551 0.0162171 0)
(2.47524 0.0157157 3.775e-21)
(2.48504 0.0152585 -1.76104e-21)
(2.49359 0.0146743 4.07169e-22)
(2.40573 0.00966501 -9.88599e-21)
(2.41519 0.00986118 2.37572e-21)
(2.42569 0.0099304 4.25035e-25)
(2.43653 0.00984688 -6.87536e-21)
(2.44747 0.00968613 -2.22421e-21)
(2.45797 0.00946998 -8.42948e-21)
(2.46827 0.00928986 3.06249e-21)
(2.47792 0.00910448 -3.75725e-23)
(2.48739 0.0089437 1.76965e-21)
(2.496 0.00874224 -4.09304e-22)
(2.41088 0.00298942 0)
(2.41959 0.00298266 0)
(2.42942 0.00288675 -7.08782e-21)
(2.43973 0.00274542 2.3911e-21)
(2.45019 0.00261747 2.23602e-21)
(2.46035 0.00252625 2.14012e-21)
(2.4703 0.00249592 9.78937e-22)
(2.47973 0.00251573 -2.87371e-21)
(2.48891 0.00256768 9.31179e-22)
(2.49742 0.00265766 0)
)
;

boundaryField
{
    bottom
    {
        type            symmetryPlane;
    }
    right
    {
        type            zeroGradient;
    }
    top
    {
        type            symmetryPlane;
    }
    left
    {
        type            zeroGradient;
    }
    cylinder
    {
        type            noSlip;
    }
    defaultFaces
    {
        type            empty;
    }
}


// ************************************************************************* //
