/*--------------------------------*- C++ -*----------------------------------*\
| =========                 |                                                 |
| \\      /  F ield         | OpenFOAM: The Open Source CFD Toolbox           |
|  \\    /   O peration     | Version:  4.1                                   |
|   \\  /    A nd           | Web:      www.OpenFOAM.org                      |
|    \\/     M anipulation  |                                                 |
\*---------------------------------------------------------------------------*/
FoamFile
{
    version     2.0;
    format      ascii;
    class       volVectorField;
    location    "13.1";
    object      U;
}
// * * * * * * * * * * * * * * * * * * * * * * * * * * * * * * * * * * * * * //

dimensions      [0 1 -1 0 0 0 0];

internalField   nonuniform List<vector> 
2000
(
(-0.0242448 0.0217869 3.1649e-21)
(0.00813991 0.0190075 0)
(0.108338 0.00484898 2.88444e-22)
(0.260561 -0.0109629 -1.03574e-21)
(0.448055 -0.0222947 2.04286e-21)
(0.650499 -0.0271633 5.96696e-21)
(0.849975 -0.025348 -1.90033e-21)
(1.02867 -0.0212583 0)
(1.1987 -0.00986342 2.95298e-21)
(1.30378 -0.00344154 0)
(-0.017343 0.0151164 -1.45078e-21)
(0.0506877 0.000883683 3.07796e-22)
(0.203956 -0.0159215 -3.63695e-21)
(0.414034 -0.0276986 -1.08761e-21)
(0.649139 -0.030698 -7.22806e-22)
(0.878714 -0.025958 -2.26033e-21)
(1.08197 -0.0163856 1.4087e-21)
(1.24933 -0.00655209 2.4905e-21)
(1.38515 0.005769 -2.95283e-21)
(1.46682 0.00625737 -6.92028e-21)
(-0.00377502 0.00677196 2.8025e-21)
(0.114314 -0.0181867 -2.62502e-21)
(0.331759 -0.0327465 1.92652e-21)
(0.598173 -0.0349659 -1.18883e-21)
(0.863814 -0.0266362 -3.079e-22)
(1.09441 -0.0128543 -1.17067e-21)
(1.27641 0.00149938 -1.89696e-21)
(1.41119 0.0128597 -2.49044e-21)
(1.50871 0.0216835 -3.20965e-21)
(1.5775 0.0223032 3.72107e-21)
(0.0185978 -0.00267071 -6.13798e-22)
(0.201932 -0.0350466 -3.81991e-21)
(0.488054 -0.0406561 0)
(0.796162 -0.0292269 4.88947e-22)
(1.06569 -0.0102344 -1.66338e-21)
(1.27197 0.00868715 0)
(1.41726 0.0233134 0)
(1.51594 0.0320958 0)
(1.58685 0.037464 3.20978e-21)
(1.63562 0.0355966 -8.12754e-21)
(0.0516745 -0.0119589 1.25489e-20)
(0.313449 -0.0452311 -9.808e-23)
(0.661527 -0.0354728 3.56292e-21)
(0.986189 -0.0101392 9.91337e-22)
(1.23392 0.015321 9.5381e-22)
(1.40174 0.0343978 -1.02059e-22)
(1.50955 0.0457533 0)
(1.58117 0.0508386 -1.62045e-21)
(1.63459 0.0523034 1.08422e-20)
(1.6807 0.0484792 -1.50789e-20)
(0.0965384 -0.0191798 -2.18763e-20)
(0.444118 -0.0440518 1.47804e-21)
(0.835564 -0.0155995 -6.916e-21)
(1.15028 0.0198998 5.3234e-21)
(1.36068 0.0464475 -1.91106e-21)
(1.48872 0.0618971 1.00075e-21)
(1.56693 0.0685533 0)
(1.62119 0.0696323 1.62056e-21)
(1.66754 0.0677666 -2.14136e-21)
(1.71233 0.0632691 -1.26616e-20)
(0.152934 -0.0219356 0)
(0.584417 -0.0281773 0)
(0.994236 0.0178001 -3.91101e-21)
(1.27972 0.0577677 3.64088e-21)
(1.44845 0.0809024 -3.26584e-22)
(1.54263 0.0906215 3.06616e-22)
(1.60026 0.0920848 -3.91512e-21)
(1.64519 0.0893075 3.70068e-21)
(1.68861 0.0846293 6.52079e-21)
(1.73438 0.0791955 -3.10927e-21)
(0.218711 -0.0178129 5.42731e-21)
(0.72219 0.00316288 0)
(1.12705 0.0620928 -1.51846e-21)
(1.37357 0.100914 5.58342e-21)
(1.50348 0.117518 -1.7907e-21)
(1.57173 0.12045 0)
(1.61645 0.116666 0)
(1.65689 0.110157 0)
(1.70005 0.102921 8.22951e-21)
(1.74694 0.0964943 -7.82256e-21)
(0.289796 -0.00502918 -2.92828e-21)
(0.846126 0.0482673 -3.13539e-22)
(1.22935 0.114315 -2.58906e-21)
(1.43474 0.147417 4.32951e-22)
(1.53189 0.155521 4.84381e-22)
(1.58176 0.151244 -4.86872e-22)
(1.61903 0.14228 0)
(1.65787 0.132148 1.1977e-21)
(1.70153 0.122552 6.57923e-21)
(1.74935 0.114472 -4.95161e-21)
(0.360801 0.0171217 0)
(0.948228 0.103949 -2.0271e-21)
(1.30032 0.171569 0)
(1.46717 0.195731 -4.45228e-22)
(1.53852 0.194236 -3.98719e-22)
(1.57614 0.182661 5.53608e-22)
(1.60959 0.1686 0)
(1.64827 0.154878 -1.19781e-21)
(1.69274 0.142891 -1.36964e-21)
(1.74141 0.132576 -1.73833e-21)
(-0.00446439 0.00434379 0)
(-0.0184108 0.00833856 6.02283e-22)
(-0.0385448 0.00975721 0)
(-0.0579983 0.00989515 7.43642e-22)
(-0.0751995 0.00938508 2.23991e-22)
(-0.0898909 0.00859946 -4.25232e-22)
(-0.102178 0.00778512 4.00461e-22)
(-0.112399 0.00711432 -3.72597e-22)
(-0.121066 0.00672827 -2.29867e-24)
(-0.12901 0.00676668 -3.32093e-22)
(-0.00546983 0.0126374 1.9589e-21)
(-0.0196496 0.0242816 -1.20836e-21)
(-0.0386807 0.0284212 1.03752e-21)
(-0.0563514 0.0287643 -4.92409e-22)
(-0.0713144 0.0271576 -2.23134e-21)
(-0.0833685 0.0246945 8.4029e-22)
(-0.092636 0.0221072 0)
(-0.0994307 0.0199295 3.71351e-22)
(-0.104156 0.0186079 3.50794e-22)
(-0.107877 0.0185949 0)
(-0.00738514 0.0198195 -1.30706e-21)
(-0.02205 0.0381554 0)
(-0.0390157 0.0446343 -3.05037e-21)
(-0.0533123 0.0449643 3.73173e-21)
(-0.0640023 0.0420555 -8.54923e-22)
(-0.071018 0.0376347 0)
(-0.0745307 0.0328722 0)
(-0.0748653 0.0286842 0)
(-0.0721968 0.0259049 -2.83801e-21)
(-0.0674209 0.0254667 2.69725e-21)
(-0.0100175 0.025414 0)
(-0.0254118 0.0489619 2.04419e-21)
(-0.0395237 0.0570955 -3.77627e-21)
(-0.0490295 0.0570432 1.75266e-21)
(-0.0535796 0.0525565 -1.65563e-21)
(-0.0533344 0.0458417 4.71081e-21)
(-0.0485549 0.0383756 6.6994e-23)
(-0.0396944 0.0313725 -2.8743e-21)
(-0.0268524 0.0262539 -2.94384e-21)
(-0.00893187 0.0256196 4.27801e-21)
(-0.0131462 0.0292641 -2.15853e-21)
(-0.0293558 0.0561174 3.58546e-21)
(-0.0397871 0.0649074 -1.09802e-22)
(-0.0429581 0.0639484 5.74359e-23)
(-0.0392361 0.0576068 -1.64721e-21)
(-0.0291058 0.0483973 4.42408e-21)
(-0.0129856 0.0379157 0)
(0.00856391 0.027474 1.46087e-21)
(0.0357581 0.019104 -1.50045e-21)
(0.0704811 0.0173884 5.83949e-21)
(-0.0165556 0.0314598 -1.67405e-22)
(-0.0332338 0.0593985 -3.30911e-21)
(-0.0386677 0.0675383 -1.61821e-21)
(-0.0332242 0.0649743 -1.25666e-21)
(-0.0180121 0.0565205 -1.50104e-21)
(0.00612168 0.0449136 -1.46823e-21)
(0.0385155 0.0317603 0)
(0.0781969 0.0181915 -1.46079e-21)
(0.12478 0.0060172 -5.03402e-21)
(0.186153 0.00241056 1.14807e-21)
(-0.0200234 0.0322069 2.46294e-23)
(-0.0359882 0.0587843 -1.27784e-21)
(-0.0340094 0.0647533 0)
(-0.0161518 0.0596992 3.09001e-21)
(0.0157662 0.0488614 -2.58782e-21)
(0.0604533 0.0352296 0)
(0.11676 0.0205222 0)
(0.182899 0.00575911 0)
(0.254634 -0.00917222 3.11289e-21)
(0.355606 -0.013219 6.24292e-21)
(-0.0232628 0.0316755 9.70234e-22)
(-0.0360016 0.0543733 -9.08847e-22)
(-0.0223335 0.0565406 -1.84286e-21)
(0.0139846 0.048091 3.71063e-22)
(0.0704205 0.0347498 -2.34041e-21)
(0.14466 0.0197808 -2.53478e-21)
(0.234096 0.00516559 -2.73075e-21)
(0.335471 -0.0075425 -2.95017e-21)
(0.436727 -0.0222585 -3.11253e-21)
(0.585561 -0.0224481 3.74817e-21)
(-0.0257205 0.0298639 6.00746e-22)
(-0.0309605 0.0462288 9.49727e-22)
(0.00119474 0.0431799 3.53192e-21)
(0.0648222 0.0309307 2.09296e-21)
(0.15591 0.0156684 3.11362e-22)
(0.269506 0.000883002 2.85199e-21)
(0.399572 -0.0113328 -2.38466e-21)
(0.539023 -0.0191593 2.94981e-21)
(0.671558 -0.0289903 -3.0974e-21)
(0.853363 -0.021035 6.94437e-21)
(-0.0264713 0.0266451 -1.04785e-22)
(-0.0175895 0.0343797 0)
(0.0425902 0.0254467 -1.1979e-21)
(0.144744 0.0101424 2.95852e-23)
(0.280908 -0.00502099 4.5273e-22)
(0.440321 -0.0167273 -2.57414e-21)
(0.611413 -0.0232177 7.24064e-21)
(0.779974 -0.025093 0)
(0.941485 -0.0247459 3.09699e-21)
(1.11166 -0.0098166 0)
(-0.137085 0.00714536 0)
(-0.145824 0.00703631 3.06838e-22)
(-0.154304 0.00675246 -6.08463e-22)
(-0.162433 0.00644183 2.64346e-22)
(-0.170244 0.00612226 0)
(-0.177723 0.005792 -2.71785e-22)
(-0.184848 0.00544839 2.73132e-22)
(-0.191594 0.00509083 0)
(-0.19794 0.0047209 0)
(-0.203863 0.0043431 -2.81072e-23)
(-0.20935 0.00396522 0)
(-0.214398 0.00359829 0)
(-0.219019 0.00325644 0)
(-0.223248 0.00295632 0)
(-0.227132 0.00271515 2.89178e-23)
(-0.230732 0.00254698 -2.90676e-23)
(-0.234173 0.00246013 0)
(-0.237769 0.00246042 5.17173e-24)
(-0.241742 0.00254302 -5.19893e-24)
(-0.244856 0.00264033 0)
(-0.112993 0.0198207 0)
(-0.120236 0.019548 -7.78961e-23)
(-0.127198 0.0188491 0)
(-0.133887 0.0180888 -1.13592e-21)
(-0.140451 0.0172958 1.10528e-21)
(-0.146885 0.0164692 -7.07317e-23)
(-0.153156 0.0155949 5.22392e-22)
(-0.159236 0.0146721 -1.08455e-21)
(-0.165098 0.0137033 9.01302e-22)
(-0.170715 0.0126986 -4.96292e-22)
(-0.176059 0.0116777 -3.97079e-22)
(-0.181112 0.0106698 7.10265e-22)
(-0.185863 0.00971391 -3.61255e-22)
(-0.190321 0.00885752 -1.77174e-22)
(-0.194503 0.00815261 1.39639e-22)
(-0.198435 0.00764556 -2.70953e-23)
(-0.202197 0.0073668 -2.11191e-23)
(-0.206074 0.00733528 -2.12703e-23)
(-0.210365 0.00754744 2.13733e-23)
(-0.213884 0.00783973 -1.51316e-24)
(-0.0672068 0.0280818 7.88267e-23)
(-0.071809 0.0276018 7.80322e-23)
(-0.0758785 0.0268582 7.85446e-23)
(-0.079775 0.0260657 0)
(-0.0838413 0.0252186 1.30866e-21)
(-0.0880923 0.0243383 -1.02116e-21)
(-0.0924943 0.0233458 0)
(-0.0970082 0.022261 1.31425e-22)
(-0.101613 0.0210831 6.08928e-23)
(-0.10628 0.0198203 -7.71206e-22)
(-0.110976 0.0184938 7.51537e-23)
(-0.115669 0.0171392 9.17172e-22)
(-0.120323 0.0158086 4.5173e-23)
(-0.124912 0.0145701 3.79541e-23)
(-0.129411 0.0135049 3.43175e-23)
(-0.133789 0.0126955 -7.07753e-23)
(-0.138048 0.0122054 6.86599e-23)
(-0.142392 0.0120784 7.29789e-23)
(-0.147208 0.0123509 1.2989e-23)
(-0.151454 0.0128631 -1.64731e-24)
(-0.00164727 0.0288827 2.46471e-21)
(-0.00359548 0.0291069 5.9794e-24)
(-0.00379119 0.0288057 -1.16745e-22)
(-0.00404917 0.0283217 -2.53559e-21)
(-0.00467997 0.0278754 -2.32743e-22)
(-0.00581352 0.0273771 -7.2883e-23)
(-0.00743162 0.0267618 2.08408e-21)
(-0.00940998 0.0260323 -1.24463e-21)
(-0.011776 0.0251741 -1.06336e-21)
(-0.0145249 0.0241844 9.96798e-22)
(-0.0176419 0.0230725 -7.64564e-23)
(-0.0211037 0.0218656 -1.01561e-21)
(-0.0248785 0.0206103 -4.47973e-23)
(-0.0289274 0.0193745 -3.88323e-22)
(-0.0332036 0.018248 2.69851e-22)
(-0.0376422 0.0173351 2.08164e-22)
(-0.0421642 0.0167314 -1.82245e-22)
(-0.0468322 0.0165079 0)
(-0.052067 0.0167502 -2.76265e-23)
(-0.0572739 0.017418 -1.59597e-24)
(0.085689 0.0221048 -5.66021e-21)
(0.0878292 0.0239564 2.48399e-21)
(0.089734 0.0240648 -2.65555e-21)
(0.0926333 0.0240683 0)
(0.095339 0.0242966 1.57487e-22)
(0.0973944 0.0245039 2.46974e-21)
(0.0988553 0.0246234 4.77001e-23)
(0.0998045 0.0246154 -1.15335e-22)
(0.100229 0.0244772 -2.26617e-21)
(0.100098 0.0241992 -1.24754e-22)
(0.0993909 0.0237762 0)
(0.0980953 0.0232196 1.05849e-22)
(0.096209 0.0225591 0)
(0.0937405 0.0218442 8.43665e-23)
(0.0907139 0.0211459 0)
(0.0871766 0.0205595 0)
(0.0832193 0.020186 -4.78088e-23)
(0.0788919 0.0201018 5.70608e-23)
(0.0738497 0.0203755 -5.07922e-23)
(0.0680396 0.0211419 1.28592e-23)
(0.207096 0.0104073 0)
(0.21117 0.0135757 1.68181e-22)
(0.213238 0.0141381 5.6007e-21)
(0.217314 0.0146811 -5.42012e-21)
(0.221822 0.0156239 1.77625e-22)
(0.225757 0.0166144 0)
(0.22915 0.0174712 2.55079e-21)
(0.232155 0.0182054 -4.82854e-21)
(0.234759 0.0188504 2.59598e-21)
(0.236884 0.0193993 1.47081e-22)
(0.238466 0.0198376 1.37619e-22)
(0.239454 0.020166 1.27168e-22)
(0.239803 0.0203997 0)
(0.239473 0.0205681 -6.24184e-22)
(0.238441 0.0207148 1.44068e-21)
(0.236699 0.0209077 -6.22688e-22)
(0.234285 0.0212252 6.12312e-23)
(0.231243 0.0217517 4.50417e-23)
(0.227453 0.0224807 -1.57595e-23)
(0.221968 0.0236988 1.58569e-23)
(0.377549 -0.00240317 -6.53148e-21)
(0.380841 0.002021 0)
(0.380248 0.00277018 1.84563e-22)
(0.382583 0.00357576 -3.70406e-22)
(0.386304 0.00503898 -3.65494e-22)
(0.389803 0.0065341 -1.84069e-22)
(0.393006 0.00781814 -1.79861e-22)
(0.396141 0.00900726 2.47394e-21)
(0.399186 0.0101842 -2.95202e-21)
(0.402006 0.0113435 -2.6678e-21)
(0.404503 0.0124672 2.222e-21)
(0.406602 0.0135554 -2.64257e-22)
(0.408236 0.0146155 9.13526e-22)
(0.40933 0.0156651 -2.04517e-22)
(0.409835 0.0167228 -9.95771e-22)
(0.40969 0.0178376 -8.50252e-23)
(0.408918 0.0190412 9.48536e-23)
(0.407406 0.0204558 -1.13105e-22)
(0.405543 0.0219822 -1.85481e-22)
(0.401283 0.0241787 -1.01534e-23)
(0.601904 -0.0103058 0)
(0.602033 -0.00608592 5.82203e-21)
(0.597306 -0.0064441 -5.98176e-21)
(0.596045 -0.00588766 1.90389e-22)
(0.597101 -0.00418917 3.85866e-22)
(0.598296 -0.00259507 1.83908e-22)
(0.599487 -0.00128124 3.70102e-22)
(0.600932 3.16156e-05 0)
(0.602554 0.00143828 1.6605e-22)
(0.604173 0.00291578 1.57395e-22)
(0.605683 0.00444382 1.60411e-22)
(0.607011 0.00602468 2.86128e-22)
(0.608109 0.0076545 0)
(0.60889 0.00934449 0)
(0.609344 0.0110852 9.79726e-23)
(0.609342 0.0129309 8.16066e-22)
(0.609053 0.0148401 -5.70421e-22)
(0.608024 0.0170159 5.62641e-23)
(0.607355 0.0191208 1.11335e-22)
(0.604264 0.0223985 -3.42609e-23)
(0.861019 -0.00747014 -7.22272e-21)
(0.858393 -0.00540918 0)
(0.85242 -0.00781208 0)
(0.849742 -0.00806869 6.57979e-21)
(0.848717 -0.00736207 -2.51826e-22)
(0.847563 -0.00684843 -1.27917e-20)
(0.846379 -0.00623897 6.12364e-21)
(0.845401 -0.00529581 0)
(0.844532 -0.00407261 0)
(0.843631 -0.00263729 0)
(0.842665 -0.00104771 -7.3114e-23)
(0.841604 0.000699358 -2.26439e-22)
(0.84048 0.00258472 -2.14176e-21)
(0.839202 0.00461357 2.06122e-21)
(0.837901 0.00672496 -8.27902e-22)
(0.836311 0.00900493 7.31848e-22)
(0.834937 0.0112754 0)
(0.832846 0.0139338 -2.45365e-23)
(0.831893 0.0161127 -3.4463e-23)
(0.828681 0.0200226 0)
(1.12584 -0.00419435 9.43469e-23)
(1.12768 -0.00943226 6.06962e-21)
(1.12582 -0.0123593 -6.00651e-21)
(1.12387 -0.0117607 0)
(1.12115 -0.010557 -6.67638e-21)
(1.11754 -0.00944443 1.32504e-20)
(1.11351 -0.00813849 -6.57496e-21)
(1.10927 -0.00660965 0)
(1.10493 -0.00493714 -3.03624e-21)
(1.10052 -0.00315847 5.88444e-21)
(1.09615 -0.0012536 -2.93389e-21)
(1.09185 0.000788185 7.80461e-23)
(1.08777 0.00289312 0)
(1.08371 0.00509872 2.08529e-21)
(1.08003 0.0072961 -2.87731e-21)
(1.0762 0.00966951 8.67268e-22)
(1.07316 0.0118548 5.69869e-22)
(1.06943 0.0145416 -3.95249e-22)
(1.06758 0.0163427 -1.9656e-22)
(1.06357 0.01996 0)
(1.40945 0.00312465 0)
(1.39359 -0.000745927 0)
(1.38133 -0.00252673 0)
(1.36978 -0.00295222 0)
(1.3589 -0.00290045 0)
(1.34908 -0.00255245 0)
(1.34039 -0.00193803 0)
(1.33257 -0.00106883 0)
(1.32545 1.71914e-05 0)
(1.31891 0.00130174 0)
(1.3129 0.00278555 0)
(1.3072 0.00446279 0)
(1.30197 0.00623065 0)
(1.29692 0.00816004 0)
(1.29249 0.0100761 0)
(1.28793 0.0122481 0)
(1.28444 0.01416 0)
(1.28015 0.0166833 0)
(1.27804 0.0182005 0)
(1.27362 0.0214612 0)
(1.54372 0.0131989 0)
(1.53658 0.0125304 0)
(1.53029 0.0110013 0)
(1.52396 0.00928767 0)
(1.51746 0.00801186 0)
(1.51109 0.00731102 0)
(1.50507 0.00708665 0)
(1.49941 0.00724712 0)
(1.49409 0.00772832 0)
(1.48904 0.00849459 0)
(1.48432 0.00945773 0)
(1.47977 0.0106329 0)
(1.47561 0.0119439 0)
(1.47151 0.0134662 0)
(1.46795 0.0149865 0)
(1.46418 0.016789 0)
(1.46138 0.0183211 0)
(1.45776 0.0204265 0)
(1.45609 0.0216041 0)
(1.45218 0.0241672 0)
(1.64377 0.0175334 0)
(1.64003 0.0155554 0)
(1.63641 0.0140086 0)
(1.63304 0.0125468 0)
(1.62985 0.0114271 0)
(1.62677 0.0108012 0)
(1.62384 0.0106175 0)
(1.62105 0.0107795 0)
(1.61843 0.0112134 0)
(1.61593 0.0118926 0)
(1.61361 0.0127615 0)
(1.6114 0.0138364 0)
(1.60939 0.0150229 0)
(1.60743 0.0164078 0)
(1.60579 0.0177691 0)
(1.60406 0.0193972 0)
(1.60285 0.0207436 0)
(1.60129 0.0226056 0)
(1.60066 0.0236055 0)
(1.5991 0.0257855 0)
(1.72737 0.0211476 0)
(1.72598 0.0183268 0)
(1.72392 0.0163494 0)
(1.72199 0.0147559 0)
(1.72044 0.0135196 0)
(1.71917 0.0127164 0)
(1.71806 0.0123402 0)
(1.7171 0.0123301 0)
(1.71628 0.012611 0)
(1.71564 0.013153 0)
(1.71511 0.0138901 0)
(1.71477 0.0148423 0)
(1.7145 0.0158962 0)
(1.71447 0.0171604 0)
(1.71444 0.0183828 0)
(1.71473 0.0198881 0)
(1.71491 0.0210861 0)
(1.71558 0.0228132 0)
(1.71583 0.0236795 0)
(1.717 0.0257142 0)
(1.8046 0.0232857 0)
(1.8047 0.0199593 0)
(1.80382 0.0175428 0)
(1.80285 0.0157303 0)
(1.80221 0.0143498 0)
(1.80192 0.0133776 0)
(1.80179 0.0128059 0)
(1.80184 0.0126069 0)
(1.80198 0.0127089 0)
(1.80236 0.0130878 0)
(1.80279 0.0136591 0)
(1.80354 0.0144614 0)
(1.80424 0.0153523 0)
(1.80539 0.0164786 0)
(1.80628 0.0175382 0)
(1.80791 0.0189183 0)
(1.80885 0.0199555 0)
(1.81111 0.0215713 0)
(1.81183 0.0223089 0)
(1.81501 0.0242498 0)
(1.88243 0.0240415 0)
(1.88328 0.0205066 0)
(1.88316 0.0178369 0)
(1.88279 0.0158564 0)
(1.88261 0.0143628 0)
(1.88276 0.0132723 0)
(1.88307 0.0125517 0)
(1.88359 0.0121923 0)
(1.88413 0.0121256 0)
(1.88496 0.0123446 0)
(1.88576 0.0127457 0)
(1.887 0.0133908 0)
(1.88805 0.0141059 0)
(1.88975 0.0150791 0)
(1.89096 0.0159604 0)
(1.89325 0.0171961 0)
(1.89445 0.0180642 0)
(1.8975 0.0195468 0)
(1.89837 0.020159 0)
(1.90255 0.0219707 0)
(1.96337 0.0239838 0)
(1.96456 0.0204946 0)
(1.96483 0.0177551 0)
(1.96475 0.0156743 0)
(1.96472 0.014089 0)
(1.965 0.0129052 0)
(1.96541 0.0120653 0)
(1.96604 0.0115681 0)
(1.96666 0.0113451 0)
(1.96759 0.0114089 0)
(1.96843 0.0116419 0)
(1.96978 0.0121258 0)
(1.97084 0.0126636 0)
(1.97268 0.0134718 0)
(1.97388 0.0141739 0)
(1.97634 0.0152449 0)
(1.97751 0.0159484 0)
(1.9808 0.0172664 0)
(1.98161 0.0177626 0)
(1.98607 0.0193954 0)
(2.04618 0.0236302 0)
(2.0475 0.0203047 0)
(2.04796 0.0175862 0)
(2.04804 0.0154512 0)
(2.04806 0.0137914 0)
(2.04835 0.0125275 0)
(2.04872 0.0115873 0)
(2.04935 0.0109696 0)
(2.04992 0.0106047 0)
(2.05082 0.0105194 0)
(2.05157 0.0105917 0)
(2.05288 0.010914 0)
(2.05383 0.0112817 0)
(2.05563 0.0119186 0)
(2.0567 0.0124505 0)
(2.05912 0.0133431 0)
(2.06016 0.0138943 0)
(2.0634 0.015024 0)
(2.06411 0.0154173 0)
(2.06848 0.0168349 0)
(2.12751 0.0231508 0)
(2.12896 0.020004 0)
(2.12964 0.0173392 0)
(2.12992 0.0151858 0)
(2.13008 0.0134775 0)
(2.13047 0.0121523 0)
(2.13088 0.0111317 0)
(2.13156 0.0104121 0)
(2.13213 0.00992359 0)
(2.13306 0.00970069 0)
(2.13379 0.00962571 0)
(2.13509 0.00979181 0)
(2.13598 0.0100021 0)
(2.13776 0.0104686 0)
(2.13875 0.010844 0)
(2.14114 0.0115534 0)
(2.14208 0.0119673 0)
(2.14526 0.0128978 0)
(2.14589 0.0132008 0)
(2.15014 0.0143866 0)
(2.20396 0.0223928 0)
(2.20573 0.01942 0)
(2.20681 0.016833 0)
(2.20753 0.0146988 0)
(2.20806 0.0129778 0)
(2.20877 0.0116192 0)
(2.20944 0.0105435 0)
(2.21037 0.00974485 0)
(2.21115 0.0091563 0)
(2.2123 0.00881417 0)
(2.21318 0.00861142 0)
(2.21466 0.00863441 0)
(2.21566 0.00870508 0)
(2.2176 0.0090108 0)
(2.21865 0.00924694 0)
(2.22116 0.00977995 0)
(2.22212 0.0100724 0)
(2.2254 0.0108077 0)
(2.22603 0.0110319 0)
(2.23035 0.0119895 0)
(2.27413 0.0210259 0)
(2.2765 0.0182447 0)
(2.27828 0.0157705 0)
(2.27973 0.0136998 0)
(2.28094 0.0120088 0)
(2.28226 0.0106535 0)
(2.28347 0.00955589 0)
(2.28493 0.00870929 0)
(2.28617 0.00805149 0)
(2.28779 0.00761847 0)
(2.28906 0.00731534 0)
(2.29097 0.00721969 0)
(2.29228 0.0071751 0)
(2.29459 0.00734229 0)
(2.29588 0.00746121 0)
(2.29873 0.0078386 0)
(2.29986 0.00802793 0)
(2.30346 0.0085888 0)
(2.30417 0.00874592 0)
(2.3088 0.00949927 0)
(2.34037 0.0186885 0)
(2.34358 0.0161417 0)
(2.3463 0.0138324 0)
(2.34874 0.0118793 0)
(2.35086 0.0102689 0)
(2.35303 0.00896341 0)
(2.355 0.00788674 0)
(2.35718 0.0070349 0)
(2.35908 0.00634894 0)
(2.36135 0.00586625 0)
(2.36319 0.00550026 0)
(2.36567 0.00532435 0)
(2.36744 0.00519782 0)
(2.37026 0.00526325 0)
(2.37192 0.00529382 0)
(2.37524 0.0055522 0)
(2.37663 0.00566115 0)
(2.38067 0.00608566 0)
(2.38152 0.00618921 0)
(2.38661 0.00678125 0)
(2.40948 0.0151755 0)
(2.4135 0.0129219 0)
(2.41715 0.010846 0)
(2.42055 0.00907573 0)
(2.42356 0.00760362 0)
(2.42656 0.00640301 0)
(2.42926 0.00539908 0)
(2.43214 0.004595 0)
(2.43466 0.0039307 0)
(2.43754 0.00345044 0)
(2.4399 0.00306778 0)
(2.4429 0.00286124 0)
(2.4451 0.0026936 0)
(2.44837 0.00270549 0)
(2.45034 0.00268245 0)
(2.45405 0.00287002 0)
(2.45565 0.00292524 0)
(2.46003 0.00326369 0)
(2.461 0.00332909 0)
(2.4664 0.00381557 0)
(2.49049 0.0106997 0)
(2.49486 0.00879357 0)
(2.49898 0.00701855 0)
(2.5029 0.00549374 0)
(2.5064 0.00421303 0)
(2.50981 0.00316814 0)
(2.51287 0.00228591 0)
(2.51605 0.00158092 0)
(2.51884 0.000986505 0)
(2.52194 0.000559394 0)
(2.5245 0.000205355 0)
(2.52765 1.73685e-05 0)
(2.52997 -0.000151225 0)
(2.5333 -0.000145299 0)
(2.53534 -0.000187961 0)
(2.53903 -2.40137e-05 0)
(2.54065 3.31247e-06 0)
(2.54493 0.000304191 0)
(2.54589 0.000346312 0)
(2.5511 0.000780348 0)
(2.58925 0.00600506 0)
(2.59318 0.00447045 0)
(2.59698 0.00303335 0)
(2.60062 0.00178828 0)
(2.60385 0.000728441 0)
(2.60695 -0.000133271 0)
(2.60968 -0.000866007 0)
(2.61249 -0.0014408 0)
(2.61493 -0.00193439 0)
(2.61762 -0.00227614 0)
(2.61982 -0.00257242 0)
(2.6225 -0.00271108 0)
(2.62446 -0.00285416 0)
(2.62724 -0.00282464 0)
(2.62893 -0.00286399 0)
(2.63199 -0.00269499 0)
(2.63331 -0.00267752 0)
(2.63682 -0.00238576 0)
(2.6376 -0.00235611 0)
(2.64184 -0.00194436 0)
(2.70269 0.00209201 0)
(2.70544 0.000906977 0)
(2.70815 -0.000202944 0)
(2.71074 -0.00117332 0)
(2.71299 -0.00201593 0)
(2.71507 -0.00269826 0)
(2.71684 -0.00328324 0)
(2.71861 -0.00372912 0)
(2.72011 -0.00411971 0)
(2.72177 -0.00437439 0)
(2.72307 -0.00460839 0)
(2.72468 -0.00469556 0)
(2.7258 -0.00480726 0)
(2.72746 -0.00475232 0)
(2.7284 -0.00478182 0)
(2.73022 -0.00460699 0)
(2.73095 -0.00459293 0)
(2.73305 -0.00431116 0)
(2.73347 -0.00428918 0)
(2.73602 -0.00390203 0)
(2.81819 -0.000382618 0)
(2.81949 -0.00126463 0)
(2.82082 -0.00208746 0)
(2.82203 -0.00281246 0)
(2.82297 -0.00345769 0)
(2.82371 -0.00397939 0)
(2.82422 -0.00443242 0)
(2.82466 -0.00476866 0)
(2.82495 -0.0050697 0)
(2.82525 -0.00525432 0)
(2.82541 -0.00543494 0)
(2.82564 -0.00548644 0)
(2.82571 -0.00557274 0)
(2.82592 -0.00550914 0)
(2.82594 -0.00553218 0)
(2.8262 -0.00537028 0)
(2.8262 -0.00536059 0)
(2.82655 -0.00511037 0)
(2.82654 -0.00509521 0)
(2.827 -0.00475767 0)
(2.91984 -0.00142237 0)
(2.91991 -0.00204372 0)
(2.92002 -0.00261656 0)
(2.91998 -0.00312138 0)
(2.91974 -0.0035784 0)
(2.91925 -0.00394756 0)
(2.91862 -0.00427254 0)
(2.91781 -0.00450874 0)
(2.91698 -0.00472453 0)
(2.91601 -0.00485039 0)
(2.9151 -0.0049806 0)
(2.91401 -0.0050097 0)
(2.9131 -0.00507277 0)
(2.91193 -0.00501691 0)
(2.91108 -0.00503467 0)
(2.90984 -0.00490566 0)
(2.90916 -0.00490018 0)
(2.90781 -0.00470514 0)
(2.90741 -0.00469558 0)
(2.90587 -0.00443507 0)
(2.99495 -0.00128122 0)
(2.99415 -0.00168542 0)
(2.99338 -0.00204389 0)
(2.99243 -0.00235099 0)
(2.99133 -0.00262747 0)
(2.98993 -0.00284906 0)
(2.98845 -0.00304478 0)
(2.98671 -0.0031846 0)
(2.98505 -0.00331365 0)
(2.98312 -0.00338633 0)
(2.98142 -0.0034641 0)
(2.97933 -0.00347826 0)
(2.97769 -0.0035157 0)
(2.97546 -0.00347805 0)
(2.97397 -0.00348816 0)
(2.97157 -0.00340576 0)
(2.97039 -0.0034019 0)
(2.96774 -0.00327891 0)
(2.96704 -0.00327274 0)
(2.96397 -0.00310895 0)
(3.03494 -0.000339114 0)
(3.03366 -0.00051653 0)
(3.03244 -0.000666535 0)
(3.031 -0.000790212 0)
(3.02943 -0.000898364 0)
(3.02752 -0.000984476 0)
(3.02558 -0.00105938 0)
(3.02333 -0.00111337 0)
(3.02123 -0.00116236 0)
(3.01877 -0.00119116 0)
(3.01665 -0.00122083 0)
(3.01402 -0.00122836 0)
(3.01199 -0.0012431 0)
(3.00918 -0.00123218 0)
(3.00736 -0.00123678 0)
(3.00433 -0.0012102 0)
(3.00288 -0.00120944 0)
(2.99952 -0.00116881 0)
(2.99867 -0.00116688 0)
(2.99476 -0.00111216 0)
(1.79382 0.120051 1.69848e-21)
(1.80077 0.107495 0)
(1.79746 0.0942926 -2.71403e-22)
(1.78549 0.0808512 -8.13527e-21)
(1.76351 0.0672996 1.19767e-20)
(1.73552 0.0547264 0)
(1.69689 0.041614 8.71952e-21)
(1.64621 0.0323273 0)
(1.59905 0.017604 7.23529e-21)
(1.43335 0.00543865 -1.10365e-22)
(1.85392 0.110605 -1.97358e-21)
(1.85892 0.0999732 3.68337e-22)
(1.85452 0.0885608 -3.69078e-22)
(1.84108 0.0779943 -1.12073e-21)
(1.82062 0.0661996 -7.69714e-21)
(1.78901 0.0570109 -4.3942e-22)
(1.76302 0.0453069 0)
(1.69953 0.0378862 -1.01732e-20)
(1.69563 0.0295203 0)
(1.55113 0.0142812 -7.37946e-21)
(1.91953 0.101153 4.08008e-21)
(1.92167 0.0921566 0)
(1.91802 0.0818382 -3.44021e-22)
(1.90051 0.0732322 -7.13425e-22)
(1.88505 0.0629609 8.14676e-21)
(1.84473 0.0555626 0)
(1.8319 0.0469683 1.33481e-20)
(1.75686 0.0387637 1.04966e-20)
(1.76465 0.0352723 0)
(1.64724 0.0214546 7.30365e-21)
(1.9874 0.0929058 -1.85517e-21)
(1.98636 0.0850811 7.44708e-21)
(1.98565 0.0760684 0)
(1.9636 0.0684773 1.06745e-20)
(1.95443 0.0601563 5.61335e-22)
(1.9072 0.0526857 -1.04828e-21)
(1.90066 0.0469883 -1.27798e-20)
(1.824 0.0376875 -4.20688e-22)
(1.82563 0.0355874 -1.20271e-20)
(1.72779 0.0255232 0)
(2.05439 0.0857192 0)
(2.05082 0.078639 -7.26835e-21)
(2.05357 0.0712138 -8.0348e-21)
(2.02916 0.0639762 1.11618e-21)
(2.02454 0.0576494 -7.09713e-22)
(1.97624 0.049774 -5.39785e-22)
(1.96967 0.0456602 -1.60338e-20)
(1.89831 0.0368573 -8.88504e-22)
(1.89199 0.0342941 -1.01472e-21)
(1.80343 0.0275315 1.13743e-20)
(2.11762 0.0791802 2.41142e-21)
(2.11304 0.0726243 4.92753e-22)
(2.11834 0.066674 -1.31515e-21)
(2.09472 0.0597332 4.33441e-22)
(2.09247 0.0548179 -1.18432e-20)
(2.04793 0.0473254 0)
(2.04017 0.0436726 1.75282e-20)
(1.97554 0.0365429 -5.196e-22)
(1.96615 0.0332045 2.78695e-20)
(1.88082 0.0282282 -2.38206e-20)
(2.17492 0.0729108 -2.42328e-21)
(2.17084 0.0669226 -4.45944e-21)
(2.1778 0.0620515 7.60852e-21)
(2.15713 0.0557471 -1.33054e-20)
(2.15667 0.0515844 -1.54521e-21)
(2.11765 0.0452032 -1.11173e-20)
(2.11104 0.0415514 5.63562e-22)
(2.05219 0.0360294 -1.06146e-21)
(2.04427 0.0322433 -1.3992e-20)
(1.96171 0.028043 1.24358e-20)
(2.22544 0.0665737 0)
(2.22271 0.0613046 9.64972e-21)
(2.2311 0.0571637 -1.02151e-21)
(2.21395 0.0517944 7.23168e-21)
(2.21589 0.0480646 -6.63053e-22)
(2.18219 0.0429403 2.22168e-20)
(2.17907 0.0393498 -9.90105e-21)
(2.1257 0.0348954 0)
(2.12147 0.0311586 0)
(2.04451 0.0274266 0)
(2.27019 0.0599349 0)
(2.26899 0.0554561 -8.87363e-21)
(2.27883 0.0518899 -5.59601e-22)
(2.26478 0.0475072 7.4299e-21)
(2.26948 0.0442097 1.32961e-20)
(2.24041 0.0401342 -1.24993e-20)
(2.24138 0.0368818 1.19115e-20)
(2.19422 0.0331813 -6.37637e-22)
(2.19384 0.0298752 0)
(2.12578 0.0266474 7.93154e-21)
(2.31249 0.052845 3.20886e-22)
(2.31267 0.0491078 5.06564e-21)
(2.32361 0.0460869 7.808e-21)
(2.31195 0.0425726 -4.19578e-22)
(2.31862 0.0398061 9.33075e-22)
(2.29361 0.0365716 -1.3689e-20)
(2.29741 0.0338781 1.30964e-20)
(2.2571 0.030909 -6.70508e-22)
(2.2593 0.0281622 0)
(2.20198 0.0256065 -1.62388e-20)
(2.35812 0.0453187 0)
(2.35939 0.0422152 5.05066e-21)
(2.3705 0.0397059 2.20222e-22)
(2.36052 0.0369124 0)
(2.36744 0.0346854 0)
(2.34573 0.0321927 1.21419e-20)
(2.35004 0.0300676 -1.08644e-20)
(2.31603 0.0279049 -6.36492e-22)
(2.31886 0.0256397 3.42256e-22)
(2.27161 0.0239527 8.58509e-21)
(2.41437 0.0372854 0)
(2.41621 0.0348097 -9.62643e-21)
(2.42636 0.0327664 -1.03637e-20)
(2.41724 0.0306171 1.55482e-21)
(2.42265 0.0288178 -9.94412e-22)
(2.40297 0.0270299 -8.16408e-22)
(2.40563 0.0253019 1.54063e-21)
(2.37581 0.0239736 9.85277e-21)
(2.37761 0.0220295 9.48901e-22)
(2.33708 0.0213006 -2.92403e-22)
(2.48763 0.0291485 0)
(2.48928 0.0272908 5.18866e-21)
(2.49763 0.0256073 -5.68813e-22)
(2.48845 0.0240356 5.64116e-22)
(2.49146 0.0224797 0)
(2.47224 0.0213134 0)
(2.47234 0.0197603 0)
(2.44377 0.0191464 -1.11871e-20)
(2.44389 0.0173788 1.0467e-20)
(2.40544 0.0174455 0)
(2.57956 0.0217575 0)
(2.58017 0.0203886 3.31664e-21)
(2.58662 0.0189225 4.25436e-21)
(2.5767 0.0177869 5.49321e-21)
(2.57778 0.0163242 -1.04238e-21)
(2.55793 0.0155749 6.40991e-21)
(2.55622 0.0140623 -5.73424e-21)
(2.5268 0.0138492 0)
(2.52579 0.0121936 6.35703e-22)
(2.48612 0.0126185 -9.91566e-21)
(2.68442 0.0156954 -7.41791e-22)
(2.68356 0.0146523 -2.69098e-21)
(2.6887 0.0133554 -5.50013e-21)
(2.67813 0.0124638 -3.86462e-21)
(2.67864 0.0110881 0)
(2.65847 0.0104781 -8.15365e-21)
(2.65663 0.00903534 8.22986e-21)
(2.62673 0.00882383 -7.79496e-22)
(2.62571 0.00731866 -5.17969e-21)
(2.58536 0.00758524 1.44153e-20)
(2.79005 0.0112194 7.45598e-22)
(2.78819 0.0103366 -2.09637e-21)
(2.79277 0.00924896 1.86667e-21)
(2.78267 0.00842212 -4.58731e-21)
(2.7838 0.00723831 0)
(2.76523 0.00654674 0)
(2.76455 0.00530197 8.11411e-22)
(2.73712 0.00482334 -7.65558e-21)
(2.73679 0.00355242 -4.70587e-21)
(2.70002 0.00336344 -4.85223e-21)
(2.88344 0.00799028 0)
(2.88179 0.00719414 3.43668e-21)
(2.8862 0.00638586 -1.25195e-21)
(2.87826 0.00556621 4.09113e-21)
(2.88029 0.00468114 1.09393e-21)
(2.86577 0.00387307 -9.12914e-22)
(2.86635 0.00292805 1.71567e-21)
(2.84502 0.00218676 5.30118e-21)
(2.84526 0.00119939 0)
(2.81698 0.000611607 0)
(2.95728 0.00530516 0)
(2.95686 0.00467456 1.40736e-21)
(2.96091 0.00419878 -2.56187e-21)
(2.95622 0.00348904 0)
(2.95854 0.0029428 -2.13223e-21)
(2.9495 0.00216594 -9.24019e-22)
(2.95055 0.0015401 -2.57971e-21)
(2.93716 0.000743241 -7.49902e-22)
(2.93741 3.76847e-05 3.90456e-22)
(2.91984 -0.000689603 3.26813e-22)
(3.01007 0.00280078 0)
(3.01081 0.00248091 -1.41409e-21)
(3.01398 0.00234259 -1.27312e-21)
(3.01223 0.00192252 1.75154e-21)
(3.01408 0.0016993 1.02024e-21)
(3.00994 0.00117267 9.70084e-22)
(3.01065 0.000843077 4.31245e-21)
(3.0043 0.000245331 -3.14145e-21)
(3.00407 -0.000193966 7.30336e-22)
(2.9958 -0.000792134 0)
(3.03904 0.000640765 0)
(3.04025 0.000651727 6.90544e-22)
(3.04254 0.000736519 -6.59049e-22)
(3.04237 0.000686457 6.21619e-22)
(3.04359 0.000704294 0)
(3.04221 0.000570546 -9.74869e-22)
(3.04242 0.000501264 8.47134e-22)
(3.04005 0.000292603 7.52131e-22)
(3.03933 0.000133868 0)
(3.03629 -0.000121795 0)
(1.12601 0.226103 0)
(1.06431 0.246654 -5.45185e-20)
(1.01537 0.274708 0)
(0.975729 0.311229 -1.8053e-19)
(0.941128 0.355801 6.83521e-20)
(0.909103 0.410053 2.18757e-21)
(0.876294 0.474131 6.04139e-20)
(0.824864 0.536394 -6.84467e-21)
(0.69815 0.543619 0)
(0.386511 0.332719 6.37239e-20)
(1.21736 0.228644 9.96998e-20)
(1.15687 0.255237 5.45174e-20)
(1.10756 0.281966 -5.19339e-20)
(1.06634 0.317302 6.08084e-20)
(1.03137 0.36184 -5.23453e-20)
(1.00143 0.416131 7.20767e-21)
(0.97241 0.47977 -6.18202e-20)
(0.923501 0.540382 -1.23549e-19)
(0.788925 0.544188 -3.2803e-20)
(0.437404 0.327986 -9.33041e-20)
(1.30367 0.227244 -4.42173e-20)
(1.24724 0.25607 4.58132e-20)
(1.1988 0.282169 5.19323e-20)
(1.15618 0.316658 5.32801e-20)
(1.12057 0.360692 5.45025e-20)
(1.09233 0.414146 5.53425e-20)
(1.06655 0.475999 8.59732e-21)
(1.01899 0.5329 5.41303e-20)
(0.874713 0.531411 2.16556e-20)
(0.482464 0.313257 -2.31168e-20)
(1.38741 0.223317 8.83043e-20)
(1.3336 0.252616 -4.58113e-20)
(1.28589 0.277868 0)
(1.24258 0.310968 0)
(1.20676 0.353416 0)
(1.17998 0.404755 4.18681e-20)
(1.15651 0.463253 -3.61391e-20)
(1.10839 0.514135 0)
(0.95178 0.505462 1.566e-20)
(0.518491 0.28892 -3.21047e-20)
(1.46608 0.216631 -1.64868e-20)
(1.41355 0.245087 5.97263e-20)
(1.36638 0.269285 0)
(1.32314 0.300628 0)
(1.28774 0.340589 1.72568e-20)
(1.26231 0.388612 1.64094e-20)
(1.24 0.442207 2.3294e-20)
(1.18867 0.484868 1.23703e-20)
(1.01643 0.467236 1.8637e-20)
(0.542025 0.256028 -4.2348e-21)
(1.53679 0.207545 4.82495e-20)
(1.48523 0.233876 1.78451e-20)
(1.4386 0.256623 0)
(1.39597 0.285844 0)
(1.36149 0.322637 -4.65151e-20)
(1.33722 0.366374 1.47548e-20)
(1.31461 0.41389 3.80639e-21)
(1.25704 0.446002 -4.91546e-22)
(1.06362 0.418018 -1.34006e-20)
(0.550759 0.217113 -4.91877e-21)
(1.59861 0.196029 -2.7507e-20)
(1.54779 0.219326 2.89421e-20)
(1.50156 0.240319 2.63372e-20)
(1.45975 0.267106 -2.78631e-20)
(1.42642 0.300125 -1.14407e-20)
(1.40283 0.338558 1.21852e-20)
(1.37819 0.378333 -7.14295e-21)
(1.31009 0.399868 7.67178e-21)
(1.09002 0.360939 0)
(0.54378 0.173796 0)
(1.65039 0.182446 -2.31513e-20)
(1.60034 0.202284 2.43596e-20)
(1.5545 0.221183 0)
(1.51354 0.245102 0)
(1.48122 0.273906 0)
(1.45739 0.306213 3.2593e-21)
(1.42772 0.337127 -1.07804e-20)
(1.34349 0.347503 4.34144e-21)
(1.09387 0.298334 0)
(0.520265 0.129118 -3.35495e-21)
(1.69192 0.166991 -9.57032e-21)
(1.64231 0.183063 7.89648e-21)
(1.59671 0.199992 -2.02234e-21)
(1.55662 0.220848 0)
(1.52493 0.244875 -3.00452e-21)
(1.49925 0.270572 7.56817e-21)
(1.46066 0.292011 0)
(1.35477 0.290596 -8.0233e-22)
(1.0726 0.232537 -3.07607e-21)
(0.480388 0.0862436 5.04844e-21)
(1.72245 0.150269 0)
(1.67313 0.163254 2.17325e-21)
(1.62793 0.177709 2.02216e-21)
(1.58871 0.195039 0)
(1.55683 0.214131 9.73117e-22)
(1.52685 0.232889 -1.86571e-21)
(1.47471 0.244409 -2.31004e-22)
(1.34131 0.231175 4.79947e-22)
(1.02423 0.166584 1.48976e-21)
(0.426016 0.0480952 0)
(0.441133 0.0129143 -1.79818e-20)
(0.422528 0.0148923 1.90206e-20)
(0.399802 0.0172183 1.0137e-20)
(0.372046 0.0199455 1.09195e-20)
(0.33795 0.0232021 -1.15948e-20)
(0.295694 0.0271115 -1.88751e-20)
(0.242888 0.0316108 6.77289e-21)
(0.175516 0.035794 -1.47797e-20)
(0.092517 0.0360249 -1.61345e-20)
(0.0252574 0.0221609 0)
(0.456445 0.0386291 0)
(0.437299 0.0445007 -9.49302e-21)
(0.41392 0.0514399 -1.01032e-20)
(0.385702 0.0595697 0)
(0.351417 0.0692702 2.32523e-20)
(0.309233 0.0809218 1.24962e-20)
(0.256707 0.0943607 0)
(0.189497 0.106891 -1.43815e-20)
(0.105234 0.107626 -5.30477e-23)
(0.0326812 0.0663422 -1.70948e-20)
(0.486599 0.0639941 7.13606e-20)
(0.466438 0.0735681 -7.50926e-20)
(0.441806 0.0850024 0)
(0.412699 0.0983809 0)
(0.378059 0.114319 0)
(0.33605 0.133475 -7.43286e-20)
(0.284118 0.155637 1.06491e-19)
(0.217216 0.176424 -2.83986e-20)
(0.130566 0.177858 0)
(0.0475923 0.109934 3.42447e-20)
(0.530664 0.0887182 7.06631e-20)
(0.509132 0.101686 -7.43572e-20)
(0.482752 0.117426 -7.94626e-20)
(0.452401 0.135806 -6.6606e-22)
(0.417288 0.157645 1.35266e-19)
(0.375585 0.183913 -4.82864e-20)
(0.32459 0.214408 5.24258e-20)
(0.25823 0.24325 -1.12915e-19)
(0.168248 0.245726 6.11007e-20)
(0.0699317 0.152325 0)
(0.58731 0.112422 -1.73624e-19)
(0.56421 0.128407 3.62963e-20)
(0.535734 0.148236 0)
(0.503888 0.171308 0)
(0.468252 0.1986 4.50848e-20)
(0.427031 0.23143 -1.41093e-19)
(0.377354 0.269694 1.00943e-19)
(0.311874 0.306236 -1.08403e-19)
(0.217819 0.31009 1.59689e-21)
(0.099532 0.192788 -6.18232e-20)
(0.654935 0.134546 2.38417e-19)
(0.630223 0.153075 -1.79954e-19)
(0.599408 0.176683 0)
(0.565879 0.204054 0)
(0.529727 0.236283 4.36047e-20)
(0.489224 0.275064 4.66321e-20)
(0.441316 0.32043 4.6022e-20)
(0.377173 0.364164 5.36873e-20)
(0.278542 0.369638 1.2133e-21)
(0.136039 0.230381 1.2247e-19)
(0.731854 0.154869 -1.35768e-19)
(0.705635 0.175824 -6.84696e-20)
(0.672408 0.203051 0)
(0.63719 0.234192 0)
(0.600639 0.270531 0)
(0.561083 0.314288 -8.79405e-20)
(0.515321 0.365747 8.91962e-20)
(0.452951 0.415842 0)
(0.349379 0.422936 -5.31376e-20)
(0.178824 0.263966 1.13429e-19)
(0.816781 0.171429 -6.54783e-20)
(0.788472 0.194069 6.84705e-20)
(0.752168 0.224583 6.90754e-20)
(0.715187 0.259323 7.29048e-20)
(0.678653 0.299539 7.69149e-20)
(0.640634 0.347772 8.11283e-20)
(0.597651 0.40449 -5.70461e-21)
(0.537617 0.45999 8.9753e-20)
(0.428875 0.468452 -4.90834e-20)
(0.226895 0.292264 5.23934e-20)
(0.909361 0.189625 -1.24872e-19)
(0.878476 0.213907 6.21362e-20)
(0.838685 0.246387 -6.90758e-20)
(0.799846 0.282586 -7.48216e-20)
(0.763156 0.324623 7.02415e-20)
(0.726587 0.375624 -5.54494e-21)
(0.686601 0.436071 -2.45682e-19)
(0.629288 0.495513 -1.68924e-19)
(0.515123 0.504677 4.67842e-20)
(0.278826 0.31395 -4.09545e-20)
(1.0086 0.197894 0)
(0.968023 0.222588 -6.21362e-20)
(0.92466 0.258621 0)
(0.886377 0.298076 6.33506e-20)
(0.851239 0.342722 -2.12356e-19)
(0.816883 0.396225 -1.47178e-19)
(0.780277 0.459367 1.55498e-19)
(0.725878 0.521232 8.19283e-20)
(0.605814 0.530134 0)
(0.332774 0.327774 8.83857e-20)
(0.545449 0.00114578 0)
(0.544626 0.00114777 -1.1261e-21)
(0.543051 0.00117717 1.12021e-21)
(0.541303 0.00124441 0)
(0.539549 0.00134697 -2.23041e-21)
(0.537697 0.00148319 2.21892e-21)
(0.535645 0.00165508 0)
(0.533331 0.00186677 0)
(0.530698 0.00212288 0)
(0.527701 0.00243267 0)
(0.524294 0.00280307 1.09536e-21)
(0.520398 0.00324249 0)
(0.515916 0.00376212 0)
(0.51074 0.00437605 8.73323e-21)
(0.504748 0.00510164 -8.69016e-21)
(0.497795 0.00596004 0)
(0.489709 0.00697799 9.80571e-21)
(0.480289 0.00818678 -1.74e-20)
(0.469268 0.00963018 8.68099e-21)
(0.456381 0.0113868 8.74758e-21)
(0.557765 0.00339316 2.34453e-21)
(0.556987 0.00341177 4.46769e-21)
(0.555518 0.00352181 -4.44616e-21)
(0.553891 0.00373724 2.21863e-21)
(0.552249 0.00405028 2.21227e-21)
(0.550502 0.00446155 8.83444e-21)
(0.548556 0.00497993 -6.59263e-21)
(0.546348 0.00561835 -1.75785e-20)
(0.543827 0.00638941 3.72225e-20)
(0.54095 0.00732062 -1.74557e-20)
(0.537667 0.0084334 -1.63774e-20)
(0.533898 0.00975326 3.69973e-20)
(0.52955 0.0113137 -3.25967e-20)
(0.52452 0.0131569 1.7332e-20)
(0.518688 0.0153346 2.16627e-21)
(0.511917 0.0179097 3.69112e-20)
(0.504037 0.0209622 -3.56728e-20)
(0.494871 0.0245838 0)
(0.484117 0.0289066 2.16535e-21)
(0.471927 0.0341649 0)
(0.5819 0.00561853 -6.96236e-21)
(0.581262 0.00566526 -1.39991e-24)
(0.580014 0.0058713 8.82565e-21)
(0.578604 0.00624531 -4.38238e-21)
(0.577165 0.00677466 -1.09658e-20)
(0.575619 0.00746527 -2.18952e-21)
(0.573876 0.00833433 -2.18601e-21)
(0.571873 0.00940393 -2.18049e-21)
(0.569567 0.0106943 3.05252e-20)
(0.566923 0.012252 8.38376e-23)
(0.563879 0.0141137 -3.90275e-20)
(0.560359 0.016321 -2.16892e-21)
(0.556277 0.0189289 -4.33019e-21)
(0.551536 0.0220068 0)
(0.546025 0.0256404 -3.89898e-20)
(0.539621 0.0299325 3.02079e-20)
(0.532158 0.0350164 0)
(0.523515 0.0410367 -2.15842e-21)
(0.513292 0.0482124 -2.16914e-21)
(0.502491 0.0569468 -2.16024e-21)
(0.617125 0.00786534 2.28493e-21)
(0.616668 0.00793824 6.53056e-21)
(0.61571 0.00822941 0)
(0.614589 0.00875633 -1.9556e-20)
(0.61342 0.00950343 1.73344e-20)
(0.612143 0.0104783 1.95117e-20)
(0.610676 0.0117056 -1.29686e-20)
(0.608953 0.0132158 2.16236e-21)
(0.60695 0.0150333 -2.81126e-20)
(0.604636 0.017221 -7.55815e-23)
(0.601935 0.0198344 3.23115e-20)
(0.598774 0.0229328 -3.45266e-20)
(0.595079 0.0265912 -3.24526e-20)
(0.590767 0.030905 7.31338e-20)
(0.585737 0.0359925 2.15706e-21)
(0.579888 0.041994 6.45669e-21)
(0.573057 0.0490956 -6.91058e-20)
(0.565228 0.0574868 1.90688e-21)
(0.555792 0.0674543 -2.70026e-22)
(0.547039 0.0796521 7.11556e-20)
(0.662378 0.0100705 4.48181e-21)
(0.662107 0.0101716 -1.70846e-20)
(0.661472 0.0105421 8.53342e-21)
(0.66068 0.0112173 4.2708e-21)
(0.659821 0.0121804 0)
(0.658855 0.013436 0)
(0.657711 0.0150141 -4.27257e-21)
(0.656315 0.0169398 0)
(0.654666 0.0193012 -4.27508e-21)
(0.652744 0.0221378 0)
(0.650463 0.0255091 4.279e-21)
(0.647753 0.0294968 -6.84938e-20)
(0.644553 0.0341991 -1.47487e-22)
(0.640799 0.0397383 -4.44287e-21)
(0.636403 0.0462624 6.84708e-20)
(0.631302 0.0539477 -4.29831e-21)
(0.625323 0.0630265 4.27326e-21)
(0.61862 0.073738 -6.88004e-20)
(0.610241 0.0863654 7.2963e-20)
(0.604117 0.102049 1.37461e-19)
(0.716415 0.0121337 4.37346e-21)
(0.716302 0.0122753 -4.1685e-21)
(0.715979 0.0127269 -4.17556e-21)
(0.715515 0.013546 -4.18106e-21)
(0.714962 0.0147215 -3.35348e-20)
(0.714299 0.0162564 6.29328e-20)
(0.713454 0.0181726 -3.77877e-20)
(0.71243 0.0205392 0)
(0.711222 0.0234312 -4.20851e-21)
(0.709726 0.0268986 -4.21377e-21)
(0.707896 0.0310088 -4.21897e-21)
(0.705692 0.0358636 6.35694e-20)
(0.703072 0.0415791 -1.39927e-19)
(0.699986 0.0483095 6.79044e-20)
(0.696367 0.0562228 0)
(0.692198 0.0655435 -4.23858e-21)
(0.687288 0.076522 -1.45016e-19)
(0.682022 0.0894969 1.36504e-19)
(0.674995 0.104552 -4.29441e-21)
(0.671987 0.123701 0)
(0.777953 0.0139233 4.24848e-21)
(0.777942 0.0141323 -1.21831e-20)
(0.777868 0.0146797 4.05609e-21)
(0.777688 0.0156324 2.44927e-20)
(0.777407 0.0169967 4.09338e-21)
(0.776998 0.0187934 -2.46729e-20)
(0.776471 0.0210704 4.09398e-21)
(0.775825 0.0238946 3.3063e-20)
(0.77499 0.027292 8.29292e-21)
(0.773905 0.0313456 7.07479e-20)
(0.77255 0.0361447 -5.83811e-20)
(0.770896 0.0418176 -5.85925e-20)
(0.768926 0.0484793 7.13047e-20)
(0.766603 0.0563291 4.18707e-21)
(0.763901 0.0655144 4.19277e-21)
(0.760846 0.0763541 8.43791e-21)
(0.75724 0.0890102 8.44739e-21)
(0.753706 0.10412 -4.19191e-21)
(0.748241 0.121259 0)
(0.748712 0.144128 1.34132e-19)
(0.845797 0.0153065 -1.23491e-20)
(0.845819 0.0156222 -2.28289e-24)
(0.84587 0.0162992 -3.95308e-21)
(0.845861 0.0173955 -3.57834e-20)
(0.845771 0.0189505 2.39575e-20)
(0.845615 0.0210003 -4.01793e-21)
(0.845386 0.0236062 0)
(0.845025 0.0268082 0)
(0.844512 0.030653 -8.14215e-21)
(0.843812 0.0352483 -4.07974e-21)
(0.842937 0.0406752 -4.11912e-21)
(0.841844 0.0471064 -4.13832e-21)
(0.840573 0.054616 0)
(0.839065 0.063507 -8.30759e-21)
(0.837398 0.0737929 -4.1894e-21)
(0.835561 0.0860668 -8.3475e-21)
(0.833496 0.100061 -4.2128e-21)
(0.831974 0.11722 -1.29166e-19)
(0.828695 0.135575 1.33988e-19)
(0.833313 0.162322 0)
(0.918985 0.0161881 0)
(0.918976 0.0166329 3.80631e-21)
(0.919024 0.0174523 1.9188e-21)
(0.919073 0.018667 0)
(0.919104 0.0203634 3.49673e-20)
(0.9191 0.022625 -3.12912e-20)
(0.919053 0.0254761 6.49632e-20)
(0.918915 0.0289845 -6.34334e-20)
(0.918705 0.0331943 5.98838e-21)
(0.918374 0.0382474 2.02443e-21)
(0.918002 0.0441863 0)
(0.917483 0.0512762 0)
(0.917017 0.0594755 0)
(0.916371 0.0693452 1.35098e-19)
(0.915979 0.0805506 -2.63278e-19)
(0.915426 0.0944396 4.89526e-21)
(0.915336 0.109682 1.32531e-19)
(0.915884 0.129903 0)
(0.915476 0.14959 0)
(0.92496 0.181706 1.30169e-19)
(0.996953 0.0168308 0)
(0.996936 0.0173151 -1.46749e-20)
(0.996865 0.0181322 -1.29515e-20)
(0.996833 0.01932 2.98919e-20)
(0.996901 0.0210191 3.01453e-20)
(0.996999 0.0233611 -9.12494e-20)
(0.997113 0.0263637 5.9478e-20)
(0.997178 0.0300886 0)
(0.99731 0.0345347 -1.95562e-21)
(0.997398 0.0398946 -6.08725e-20)
(0.997708 0.04613 1.2676e-19)
(0.997916 0.0536419 -6.39248e-20)
(0.998687 0.0621437 0)
(0.999191 0.0725719 -1.2867e-19)
(1.00106 0.0838697 2.58968e-19)
(1.00225 0.0985221 -1.30312e-19)
(1.0064 0.113021 0)
(1.00956 0.134854 -1.27817e-19)
(1.01578 0.152396 1.29154e-19)
(1.03156 0.192608 -2.00467e-21)
(1.0774 0.0172747 0)
(1.07726 0.0176931 0)
(1.07701 0.0183809 0)
(1.07692 0.0194736 0)
(1.07708 0.0211773 0)
(1.07729 0.0236248 0)
(1.07754 0.0267747 0)
(1.0777 0.0306967 0)
(1.07807 0.0353606 0)
(1.07834 0.041056 0)
(1.07917 0.0476425 0)
(1.07965 0.0557417 0)
(1.08155 0.0647337 0)
(1.08225 0.0762081 0)
(1.08667 0.0879975 0)
(1.08716 0.10476 0)
(1.09808 0.11886 0)
(1.09609 0.145878 0)
(1.12667 0.157313 0)
(1.11175 0.210887 0)
(1.16288 0.0172809 0)
(1.16265 0.0175378 0)
(1.16247 0.0179977 0)
(1.16268 0.0189563 0)
(1.16334 0.0206726 0)
(1.16402 0.0231895 0)
(1.16474 0.0263394 0)
(1.16528 0.0302003 0)
(1.16619 0.0347095 0)
(1.16685 0.0402338 0)
(1.16847 0.0464896 0)
(1.16925 0.0542407 0)
(1.17241 0.0625341 0)
(1.17306 0.0733235 0)
(1.17988 0.0837267 0)
(1.1792 0.0990813 0)
(1.19507 0.110698 0)
(1.18863 0.13358 0)
(1.22708 0.142035 0)
(1.19995 0.176126 0)
(1.25416 0.0190354 0)
(1.25446 0.0185361 0)
(1.25495 0.0178816 0)
(1.25604 0.0182326 0)
(1.2576 0.0198358 0)
(1.2589 0.022395 0)
(1.26014 0.0255026 0)
(1.26103 0.0292461 0)
(1.26252 0.0335558 0)
(1.26351 0.0388582 0)
(1.26589 0.0447592 0)
(1.26682 0.0520746 0)
(1.27108 0.0596951 0)
(1.27145 0.0695976 0)
(1.28007 0.0788453 0)
(1.27817 0.092282 0)
(1.29669 0.102231 0)
(1.28722 0.120485 0)
(1.32771 0.127993 0)
(1.29615 0.152211 0)
(1.3566 0.0200287 0)
(1.35593 0.0186515 0)
(1.35678 0.0168631 0)
(1.35919 0.0167914 0)
(1.36184 0.0184788 0)
(1.36359 0.0211765 0)
(1.36508 0.0242715 0)
(1.36607 0.0279122 0)
(1.36793 0.0320539 0)
(1.36899 0.0371524 0)
(1.3719 0.0427448 0)
(1.37266 0.0496324 0)
(1.37772 0.0566853 0)
(1.37752 0.0657354 0)
(1.38736 0.0740786 0)
(1.38414 0.0858331 0)
(1.40417 0.0946052 0)
(1.39221 0.109676 0)
(1.43366 0.116566 0)
(1.39888 0.135826 0)
(1.47108 0.0153546 0)
(1.46954 0.0140089 0)
(1.471 0.0127654 0)
(1.47476 0.0136504 0)
(1.47814 0.0161583 0)
(1.4797 0.0192733 0)
(1.48085 0.0225021 0)
(1.4814 0.0261763 0)
(1.48317 0.0302825 0)
(1.4838 0.0352528 0)
(1.48677 0.0405979 0)
(1.48689 0.0470724 0)
(1.49227 0.0536169 0)
(1.4911 0.0618573 0)
(1.50157 0.0694123 0)
(1.4968 0.0797246 0)
(1.51759 0.0875172 0)
(1.5034 0.100227 0)
(1.54492 0.106409 0)
(1.50783 0.12214 0)
(1.60115 0.00536421 0)
(1.59911 0.00672299 0)
(1.60089 0.00911805 0)
(1.60475 0.0125493 0)
(1.60724 0.0159543 0)
(1.60721 0.0189916 0)
(1.60702 0.0219424 0)
(1.60629 0.0254269 0)
(1.60723 0.029383 0)
(1.60671 0.0341122 0)
(1.60907 0.0391234 0)
(1.60799 0.0450898 0)
(1.61308 0.0510927 0)
(1.61058 0.0585032 0)
(1.62102 0.0653175 0)
(1.61466 0.074318 0)
(1.63531 0.0812492 0)
(1.61943 0.09197 0)
(1.65965 0.0974923 0)
(1.62195 0.110324 0)
(1.74985 -0.0159162 0)
(1.74622 -0.010463 0)
(1.74464 0.00108758 0)
(1.74382 0.0109641 0)
(1.74182 0.0166099 0)
(1.73839 0.0198011 0)
(1.73609 0.0225177 0)
(1.73365 0.0258381 0)
(1.73331 0.0296476 0)
(1.73127 0.0340818 0)
(1.73264 0.0387034 0)
(1.73021 0.0440876 0)
(1.73465 0.0495151 0)
(1.73091 0.05607 0)
(1.74077 0.0621645 0)
(1.73329 0.0699331 0)
(1.75285 0.0760752 0)
(1.7365 0.085058 0)
(1.77373 0.0899963 0)
(1.738 0.100447 0)
(1.86307 -0.01801 0)
(1.86989 -0.0109333 0)
(1.87286 0.00313435 0)
(1.86739 0.014364 0)
(1.86014 0.0199833 0)
(1.85416 0.0225979 0)
(1.85134 0.0247739 0)
(1.84868 0.0276528 0)
(1.8481 0.0310628 0)
(1.84548 0.0350072 0)
(1.84644 0.039124 0)
(1.84348 0.0438607 0)
(1.84752 0.048681 0)
(1.84343 0.0543899 0)
(1.85255 0.0597723 0)
(1.84515 0.0664167 0)
(1.8629 0.0718008 0)
(1.84794 0.0793163 0)
(1.88065 0.083669 0)
(1.8499 0.0922514 0)
(1.97733 0.00771286 0)
(1.98467 0.0121629 0)
(1.98471 0.0190934 0)
(1.97366 0.0242121 0)
(1.96166 0.0265111 0)
(1.95324 0.0275892 0)
(1.94962 0.0288768 0)
(1.94666 0.0309492 0)
(1.94577 0.0335681 0)
(1.94286 0.0367253 0)
(1.9435 0.0401354 0)
(1.94057 0.0441323 0)
(1.94425 0.0482616 0)
(1.94065 0.053137 0)
(1.94887 0.0577572 0)
(1.94279 0.0634006 0)
(1.95819 0.0679847 0)
(1.94645 0.0743164 0)
(1.97362 0.0779834 0)
(1.95034 0.0851876 0)
(2.0454 0.0392616 0)
(2.05346 0.0378185 0)
(2.05344 0.0348915 0)
(2.04155 0.0320103 0)
(2.02921 0.0304609 0)
(2.02127 0.0304549 0)
(2.01845 0.031474 0)
(2.01635 0.0331517 0)
(2.0161 0.0351641 0)
(2.01404 0.0376658 0)
(2.01518 0.0404443 0)
(2.01336 0.0438293 0)
(2.01725 0.0473059 0)
(2.01521 0.0514848 0)
(2.02286 0.0553336 0)
(2.01929 0.0601695 0)
(2.03252 0.0639042 0)
(2.02529 0.0693569 0)
(2.04708 0.0722148 0)
(2.03245 0.0784914 0)
(2.0641 0.0844942 0)
(2.07096 0.0773684 0)
(2.07214 0.0603563 0)
(2.06535 0.0452484 0)
(2.05893 0.0372124 0)
(2.05544 0.0347072 0)
(2.05535 0.0346068 0)
(2.05529 0.0353522 0)
(2.05669 0.0363667 0)
(2.05658 0.0379865 0)
(2.05924 0.0399418 0)
(2.0595 0.0426569 0)
(2.06444 0.045374 0)
(2.06476 0.0489051 0)
(2.0727 0.0519046 0)
(2.07222 0.0560793 0)
(2.08437 0.058885 0)
(2.08179 0.0637097 0)
(2.09997 0.0656424 0)
(2.09309 0.0713481 0)
(2.08079 0.0960712 0)
(2.07253 0.0864371 0)
(2.06572 0.0661907 0)
(2.06449 0.048481 0)
(2.0667 0.038833 0)
(2.06894 0.0354778 0)
(2.07164 0.0347822 0)
(2.07333 0.0349658 0)
(2.07644 0.0352997 0)
(2.07847 0.036299 0)
(2.0832 0.0375521 0)
(2.08585 0.0397028 0)
(2.09267 0.041672 0)
(2.09548 0.0446432 0)
(2.10492 0.0467832 0)
(2.10726 0.0504228 0)
(2.12024 0.0522784 0)
(2.12107 0.0566549 0)
(2.13893 0.0576155 0)
(2.1366 0.0629911 0)
(2.03482 0.0670097 0)
(2.02721 0.0593135 0)
(2.02609 0.0474088 0)
(2.03577 0.03725 0)
(2.04954 0.031548 0)
(2.06077 0.0296758 0)
(2.06994 0.0294102 0)
(2.07659 0.0297218 0)
(2.08438 0.0299663 0)
(2.09076 0.0308109 0)
(2.09987 0.031702 0)
(2.10628 0.0335221 0)
(2.11695 0.0349413 0)
(2.12276 0.0375053 0)
(2.13572 0.0389634 0)
(2.14031 0.0421957 0)
(2.15678 0.0432845 0)
(2.15891 0.0473141 0)
(2.18062 0.0474838 0)
(2.17813 0.0525996 0)
(2.03545 0.0392867 0)
(2.02967 0.0349591 0)
(2.03394 0.0282123 0)
(2.05146 0.0227073 0)
(2.07361 0.0198553 0)
(2.09182 0.0192674 0)
(2.10662 0.0194424 0)
(2.11767 0.0199061 0)
(2.12985 0.0202082 0)
(2.13988 0.0210586 0)
(2.15302 0.0218439 0)
(2.16216 0.0234993 0)
(2.17641 0.024668 0)
(2.1838 0.0269652 0)
(2.20029 0.0281161 0)
(2.20512 0.0310231 0)
(2.22569 0.0317973 0)
(2.22613 0.0354379 0)
(2.25351 0.0353451 0)
(2.24619 0.0399777 0)
(2.16986 0.00929266 0)
(2.16344 0.00791838 0)
(2.16833 0.00314171 0)
(2.18755 -0.00016483 0)
(2.21123 -0.000314842 0)
(2.22969 0.00138256 0)
(2.24424 0.00325497 0)
(2.25442 0.00498949 0)
(2.26618 0.00628256 0)
(2.27518 0.00781586 0)
(2.28798 0.00914897 0)
(2.29564 0.0110284 0)
(2.3096 0.0124541 0)
(2.3149 0.0146887 0)
(2.33143 0.0160357 0)
(2.33335 0.0186599 0)
(2.35469 0.0196754 0)
(2.35098 0.0227604 0)
(2.38051 0.0230643 0)
(2.36704 0.0267796 0)
(2.45024 -0.0321992 0)
(2.43842 -0.0229719 0)
(2.43615 -0.014963 0)
(2.44927 -0.0101676 0)
(2.46637 -0.00822191 0)
(2.47697 -0.00742407 0)
(2.48357 -0.00654908 0)
(2.48592 -0.00501884 0)
(2.49055 -0.00323224 0)
(2.49269 -0.00124995 0)
(2.4993 0.000514697 0)
(2.50086 0.00238953 0)
(2.50936 0.00398505 0)
(2.50928 0.00593438 0)
(2.5209 0.00746875 0)
(2.51812 0.00957975 0)
(2.53478 0.0109008 0)
(2.52721 0.0131592 0)
(2.55181 0.0140068 0)
(2.53586 0.0164724 0)
(2.77553 -0.103661 0)
(2.75616 -0.0899828 0)
(2.73577 -0.0547257 0)
(2.72579 -0.0231299 0)
(2.72282 -0.0074693 0)
(2.71981 -0.00368248 0)
(2.71712 -0.00381173 0)
(2.71214 -0.00346702 0)
(2.70953 -0.00196711 0)
(2.70502 -0.000207874 0)
(2.7048 0.00126663 0)
(2.701 0.00244476 0)
(2.70351 0.00350857 0)
(2.69964 0.00461286 0)
(2.70543 0.00571088 0)
(2.70047 0.00692079 0)
(2.71055 0.00796671 0)
(2.70302 0.00921671 0)
(2.71904 0.0100151 0)
(2.70674 0.011307 0)
(2.80617 -0.0813314 0)
(2.82578 -0.0769091 0)
(2.83773 -0.0504415 0)
(2.82743 -0.0222782 0)
(2.81322 -0.00603976 0)
(2.80552 -0.000463517 0)
(2.80597 0.000601484 0)
(2.80797 0.000913102 0)
(2.81112 0.00164609 0)
(2.81157 0.0024562 0)
(2.81414 0.00320241 0)
(2.81414 0.00370638 0)
(2.81813 0.0042211 0)
(2.81794 0.00466632 0)
(2.82358 0.00522619 0)
(2.82255 0.00576909 0)
(2.83034 0.00634314 0)
(2.82785 0.00695105 0)
(2.83867 0.00737954 0)
(2.83385 0.00805228 0)
(2.85768 0.0593679 0)
(2.88181 0.0550311 0)
(2.90116 0.0287491 0)
(2.89661 0.00364674 0)
(2.88544 -0.00701025 0)
(2.88027 -0.00715533 0)
(2.8825 -0.00453203 0)
(2.88669 -0.00300324 0)
(2.89153 -0.00256807 0)
(2.89451 -0.00240084 0)
(2.89828 -0.00191603 0)
(2.90043 -0.00130214 0)
(2.90456 -0.000587066 0)
(2.90647 1.11439e-05 0)
(2.91125 0.000639543 0)
(2.9127 0.00119396 0)
(2.91837 0.00176082 0)
(2.91918 0.00231145 0)
(2.92617 0.00273417 0)
(2.92614 0.00327723 0)
(3.05706 0.0661729 0)
(3.03581 0.0623358 0)
(3.01536 0.0354927 0)
(3.01117 0.00844765 0)
(3.01344 -0.00433189 0)
(3.01203 -0.00610646 0)
(3.00723 -0.00449099 0)
(3.0015 -0.00338588 0)
(2.99734 -0.00310365 0)
(2.99373 -0.0030471 0)
(2.99145 -0.00279244 0)
(2.9889 -0.00240173 0)
(2.98773 -0.00194654 0)
(2.98606 -0.00155596 0)
(2.98615 -0.00117512 0)
(2.98535 -0.000847971 0)
(2.98661 -0.000519991 0)
(2.98649 -0.00022291 0)
(2.98885 3.41104e-05 0)
(2.98939 0.000293864 0)
(1.19929 0.196408 -1.67473e-21)
(1.28641 0.185852 -1.00441e-19)
(1.37013 0.180689 0)
(1.4517 0.176462 -8.38416e-20)
(1.5293 0.171531 0)
(1.59863 0.166145 -6.49025e-20)
(1.65875 0.1597 2.92133e-20)
(1.70852 0.151966 -8.20538e-22)
(1.74797 0.142911 0)
(1.77648 0.132079 0)
(1.28494 0.16866 1.08535e-19)
(1.37629 0.163406 0)
(1.4621 0.162144 9.03322e-20)
(1.54023 0.161354 0)
(1.61338 0.158245 -2.17895e-21)
(1.67789 0.153569 3.47959e-20)
(1.73347 0.147396 1.99422e-22)
(1.77853 0.140105 -7.20758e-22)
(1.81404 0.131285 7.19691e-22)
(1.83887 0.121467 2.31765e-21)
(1.37845 0.151114 -1.07397e-19)
(1.46715 0.14867 0)
(1.55255 0.146883 -8.726e-20)
(1.62773 0.145828 -2.65724e-21)
(1.69701 0.143049 7.30964e-20)
(1.7575 0.138735 -3.26811e-20)
(1.81003 0.133056 1.07273e-21)
(1.85124 0.126754 -8.46832e-22)
(1.88416 0.11888 0)
(1.90569 0.110684 -4.75556e-21)
(1.47951 0.136051 0)
(1.5646 0.134631 9.55482e-20)
(1.64787 0.132726 -2.63011e-21)
(1.71962 0.131693 5.01563e-21)
(1.78415 0.12977 -7.76501e-20)
(1.83923 0.12626 2.16169e-21)
(1.88792 0.121178 -2.90849e-20)
(1.92471 0.115531 0)
(1.95542 0.108521 -1.18371e-20)
(1.97344 0.101376 2.77149e-21)
(1.5861 0.122788 -1.00447e-19)
(1.66614 0.12243 1.71442e-21)
(1.74476 0.121079 -5.41419e-21)
(1.81174 0.120021 4.95835e-21)
(1.87082 0.118507 -2.36921e-21)
(1.91982 0.11552 -1.94856e-21)
(1.96416 0.110945 2.82154e-21)
(1.99642 0.105685 1.16054e-20)
(2.0251 0.0994532 1.23338e-20)
(2.03976 0.0930188 0)
(1.69588 0.111419 1.9739e-19)
(1.76913 0.111883 -1.85097e-19)
(1.84078 0.111099 -2.55672e-21)
(1.90139 0.109949 2.55947e-21)
(1.95416 0.108513 0)
(1.99667 0.105833 3.29232e-20)
(2.03609 0.101755 8.84131e-22)
(2.06393 0.0967753 -1.4986e-20)
(2.09049 0.0912545 7.94253e-22)
(2.10253 0.0853176 -2.70642e-21)
(1.80474 0.101898 -9.69742e-20)
(1.86912 0.102888 9.40943e-20)
(1.93178 0.102499 -5.26617e-21)
(1.98461 0.101211 2.5344e-21)
(2.03043 0.0995907 3.58064e-20)
(2.06653 0.0969695 -1.94031e-21)
(2.10089 0.0932565 3.21791e-20)
(2.12484 0.088521 0)
(2.14926 0.0835846 6.19643e-21)
(2.15971 0.0780826 2.71978e-21)
(1.90678 0.0938086 0)
(1.96065 0.0949746 0)
(2.01316 0.094695 0)
(2.05759 0.0931558 4.07757e-20)
(2.09656 0.0911648 -7.38547e-20)
(2.12693 0.0884202 4.07648e-23)
(2.1568 0.0849359 -1.41463e-20)
(2.1777 0.0804853 -1.7337e-21)
(2.20035 0.0760279 -1.17262e-20)
(2.21013 0.07101 0)
(1.99579 0.0865296 -4.56829e-20)
(2.03869 0.0875091 0)
(2.08124 0.0870473 -2.47308e-21)
(2.11791 0.0851532 -3.35862e-20)
(2.15113 0.0827134 3.33978e-20)
(2.17726 0.0797622 -3.31582e-20)
(2.20396 0.0764164 -1.52874e-20)
(2.22299 0.0723027 -8.38362e-22)
(2.24466 0.0682739 1.36463e-20)
(2.25451 0.063791 0)
(2.06695 0.0793159 8.99497e-20)
(2.10036 0.0797736 0)
(2.13497 0.0788891 -2.4508e-21)
(2.16606 0.0765961 -3.33023e-20)
(2.19582 0.073748 -2.31732e-21)
(2.21996 0.0706184 2.0004e-21)
(2.24541 0.0673979 1.44067e-20)
(2.26406 0.0636755 -1.60798e-20)
(2.28569 0.0600966 -6.01344e-21)
(2.29624 0.0561785 3.89807e-22)
(2.1198 0.0714258 -4.2937e-20)
(2.14746 0.0711058 1.20716e-21)
(2.17806 0.0696563 -2.60273e-21)
(2.20718 0.0670226 4.0288e-20)
(2.23661 0.0639334 -2.3146e-21)
(2.26145 0.0607714 0)
(2.28772 0.0577355 6.31116e-23)
(2.30746 0.0544828 -1.01764e-22)
(2.32981 0.0513639 -6.65709e-21)
(2.34145 0.048155 0)
(2.16128 0.0622006 -1.31806e-21)
(2.18886 0.0610125 3.87545e-21)
(2.22058 0.0590278 -4.98866e-21)
(2.25188 0.0562458 4.73081e-21)
(2.28408 0.0532086 -2.31271e-21)
(2.31184 0.0502506 -2.01853e-21)
(2.34036 0.0475549 -1.26725e-20)
(2.36196 0.044824 1.2694e-20)
(2.38529 0.0422327 1.43103e-20)
(2.39794 0.0396212 0)
(2.20801 0.0510796 0)
(2.2414 0.0492811 -4.11902e-20)
(2.27863 0.0470881 0)
(2.31489 0.0445323 1.88255e-20)
(2.35126 0.0419301 0)
(2.38235 0.0394793 0)
(2.41293 0.0373092 9.48209e-22)
(2.43585 0.0351675 -9.5623e-22)
(2.45934 0.0331473 -6.77642e-21)
(2.47216 0.0310272 0)
(2.28529 0.0383121 4.04832e-20)
(2.32631 0.0365917 4.22238e-20)
(2.36916 0.0347975 0)
(2.40915 0.0329249 2.23251e-21)
(2.44768 0.0310909 -2.01239e-20)
(2.47971 0.0293822 -2.03157e-21)
(2.5101 0.0278366 -5.87246e-21)
(2.53227 0.0263316 -8.89821e-22)
(2.55429 0.0248177 -2.55086e-21)
(2.56587 0.023277 0)
(2.41094 0.0257949 -6.19349e-20)
(2.45417 0.024912 -2.01568e-20)
(2.49688 0.0240346 -2.36359e-21)
(2.53512 0.0230735 -1.40409e-20)
(2.57081 0.0220764 3.33073e-20)
(2.59954 0.0210784 0)
(2.62637 0.0201042 8.91202e-21)
(2.64516 0.0191157 -9.68645e-22)
(2.66396 0.0180259 3.46296e-21)
(2.67299 0.016924 8.04898e-22)
(2.57376 0.0164759 2.03827e-20)
(2.60979 0.0165624 2.24539e-20)
(2.64454 0.016534 1.45054e-20)
(2.67489 0.0162386 2.40381e-21)
(2.70303 0.015779 -1.77957e-20)
(2.7251 0.015186 0)
(2.74596 0.0145595 7.99007e-21)
(2.75992 0.0138534 -4.65755e-21)
(2.77463 0.0130553 9.10251e-22)
(2.78081 0.0121971 -8.09056e-22)
(2.73189 0.011644 2.0031e-20)
(2.75598 0.0120112 0)
(2.77968 0.0122004 -2.15977e-20)
(2.80046 0.0120281 1.3899e-20)
(2.82021 0.0116741 -2.29621e-21)
(2.83558 0.0111498 2.04324e-21)
(2.85067 0.0106513 -9.12519e-21)
(2.86049 0.0100443 -1.8925e-21)
(2.8716 0.00944702 9.16686e-22)
(2.8759 0.00871376 0)
(2.84951 0.0081701 -8.73677e-21)
(2.86508 0.00832717 1.1277e-21)
(2.88103 0.00838114 -2.45566e-21)
(2.89535 0.00814955 2.21874e-21)
(2.90937 0.00782854 -2.29251e-21)
(2.92043 0.00738357 4.23306e-21)
(2.93154 0.00704922 0)
(2.93892 0.00660492 3.79031e-21)
(2.94745 0.00626266 -1.77686e-21)
(2.9511 0.00572046 4.13445e-22)
(2.93554 0.00344044 -9.7963e-21)
(2.94532 0.00359438 2.36058e-21)
(2.95576 0.00367791 1.36043e-24)
(2.96539 0.00357922 -6.83752e-21)
(2.97503 0.00346585 -2.21398e-21)
(2.98278 0.00329077 -8.40612e-21)
(2.99061 0.00324324 3.06021e-21)
(2.99606 0.00311273 -3.5722e-23)
(3.00224 0.00309105 1.78558e-21)
(3.00541 0.0028877 -4.15615e-22)
(2.99317 0.000440457 0)
(2.99774 0.00050683 0)
(3.00342 0.000498167 -7.04755e-21)
(3.00902 0.00041051 2.37805e-21)
(3.01502 0.00034014 2.22583e-21)
(3.01998 0.000284053 2.13358e-21)
(3.02515 0.000320389 9.80454e-22)
(3.02889 0.000360795 -2.88422e-21)
(3.03316 0.000472363 9.36801e-22)
(3.0357 0.000533218 0)
)
;

boundaryField
{
    bottom
    {
        type            symmetryPlane;
    }
    right
    {
        type            zeroGradient;
    }
    top
    {
        type            symmetryPlane;
    }
    left
    {
        type            zeroGradient;
    }
    cylinder
    {
        type            noSlip;
    }
    defaultFaces
    {
        type            empty;
    }
}


// ************************************************************************* //
