/*--------------------------------*- C++ -*----------------------------------*\
| =========                 |                                                 |
| \\      /  F ield         | OpenFOAM: The Open Source CFD Toolbox           |
|  \\    /   O peration     | Version:  4.1                                   |
|   \\  /    A nd           | Web:      www.OpenFOAM.org                      |
|    \\/     M anipulation  |                                                 |
\*---------------------------------------------------------------------------*/
FoamFile
{
    version     2.0;
    format      ascii;
    class       volVectorField;
    location    "7.6";
    object      U;
}
// * * * * * * * * * * * * * * * * * * * * * * * * * * * * * * * * * * * * * //

dimensions      [0 1 -1 0 0 0 0];

internalField   nonuniform List<vector> 
2000
(
(-0.0405233 0.0347829 5.39277e-20)
(-0.0122985 0.0383312 0)
(0.111009 0.0196534 8.69272e-20)
(0.31308 -0.00630996 3.90859e-20)
(0.56986 -0.0296188 -7.2824e-20)
(0.846398 -0.0466195 -9.85979e-20)
(1.11041 -0.055838 3.11545e-20)
(1.33475 -0.064502 0)
(1.52744 -0.0614297 -2.50782e-20)
(1.63974 -0.0769161 0)
(-0.035019 0.027067 -2.67299e-20)
(0.0359922 0.0147355 2.38614e-20)
(0.229461 -0.0097954 -9.15445e-20)
(0.510817 -0.0318888 -1.22725e-19)
(0.82848 -0.0444793 -9.58752e-22)
(1.12991 -0.0482939 3.24586e-20)
(1.38101 -0.0468182 -3.08866e-20)
(1.5709 -0.0454941 -2.71578e-20)
(1.7022 -0.0406871 2.50774e-20)
(1.77023 -0.0510725 4.29924e-20)
(-0.0218913 0.0172146 2.87428e-20)
(0.111093 -0.0102559 -2.69222e-20)
(0.391715 -0.0334375 4.60389e-20)
(0.748562 -0.0430422 -1.69154e-21)
(1.09787 -0.0403313 3.73883e-20)
(1.38439 -0.0319131 3.36932e-20)
(1.59086 -0.0233607 3.0288e-20)
(1.72391 -0.0189116 2.71576e-20)
(1.80093 -0.0156229 2.32643e-20)
(1.84573 -0.0240782 -2.0552e-20)
(0.00160752 0.00558338 -7.49708e-22)
(0.217899 -0.0330326 -2.86483e-20)
(0.593 -0.0445297 0)
(1.00059 -0.0354636 4.10341e-20)
(1.34122 -0.0185896 -4.0027e-20)
(1.58093 -0.00320176 0)
(1.72884 0.00654082 0)
(1.81024 0.00974399 0)
(1.85309 0.010374 -2.32658e-20)
(1.86917 0.00156618 3.94827e-20)
(0.0382639 -0.00663422 6.7557e-20)
(0.357789 -0.0475988 5.19254e-23)
(0.81675 -0.0374273 2.6864e-20)
(1.23622 -0.00962253 2.165e-20)
(1.53485 0.0156465 1.98718e-20)
(1.715 0.0318466 1.68675e-20)
(1.81012 0.0388805 0)
(1.85535 0.0392412 1.21503e-20)
(1.87478 0.0363157 -5.13503e-20)
(1.88537 0.0268132 6.71197e-20)
(0.0903334 -0.0171369 -1.05916e-19)
(0.525553 -0.0469792 2.06626e-21)
(1.03896 -0.0104863 -5.33434e-20)
(1.43375 0.0306074 4.79122e-20)
(1.67433 0.0575695 -5.76661e-20)
(1.79837 0.0702633 1.86141e-20)
(1.85352 0.0728337 0)
(1.87503 0.0694561 -1.21514e-20)
(1.88428 0.0631723 1.03485e-20)
(1.88968 0.0537994 3.09028e-20)
(0.15856 -0.0226643 0)
(0.708192 -0.0262644 0)
(1.23864 0.0341108 -2.72877e-20)
(1.58555 0.081013 2.54025e-20)
(1.7666 0.104346 -1.85134e-20)
(1.84467 0.110989 1.73816e-20)
(1.87207 0.108174 2.48023e-20)
(1.88031 0.100801 -2.34442e-20)
(1.88387 0.0914665 -1.68051e-20)
(1.88848 0.0814702 8.04467e-21)
(0.24125 -0.019682 2.06726e-20)
(0.888481 0.0153506 0)
(1.40398 0.0926995 -1.28694e-20)
(1.69327 0.138372 4.79716e-20)
(1.82102 0.154311 -3.01194e-20)
(1.86449 0.153466 0)
(1.87425 0.14494 0)
(1.87525 0.133427 0)
(1.877 0.121172 -1.43096e-20)
(1.88126 0.110339 1.36022e-20)
(0.33384 -0.00533164 -1.05721e-20)
(1.05108 0.0750966 -3.80439e-22)
(1.53086 0.161492 -1.47581e-20)
(1.7621 0.200277 5.65844e-21)
(1.8459 0.20633 5.37943e-21)
(1.865 0.197314 7.74041e-21)
(1.86425 0.182923 0)
(1.86205 0.167194 -1.84819e-21)
(1.86327 0.152135 -7.02039e-21)
(1.86769 0.139489 5.37783e-21)
(0.42953 0.0218536 0)
(1.1862 0.148602 -9.07953e-21)
(1.61945 0.236918 0)
(1.79773 0.264812 -3.18509e-21)
(1.84746 0.259469 -2.94536e-21)
(1.85042 0.241982 -3.45604e-21)
(1.84408 0.221636 0)
(1.84089 0.201571 1.84837e-21)
(1.84262 0.183586 1.36248e-21)
(1.84768 0.168503 6.28005e-22)
(-0.0100974 0.00957199 0)
(-0.0397017 0.017396 -4.87552e-21)
(-0.0809914 0.0198824 0)
(-0.120369 0.0200729 -6.4022e-21)
(-0.15535 0.0192399 -2.02745e-21)
(-0.185808 0.0179866 3.79576e-21)
(-0.211924 0.0166346 -3.57468e-21)
(-0.23409 0.015383 3.41322e-21)
(-0.25297 0.0144153 1.40459e-23)
(-0.269812 0.0139384 3.06212e-21)
(-0.0116897 0.0274533 -1.54487e-20)
(-0.0404283 0.0502385 9.65792e-21)
(-0.0781729 0.05767 -9.15316e-21)
(-0.113055 0.058264 4.24472e-21)
(-0.142931 0.0557019 2.01642e-20)
(-0.167636 0.0517605 -7.57417e-21)
(-0.187276 0.0474025 0)
(-0.202089 0.0432672 -3.40173e-21)
(-0.212422 0.0399435 -3.22743e-21)
(-0.219879 0.0381112 0)
(-0.0145968 0.0418216 1.03043e-20)
(-0.0419644 0.0775988 0)
(-0.0733546 0.0897454 2.76638e-20)
(-0.100059 0.0907732 -3.45995e-20)
(-0.120585 0.0863688 8.1447e-21)
(-0.134815 0.0793466 0)
(-0.1428 0.0712478 0)
(-0.14466 0.0631801 0)
(-0.140133 0.0562265 2.6231e-20)
(-0.130278 0.0517562 -2.49295e-20)
(-0.0183127 0.0513159 0)
(-0.0443682 0.0969685 -2.02268e-20)
(-0.0677836 0.113102 3.75794e-20)
(-0.0837799 0.114463 -1.75414e-20)
(-0.0918473 0.108139 1.66143e-20)
(-0.092091 0.0977376 -4.69708e-20)
(-0.0845871 0.0851758 -1.11529e-22)
(-0.069621 0.0717897 2.80443e-20)
(-0.0468618 0.0592463 2.64806e-20)
(-0.0129235 0.0513468 -3.7728e-20)
(-0.0223516 0.0557766 2.16763e-20)
(-0.0475822 0.10724 -4.14229e-20)
(-0.062485 0.125864 -1.36681e-22)
(-0.0661982 0.127046 1.54044e-22)
(-0.0593993 0.118637 1.67843e-20)
(-0.0425622 0.104785 -4.75204e-20)
(-0.015872 0.0875699 0)
(0.0202899 0.0682504 -1.42076e-20)
(0.0658827 0.0487723 1.34253e-20)
(0.129407 0.0349696 -5.09252e-20)
(-0.026435 0.0560607 -2.86809e-22)
(-0.0512781 0.108699 4.19189e-20)
(-0.057553 0.127509 1.93095e-20)
(-0.0475191 0.127249 1.84628e-20)
(-0.0230188 0.116148 1.6886e-20)
(0.0151918 0.0987125 1.59072e-20)
(0.0668509 0.0771993 0)
(0.13163 0.0529655 1.42064e-20)
(0.204739 0.0267642 3.98389e-20)
(0.31283 0.00521631 -1.31557e-20)
(-0.0305627 0.0536006 5.65943e-23)
(-0.0546459 0.102905 2.15606e-20)
(-0.0512084 0.118805 0)
(-0.0246676 0.115069 -3.6212e-20)
(0.0226333 0.100128 3.42512e-20)
(0.0896297 0.0786781 0)
(0.175541 0.0533055 0)
(0.280703 0.0264478 0)
(0.386262 -0.00401521 -2.69309e-20)
(0.554956 -0.0302719 -5.06667e-20)
(-0.0346898 0.0498149 -2.3561e-20)
(-0.0560986 0.0918204 2.20702e-20)
(-0.0392048 0.10148 4.06174e-20)
(0.0102173 0.0921179 4.62266e-22)
(0.0897288 0.0722252 3.45935e-20)
(0.197335 0.0467255 3.22711e-20)
(0.329417 0.0184522 3.02448e-20)
(0.485583 -0.00811316 2.83482e-20)
(0.627883 -0.0385044 2.6927e-20)
(0.858135 -0.0615408 -2.47498e-20)
(-0.038469 0.0455067 -7.37442e-20)
(-0.0526244 0.0769774 -2.19669e-20)
(-0.0144034 0.0778012 -8.14674e-20)
(0.0693827 0.0614024 -3.74175e-20)
(0.195181 0.0366427 4.1658e-22)
(0.356915 0.00882725 -3.20025e-20)
(0.54429 -0.0187327 3.04272e-20)
(0.748519 -0.0420207 -2.83441e-20)
(0.92914 -0.0665143 2.64806e-20)
(1.18347 -0.0791342 -4.98949e-20)
(-0.0409512 0.0406916 4.95592e-20)
(-0.0398333 0.0591299 0)
(0.0324453 0.0498477 4.14908e-20)
(0.166721 0.0269116 -6.00775e-23)
(0.353951 -1.71499e-05 5.46841e-22)
(0.577213 -0.0256268 3.2342e-20)
(0.815622 -0.0461908 -9.13787e-20)
(1.04538 -0.0635219 0)
(1.25217 -0.0750102 -2.64769e-20)
(1.46218 -0.0800972 0)
(-0.285781 0.0137901 0)
(-0.302256 0.0123406 -2.96873e-21)
(-0.316509 0.0105933 5.93259e-21)
(-0.328536 0.00873751 -2.5933e-21)
(-0.338196 0.00676669 0)
(-0.345236 0.00468042 2.80212e-21)
(-0.349435 0.00246504 -2.81601e-21)
(-0.35074 0.000154014 0)
(-0.349074 -0.00231219 0)
(-0.344252 -0.00489536 3.06668e-22)
(-0.336069 -0.00757593 0)
(-0.324353 -0.0103469 0)
(-0.308946 -0.0132142 0)
(-0.289679 -0.0162008 0)
(-0.266282 -0.0193566 -3.19471e-22)
(-0.238379 -0.0227518 3.21126e-22)
(-0.205979 -0.0264678 0)
(-0.169837 -0.0301594 -5.55827e-23)
(-0.126671 -0.0330687 5.58752e-23)
(-0.0611868 -0.0367035 0)
(-0.228101 0.037621 0)
(-0.240613 0.0334072 7.60454e-22)
(-0.250723 0.0283359 0)
(-0.258675 0.0229271 1.14362e-20)
(-0.264487 0.0171604 -1.11163e-20)
(-0.26793 0.0110727 7.30162e-22)
(-0.268746 0.00469772 -5.51226e-21)
(-0.266973 -0.00216586 1.15368e-20)
(-0.262501 -0.00940912 -9.73481e-21)
(-0.255055 -0.0169558 5.41034e-21)
(-0.244494 -0.0247634 4.43639e-21)
(-0.230689 -0.0328019 -7.96742e-21)
(-0.213538 -0.0410663 4.07461e-21)
(-0.192956 -0.0496025 2.02173e-21)
(-0.168794 -0.0585374 -1.59017e-21)
(-0.140898 -0.0679176 3.12296e-22)
(-0.109158 -0.0781227 2.42567e-22)
(-0.074463 -0.0890231 2.45955e-22)
(-0.0382079 -0.098752 -2.47148e-22)
(0.023143 -0.10442 7.73019e-24)
(-0.125896 0.0512796 -7.76024e-22)
(-0.131029 0.044542 -7.61789e-22)
(-0.133673 0.0367142 -7.73343e-22)
(-0.134348 0.0282576 0)
(-0.133274 0.0192003 -1.34066e-20)
(-0.13015 0.00967249 1.04718e-20)
(-0.125193 -0.000556467 0)
(-0.118171 -0.0115067 -1.39811e-21)
(-0.108657 -0.0229737 -6.60269e-22)
(-0.0966352 -0.0349032 8.60123e-21)
(-0.0820093 -0.0472194 -7.0659e-22)
(-0.0646978 -0.0598441 -1.03569e-20)
(-0.0446795 -0.0727153 -5.16695e-22)
(-0.0220269 -0.0857977 -4.36303e-22)
(0.00349691 -0.0990884 -3.99525e-22)
(0.031805 -0.112722 8.34461e-22)
(0.0623451 -0.126997 -7.93185e-22)
(0.0946124 -0.142331 -8.62496e-22)
(0.128427 -0.157565 -1.69287e-22)
(0.178475 -0.167167 2.78181e-23)
(0.00607007 0.0494543 -2.43009e-20)
(0.00978505 0.04197 1.46651e-22)
(0.0167241 0.032485 9.62022e-22)
(0.0251919 0.0217316 2.49799e-20)
(0.0350635 0.0102641 2.31085e-21)
(0.0460825 -0.00212277 7.47257e-22)
(0.0582517 -0.0155474 -2.17974e-20)
(0.0721602 -0.029701 1.28118e-20)
(0.0879164 -0.0445546 1.12901e-20)
(0.105533 -0.0600169 -1.09004e-20)
(0.125065 -0.0759588 6.9381e-22)
(0.146532 -0.092239 1.13089e-20)
(0.169916 -0.108721 5.12397e-22)
(0.195131 -0.125243 4.4576e-21)
(0.222086 -0.141621 -3.11495e-21)
(0.250636 -0.157998 -2.44187e-21)
(0.280236 -0.17436 2.15205e-21)
(0.310997 -0.190917 0)
(0.339722 -0.206749 3.51936e-22)
(0.382492 -0.223089 2.43095e-23)
(0.162037 0.0321556 5.03171e-20)
(0.177623 0.0252929 -2.38611e-20)
(0.192579 0.0149229 2.55047e-20)
(0.210016 0.00278229 0)
(0.228605 -0.010509 -1.55047e-21)
(0.247624 -0.0249731 -2.43673e-20)
(0.267533 -0.0404209 -8.51599e-22)
(0.288547 -0.0568114 8.05911e-22)
(0.310684 -0.074077 2.30337e-20)
(0.333949 -0.0920468 1.32732e-21)
(0.358338 -0.110534 0)
(0.383778 -0.129317 -1.16002e-21)
(0.410201 -0.148185 0)
(0.437427 -0.166879 -9.45974e-22)
(0.465287 -0.185207 0)
(0.49363 -0.202979 0)
(0.521572 -0.220025 5.47386e-22)
(0.550534 -0.236465 -6.59314e-22)
(0.573991 -0.250919 5.83916e-22)
(0.61064 -0.267662 -1.61243e-22)
(0.353835 0.00317247 0)
(0.378804 -0.00355983 -1.61117e-21)
(0.400055 -0.0143498 -5.12424e-20)
(0.423516 -0.0273504 4.96451e-20)
(0.448714 -0.0415993 -1.57772e-21)
(0.474582 -0.0569244 0)
(0.500767 -0.0734693 -2.40059e-20)
(0.527386 -0.0911838 4.5752e-20)
(0.55452 -0.109867 -2.46528e-20)
(0.582068 -0.129274 -1.36099e-21)
(0.609941 -0.14917 -1.28322e-21)
(0.637908 -0.169231 -1.193e-21)
(0.665893 -0.189199 0)
(0.693526 -0.208667 6.31747e-21)
(0.720695 -0.227452 -1.43913e-20)
(0.74713 -0.245112 6.24789e-21)
(0.771901 -0.26152 -5.68472e-22)
(0.796913 -0.276538 -4.13906e-22)
(0.81522 -0.288778 1.67047e-22)
(0.843594 -0.302312 -1.63607e-22)
(0.597007 -0.0305625 5.0598e-20)
(0.626389 -0.0370355 0)
(0.649763 -0.0490208 -1.60714e-21)
(0.675303 -0.0627576 3.18643e-21)
(0.703258 -0.0772336 3.14803e-21)
(0.731919 -0.0929831 1.54419e-21)
(0.760701 -0.110141 1.5096e-21)
(0.789564 -0.128451 -2.16844e-20)
(0.818466 -0.147668 2.59328e-20)
(0.847081 -0.167499 2.36802e-20)
(0.875292 -0.187688 -1.96776e-20)
(0.902586 -0.207789 2.34756e-21)
(0.929043 -0.227563 -8.15383e-21)
(0.953846 -0.246414 1.90544e-21)
(0.97742 -0.264299 8.83608e-21)
(0.998667 -0.280425 6.92466e-22)
(1.01804 -0.295051 -8.15969e-22)
(1.03538 -0.307349 1.01931e-21)
(1.0481 -0.317051 1.54048e-21)
(1.06424 -0.325773 7.81398e-23)
(0.892136 -0.0601705 0)
(0.917276 -0.0676645 -5.1924e-20)
(0.938144 -0.0808204 5.33089e-20)
(0.961572 -0.0948912 -1.59425e-21)
(0.987451 -0.109745 -3.11486e-21)
(1.0141 -0.125997 -1.54276e-21)
(1.04088 -0.14351 -2.98011e-21)
(1.06742 -0.161915 0)
(1.09352 -0.180991 -1.39756e-21)
(1.11855 -0.200403 -1.32757e-21)
(1.14254 -0.219905 -1.2185e-21)
(1.16455 -0.238954 -2.2796e-21)
(1.18514 -0.257403 0)
(1.20269 -0.274478 0)
(1.21894 -0.290394 -8.094e-22)
(1.2309 -0.303959 -6.13411e-21)
(1.24231 -0.316077 4.24513e-21)
(1.24809 -0.324915 -3.75643e-22)
(1.25439 -0.332079 -7.71885e-22)
(1.25486 -0.335829 2.22231e-22)
(1.20512 -0.0799732 5.20276e-20)
(1.22215 -0.0898925 0)
(1.23804 -0.103502 0)
(1.25637 -0.117776 -4.9574e-20)
(1.27649 -0.133202 2.22831e-21)
(1.29709 -0.149869 9.54807e-20)
(1.31754 -0.167387 -4.54852e-20)
(1.33709 -0.18542 0)
(1.35556 -0.203795 0)
(1.37209 -0.222141 0)
(1.38709 -0.240245 6.24478e-22)
(1.39918 -0.257536 1.6407e-21)
(1.40977 -0.273974 1.49631e-20)
(1.41622 -0.28871 -1.44338e-20)
(1.42212 -0.302175 5.55289e-21)
(1.42206 -0.312932 -4.87521e-21)
(1.42396 -0.322418 0)
(1.41662 -0.32798 1.90238e-22)
(1.41634 -0.332889 2.19567e-22)
(1.40083 -0.332471 0)
(1.48472 -0.089296 -8.15428e-22)
(1.50061 -0.101735 -5.0762e-20)
(1.51298 -0.11497 5.0234e-20)
(1.52423 -0.128971 0)
(1.53515 -0.144011 4.67869e-20)
(1.54554 -0.159808 -9.16348e-20)
(1.55516 -0.176154 4.48663e-20)
(1.56327 -0.19288 0)
(1.56999 -0.209834 1.97742e-20)
(1.57444 -0.226628 -3.81033e-20)
(1.57749 -0.243044 1.89122e-20)
(1.57747 -0.258527 -5.22998e-22)
(1.57659 -0.273042 0)
(1.5714 -0.285788 -1.25587e-20)
(1.567 -0.297208 1.71554e-20)
(1.55604 -0.305934 -5.08102e-21)
(1.54965 -0.31346 -3.13757e-21)
(1.53193 -0.317055 2.22325e-21)
(1.52668 -0.320478 1.04368e-21)
(1.49962 -0.317857 0)
(1.73601 -0.0810321 0)
(1.73241 -0.0945839 0)
(1.72648 -0.106668 0)
(1.72051 -0.119623 0)
(1.71599 -0.133802 0)
(1.71256 -0.148688 0)
(1.70971 -0.163886 0)
(1.70623 -0.179138 0)
(1.70229 -0.19438 0)
(1.6967 -0.209354 0)
(1.69061 -0.223987 0)
(1.68198 -0.237816 0)
(1.67347 -0.250887 0)
(1.66107 -0.262503 0)
(1.65055 -0.273082 0)
(1.63369 -0.281468 0)
(1.62271 -0.288856 0)
(1.60017 -0.293098 0)
(1.59204 -0.296914 0)
(1.5606 -0.296106 0)
(1.81437 -0.0716417 0)
(1.81668 -0.086187 0)
(1.81244 -0.0997516 0)
(1.80536 -0.113839 0)
(1.79856 -0.128692 0)
(1.79231 -0.143902 0)
(1.78626 -0.159124 0)
(1.77922 -0.174106 0)
(1.77148 -0.188809 0)
(1.762 -0.203013 0)
(1.75212 -0.216692 0)
(1.73986 -0.229435 0)
(1.72803 -0.241325 0)
(1.71257 -0.251732 0)
(1.69943 -0.261088 0)
(1.68022 -0.268334 0)
(1.66741 -0.274634 0)
(1.64327 -0.277953 0)
(1.63405 -0.281002 0)
(1.60196 -0.279508 0)
(1.85882 -0.064286 0)
(1.86202 -0.0797098 0)
(1.85765 -0.0943954 0)
(1.84975 -0.108891 0)
(1.84186 -0.12344 0)
(1.83449 -0.137949 0)
(1.82726 -0.152277 0)
(1.81892 -0.166238 0)
(1.80982 -0.179796 0)
(1.79892 -0.192757 0)
(1.7877 -0.205118 0)
(1.77419 -0.216541 0)
(1.76129 -0.227122 0)
(1.74491 -0.236329 0)
(1.73108 -0.244552 0)
(1.71135 -0.250895 0)
(1.69824 -0.256353 0)
(1.67401 -0.259226 0)
(1.66487 -0.261776 0)
(1.63312 -0.260513 0)
(1.88385 -0.0579061 0)
(1.88736 -0.0736513 0)
(1.8833 -0.0886911 0)
(1.87541 -0.103016 0)
(1.86726 -0.116912 0)
(1.85946 -0.130525 0)
(1.85179 -0.143877 0)
(1.84301 -0.15683 0)
(1.83349 -0.16934 0)
(1.82221 -0.181223 0)
(1.81069 -0.192489 0)
(1.79697 -0.202853 0)
(1.78399 -0.212418 0)
(1.76767 -0.220726 0)
(1.754 -0.228125 0)
(1.73463 -0.23384 0)
(1.72187 -0.238734 0)
(1.69834 -0.241363 0)
(1.68956 -0.243645 0)
(1.65895 -0.242717 0)
(1.89988 -0.052997 0)
(1.9035 -0.0683908 0)
(1.90007 -0.0831323 0)
(1.89273 -0.0969618 0)
(1.88478 -0.110134 0)
(1.87697 -0.122881 0)
(1.86924 -0.13531 0)
(1.86044 -0.14732 0)
(1.85096 -0.158865 0)
(1.83977 -0.169771 0)
(1.82841 -0.180058 0)
(1.81494 -0.189478 0)
(1.8023 -0.198143 0)
(1.78644 -0.205649 0)
(1.77328 -0.21232 0)
(1.75459 -0.217473 0)
(1.74243 -0.221875 0)
(1.71982 -0.224277 0)
(1.71153 -0.226343 0)
(1.68222 -0.225627 0)
(1.91414 -0.0493526 0)
(1.9176 -0.0638932 0)
(1.9147 -0.0779331 0)
(1.90793 -0.0910773 0)
(1.90031 -0.103485 0)
(1.8926 -0.115381 0)
(1.88492 -0.126906 0)
(1.8762 -0.137991 0)
(1.86689 -0.148604 0)
(1.85593 -0.158582 0)
(1.84487 -0.167953 0)
(1.83176 -0.1765 0)
(1.81955 -0.18434 0)
(1.80421 -0.191115 0)
(1.79162 -0.197129 0)
(1.77361 -0.201774 0)
(1.76206 -0.205742 0)
(1.74032 -0.207935 0)
(1.73251 -0.209808 0)
(1.70437 -0.209259 0)
(1.92982 -0.046357 0)
(1.9328 -0.0598263 0)
(1.93014 -0.0729769 0)
(1.92381 -0.0853267 0)
(1.91646 -0.0969332 0)
(1.90884 -0.107981 0)
(1.90118 -0.118618 0)
(1.89252 -0.128805 0)
(1.88334 -0.138523 0)
(1.87257 -0.147626 0)
(1.86177 -0.156147 0)
(1.84896 -0.163891 0)
(1.83713 -0.170979 0)
(1.82222 -0.177089 0)
(1.81011 -0.182509 0)
(1.79266 -0.186693 0)
(1.78163 -0.190271 0)
(1.7606 -0.192262 0)
(1.75319 -0.193962 0)
(1.726 -0.193525 0)
(1.94741 -0.0436092 0)
(1.94967 -0.0559654 0)
(1.94701 -0.0681456 0)
(1.94096 -0.0796305 0)
(1.93382 -0.0904028 0)
(1.92623 -0.100603 0)
(1.91855 -0.110374 0)
(1.90987 -0.119694 0)
(1.90074 -0.12856 0)
(1.89007 -0.13684 0)
(1.87944 -0.14457 0)
(1.86684 -0.151572 0)
(1.85528 -0.157968 0)
(1.84068 -0.163467 0)
(1.82893 -0.168344 0)
(1.8119 -0.172101 0)
(1.80126 -0.175321 0)
(1.78076 -0.177114 0)
(1.77366 -0.178651 0)
(1.7472 -0.178283 0)
(1.9663 -0.040945 0)
(1.96773 -0.0521906 0)
(1.96493 -0.0633552 0)
(1.95905 -0.0739252 0)
(1.95203 -0.0838352 0)
(1.94444 -0.093187 0)
(1.93667 -0.102111 0)
(1.92792 -0.110595 0)
(1.91878 -0.118646 0)
(1.90814 -0.126146 0)
(1.8976 -0.133132 0)
(1.88511 -0.13944 0)
(1.87372 -0.145194 0)
(1.85932 -0.150127 0)
(1.84781 -0.154501 0)
(1.83107 -0.157861 0)
(1.82072 -0.160747 0)
(1.80059 -0.16235 0)
(1.79372 -0.163731 0)
(1.76779 -0.163408 0)
(1.9857 -0.0382612 0)
(1.98628 -0.0484017 0)
(1.98325 -0.0585286 0)
(1.97743 -0.0681542 0)
(1.97049 -0.0771846 0)
(1.96285 -0.0856889 0)
(1.95498 -0.0937819 0)
(1.94612 -0.101455 0)
(1.93692 -0.108722 0)
(1.92625 -0.115476 0)
(1.91573 -0.121755 0)
(1.90329 -0.127411 0)
(1.89199 -0.132562 0)
(1.8777 -0.136966 0)
(1.86637 -0.140872 0)
(1.8498 -0.143861 0)
(1.83966 -0.146436 0)
(1.81978 -0.147856 0)
(1.81308 -0.14909 0)
(1.78752 -0.148795 0)
(2.00492 -0.035461 0)
(2.00465 -0.0445131 0)
(2.00132 -0.0536026 0)
(1.99551 -0.0622744 0)
(1.98859 -0.0704185 0)
(1.98089 -0.0780788 0)
(1.97291 -0.0853542 0)
(1.96391 -0.0922374 0)
(1.95462 -0.0987457 0)
(1.94389 -0.104783 0)
(1.93336 -0.110387 0)
(1.92091 -0.115423 0)
(1.90966 -0.120004 0)
(1.89542 -0.123911 0)
(1.88419 -0.127376 0)
(1.86772 -0.130018 0)
(1.85772 -0.132299 0)
(1.838 -0.133547 0)
(1.83142 -0.134642 0)
(1.80611 -0.134368 0)
(2.02338 -0.0324817 0)
(2.02229 -0.0404746 0)
(2.01864 -0.0485406 0)
(2.01279 -0.0562612 0)
(2.00586 -0.0635196 0)
(1.99808 -0.0703415 0)
(1.98997 -0.0768113 0)
(1.98084 -0.0829222 0)
(1.97144 -0.0886929 0)
(1.96063 -0.094037 0)
(1.95006 -0.0989918 0)
(1.93757 -0.103436 0)
(1.92634 -0.107474 0)
(1.91211 -0.11091 0)
(1.90094 -0.113957 0)
(1.88452 -0.116272 0)
(1.87462 -0.118276 0)
(1.85499 -0.119361 0)
(1.8485 -0.120323 0)
(1.82335 -0.120068 0)
(2.04063 -0.0292994 0)
(2.03878 -0.036266 0)
(2.0348 -0.0433265 0)
(2.02887 -0.0501036 0)
(2.02192 -0.0564809 0)
(2.01406 -0.0624713 0)
(2.00582 -0.0681467 0)
(1.99655 -0.0735006 0)
(1.98704 -0.0785514 0)
(1.97614 -0.0832227 0)
(1.96551 -0.0875496 0)
(1.95298 -0.0914236 0)
(1.94174 -0.0949415 0)
(1.92748 -0.0979273 0)
(1.91635 -0.100576 0)
(1.89994 -0.102582 0)
(1.89011 -0.104321 0)
(1.87052 -0.105253 0)
(1.8641 -0.106088 0)
(1.83905 -0.105852 0)
(2.05634 -0.0259103 0)
(2.05379 -0.0318813 0)
(2.04949 -0.037955 0)
(2.04347 -0.0437985 0)
(2.03647 -0.0493017 0)
(2.02853 -0.054469 0)
(2.02017 -0.0593608 0)
(2.01077 -0.0639711 0)
(2.00116 -0.0683174 0)
(1.99015 -0.0723328 0)
(1.97947 -0.0760493 0)
(1.96687 -0.0793719 0)
(1.95561 -0.0823874 0)
(1.94132 -0.0849414 0)
(1.9302 -0.0872078 0)
(1.91379 -0.0889178 0)
(1.90399 -0.0904043 0)
(1.88442 -0.0911925 0)
(1.87804 -0.0919049 0)
(1.85305 -0.0916903 0)
(2.07024 -0.0223186 0)
(2.06707 -0.0273225 0)
(2.06246 -0.0324279 0)
(2.05635 -0.0373494 0)
(2.04931 -0.0419871 0)
(2.04128 -0.0463402 0)
(2.03281 -0.0504589 0)
(2.02329 -0.0543378 0)
(2.01357 -0.0579926 0)
(2.00248 -0.0613663 0)
(1.99174 -0.0644871 0)
(1.97908 -0.0672735 0)
(1.96779 -0.0698012 0)
(1.95345 -0.0719384 0)
(1.94233 -0.0738353 0)
(1.92589 -0.0752619 0)
(1.91613 -0.0765045 0)
(1.89655 -0.0771566 0)
(1.89021 -0.0777517 0)
(1.86525 -0.0775615 0)
(2.08213 -0.0185362 0)
(2.07842 -0.0225989 0)
(2.07355 -0.0267535 0)
(2.06734 -0.0307644 0)
(2.06025 -0.0345455 0)
(2.05214 -0.0380935 0)
(2.04358 -0.0414489 0)
(2.03394 -0.0446074 0)
(2.02414 -0.047582 0)
(2.01296 -0.0503262 0)
(2.00216 -0.0528632 0)
(1.98944 -0.0551262 0)
(1.97812 -0.0571782 0)
(1.96374 -0.0589107 0)
(1.95262 -0.0604485 0)
(1.93615 -0.061602 0)
(1.9264 -0.0626083 0)
(1.90681 -0.0631315 0)
(1.90049 -0.063613 0)
(1.87553 -0.0634507 0)
(2.09184 -0.0145919 0)
(2.0877 -0.0177352 0)
(2.0826 -0.0209534 0)
(2.0763 -0.0240625 0)
(2.06917 -0.0269939 0)
(2.06099 -0.0297442 0)
(2.05235 -0.0323443 0)
(2.04262 -0.0347913 0)
(2.03273 -0.0370949 0)
(2.02148 -0.0392194 0)
(2.01064 -0.0411822 0)
(1.99786 -0.0429323 0)
(1.98651 -0.0445178 0)
(1.97209 -0.0458559 0)
(1.96095 -0.0470426 0)
(1.94446 -0.0479317 0)
(1.93471 -0.0487074 0)
(1.9151 -0.0491081 0)
(1.90879 -0.0494787 0)
(1.88384 -0.0493482 0)
(2.09926 -0.0105288 0)
(2.09478 -0.012771 0)
(2.08951 -0.0150636 0)
(2.08313 -0.0172768 0)
(2.07596 -0.0193621 0)
(2.06773 -0.0213188 0)
(2.05901 -0.0231681 0)
(2.0492 -0.0249095 0)
(2.03926 -0.0265479 0)
(2.02795 -0.0280599 0)
(2.01706 -0.0294547 0)
(2.00424 -0.0306999 0)
(1.99287 -0.031825 0)
(1.97841 -0.0327771 0)
(1.96726 -0.0336174 0)
(1.95074 -0.0342505 0)
(1.941 -0.0347978 0)
(1.92137 -0.0350834 0)
(1.91507 -0.0353431 0)
(1.89011 -0.0352489 0)
(2.10424 -0.00630228 0)
(2.09955 -0.00767258 0)
(2.09416 -0.00906105 0)
(2.08774 -0.0103943 0)
(2.08053 -0.0116456 0)
(2.07226 -0.0128187 0)
(2.06349 -0.0139254 0)
(2.05364 -0.014969 0)
(2.04365 -0.0159485 0)
(2.0323 -0.0168552 0)
(2.02138 -0.0176873 0)
(2.00853 -0.0184351 0)
(1.99713 -0.0191037 0)
(1.98265 -0.019678 0)
(1.9715 -0.0201734 0)
(1.95495 -0.0205598 0)
(1.94521 -0.0208767 0)
(1.92557 -0.0210577 0)
(1.91928 -0.0212017 0)
(1.89431 -0.0211521 0)
(2.10669 -0.00194573 0)
(2.1019 -0.00244817 0)
(2.09647 -0.0029432 0)
(2.09004 -0.00341026 0)
(2.08282 -0.0038429 0)
(2.07454 -0.0042453 0)
(2.06575 -0.00462189 0)
(2.05586 -0.0049761 0)
(2.04585 -0.00530624 0)
(2.03448 -0.00561237 0)
(2.02355 -0.00589072 0)
(2.01068 -0.00614294 0)
(1.99927 -0.00636475 0)
(1.98478 -0.00655942 0)
(1.97362 -0.00672162 0)
(1.95707 -0.00685482 0)
(1.94732 -0.00695556 0)
(1.92768 -0.00702172 0)
(1.92138 -0.00706406 0)
(1.89642 -0.00705196 0)
(1.85503 0.150386 -6.13625e-22)
(1.87429 0.12845 0)
(1.88704 0.105648 3.53607e-22)
(1.89542 0.0821637 1.12355e-20)
(1.89658 0.0581996 -3.14973e-20)
(1.89574 0.0346928 0)
(1.88758 0.0104031 -3.83938e-20)
(1.86726 -0.0116814 0)
(1.86144 -0.0361694 -4.49893e-20)
(1.73752 -0.0637957 7.00159e-22)
(1.86584 0.135208 1.65567e-22)
(1.88314 0.116163 -2.09887e-22)
(1.89531 0.0960036 2.10311e-22)
(1.9016 0.0761637 -1.99209e-21)
(1.90576 0.054716 1.09047e-20)
(1.89867 0.0348163 8.61792e-22)
(1.9056 0.0130353 0)
(1.86957 -0.00784647 3.39181e-20)
(1.90035 -0.0261102 0)
(1.80832 -0.0549286 3.99395e-20)
(1.88144 0.120137 -1.44039e-22)
(1.89475 0.103377 0)
(1.90778 0.0851633 2.33767e-22)
(1.90838 0.0676083 -2.1003e-21)
(1.91836 0.0486839 -1.17796e-20)
(1.90139 0.0303228 0)
(1.91982 0.0127105 -2.56304e-20)
(1.87677 -0.00874458 -3.47042e-20)
(1.90875 -0.0220965 0)
(1.85109 -0.0481969 -3.95338e-20)
(1.8996 0.10695 -3.13214e-23)
(1.90874 0.091732 -6.54023e-22)
(1.9235 0.0757792 0)
(1.91859 0.0594763 -7.82284e-21)
(1.93259 0.0436858 -6.16855e-22)
(1.91056 0.0256286 1.34019e-21)
(1.92983 0.0118936 2.49674e-20)
(1.89238 -0.00919024 8.21149e-22)
(1.91153 -0.0206327 2.84966e-20)
(1.87575 -0.0425266 0)
(1.91876 0.0952107 0)
(1.92501 0.0811776 6.07339e-22)
(1.94033 0.0676891 1.41159e-21)
(1.93315 0.0522313 -5.30487e-22)
(1.94682 0.0393466 3.97601e-22)
(1.92629 0.0219466 6.18252e-22)
(1.93934 0.0105094 1.84127e-20)
(1.91132 -0.00854051 1.5065e-21)
(1.91913 -0.0198156 -4.01394e-21)
(1.89234 -0.0383048 -2.76853e-20)
(1.93797 0.0846415 4.82936e-22)
(1.9431 0.071674 -1.79902e-23)
(1.95712 0.0602595 -5.31832e-22)
(1.95081 0.0458101 -9.01688e-23)
(1.96123 0.0348498 5.21659e-21)
(1.94519 0.0189241 0)
(1.95147 0.00836391 -2.03119e-20)
(1.93013 -0.00810196 6.13226e-22)
(1.93203 -0.0195056 -4.67317e-20)
(1.90743 -0.0355801 5.16554e-20)
(1.9569 0.0749824 -4.85312e-22)
(1.9621 0.0631764 -5.71095e-22)
(1.97383 0.0532245 -5.86976e-22)
(1.96961 0.0401255 1.90654e-21)
(1.97654 0.0302093 -1.03709e-21)
(1.96448 0.0161634 5.64359e-21)
(1.96668 0.00592286 -5.23298e-22)
(1.94852 -0.00831345 1.12087e-21)
(1.94836 -0.0194366 2.10919e-20)
(1.92411 -0.0337074 -2.40058e-20)
(1.97551 0.0661064 0)
(1.98106 0.055567 1.44298e-21)
(1.99065 0.0466256 -3.5702e-23)
(1.98821 0.0350414 -1.64045e-21)
(1.99285 0.0257908 -1.14933e-21)
(1.9832 0.0135475 -9.72834e-21)
(1.98382 0.00372558 5.44745e-21)
(1.96713 -0.00878707 0)
(1.96656 -0.0192101 0)
(1.94286 -0.0320823 0)
(1.99368 0.0579781 0)
(1.9994 0.0486992 -1.77879e-21)
(2.00746 0.0405697 -8.21144e-23)
(2.00607 0.0304309 -5.18022e-22)
(2.00963 0.0218319 -2.82049e-21)
(2.00129 0.0111114 4.72777e-21)
(2.00159 0.00196593 -6.43891e-21)
(1.98606 -0.00919075 3.62754e-22)
(1.98545 -0.0187458 0)
(1.96297 -0.030475 -7.84862e-21)
(2.0112 0.050569 9.06481e-23)
(2.0168 0.042452 1.06423e-21)
(2.02391 0.0350962 1.25662e-21)
(2.02307 0.0262255 7.15495e-23)
(2.0262 0.0183721 -2.69462e-23)
(2.01879 0.00890722 2.60851e-21)
(2.01912 0.000586991 -4.19937e-21)
(2.00492 -0.00944173 2.95218e-22)
(2.00421 -0.018114 0)
(1.98353 -0.0288174 1.44736e-20)
(2.02777 0.0438268 0)
(2.03314 0.0367461 1.42278e-21)
(2.03961 0.030175 3.77015e-22)
(2.03913 0.0224013 0)
(2.04204 0.0153584 0)
(2.03555 0.00696656 -2.22598e-21)
(2.03587 -0.000491427 3.51468e-21)
(2.02323 -0.00951253 3.02503e-22)
(2.02232 -0.01731 -1.18911e-22)
(2.00384 -0.0270303 -6.81325e-21)
(2.04316 0.037681 0)
(2.04829 0.0315285 -2.85745e-21)
(2.05423 0.0257459 -2.05006e-21)
(2.05412 0.0189471 1.69169e-22)
(2.05682 0.0127303 -7.51203e-23)
(2.05133 0.00530894 1.09713e-22)
(2.05154 -0.00129286 -2.92186e-22)
(2.0406 -0.0093559 -2.65938e-21)
(2.03942 -0.0162831 -3.9341e-22)
(2.02331 -0.0250382 1.47874e-22)
(2.05718 0.0320566 0)
(2.06213 0.0267543 1.59204e-21)
(2.0676 0.0217463 -1.14713e-22)
(2.0679 0.0158465 1.13764e-22)
(2.07035 0.0104434 0)
(2.06589 0.0039419 0)
(2.06593 -0.00182001 0)
(2.0567 -0.00894306 3.07329e-21)
(2.05522 -0.0150127 -3.23683e-21)
(2.04149 -0.0228086 0)
(2.06973 0.0268812 0)
(2.07455 0.0223763 1.12026e-21)
(2.07958 0.0181191 1.15657e-21)
(2.08029 0.0130736 1.04648e-21)
(2.08249 0.00846174 -1.54667e-22)
(2.07904 0.00285486 2.76976e-22)
(2.07889 -0.00208802 3.30388e-22)
(2.07129 -0.00827892 0)
(2.06951 -0.0135105 5.05431e-22)
(2.05803 -0.0203395 3.44608e-21)
(2.0807 0.022089 -3.13088e-22)
(2.08544 0.0183437 -9.31001e-22)
(2.09006 0.0148105 -1.50291e-21)
(2.09119 0.0105922 -7.45423e-22)
(2.09314 0.00674753 0)
(2.09061 0.00202122 -2.63496e-22)
(2.09027 -0.00212471 -4.032e-22)
(2.08416 -0.00738507 5.91338e-23)
(2.0821 -0.0117963 1.54877e-21)
(2.07266 -0.017641 -4.71045e-21)
(2.09004 0.0176498 3.14696e-22)
(2.09472 0.0146253 -8.04342e-22)
(2.09899 0.0117843 5.57824e-22)
(2.10048 0.00837022 -1.10325e-21)
(2.10221 0.00526686 0)
(2.10049 0.00141059 0)
(2.09997 -0.00195915 -3.12883e-23)
(2.09515 -0.0062855 5.27611e-22)
(2.09284 -0.00989048 9.43367e-22)
(2.08517 -0.0147285 1.38328e-21)
(2.09767 0.0134404 0)
(2.1023 0.0111395 1.26272e-21)
(2.10629 0.00897849 -3.68229e-22)
(2.10808 0.00635616 1.0384e-21)
(2.10962 0.00397355 2.34688e-22)
(2.10857 0.00098089 -6.19416e-23)
(2.1079 -0.00163012 5.26169e-23)
(2.10414 -0.00501625 -3.97558e-22)
(2.10161 -0.00782715 0)
(2.0954 -0.0116344 0)
(2.10358 0.00943248 0)
(2.10815 0.00785659 5.45119e-22)
(2.1119 0.00636533 -8.18498e-22)
(2.11391 0.00452398 0)
(2.1153 0.00284382 -4.19558e-22)
(2.11476 0.000706556 -7.95612e-23)
(2.11396 -0.0011632 -1.13344e-22)
(2.11101 -0.00360961 4.81372e-23)
(2.10831 -0.00564075 1.11053e-24)
(2.10321 -0.0084058 -4.63402e-23)
(2.10763 0.00565494 0)
(2.11214 0.00477373 -5.47737e-22)
(2.11571 0.00394267 -4.03018e-22)
(2.11786 0.0028841 4.52914e-22)
(2.11914 0.00190647 1.57054e-22)
(2.11893 0.000629671 1.31701e-22)
(2.11805 -0.000501907 2.12826e-22)
(2.11564 -0.00200419 2.53344e-23)
(2.11283 -0.00326629 -3.44388e-23)
(2.10847 -0.00498639 0)
(2.10968 0.00177151 0)
(2.11416 0.00160071 2.51466e-22)
(2.11764 0.0014392 -2.22995e-22)
(2.11985 0.00118012 1.88975e-22)
(2.12107 0.000922466 0)
(2.12102 0.000535018 -1.3236e-22)
(2.12008 0.000168655 2.9245e-23)
(2.11794 -0.000349261 -3.97054e-23)
(2.11505 -0.000809818 0)
(2.11105 -0.00144236 0)
(1.28043 0.323399 0)
(1.24227 0.35442 -4.5791e-20)
(1.21333 0.39441 0)
(1.19038 0.444766 -1.50503e-19)
(1.17013 0.504969 5.99545e-20)
(1.15091 0.577282 3.06129e-21)
(1.13112 0.663578 4.04956e-20)
(1.09268 0.754223 -1.09385e-20)
(0.958642 0.782261 0)
(0.559114 0.499225 2.7329e-20)
(1.35496 0.324982 8.16762e-20)
(1.32037 0.363871 4.57892e-20)
(1.29732 0.402682 -4.03621e-20)
(1.27956 0.451383 5.08683e-20)
(1.26465 0.51089 -3.62432e-20)
(1.25237 0.582431 1.06523e-20)
(1.24102 0.667154 -4.40419e-20)
(1.20936 0.753756 -7.86509e-20)
(1.06918 0.773479 -2.07125e-20)
(0.62112 0.481941 -3.82423e-20)
(1.42706 0.320936 -3.32529e-20)
(1.39923 0.36179 3.37742e-20)
(1.38116 0.399927 4.03602e-20)
(1.36719 0.447783 4.01749e-20)
(1.35694 0.506532 3.93855e-20)
(1.3513 0.576543 3.75103e-20)
(1.3477 0.658117 1.24138e-20)
(1.32087 0.737854 2.69733e-20)
(1.17111 0.746802 1.18279e-21)
(0.672527 0.450883 -1.2626e-21)
(1.49971 0.313671 6.65968e-20)
(1.47734 0.353943 -3.37724e-20)
(1.46278 0.390506 0)
(1.4518 0.436555 0)
(1.44576 0.493245 0)
(1.44616 0.560343 1.78189e-20)
(1.44894 0.637014 -6.94546e-21)
(1.42392 0.70724 0)
(1.26015 0.703186 -7.42659e-21)
(0.708497 0.407105 1.86373e-20)
(1.5695 0.302673 -8.89746e-21)
(1.5514 0.340928 3.91424e-20)
(1.53974 0.37547 0)
(1.53162 0.418946 0)
(1.52954 0.472291 5.99176e-21)
(1.53516 0.535076 3.12205e-21)
(1.54245 0.605415 1.03918e-20)
(1.51566 0.662792 -7.36794e-21)
(1.33089 0.644438 -3.13798e-20)
(0.726572 0.354925 -6.39023e-21)
(1.63335 0.287801 2.69034e-20)
(1.6191 0.322876 1.02542e-20)
(1.61013 0.35509 0)
(1.60491 0.395526 0)
(1.60659 0.444531 -1.03839e-20)
(1.61652 0.501508 1.55654e-21)
(1.62616 0.563618 5.77198e-21)
(1.59246 0.607659 -7.11875e-23)
(1.37833 0.573453 3.82124e-20)
(0.725784 0.295895 2.54622e-20)
(1.69069 0.269252 -1.15675e-20)
(1.67968 0.300147 1.21708e-20)
(1.67303 0.329823 6.19909e-21)
(1.67048 0.366832 -6.55823e-21)
(1.67537 0.410821 1.96167e-21)
(1.68825 0.460894 -2.08931e-21)
(1.69685 0.513126 1.20584e-20)
(1.64954 0.543345 -1.29511e-20)
(1.40062 0.493713 0)
(0.704719 0.233134 0)
(1.74074 0.247388 -6.11661e-21)
(1.73255 0.273913 6.43574e-21)
(1.72774 0.300796 0)
(1.72744 0.334094 0)
(1.73485 0.37245 0)
(1.74871 0.414775 -5.41774e-21)
(1.75184 0.456074 2.73477e-20)
(1.68383 0.471677 -2.89662e-20)
(1.39507 0.407912 0)
(0.662529 0.170574 -1.93212e-20)
(1.78417 0.223067 -5.46773e-22)
(1.77753 0.244474 9.06379e-22)
(1.77391 0.268996 7.8085e-22)
(1.77545 0.298186 0)
(1.78436 0.330634 4.46557e-21)
(1.79647 0.364911 -1.27492e-20)
(1.78885 0.394487 0)
(1.69249 0.39495 4.86983e-21)
(1.35864 0.319218 -1.74978e-20)
(0.600119 0.112183 2.8813e-20)
(1.82028 0.196635 0)
(1.81423 0.214579 -3.31039e-22)
(1.8116 0.235734 -7.80776e-22)
(1.81439 0.26034 0)
(1.82313 0.286737 -2.9114e-21)
(1.83003 0.31271 4.23933e-21)
(1.80526 0.330148 2.19358e-21)
(1.67222 0.315758 6.46098e-21)
(1.28923 0.231411 8.60697e-21)
(0.520654 0.061623 0)
(0.679386 0.0199926 -1.92462e-20)
(0.65098 0.0228348 2.04769e-20)
(0.61649 0.0261819 1.10399e-20)
(0.574643 0.030049 1.21231e-20)
(0.523693 0.0345904 -1.28728e-20)
(0.461143 0.0400202 -2.13621e-20)
(0.38385 0.0465357 7.7105e-21)
(0.285389 0.0536988 -1.70904e-20)
(0.15795 0.0570238 -1.8831e-20)
(0.0460939 0.0386681 0)
(0.692934 0.0597031 0)
(0.664882 0.0681252 -1.02343e-20)
(0.630459 0.0780993 -1.10031e-20)
(0.588805 0.0896268 0)
(0.538371 0.103153 2.60193e-20)
(0.47668 0.119324 1.41375e-20)
(0.400597 0.13875 0)
(0.30353 0.160121 -1.63424e-20)
(0.176096 0.169974 -6.26974e-23)
(0.0581239 0.115299 -1.97849e-20)
(0.719606 0.0985904 7.59733e-20)
(0.692271 0.112272 -7.99516e-20)
(0.658004 0.128666 0)
(0.616758 0.147632 0)
(0.567364 0.169854 0)
(0.507407 0.196406 -8.33446e-20)
(0.433771 0.228325 1.20108e-19)
(0.339398 0.263477 -3.18404e-20)
(0.212032 0.279578 0)
(0.0820139 0.189558 3.98007e-20)
(0.758544 0.136068 7.44979e-20)
(0.732299 0.154497 -7.83987e-20)
(0.698337 0.176955 -8.51837e-20)
(0.657768 0.202968 -1.61766e-21)
(0.609955 0.233385 1.46951e-19)
(0.552588 0.269721 -5.28142e-20)
(0.482595 0.313431 5.84581e-20)
(0.3922 0.36161 -1.26317e-19)
(0.264977 0.383591 6.85723e-20)
(0.117183 0.259666 0)
(0.808549 0.171462 -1.79618e-19)
(0.783765 0.194077 3.75251e-20)
(0.750319 0.222273 0)
(0.710773 0.254908 0)
(0.665135 0.292871 4.91227e-20)
(0.611216 0.338121 -1.51068e-19)
(0.546008 0.39256 1.09087e-19)
(0.46082 0.452612 -1.17351e-19)
(0.333761 0.479846 2.85043e-21)
(0.16273 0.323959 -6.61387e-20)
(0.868258 0.203939 2.43349e-19)
(0.845349 0.229792 -1.84488e-19)
(0.812632 0.262998 0)
(0.774398 0.301551 0)
(0.73147 0.346327 4.60913e-20)
(0.681833 0.399674 4.9658e-20)
(0.622534 0.463806 4.6101e-20)
(0.543737 0.534449 5.7737e-20)
(0.416799 0.56616 2.68413e-21)
(0.217411 0.380771 1.29708e-19)
(0.935883 0.233511 -1.37479e-19)
(0.915317 0.262787 -6.77064e-20)
(0.88368 0.300899 0)
(0.847171 0.344528 0)
(0.807471 0.394673 0)
(0.762789 0.454384 -8.95996e-20)
(0.710306 0.526331 8.70664e-20)
(0.638924 0.605558 0)
(0.511967 0.640495 -5.28144e-20)
(0.279625 0.428516 1.12349e-19)
(1.01104 0.255705 -6.48032e-20)
(0.99254 0.286952 6.77061e-20)
(0.961624 0.329394 6.63241e-20)
(0.927197 0.378074 7.01041e-20)
(0.89153 0.433632 7.39013e-20)
(0.852607 0.499335 7.76236e-20)
(0.807658 0.578034 -9.89978e-21)
(0.744314 0.664038 8.35179e-20)
(0.616896 0.70077 -4.54084e-20)
(0.347528 0.465655 4.84692e-20)
(1.09239 0.281611 -1.19073e-19)
(1.07497 0.315132 5.74526e-20)
(1.0439 0.35975 -6.6323e-20)
(1.01176 0.409871 -7.32174e-20)
(0.980747 0.467333 6.27891e-20)
(0.948336 0.536112 -9.15874e-21)
(0.91172 0.618966 -2.2499e-19)
(0.856965 0.709014 -1.48694e-19)
(0.728588 0.745327 4.27336e-20)
(0.418764 0.490616 -2.76916e-20)
(1.18401 0.288304 0)
(1.16092 0.324042 -5.74516e-20)
(1.12907 0.374069 0)
(1.10055 0.428753 5.49249e-20)
(1.07469 0.489731 -1.91673e-19)
(1.04872 0.561646 -1.30428e-19)
(1.02044 0.647458 1.36397e-19)
(0.974116 0.739251 7.03431e-20)
(0.84375 0.772776 0)
(0.490417 0.502065 6.74524e-20)
(0.827917 0.000985319 0)
(0.827715 0.000995889 -1.12765e-21)
(0.826738 0.00103773 1.12175e-21)
(0.825238 0.00114285 0)
(0.82354 0.00131594 -2.2407e-21)
(0.821663 0.00155279 2.22915e-21)
(0.819477 0.0018535 0)
(0.816849 0.0022225 0)
(0.813676 0.00266848 0)
(0.809834 0.00319757 0)
(0.805234 0.00383228 1.11142e-21)
(0.799799 0.00458429 0)
(0.793389 0.00546659 0)
(0.785821 0.00649862 8.97184e-21)
(0.7769 0.00770356 -8.9276e-21)
(0.766402 0.00911419 0)
(0.754082 0.0107548 1.02241e-20)
(0.739617 0.0127011 -1.8208e-20)
(0.7227 0.0148901 9.11284e-21)
(0.702769 0.0178092 9.32057e-21)
(0.836917 0.00281895 2.37798e-21)
(0.836682 0.00287058 4.47347e-21)
(0.835752 0.00304304 -4.45191e-21)
(0.834356 0.00339492 2.22387e-21)
(0.832762 0.00393239 2.21984e-21)
(0.830975 0.00465054 8.88412e-21)
(0.828874 0.0055566 -6.62912e-21)
(0.826335 0.00666677 -1.77329e-20)
(0.823255 0.00800724 3.75848e-20)
(0.819527 0.00959719 -1.76434e-20)
(0.815068 0.0114973 -1.66378e-20)
(0.809786 0.0137462 3.7631e-20)
(0.803542 0.0163847 -3.32646e-20)
(0.796167 0.0194711 1.77156e-20)
(0.787472 0.0230737 2.22426e-21)
(0.777245 0.0272917 3.82138e-20)
(0.765243 0.0321946 -3.69444e-20)
(0.751186 0.0380183 0)
(0.734702 0.0445516 2.27059e-21)
(0.715701 0.0532973 0)
(0.854299 0.00451712 -7.05871e-21)
(0.85413 0.0046319 -1.68024e-24)
(0.853362 0.00497365 8.84129e-21)
(0.852159 0.00560169 -4.3838e-21)
(0.850747 0.00651864 -1.09967e-20)
(0.84913 0.00772509 -2.19767e-21)
(0.847197 0.00924042 -2.19888e-21)
(0.844837 0.0110954 -2.19383e-21)
(0.841944 0.013333 3.08199e-20)
(0.838438 0.0159849 1.57263e-22)
(0.834251 0.0191397 -3.94835e-20)
(0.829269 0.022869 -2.20401e-21)
(0.823359 0.0272433 -4.40792e-21)
(0.816368 0.0323598 0)
(0.808129 0.0383277 -4.00548e-20)
(0.79845 0.0453172 3.10337e-20)
(0.787095 0.0534295 0)
(0.773869 0.0630896 -2.23849e-21)
(0.75828 0.0738616 -2.27458e-21)
(0.741103 0.0884011 -2.26569e-21)
(0.879548 0.00617535 2.31468e-21)
(0.87946 0.00635788 6.5342e-21)
(0.878895 0.00685863 0)
(0.877933 0.00775311 -1.95908e-20)
(0.876751 0.00904547 1.73682e-20)
(0.875356 0.0107391 1.95839e-20)
(0.873653 0.0128604 -1.3018e-20)
(0.871544 0.0154552 2.1756e-21)
(0.868915 0.0185754 -2.83346e-20)
(0.865721 0.0222889 -1.38188e-22)
(0.86192 0.02669 3.26221e-20)
(0.857374 0.0318779 -3.50037e-20)
(0.851957 0.0379543 -3.30838e-20)
(0.845541 0.0450602 7.43406e-20)
(0.837989 0.0533377 2.2075e-21)
(0.829138 0.0630388 6.61048e-21)
(0.818775 0.0742669 -7.12976e-20)
(0.806818 0.0876962 1.63564e-21)
(0.792628 0.102514 -6.47539e-22)
(0.778088 0.122801 7.41602e-20)
(0.911755 0.00771016 4.53576e-21)
(0.911735 0.0079702 -1.70907e-20)
(0.911381 0.00863319 8.53652e-21)
(0.910681 0.0097928 4.27573e-21)
(0.909752 0.0114582 0)
(0.908602 0.0136349 0)
(0.907161 0.0163535 -4.28689e-21)
(0.905336 0.0196794 0)
(0.90304 0.0236459 -4.29894e-21)
(0.900257 0.0284064 0)
(0.896929 0.0340363 4.31649e-21)
(0.892924 0.040649 -6.91738e-20)
(0.888143 0.0483738 -2.98268e-22)
(0.882484 0.0574051 -4.68301e-21)
(0.87585 0.0679034 6.94711e-20)
(0.868113 0.0802266 -4.39293e-21)
(0.85911 0.0944197 4.34933e-21)
(0.84887 0.111512 -7.07197e-20)
(0.836648 0.130059 7.49819e-20)
(0.825441 0.156024 1.42365e-19)
(0.94978 0.00904555 4.42019e-21)
(0.949805 0.00939866 -4.16819e-21)
(0.949643 0.0102336 -4.17241e-21)
(0.949196 0.0116582 -4.17698e-21)
(0.948513 0.0136912 -3.35317e-20)
(0.947607 0.0163374 6.29403e-20)
(0.94644 0.0196371 -3.779e-20)
(0.944898 0.0236443 0)
(0.942986 0.0284811 -4.20742e-21)
(0.940708 0.0342534 -4.21475e-21)
(0.937924 0.0410483 -4.22265e-21)
(0.934544 0.0490162 6.39066e-20)
(0.93053 0.0583006 -1.40729e-19)
(0.9258 0.0691629 6.83508e-20)
(0.920321 0.0817477 0)
(0.913981 0.0965731 -4.26622e-21)
(0.906725 0.11352 -1.47106e-19)
(0.898636 0.134159 1.38486e-19)
(0.889016 0.156018 -4.39726e-21)
(0.88171 0.187564 0)
(0.99241 0.010109 4.28779e-21)
(0.99245 0.0105698 -1.21718e-20)
(0.992431 0.0115827 4.06065e-21)
(0.992196 0.0132632 2.44558e-20)
(0.991725 0.0156459 4.08138e-21)
(0.991038 0.0187455 -2.46202e-20)
(0.990096 0.0226086 4.09057e-21)
(0.988901 0.0273142 3.29916e-20)
(0.987461 0.0329796 8.27497e-21)
(0.985656 0.0396892 7.06401e-20)
(0.983443 0.047549 -5.8286e-20)
(0.980771 0.0567689 -5.85576e-20)
(0.977661 0.0674774 7.12713e-20)
(0.974028 0.0800338 4.1714e-21)
(0.969957 0.0944861 4.17788e-21)
(0.965303 0.111611 8.45092e-21)
(0.960238 0.130915 8.46655e-21)
(0.954745 0.154835 -4.1742e-21)
(0.948379 0.179356 0)
(0.945225 0.216452 1.3439e-19)
(1.0385 0.0108072 -1.24431e-20)
(1.0385 0.0114012 1.36547e-24)
(1.03855 0.0126174 -3.94168e-21)
(1.03846 0.0145463 -3.56605e-20)
(1.03816 0.0172465 2.38755e-20)
(1.03766 0.0207617 -4.00448e-21)
(1.03699 0.0251267 0)
(1.03614 0.0304674 0)
(1.03507 0.0368299 -8.09129e-21)
(1.03373 0.0443681 -4.04226e-21)
(1.03215 0.053181 -4.10191e-21)
(1.03026 0.0635484 -4.12141e-21)
(1.02819 0.0755151 0)
(1.02579 0.0896201 -8.24083e-21)
(1.02335 0.105647 -4.17458e-21)
(1.02059 0.124874 -8.27068e-21)
(1.01813 0.14594 -4.19784e-21)
(1.0156 0.172817 -1.27518e-19)
(1.01336 0.198573 1.32317e-19)
(1.01537 0.240754 0)
(1.08703 0.0110907 0)
(1.08699 0.0118575 3.79981e-21)
(1.08701 0.013328 1.91581e-21)
(1.08697 0.0154937 0)
(1.08678 0.0184357 3.47384e-20)
(1.08643 0.0222566 -3.10804e-20)
(1.08598 0.0270192 6.43755e-20)
(1.08542 0.0328251 -6.28619e-20)
(1.08476 0.0397432 5.92848e-21)
(1.08394 0.0479859 2.01688e-21)
(1.08308 0.0575902 0)
(1.08204 0.0689519 0)
(1.08116 0.0819345 0)
(1.08009 0.0974196 1.32715e-19)
(1.07958 0.114673 -2.58321e-19)
(1.07883 0.136016 5.15613e-21)
(1.07941 0.158588 1.29562e-19)
(1.07987 0.189469 0)
(1.08238 0.217084 0)
(1.09049 0.266896 1.24115e-19)
(1.13727 0.0113965 0)
(1.13731 0.0121879 -1.46171e-20)
(1.13726 0.0136918 -1.28433e-20)
(1.13712 0.0159193 2.97159e-20)
(1.13694 0.0189566 2.98602e-20)
(1.13672 0.0229383 -9.02813e-20)
(1.1365 0.0279343 5.8811e-20)
(1.13625 0.0340738 0)
(1.13608 0.0413833 -1.92984e-21)
(1.13586 0.0501258 -5.9735e-20)
(1.1359 0.060236 1.24277e-19)
(1.13588 0.0722559 -6.26058e-20)
(1.13658 0.0857643 0)
(1.13714 0.102038 -1.25e-19)
(1.13944 0.119542 2.51096e-19)
(1.14137 0.141681 -1.26102e-19)
(1.14715 0.163391 0)
(1.15234 0.194982 -1.21144e-19)
(1.16366 0.21948 1.22409e-19)
(1.18114 0.274479 -1.88752e-21)
(1.1876 0.0117524 0)
(1.18753 0.0125448 0)
(1.18739 0.0140683 0)
(1.18724 0.0164017 0)
(1.18714 0.0196279 0)
(1.18708 0.0238701 0)
(1.18712 0.0291711 0)
(1.18716 0.0356948 0)
(1.18746 0.043423 0)
(1.18774 0.0527068 0)
(1.18863 0.063347 0)
(1.18938 0.0761641 0)
(1.19162 0.0902971 0)
(1.19319 0.10791 0)
(1.19843 0.125919 0)
(1.20116 0.150786 0)
(1.21335 0.171658 0)
(1.21723 0.210064 0)
(1.24802 0.226458 0)
(1.25163 0.297933 0)
(1.2397 0.0118911 0)
(1.23964 0.0126552 0)
(1.23953 0.0141377 0)
(1.23949 0.0164244 0)
(1.23961 0.0195914 0)
(1.23981 0.0237561 0)
(1.2402 0.0289254 0)
(1.24064 0.0352784 0)
(1.24148 0.0427304 0)
(1.24231 0.0516909 0)
(1.24407 0.0617846 0)
(1.24555 0.0740226 0)
(1.24917 0.0870863 0)
(1.25158 0.103704 0)
(1.25908 0.119647 0)
(1.26249 0.142715 0)
(1.27837 0.15987 0)
(1.28184 0.193455 0)
(1.31573 0.205263 0)
(1.31391 0.254014 0)
(1.29432 0.0120845 0)
(1.29426 0.0127863 0)
(1.29418 0.0141415 0)
(1.29423 0.0162868 0)
(1.29453 0.0193056 0)
(1.29496 0.02331 0)
(1.29566 0.0282705 0)
(1.29643 0.0343685 0)
(1.29774 0.0414635 0)
(1.29903 0.0499895 0)
(1.30149 0.0594561 0)
(1.30356 0.0709334 0)
(1.30817 0.0829005 0)
(1.31125 0.0981353 0)
(1.32004 0.112257 0)
(1.32401 0.132559 0)
(1.34097 0.147122 0)
(1.34436 0.174348 0)
(1.3768 0.184551 0)
(1.37442 0.220148 0)
(1.35065 0.012226 0)
(1.35048 0.0128615 0)
(1.35037 0.0140567 0)
(1.35052 0.0160163 0)
(1.35101 0.0188457 0)
(1.35165 0.0226526 0)
(1.35263 0.0273737 0)
(1.35368 0.0331812 0)
(1.35538 0.0398946 0)
(1.35706 0.0479454 0)
(1.36006 0.0567904 0)
(1.36262 0.0674675 0)
(1.36792 0.0784437 0)
(1.3715 0.0922801 0)
(1.38098 0.104931 0)
(1.3853 0.122666 0)
(1.40239 0.135441 0)
(1.4057 0.157997 0)
(1.43656 0.167367 0)
(1.4338 0.195931 0)
(1.40779 0.0121772 0)
(1.40747 0.0127717 0)
(1.40727 0.013828 0)
(1.4075 0.0155956 0)
(1.40817 0.0182117 0)
(1.40902 0.0217877 0)
(1.41023 0.0262337 0)
(1.41152 0.0317054 0)
(1.41354 0.0379955 0)
(1.41553 0.0455156 0)
(1.41895 0.0537091 0)
(1.42186 0.0635387 0)
(1.42764 0.0735443 0)
(1.43155 0.086006 0)
(1.44138 0.0973144 0)
(1.44586 0.112813 0)
(1.46274 0.124046 0)
(1.46593 0.143154 0)
(1.49524 0.151425 0)
(1.49206 0.175191 0)
(1.46493 0.0119872 0)
(1.46442 0.0125496 0)
(1.46408 0.0134749 0)
(1.46436 0.0150418 0)
(1.46521 0.0174225 0)
(1.46625 0.0207375 0)
(1.46766 0.0248773 0)
(1.46915 0.0299762 0)
(1.47141 0.0358099 0)
(1.47363 0.0427606 0)
(1.47735 0.0502811 0)
(1.48052 0.059246 0)
(1.48658 0.0682975 0)
(1.49069 0.0794488 0)
(1.50062 0.0895005 0)
(1.50515 0.103049 0)
(1.52159 0.112863 0)
(1.52465 0.129181 0)
(1.55223 0.136273 0)
(1.54899 0.156234 0)
(1.52139 0.0117089 0)
(1.52065 0.0122359 0)
(1.5201 0.0130214 0)
(1.5204 0.014373 0)
(1.52141 0.0165006 0)
(1.52262 0.0195334 0)
(1.52421 0.0233468 0)
(1.52583 0.0280504 0)
(1.52827 0.0334104 0)
(1.53066 0.0397754 0)
(1.53458 0.0466209 0)
(1.5379 0.054734 0)
(1.5441 0.0628669 0)
(1.54831 0.0727964 0)
(1.55815 0.0816862 0)
(1.56268 0.0935208 0)
(1.57845 0.102051 0)
(1.58147 0.116023 0)
(1.60713 0.122073 0)
(1.60424 0.138916 0)
(1.57654 0.0113441 0)
(1.57553 0.011833 0)
(1.5747 0.0124721 0)
(1.57498 0.0136003 0)
(1.57613 0.0154668 0)
(1.5775 0.0182078 0)
(1.57922 0.0216861 0)
(1.58095 0.0259843 0)
(1.58349 0.0308656 0)
(1.58599 0.0366443 0)
(1.59 0.042827 0)
(1.59342 0.0501174 0)
(1.59962 0.0573794 0)
(1.60387 0.066179 0)
(1.61345 0.0740062 0)
(1.61796 0.0843233 0)
(1.63289 0.0917192 0)
(1.63597 0.103694 0)
(1.65962 0.108874 0)
(1.65739 0.123115 0)
(1.62979 0.0108924 0)
(1.62845 0.011341 0)
(1.62728 0.0118319 0)
(1.6275 0.012737 0)
(1.62879 0.0143452 0)
(1.6303 0.0167957 0)
(1.63211 0.019939 0)
(1.6339 0.0238304 0)
(1.63649 0.0282368 0)
(1.63904 0.0334384 0)
(1.64307 0.0389794 0)
(1.64653 0.0454836 0)
(1.65263 0.0519275 0)
(1.65688 0.0596843 0)
(1.66607 0.0665459 0)
(1.67058 0.0755119 0)
(1.68455 0.0819149 0)
(1.68779 0.0921691 0)
(1.70935 0.0966185 0)
(1.70801 0.108648 0)
(1.68059 0.0103602 0)
(1.67888 0.0107627 0)
(1.67731 0.0111037 0)
(1.67744 0.0117941 0)
(1.67884 0.0131587 0)
(1.68048 0.0153301 0)
(1.68237 0.0181457 0)
(1.68418 0.0216354 0)
(1.68676 0.0255765 0)
(1.68932 0.0302172 0)
(1.69329 0.0351428 0)
(1.69675 0.0409005 0)
(1.70266 0.0465799 0)
(1.70689 0.0533746 0)
(1.71561 0.059361 0)
(1.72013 0.067118 0)
(1.73306 0.0726496 0)
(1.73655 0.0814036 0)
(1.75603 0.0852304 0)
(1.75569 0.0953604 0)
(1.7284 0.00975602 0)
(1.72629 0.0100961 0)
(1.72427 0.0102826 0)
(1.72432 0.0107775 0)
(1.72583 0.011928 0)
(1.72759 0.0138416 0)
(1.7295 0.0163415 0)
(1.7313 0.0194383 0)
(1.73383 0.0229284 0)
(1.73636 0.0270286 0)
(1.74023 0.031368 0)
(1.74366 0.0364197 0)
(1.74931 0.0413862 0)
(1.75352 0.0472929 0)
(1.76169 0.0524844 0)
(1.76625 0.0591545 0)
(1.7781 0.0639151 0)
(1.7819 0.0713505 0)
(1.79933 0.0746383 0)
(1.80007 0.0831273 0)
(1.77275 0.00906935 0)
(1.7702 0.00931797 0)
(1.76773 0.00935041 0)
(1.76771 0.00969155 0)
(1.76934 0.0106761 0)
(1.77119 0.01236 0)
(1.7731 0.0145571 0)
(1.77486 0.0172722 0)
(1.7773 0.0203282 0)
(1.77979 0.0239107 0)
(1.7835 0.027693 0)
(1.78688 0.0320779 0)
(1.79224 0.0363787 0)
(1.79641 0.0414648 0)
(1.80401 0.0459307 0)
(1.80862 0.0516191 0)
(1.8194 0.0556908 0)
(1.82354 0.0619605 0)
(1.83901 0.0647741 0)
(1.84083 0.07184 0)
(1.81323 0.00819195 0)
(1.81021 0.00832561 0)
(1.80733 0.00825331 0)
(1.80729 0.00853716 0)
(1.80902 0.00942817 0)
(1.81093 0.0109112 0)
(1.81279 0.0128164 0)
(1.8145 0.0151634 0)
(1.81682 0.0178052 0)
(1.81924 0.0208938 0)
(1.82277 0.0241459 0)
(1.82609 0.0278998 0)
(1.83113 0.0315768 0)
(1.83525 0.0359021 0)
(1.84229 0.0397009 0)
(1.84695 0.0444983 0)
(1.8567 0.047947 0)
(1.86118 0.0531807 0)
(1.87482 0.0555689 0)
(1.8777 0.0613952 0)
(1.84945 0.00681126 0)
(1.84599 0.0068818 0)
(1.84281 0.00690125 0)
(1.84279 0.00732639 0)
(1.84458 0.00821623 0)
(1.84647 0.0095151 0)
(1.84824 0.0111345 0)
(1.84987 0.0131315 0)
(1.85205 0.0153816 0)
(1.8544 0.0179991 0)
(1.85772 0.0207441 0)
(1.86097 0.0238989 0)
(1.86569 0.0269875 0)
(1.86978 0.0306042 0)
(1.87625 0.0337841 0)
(1.88099 0.0377679 0)
(1.88978 0.040646 0)
(1.8946 0.0449533 0)
(1.90657 0.046952 0)
(1.91042 0.0516929 0)
(1.88102 0.00454335 0)
(1.87729 0.00479345 0)
(1.87398 0.00538324 0)
(1.87392 0.00624404 0)
(1.87558 0.00717623 0)
(1.87734 0.00824862 0)
(1.87899 0.00956059 0)
(1.88056 0.0112128 0)
(1.88261 0.0130824 0)
(1.88488 0.0152408 0)
(1.88801 0.0174929 0)
(1.8912 0.0200736 0)
(1.89562 0.0226021 0)
(1.89969 0.0255541 0)
(1.90567 0.0281537 0)
(1.91048 0.0313892 0)
(1.91842 0.0337379 0)
(1.92357 0.0372108 0)
(1.93408 0.0388462 0)
(1.9388 0.0426314 0)
(1.90751 0.000378873 0)
(1.90386 0.00127618 0)
(1.90052 0.00331005 0)
(1.90004 0.00506235 0)
(1.90123 0.00612798 0)
(1.90279 0.006981 0)
(1.9044 0.00800763 0)
(1.906 0.00933983 0)
(1.90799 0.010844 0)
(1.91023 0.0125581 0)
(1.91324 0.014336 0)
(1.91644 0.016371 0)
(1.92065 0.0183684 0)
(1.92475 0.0206973 0)
(1.93033 0.0227518 0)
(1.93524 0.0252971 0)
(1.94248 0.027152 0)
(1.94793 0.0298694 0)
(1.95721 0.0311625 0)
(1.9627 0.0341004 0)
(1.92521 -0.00241659 0)
(1.92346 -0.000689541 0)
(1.92093 0.00257443 0)
(1.91979 0.00473287 0)
(1.92036 0.00557365 0)
(1.92192 0.00605409 0)
(1.92381 0.00671105 0)
(1.92568 0.00764251 0)
(1.92781 0.00871351 0)
(1.93019 0.00994798 0)
(1.93323 0.0112436 0)
(1.93655 0.012746 0)
(1.94068 0.0142314 0)
(1.94488 0.0159706 0)
(1.9502 0.01751 0)
(1.95524 0.0194156 0)
(1.96194 0.0208097 0)
(1.96766 0.0228389 0)
(1.97598 0.0238102 0)
(1.98209 0.0259882 0)
(1.93676 0.00102835 0)
(1.93739 0.00126678 0)
(1.93538 0.00248134 0)
(1.93327 0.00341779 0)
(1.93342 0.00391671 0)
(1.93533 0.00434326 0)
(1.93778 0.00487228 0)
(1.94013 0.00551759 0)
(1.94257 0.00622328 0)
(1.94524 0.00704888 0)
(1.94844 0.00793619 0)
(1.95196 0.00897929 0)
(1.9561 0.0100161 0)
(1.96044 0.0112296 0)
(1.96557 0.0123073 0)
(1.97074 0.0136368 0)
(1.97702 0.0146149 0)
(1.98295 0.016024 0)
(1.99052 0.0167032 0)
(1.99709 0.018194 0)
(1.93923 0.0157703 0)
(1.94171 0.0131915 0)
(1.94225 0.00734658 0)
(1.94225 0.00312469 0)
(1.94369 0.00174034 0)
(1.9463 0.00190565 0)
(1.9491 0.00240651 0)
(1.95167 0.00286591 0)
(1.95423 0.00330066 0)
(1.95701 0.00381752 0)
(1.96022 0.00438996 0)
(1.96375 0.00505794 0)
(1.96776 0.0057168 0)
(1.97206 0.0064723 0)
(1.97695 0.00714223 0)
(1.98209 0.00795424 0)
(1.98798 0.00855615 0)
(1.99396 0.00940356 0)
(2.00092 0.00981814 0)
(2.00772 0.010688 0)
(1.96585 0.0135025 0)
(1.95843 0.011731 0)
(1.95297 0.00644714 0)
(1.95375 0.00229563 0)
(1.95687 0.000663806 0)
(1.95945 0.000491558 0)
(1.9611 0.0006606 0)
(1.96244 0.000807904 0)
(1.96406 0.000939728 0)
(1.96614 0.0011135 0)
(1.96874 0.00131823 0)
(1.97179 0.00155857 0)
(1.97534 0.00179477 0)
(1.9793 0.00206127 0)
(1.98381 0.00229654 0)
(1.98874 0.00257806 0)
(1.99426 0.00278582 0)
(2.00014 0.00307694 0)
(2.00667 0.00321508 0)
(2.01349 0.00351151 0)
(1.32873 0.280333 -1.40457e-21)
(1.40242 0.266788 -8.22348e-20)
(1.4693 0.259742 0)
(1.53562 0.252898 -6.07331e-20)
(1.60018 0.244282 0)
(1.65894 0.234067 -3.70914e-20)
(1.71137 0.221919 1.42399e-20)
(1.75733 0.207362 -3.48867e-22)
(1.79687 0.191272 0)
(1.82962 0.171617 0)
(1.37942 0.244463 9.20647e-20)
(1.45301 0.237028 0)
(1.51859 0.234334 6.90767e-20)
(1.57834 0.231123 0)
(1.63654 0.224049 -1.36224e-21)
(1.6897 0.214185 2.06053e-20)
(1.73723 0.202101 5.45e-22)
(1.77831 0.188155 -2.32751e-22)
(1.81372 0.172035 2.32407e-22)
(1.84246 0.154262 2.6592e-22)
(1.43244 0.218166 -9.10936e-20)
(1.50076 0.214037 0)
(1.56476 0.210228 -6.67965e-20)
(1.62027 0.206355 -1.96746e-21)
(1.6733 0.199588 4.84571e-20)
(1.72183 0.190186 -1.92819e-20)
(1.76577 0.178961 9.67745e-22)
(1.80243 0.166495 -3.96115e-22)
(1.83482 0.151988 0)
(1.85961 0.13683 -7.0023e-22)
(1.48686 0.195634 0)
(1.54937 0.19273 7.60204e-20)
(1.61035 0.188462 -1.93728e-21)
(1.66219 0.184295 3.58375e-21)
(1.71021 0.178432 -5.14824e-20)
(1.75383 0.169981 1.37255e-21)
(1.79432 0.159709 -1.51434e-20)
(1.82709 0.148295 0)
(1.85722 0.135427 -4.12312e-21)
(1.87831 0.121779 5.26579e-22)
(1.54104 0.174979 -8.27964e-20)
(1.59778 0.172917 8.16112e-22)
(1.65454 0.168903 -4.08805e-21)
(1.70291 0.164466 3.53694e-21)
(1.74656 0.15912 -1.63624e-21)
(1.78565 0.151527 -1.12548e-21)
(1.82274 0.142286 1.56532e-21)
(1.85212 0.1318 5.47414e-21)
(1.88014 0.120457 4.37401e-21)
(1.89817 0.108059 0)
(1.59414 0.156061 1.62074e-19)
(1.64546 0.154587 -1.45907e-19)
(1.69744 0.151057 -1.87291e-21)
(1.74227 0.146572 1.87491e-21)
(1.782 0.141585 0)
(1.81704 0.134786 2.039e-20)
(1.85065 0.126616 4.58763e-22)
(1.87719 0.116993 -7.07048e-21)
(1.90292 0.107031 3.49201e-22)
(1.91886 0.0956949 -8.42316e-22)
(1.64558 0.138838 -7.9311e-20)
(1.69181 0.137749 7.39111e-20)
(1.73885 0.134721 -3.95079e-21)
(1.78 0.130408 1.85408e-21)
(1.81612 0.125707 2.40735e-20)
(1.84762 0.119592 -9.64275e-22)
(1.8778 0.112411 1.83575e-20)
(1.90193 0.103673 0)
(1.92522 0.0948869 2.65678e-21)
(1.93985 0.0845902 8.46475e-22)
(1.6949 0.123122 0)
(1.73632 0.12229 0)
(1.77851 0.119707 0)
(1.81593 0.115706 2.90193e-20)
(1.84867 0.111293 -4.97875e-20)
(1.87703 0.105778 1.94064e-22)
(1.90399 0.0994617 -7.93618e-21)
(1.92597 0.0916406 -8.87539e-22)
(1.94686 0.0838404 -5.11041e-21)
(1.96057 0.0746021 0)
(1.7417 0.108726 -3.6759e-20)
(1.77858 0.108084 0)
(1.81615 0.105888 -1.80671e-21)
(1.84987 0.102271 -2.39344e-20)
(1.87943 0.0981763 2.24836e-20)
(1.90496 0.0932051 -2.08944e-20)
(1.92899 0.0876312 -8.83134e-21)
(1.94897 0.080716 -4.12379e-22)
(1.96769 0.0737707 6.26049e-21)
(1.98053 0.0655759 0)
(1.78565 0.0955015 7.22458e-20)
(1.81826 0.0950113 0)
(1.85149 0.0931522 -1.78953e-21)
(1.88165 0.089941 -2.37531e-20)
(1.90821 0.0861951 -1.6133e-21)
(1.93117 0.0817283 1.22824e-21)
(1.95261 0.0768032 8.46427e-21)
(1.97069 0.0707433 -8.66915e-21)
(1.98751 0.0645773 -2.75189e-21)
(1.99944 0.0573683 1.71395e-22)
(1.82644 0.0833228 -3.44411e-20)
(1.85508 0.0829576 8.80214e-22)
(1.88429 0.0813925 -1.97872e-21)
(1.91108 0.0785795 2.87009e-20)
(1.93486 0.0752037 -1.61339e-21)
(1.95547 0.0712139 0)
(1.97463 0.0668718 1.35475e-22)
(1.99094 0.0615969 -1.91237e-22)
(2.0061 0.056166 -3.28148e-21)
(2.01713 0.0498656 0)
(1.86382 0.0720767 -1.03525e-21)
(1.88881 0.0718127 2.97655e-21)
(1.91435 0.0705038 -3.71459e-21)
(1.93802 0.0680681 3.37876e-21)
(1.95923 0.0650714 -1.61398e-21)
(1.97772 0.0615388 -1.25904e-21)
(1.99486 0.0577345 -7.55491e-21)
(2.00958 0.0531738 6.96e-21)
(2.02328 0.0484445 7.16215e-21)
(2.03345 0.0429786 0)
(1.89756 0.0616558 0)
(1.91924 0.0614704 -3.16955e-20)
(1.94148 0.0603836 0)
(1.96232 0.0582991 1.34463e-20)
(1.9812 0.0556805 0)
(1.99779 0.0525906 0)
(2.01318 0.0492921 5.54884e-22)
(2.02649 0.0453852 -5.59572e-22)
(2.0389 0.0413245 -3.41857e-21)
(2.0483 0.0366324 0)
(1.92746 0.0519568 3.20341e-20)
(1.94621 0.0518277 3.25045e-20)
(1.96555 0.0509312 0)
(1.98388 0.0491706 1.57585e-21)
(2.00068 0.0469228 -1.3826e-20)
(2.01561 0.0442649 -1.28415e-21)
(2.02947 0.0414494 -3.57029e-21)
(2.04157 0.0381503 -4.84674e-22)
(2.05283 0.034725 -1.3146e-21)
(2.06157 0.0307593 0)
(1.95338 0.0428768 -4.89533e-20)
(1.96959 0.0427825 -1.54437e-20)
(1.98643 0.0420477 -1.72318e-21)
(2.0026 0.0405848 -1.00352e-20)
(2.01761 0.038697 2.28239e-20)
(2.0311 0.0364632 0)
(2.04365 0.0341148 5.45655e-21)
(2.05473 0.0313903 -5.77395e-22)
(2.06501 0.0285747 1.81103e-21)
(2.07319 0.0252945 3.85315e-22)
(1.97521 0.0343087 1.60866e-20)
(1.98931 0.0342329 1.71735e-20)
(2.00408 0.0336375 1.07622e-20)
(2.01844 0.0324501 1.75351e-21)
(2.03193 0.0309114 -1.22295e-20)
(2.04423 0.0290962 0)
(2.0557 0.0272002 4.96371e-21)
(2.06593 0.0250306 -2.68326e-21)
(2.07537 0.0227885 5.06924e-22)
(2.08308 0.0202159 -3.87304e-22)
(1.99295 0.0261462 1.57781e-20)
(2.00537 0.0260789 0)
(2.01848 0.02561 -1.59964e-20)
(2.03139 0.0246854 9.97144e-21)
(2.04366 0.0234929 -1.61597e-21)
(2.05499 0.0220926 1.30964e-21)
(2.06558 0.0206449 -5.72711e-21)
(2.07512 0.0190011 -1.11461e-21)
(2.08391 0.017313 5.14246e-22)
(2.09123 0.015375 0)
(2.00668 0.018295 -6.89766e-21)
(2.01782 0.0182227 8.22852e-22)
(2.02967 0.0178657 -1.85234e-21)
(2.04146 0.0171997 1.56655e-21)
(2.05278 0.0163627 -1.61497e-21)
(2.06334 0.0153883 2.79261e-21)
(2.07325 0.014397 0)
(2.08225 0.0132641 2.21258e-21)
(2.09049 0.0121226 -9.63666e-22)
(2.0975 0.0107428 2.04591e-22)
(2.01637 0.0107227 -7.71744e-21)
(2.02658 0.0105992 1.78077e-21)
(2.03754 0.0102964 -1.31729e-25)
(2.04855 0.00984752 -4.87744e-21)
(2.0592 0.00934722 -1.52855e-21)
(2.06921 0.00880506 -5.51189e-21)
(2.07861 0.00827593 1.93269e-21)
(2.0872 0.00768273 -4.06458e-23)
(2.09504 0.00708632 9.68372e-22)
(2.1018 0.00637369 -2.05663e-22)
(2.02152 0.00349338 0)
(2.03118 0.00331877 0)
(2.04168 0.00304536 -5.20484e-21)
(2.05232 0.0027476 1.73676e-21)
(2.06264 0.00249174 1.53662e-21)
(2.07237 0.00228988 1.40774e-21)
(2.08148 0.0021504 5.94765e-22)
(2.08984 0.00204218 -1.69287e-21)
(2.09745 0.00196118 5.30349e-22)
(2.10405 0.00188474 0)
)
;

boundaryField
{
    bottom
    {
        type            symmetryPlane;
    }
    right
    {
        type            zeroGradient;
    }
    top
    {
        type            symmetryPlane;
    }
    left
    {
        type            zeroGradient;
    }
    cylinder
    {
        type            noSlip;
    }
    defaultFaces
    {
        type            empty;
    }
}


// ************************************************************************* //
