/*--------------------------------*- C++ -*----------------------------------*\
| =========                 |                                                 |
| \\      /  F ield         | OpenFOAM: The Open Source CFD Toolbox           |
|  \\    /   O peration     | Version:  4.1                                   |
|   \\  /    A nd           | Web:      www.OpenFOAM.org                      |
|    \\/     M anipulation  |                                                 |
\*---------------------------------------------------------------------------*/
FoamFile
{
    version     2.0;
    format      ascii;
    class       surfaceScalarField;
    location    "2.7";
    object      phi;
}
// * * * * * * * * * * * * * * * * * * * * * * * * * * * * * * * * * * * * * //

dimensions      [0 3 -1 0 0 0 0];

internalField   nonuniform List<scalar> 
3890
(
0.000731144
-0.00306026
0.00232912
0.00258624
-0.01037
0.0085149
0.00522797
-0.0174785
0.0148367
0.00830418
-0.0235256
0.0204493
0.0115132
-0.0281564
0.0249474
0.0146436
-0.0313706
0.0282402
0.0175755
-0.0333681
0.0304361
0.0202588
-0.034419
0.0317358
0.0226946
-0.0347952
0.0323594
-0.0347789
0.0325635
0.02491
0.000835577
-0.00389584
0.00286893
-0.0124033
0.00565768
-0.0202672
0.00878306
-0.0266509
0.0119226
-0.0312959
0.0148799
-0.0343279
0.0175699
-0.0360581
0.0199869
-0.036836
0.022173
-0.0369813
-0.0367704
0.0241645
0.000936148
-0.00483199
0.0031195
-0.0145867
0.00599654
-0.0231442
0.00909173
-0.0297461
0.0120789
-0.0342831
0.0147901
-0.0370392
0.0171781
-0.038446
0.0192667
-0.0389247
0.0211084
-0.038823
-0.0384054
0.0227435
0.00102891
-0.00586089
0.00332341
-0.0168812
0.00621917
-0.02604
0.00920107
-0.032728
0.0119593
-0.0370413
0.0143683
-0.0394481
0.0164238
-0.0405015
0.0181823
-0.0406832
0.019717
-0.0403577
-0.0397765
0.0210881
0.00110899
-0.00696989
0.00346552
-0.0192377
0.00630343
-0.0288779
0.00909068
-0.0355153
0.0115531
-0.0395037
0.0136155
-0.0415106
0.0153159
-0.0422019
0.0167371
-0.0421044
0.0179653
-0.0415859
-0.0408752
0.0190639
0.00117095
-0.00814083
0.00353177
-0.0215986
0.00623351
-0.0315797
0.00875278
-0.0380345
0.0108673
-0.0416182
0.012556
-0.0431993
0.0138945
-0.0435404
0.0149846
-0.0431946
0.0159172
-0.0425185
-0.0417129
0.016755
0.0012092
-0.00935003
0.00351063
-0.0239
0.00600173
-0.0340708
0.00819204
-0.0402248
0.0099223
-0.0433485
0.0112238
-0.0445008
0.0122021
-0.0445186
0.0129695
-0.043962
0.0136154
-0.0431644
-0.0422953
0.0141978
0.00121885
-0.0105689
0.00339619
-0.0260773
0.00560984
-0.0362844
0.00742504
-0.04204
0.00875039
-0.0446738
0.0096635
-0.0454139
0.0102904
-0.0451455
0.0107461
-0.0444177
0.0111135
-0.0435318
-0.0426255
0.0114437
0.00119615
-0.011765
0.00318723
-0.0280684
0.00506806
-0.0381652
0.00647725
-0.0434492
0.00739046
-0.045587
0.00792266
-0.0459461
0.00821112
-0.045434
0.00836692
-0.0445735
0.00846337
-0.0436283
-0.0427049
0.00854277
0.00113895
-0.012904
0.00288738
-0.0298168
0.00439343
-0.0396713
0.00537999
-0.0444358
0.00588434
-0.0460914
0.00604864
-0.0461104
0.00601304
-0.0453984
0.00588033
-0.0444408
0.00571389
-0.0434618
0.00554595
-0.042537
-3.55688e-05
3.55694e-05
0.000261634
-0.000297203
0.00105014
-0.000788508
0.00237608
-0.00132593
0.0042237
-0.00184763
0.00654209
-0.00231839
0.00926145
-0.00271937
0.0123033
-0.00304189
0.015585
-0.00328167
-0.00342445
0.0190095
-1.40179e-05
4.95864e-05
0.000322962
-0.000634182
0.0011638
-0.00162935
0.00254712
-0.00270925
0.0044514
-0.00375191
0.00682084
-0.00468783
0.00958179
-0.00548031
0.0126534
-0.00611354
0.0159529
-0.00658108
-0.00685792
0.0193863
2.48321e-05
2.47542e-05
0.000441731
-0.00105108
0.00138498
-0.0025726
0.00288037
-0.00420464
0.00489493
-0.00576647
0.00736283
-0.00715573
0.0102026
-0.00832012
0.0133289
-0.00923983
0.0166583
-0.00991044
-0.010303
0.0201033
7.9871e-05
-5.51169e-05
0.000613178
-0.00158439
0.00170489
-0.00366431
0.00336153
-0.00586128
0.0055327
-0.00793764
0.00813757
-0.0097606
0.0110836
-0.0112661
0.0142791
-0.0124354
0.0176406
-0.0132719
-0.0137518
0.0210895
0.000150355
-0.000205472
0.000830264
-0.0022643
0.00210975
-0.0049438
0.00396795
-0.00771948
0.00633064
-0.0103003
0.00909738
-0.0125273
0.012162
-0.0143308
0.0154265
-0.0156999
0.0188082
-0.0166536
-0.0171826
0.022239
0.00023247
-0.000437942
0.00108421
-0.00311603
0.00258217
-0.00644176
0.00467014
-0.00980745
0.00724357
-0.0128738
0.0101787
-0.0154625
0.0133549
-0.017507
0.0166694
-0.0190143
0.020043
-0.0200272
-0.02056
0.0234205
0.000323287
-0.000761229
0.00136568
-0.00415842
0.00310234
-0.00817843
0.00543318
-0.0121383
0.00821736
-0.0156579
0.0113056
-0.0185508
0.0145646
-0.020766
0.0178899
-0.0223397
0.0212107
-0.0233481
-0.0238383
0.024489
0.000420355
-0.00118158
0.00166541
-0.00540348
0.00364894
-0.010162
0.00621809
-0.0147074
0.00919112
-0.018631
0.0123941
-0.0217537
0.0156856
-0.0240574
0.0189661
-0.0256202
0.022177
-0.026559
-0.0269618
0.0253005
0.000521714
-0.0017033
0.0019745
-0.00685626
0.00419997
-0.0123874
0.00698397
-0.0174914
0.0101013
-0.0217483
0.0133569
-0.0250094
0.0166094
-0.0273098
0.019774
-0.0287847
0.0228136
-0.0295987
-0.0298769
0.0257287
0.00062582
0.00228446
0.00473375
0.00769166
0.0108908
0.0141216
0.0172479
0.0201989
0.0229596
0.0256462
0.0213065
-0.00229702
0.0234251
-0.00211862
0.0253632
-0.00193814
0.0271203
-0.00175701
0.0286974
-0.00157716
0.0301
-0.00140261
0.031337
-0.00123694
0.0324193
-0.00108237
0.0333594
-0.000940041
0.0341697
-0.000810361
0.0348629
-0.000693212
0.035451
-0.000588071
0.0359452
-0.000494152
0.0363557
-0.000410531
0.0366919
-0.000336239
0.0369623
-0.000270319
0.0371741
-0.000211864
0.0373341
-0.000159996
0.0374486
-0.00011448
-6.939e-05
0.0216138
-0.00452446
0.0236723
-0.00417717
0.0255613
-0.00382715
0.0272783
-0.00347397
0.0288226
-0.00312147
0.0301985
-0.00277852
0.0314141
-0.00245258
0.0324799
-0.00214812
0.0334074
-0.00186751
0.0342087
-0.00161168
0.0348959
-0.00138046
0.0354807
-0.00117285
0.0359739
-0.000987325
0.0363854
-0.000822075
0.0367244
-0.000675194
0.0369989
-0.000544797
0.0372161
-0.000429114
0.0373824
-0.000326341
0.0375043
-0.000236349
-0.000145891
0.0221957
-0.0066168
0.0241381
-0.00611959
0.0259323
-0.00562137
0.0275721
-0.00511376
0.0290533
-0.00460269
0.0303782
-0.00410338
0.0315533
-0.0036277
0.0325877
-0.00318249
0.0334917
-0.0027715
0.0342764
-0.00239638
0.034953
-0.00205706
0.0355323
-0.00175218
0.0360245
-0.00147954
0.036439
-0.00123652
0.0367841
-0.00102034
0.0370676
-0.000828257
0.0372961
-0.000657688
0.0374757
-0.000505927
0.0376126
-0.000373193
-0.000238348
0.0229884
-0.00851576
0.0247663
-0.00789742
0.0264265
-0.00728157
0.0279574
-0.00664471
0.0293502
-0.00599548
0.0306042
-0.00535739
0.0317238
-0.00474723
0.0327157
-0.00417442
0.0335886
-0.00364439
0.034352
-0.00315982
0.0350159
-0.00272097
0.03559
-0.00232623
0.0360833
-0.00197288
0.0365044
-0.00165756
0.0368607
-0.00137674
0.0371594
-0.00112688
0.0374064
-0.000904709
0.0376071
-0.000706623
0.0377674
-0.000533553
-0.000355415
0.0238981
-0.0101749
0.0254745
-0.00947383
0.0269716
-0.00877858
0.0283705
-0.00804369
0.0296571
-0.00728203
0.0308272
-0.00652749
0.0318821
-0.00580216
0.0328259
-0.00511825
0.0336649
-0.00448339
0.0344068
-0.00390171
0.0350598
-0.00337398
0.0356322
-0.00289858
0.0361317
-0.00247237
0.0365656
-0.00209145
0.0369405
-0.00175164
0.0372623
-0.00144875
0.0375365
-0.00117891
0.0377676
-0.000937642
0.0379611
-0.000727109
-0.000506743
0.02481
-0.0115645
0.0261636
-0.0108274
0.0274813
-0.0100962
0.0287357
-0.00929815
0.0299074
-0.00845371
0.0309888
-0.00760888
0.0319774
-0.00679079
0.0328741
-0.00601486
0.0336823
-0.00529161
0.0344075
-0.00462695
0.035056
-0.00402251
0.0356343
-0.00347681
0.0361484
-0.00298654
0.0366044
-0.00254743
0.0370076
-0.00215484
0.037363
-0.00180407
0.0376749
-0.00149086
0.037947
-0.00120976
0.0381848
-0.000964863
-0.000703171
0.0256023
-0.0126778
0.0267305
-0.0119556
0.0278674
-0.0112331
0.0289762
-0.010407
0.0300341
-0.00951167
0.0310304
-0.00860511
0.0319583
-0.0077187
0.0328152
-0.00687175
0.0336017
-0.00607814
0.0343206
-0.0053459
0.0349759
-0.00467773
0.0355717
-0.00407267
0.0361126
-0.00352747
0.036603
-0.00303775
0.0370468
-0.00259863
0.0374478
-0.00220516
0.0378098
-0.00185285
0.0381353
-0.00153523
0.0384296
-0.00125912
-0.000956814
0.026153
-0.0135304
0.0270704
-0.012873
0.0280399
-0.0122026
0.0290152
-0.0113823
0.0299726
-0.0104691
0.0308973
-0.00952977
0.0317785
-0.00859989
0.0326102
-0.00770346
0.03339
-0.00685794
0.0341177
-0.00607363
0.0347947
-0.00535473
0.0354231
-0.00470108
0.0360055
-0.00410986
0.0365446
-0.00357684
0.0370432
-0.0030972
0.0375039
-0.00266592
0.0379297
-0.00227863
0.0383222
-0.00192768
0.0386865
-0.00162349
-0.00128145
0.0263415
-0.0141432
0.0270955
-0.013627
0.0279228
-0.0130298
0.0287862
-0.0122457
0.0296665
-0.0113494
0.0305436
-0.0104068
0.0314022
-0.00945854
0.0322325
-0.00853377
0.0330281
-0.00765354
0.0337855
-0.00683097
0.0345032
-0.00607245
0.0351814
-0.00537929
0.035821
-0.0047495
0.0364235
-0.00417932
0.0369906
-0.00366429
0.0375242
-0.00319957
0.0380268
-0.00278121
0.0384995
-0.00240031
0.0389477
-0.00207173
-0.00169143
0.0262537
-0.0147507
0.0268842
-0.0142574
0.0275517
-0.0136973
0.0282905
-0.0129845
0.0290895
-0.0121484
0.0299251
-0.0112424
0.0307761
-0.0103096
0.0316255
-0.00938317
0.0324603
-0.0084884
0.0332719
-0.00764256
0.034055
-0.00685555
0.0348069
-0.00613118
0.0355265
-0.00546907
0.0362136
-0.00486649
0.0368691
-0.00431971
0.0374939
-0.00382437
0.03809
-0.00337735
0.0386584
-0.00296876
0.0392065
-0.00261979
-0.00221097
0.0446825
-0.0130591
-0.0463741
0.0432848
-0.0128597
0.0420193
-0.0124318
0.0409007
-0.0118659
0.0399435
-0.0111911
0.0391409
-0.0104399
0.0384806
-0.00964918
0.0379482
-0.00885085
0.0375288
-0.008069
0.0372067
-0.00732041
0.0369664
-0.00661525
0.0367935
-0.00595825
0.0366748
-0.00535038
0.0365988
-0.00479049
0.0365556
-0.00427654
0.036537
-0.00380578
0.0365366
-0.00337693
0.0365488
-0.00298093
0.0365727
-0.00264376
-0.00224472
0.0456279
-0.0115878
-0.0470993
0.0442607
-0.0114926
0.0430278
-0.0111989
0.041923
-0.0107612
0.0409512
-0.0102192
0.0401137
-0.00960238
0.0394051
-0.00894057
0.0388157
-0.00826151
0.038334
-0.00758727
0.0379472
-0.00693358
0.0376422
-0.00631032
0.0374066
-0.00572264
0.0372286
-0.00517236
0.0370976
-0.00465949
0.0370043
-0.00418323
0.0369406
-0.00374216
0.0369001
-0.00333643
0.0368771
-0.00295788
0.0368679
-0.00263453
-0.00224394
0.0461389
-0.0102167
-0.0475099
0.0448519
-0.0102056
0.0436751
-0.010022
0.042613
-0.00969908
0.0416678
-0.00927412
0.0408408
-0.0087753
0.0401282
-0.00822796
0.0395226
-0.00765593
0.0390146
-0.00707925
0.0385937
-0.00651271
0.0382493
-0.00596592
0.037971
-0.00544431
0.037749
-0.00495035
0.0375743
-0.00448486
0.037439
-0.00404795
0.037336
-0.00363908
0.0372589
-0.00325941
0.0372025
-0.00290139
0.0371619
-0.00259393
-0.00221609
0.0463946
-0.00896341
-0.0476479
0.0452091
-0.0090202
0.0441103
-0.00892313
0.043108
-0.00869679
0.0422066
-0.00837278
0.0414077
-0.0079764
0.0407092
-0.00752944
0.0401057
-0.00705241
0.0395896
-0.00656318
0.0391524
-0.00607546
0.0387851
-0.0055986
0.038479
-0.00513825
0.0382261
-0.00469745
0.0380189
-0.00427766
0.0378507
-0.0038797
0.0377152
-0.00350368
0.0376072
-0.00315139
0.0375217
-0.00281585
0.0374541
-0.0025263
-0.002165
0.0464795
-0.00784035
-0.0476026
0.0454057
-0.00794639
0.0443976
-0.00791498
0.0434666
-0.00776581
0.0426193
-0.0075255
0.0418586
-0.00721574
0.0411843
-0.00685505
0.0405928
-0.00646097
0.0400788
-0.00604915
0.0396354
-0.00563205
0.0392553
-0.00521854
0.0389314
-0.00481438
0.038657
-0.00442304
0.0384259
-0.00404651
0.0382324
-0.00368617
0.0380713
-0.0033426
0.0379379
-0.00301807
0.0378282
-0.00270606
0.0377375
-0.00243563
-0.00209322
0.046456
-0.00684677
-0.0474496
0.0454937
-0.00698412
0.0445789
-0.00700011
0.0437235
-0.00691041
0.0429353
-0.00673734
0.0422186
-0.00649904
0.0415746
-0.00621101
0.0410017
-0.00588807
0.0404963
-0.00554376
0.0400534
-0.00518918
0.0396674
-0.00483255
0.0393326
-0.00447955
0.0390434
-0.00413387
0.0387948
-0.00379791
0.0385821
-0.00347344
0.0384009
-0.0031614
0.0382472
-0.00286439
0.0381175
-0.00257632
0.0380075
-0.00232564
-0.00200384
0.0463693
-0.00597246
-0.0472436
0.0455114
-0.00612619
0.0446857
-0.00617448
0.0439046
-0.00612924
0.0431761
-0.00600889
0.0425054
-0.00582837
0.0418949
-0.00560048
0.0413445
-0.00533765
0.0408522
-0.00505144
0.0404146
-0.0047516
0.0400276
-0.0044456
0.0396869
-0.00413883
0.0393881
-0.00383505
0.039127
-0.00353688
0.0389
-0.00324634
0.0387032
-0.00296465
0.0385334
-0.00269456
0.0383875
-0.00243043
0.0382616
-0.00219974
-0.0018998
0.0462495
-0.00520273
-0.0470193
0.0454852
-0.00536191
0.0447414
-0.00543061
0.0440297
-0.00541754
0.0433584
-0.00533762
0.0427331
-0.00520304
0.0421569
-0.00502428
0.0416309
-0.00481165
0.0411544
-0.00457495
0.0407254
-0.00432261
0.0403411
-0.00406133
0.0399984
-0.00379609
0.0396939
-0.00353056
0.0394244
-0.0032674
0.0391868
-0.00300878
0.0389782
-0.00275606
0.0387958
-0.00251209
0.038637
-0.00227162
0.0384981
-0.00206091
-0.00178366
0.0461157
-0.00452237
-0.046796
0.0454332
-0.00467944
0.0447621
-0.00475952
0.0441134
-0.0047688
0.043495
-0.00471925
0.0429127
-0.0046207
0.04237
-0.00448163
0.0418689
-0.00431057
0.0414097
-0.00411574
0.0409915
-0.0039044
0.0406126
-0.00368239
0.0402708
-0.00345428
0.0399637
-0.00322348
0.0396889
-0.00299263
0.039444
-0.00276389
0.0392267
-0.0025387
0.0390345
-0.0023199
0.0388655
-0.00210265
0.0387163
-0.0019117
-0.00165765
0.0459791
-0.00391742
-0.046584
0.0453669
-0.00406727
0.0447594
-0.004152
0.0441666
-0.00417599
0.043596
-0.00414871
0.0430533
-0.004078
0.0425425
-0.00397074
0.0420658
-0.00383389
0.0416243
-0.00367432
0.0412181
-0.00349818
0.0408463
-0.00331057
0.0405076
-0.00311552
0.0402003
-0.00291619
0.0399227
-0.00271505
0.039673
-0.00251421
0.0394494
-0.00231508
0.0392499
-0.00212042
0.0390731
-0.0019258
0.0389156
-0.00175427
-0.00152371
0.0458464
-0.0033756
-0.0463882
0.045294
-0.00351484
0.0447413
-0.00359932
0.0441974
-0.00363212
0.0436694
-0.00362066
0.0431626
-0.00357119
0.042681
-0.0034892
0.0422275
-0.00338038
0.0418036
-0.00325042
0.0414099
-0.00310448
0.0410463
-0.00294693
0.0407121
-0.00278131
0.0404063
-0.00261043
0.0401278
-0.00243657
0.0398753
-0.00226171
0.0396474
-0.00208719
0.0394426
-0.00191562
0.0392598
-0.00174299
0.039096
-0.00159045
-0.00138348
0.0457216
-0.00288636
-0.0462109
0.0452196
-0.00301278
0.0447137
-0.00309346
0.0442122
-0.00313056
0.0437214
-0.00312988
0.0432465
-0.00309632
0.0427916
-0.00303428
0.0423596
-0.00294836
0.0419524
-0.00284323
0.0415711
-0.0027232
0.0412161
-0.00259195
0.0408874
-0.00245252
0.0405843
-0.00230738
0.0403063
-0.00215858
0.0400525
-0.0020079
0.0398219
-0.0018566
0.0396134
-0.00170709
0.0394262
-0.00155576
0.0392575
-0.00142174
-0.00123836
0.0456072
-0.00244067
-0.0460529
0.0451473
-0.00255288
0.0446811
-0.00262721
0.0442157
-0.00266519
0.0437571
-0.00267133
0.0433103
-0.00264946
0.0428791
-0.00260306
0.0424665
-0.00253583
0.0420749
-0.00245157
0.0417055
-0.00235381
0.0413592
-0.00224562
0.0410362
-0.00212957
0.0407366
-0.00200778
0.04046
-0.00188202
0.040206
-0.00175389
0.0399739
-0.00162452
0.0397629
-0.00149607
0.0395725
-0.00136537
0.0394002
-0.00124939
-0.00108947
0.0455047
-0.00203077
-0.0459146
0.0450797
-0.00212791
0.0446466
-0.00219409
0.0442117
-0.00223038
0.0437807
-0.00224029
0.043358
-0.00222678
0.0429475
-0.00219258
0.0425523
-0.00214062
0.0421747
-0.00207395
0.0418163
-0.00199543
0.0414782
-0.00190756
0.0411611
-0.00181247
0.0408653
-0.00171193
0.0405907
-0.00160745
0.0403372
-0.00150041
0.0401045
-0.0013918
0.039892
-0.0012835
0.0396994
-0.00117279
0.0395243
-0.00107436
-0.000937758
0.0454149
-0.00164994
-0.0457958
0.0450185
-0.00173151
0.0446127
-0.00178825
0.0442033
-0.00182097
0.0437953
-0.00183231
0.0433931
-0.00182457
0.0430004
-0.00179984
0.0426202
-0.00176042
0.0422549
-0.00170869
0.0419064
-0.00164691
0.0415759
-0.00157709
0.0412644
-0.00150091
0.0409723
-0.00141984
0.0406999
-0.00133512
0.0404474
-0.0012479
0.0402146
-0.001159
0.0400012
-0.00107004
0.0398071
-0.000978737
0.0396302
-0.000897434
-0.000783962
0.0453386
-0.00129228
-0.0456963
0.0449651
-0.00135803
0.0445814
-0.00140448
0.0441926
-0.00143222
0.0438036
-0.00144326
0.0434183
-0.0014393
0.0430404
-0.00142193
0.0426729
-0.00139288
0.0423181
-0.00135397
0.0419781
-0.00130692
0.0416543
-0.00125327
0.0413477
-0.00119433
0.0410591
-0.00113125
0.040789
-0.00106501
0.0405377
-0.000996527
0.0403051
-0.000926475
0.0400912
-0.000856155
0.0398963
-0.00078375
0.039718
-0.00071918
-0.000628668
0.045276
-0.000952577
-0.0456157
0.0449204
-0.00100247
0.044554
-0.00103805
0.0441816
-0.00105981
0.0438076
-0.00106924
0.0434359
-0.00106758
0.0430699
-0.00105595
0.0427126
-0.0010356
0.0423665
-0.00100785
0.0420335
-0.000973937
0.0417152
-0.000934983
0.0414128
-0.000891948
0.0411272
-0.000845668
0.0408591
-0.000796881
0.0406088
-0.000746273
0.0403767
-0.000694359
0.0401627
-0.000642109
0.0399671
-0.000588195
0.039788
-0.000540024
-0.000472336
0.0452274
-0.000626364
-0.0455536
0.0448853
-0.000660373
0.0445319
-0.000684653
0.0441718
-0.000699694
0.0438091
-0.000706555
0.0434476
-0.000706075
0.0430907
-0.000698989
0.0427412
-0.000686103
0.0424016
-0.000668273
0.042074
-0.000646313
0.0417599
-0.000620948
0.0414608
-0.000592809
0.0411776
-0.000562444
0.040911
-0.000530342
0.0406617
-0.000496959
0.04043
-0.000462649
0.0402159
-0.000428036
0.04002
-0.000392309
0.0398403
-0.000360272
-0.000315333
0.0451939
-0.00030976
-0.0455105
0.0448612
-0.000327666
0.0445167
-0.000340179
0.0441649
-0.000347858
0.0438098
-0.000351441
0.0434551
-0.000351386
0.0431041
-0.000348038
0.0427598
-0.000341789
0.0424246
-0.000333065
0.0421006
-0.000322272
0.0417894
-0.000309767
0.0414924
-0.000295859
0.0412108
-0.00028082
0.0409454
-0.000264896
0.0406967
-0.000248306
0.0404653
-0.000231251
0.0402512
-0.000213975
0.0400552
-0.000196263
0.0398749
-0.000180017
-0.0001582
0.0451775
-0.0454873
0.0448498
0.0445096
0.0441618
0.0438103
0.043459
0.0431109
0.0427691
0.0424361
0.0421138
0.041804
0.0415082
0.0412273
0.0409625
0.0407141
0.0404829
0.0402689
0.0400727
0.0398926
0.0422911
0.00496316
-0.0417083
0.042928
0.00790579
0.0436002
0.0107716
0.0442826
0.0135154
0.0449398
0.0160978
0.0455314
0.0184722
0.0459834
0.0206362
0.0462969
0.02243
0.0462229
0.0242385
0.0247588
0.0414814
0.00443574
-0.040954
0.0420902
0.00729703
0.0427678
0.010094
0.043496
0.0127873
0.0442471
0.0153467
0.0449995
0.0177198
0.045688
0.0199476
0.0463441
0.0217739
0.0467739
0.0238087
0.0244334
0.0407661
0.00396901
-0.0402994
0.0413368
0.00672634
0.0420013
0.00942945
0.0427471
0.0120415
0.0435528
0.014541
0.0444072
0.0168654
0.0452603
0.0190945
0.0461211
0.0209132
0.0469045
0.0230253
0.023828
0.04015
0.00355716
-0.0397382
0.040682
0.00619439
0.0413267
0.00878473
0.0420754
0.0112928
0.0429113
0.0137051
0.0438247
0.0159521
0.0447841
0.018135
0.0457691
0.0199282
0.0467894
0.022005
0.0229695
0.0396207
0.00319131
-0.0392549
0.0401182
0.00569693
0.0407422
0.00816068
0.0414861
0.0105489
0.0423373
0.0128539
0.0432841
0.0150052
0.0443132
0.0171059
0.0453835
0.0188579
0.0465493
0.0208393
0.0219162
0.0391627
0.00286324
-0.0388347
0.0396311
0.00522855
0.0402362
0.00755564
0.0409721
0.00981298
0.0418302
0.0119958
0.042797
0.0140384
0.0438706
0.0160323
0.0450016
0.0177268
0.0462545
0.0195865
0.0207211
0.0387637
0.00256604
-0.0384665
0.0392082
0.0047841
0.039797
0.00696686
0.0405246
0.00908529
0.0413853
0.0111352
0.0423645
0.0130592
0.0434657
0.0149311
0.0446409
0.0165517
0.0459482
0.0182791
0.0194257
0.0384147
0.00229426
-0.0381429
0.0388395
0.00435926
0.0394148
0.00639162
0.0401351
0.00836493
0.0409961
0.0102742
0.0419837
0.0120716
0.0431023
0.0138126
0.0443101
0.0153438
0.0456533
0.0169359
0.0180597
0.0381091
0.00204359
-0.0378584
0.0385177
0.00395065
0.0390817
0.00582764
0.0397958
0.00765078
0.0406562
0.00941381
0.0416499
0.0110779
0.0427799
0.0126825
0.044012
0.0141118
0.0453799
0.0155679
0.0166437
0.0378418
0.00181105
-0.0376093
0.0382369
0.00355558
0.0387914
0.00527316
0.0395003
0.00694183
0.0403597
0.00855438
0.041358
0.0100797
0.042496
0.0115445
0.043746
0.0128618
0.0451318
0.0141822
0.0151914
0.0376087
0.00159217
-0.0373898
0.0379924
0.00317193
0.038539
0.00472653
0.0392436
0.0062372
0.040102
0.00769601
0.0411036
0.009078
0.0422475
0.0104006
0.0435109
0.0115984
0.0449096
0.0127835
0.0137128
0.0374068
0.00138554
-0.0372002
0.037781
0.00279773
0.0383209
0.00418661
0.0390218
0.00553631
0.0398791
0.00683871
0.0408833
0.0080738
0.0420316
0.00925233
0.0433049
0.0103251
0.0447131
0.0113754
0.0122149
0.0372336
0.00118992
-0.037038
0.0375997
0.00243162
0.038134
0.00365233
0.0388317
0.00483856
0.0396881
0.00598239
0.0406941
0.00706774
0.0418457
0.0081008
0.0431263
0.00904448
0.0445413
0.00996038
0.0107033
0.0370868
0.00100353
-0.0369004
0.0374461
0.00207233
0.0379756
0.00312278
0.0386708
0.00414343
0.0395262
0.00512691
0.0405337
0.00606031
0.0416876
0.00694681
0.0429736
0.00775849
0.0443933
0.0085407
0.00918207
0.0369644
0.000824735
-0.0367856
0.0373181
0.00171867
0.0378438
0.0025971
0.0385368
0.00345043
0.0393916
0.00427211
0.0404
0.00505188
0.0415558
0.00579104
0.0428455
0.00646872
0.0442682
0.007118
0.00765454
0.0368649
0.000652135
-0.0366923
0.037214
0.00136959
0.0377366
0.00207449
0.0384279
0.00275906
0.0392823
0.00341777
0.0402915
0.00404268
0.0414485
0.00463399
0.0427408
0.00517644
0.0441652
0.00569365
0.00612342
0.0367868
0.000484491
-0.0366192
0.0371323
0.00102412
0.0376526
0.00155421
0.0383428
0.00206885
0.0391969
0.00256369
0.0402067
0.00303286
0.0413646
0.00347608
0.0426584
0.00388266
0.0440832
0.00426884
0.00459091
0.036729
0.000320633
-0.0365652
0.0370718
0.000681314
0.0375905
0.00103553
0.0382801
0.00137929
0.0391342
0.00170958
0.0401445
0.0020225
0.0413029
0.00231767
0.0425973
0.00258828
0.0440216
0.00284461
0.00305886
0.0366902
0.00015982
-0.0365294
0.0370313
0.000340215
0.0375491
0.000517669
0.0382386
0.000689815
0.0390931
0.0008551
0.0401041
0.00101156
0.0412628
0.00115895
0.0425572
0.00129389
0.0439802
0.00142161
0.00152851
0.0366699
-0.0365101
0.0370101
0.0375278
0.0382176
0.0390727
0.0400843
0.0412432
0.0425371
0.0439587
0.0197857
0.0304584
-0.0282952
-0.021949
0.0174164
0.0311103
-0.028741
0.0149791
0.0319246
-0.0294873
0.0124786
0.0328835
-0.030383
0.0099185
0.0339529
-0.0313929
0.0073272
0.035038
-0.0324467
0.00478552
0.0357483
-0.0332066
0.00247517
0.0349519
-0.0326415
0.000724293
0.0300425
-0.0282916
0.0159763
-0.015252
0.0176734
0.0326367
-0.0198516
0.0154754
0.0333083
0.0132365
0.0341635
0.0109456
0.0351745
0.00860117
0.0362973
0.00623748
0.0374017
0.00395167
0.0380341
0.00193904
0.0369645
0.000505341
0.0314762
0.0164816
0.0155266
0.0346227
-0.0175126
0.0134943
0.0353407
0.0114282
0.0362296
0.00932659
0.037276
0.00719263
0.0384313
0.00506668
0.0395277
0.00305786
0.0400429
0.00137035
0.038652
0.000277481
0.032569
0.0167591
0.0132265
0.0364171
-0.015021
0.0113841
0.0371831
0.00951014
0.0381036
0.007611
0.0391752
0.00569969
0.0403426
0.00382802
0.0413994
0.00211688
0.0417541
0.000775676
0.0399932
4.6722e-05
0.033298
0.0168058
0.0107761
0.0380115
-0.0123704
0.00914069
0.0388184
0.00747782
0.0397665
0.00579881
0.0408542
0.00412777
0.0420136
0.00253045
0.0429967
0.00114105
0.0431435
0.000142761
0.0409915
-0.000183537
0.0336243
0.0166223
0.00819643
0.0393886
-0.00957358
0.00678386
0.040231
0.00534714
0.0412032
0.00390394
0.0422974
0.00249117
0.0434264
0.00118938
0.0442985
0.000134828
0.044198
-0.00042925
0.0415556
-0.000392514
0.0335875
0.0162298
0.00551518
0.0405342
-0.00666078
0.00433538
0.0414108
0.00313723
0.0424014
0.00194511
0.0434895
0.000809994
0.0445615
-0.000175696
0.0452842
-0.000835479
0.0448578
-0.000995621
0.0417157
-0.000589236
0.0331812
0.0156406
0.00275852
0.04144
-0.0036643
0.00181516
0.0423542
0.000871493
0.043345
-4.87554e-05
0.0444097
-0.000889734
0.0454025
-0.00152793
0.0459224
-0.00180216
0.045132
-0.00154377
0.0414573
-0.00076769
0.0324051
0.0148729
-7.44177e-05
0.0421439
-0.000629481
-0.000751339
0.0430311
-0.00143339
0.0440271
-0.00207648
0.0450528
-0.00259685
0.0459229
-0.00287226
0.0461978
-0.00273543
0.0449952
-0.00205219
0.0407741
-0.000921962
0.0312749
0.0139509
-0.00289593
0.00250284
-0.00332666
-0.00374036
-0.00408595
-0.00427351
-0.00416713
-0.00360771
-0.00250494
-0.00104693
0.0285308
0.00289408
-0.0314249
0.0255417
0.00298913
0.0224471
0.00309461
0.0192357
0.00321142
0.0158922
0.00334346
0.0124037
0.0034885
0.00878288
0.00362083
0.00514068
0.0036422
0.00186632
0.00327436
0.00186632
0.0284006
0.00578363
-0.0312902
0.0254174
0.00597239
0.0223303
0.00618163
0.0191282
0.00641354
0.0157959
0.00667576
0.0123207
0.00696368
0.00871548
0.00722608
0.00509296
0.00726472
0.00184858
0.00651875
0.0037149
0.0281363
0.0086632
-0.0310159
0.0251653
0.00894343
0.0220937
0.00925323
0.0189102
0.00959698
0.0156002
0.00998583
0.0121518
0.010412
0.00858037
0.0107975
0.00500143
0.0108437
0.00180697
0.00971321
0.00552186
0.0277316
0.0115259
-0.0305942
0.0247804
0.0118946
0.021733
0.0123006
0.0185786
0.0127514
0.0153028
0.0132616
0.0118957
0.0138192
0.00837559
0.0143176
0.00486219
0.0143571
0.00174522
0.0128302
0.00726708
0.0271782
0.0143632
-0.0300156
0.0242558
0.0148171
0.0212425
0.0153138
0.0181283
0.0158657
0.0148997
0.0164901
0.011549
0.0171699
0.00809887
0.0177677
0.00467445
0.0177815
0.00166252
0.0158421
0.0089296
0.0264685
0.0171666
-0.0292718
0.0235833
0.0177023
0.0206142
0.0182829
0.0175522
0.0189277
0.0143851
0.0196573
0.0111073
0.0204476
0.00774728
0.0211278
0.00443674
0.021092
0.00155838
0.0187205
0.010488
0.0255948
0.0199275
-0.0283558
0.022756
0.0205411
0.0198422
0.0211967
0.0168457
0.0219242
0.0137546
0.0227484
0.0105671
0.0236352
0.00731828
0.0243766
0.00414783
0.0242625
0.00143261
0.0214357
0.0119206
0.0245553
0.0226503
-0.0272781
0.0217578
0.0233386
0.0189107
0.0240439
0.0159963
0.0248385
0.0129994
0.0257453
0.00992252
0.0267121
0.00680882
0.0274902
0.00380668
0.0272646
0.0012853
0.0239571
0.0132059
0.0232918
0.0253795
-0.0260211
0.0205507
0.0260797
0.0177973
0.0267973
0.0149861
0.0276497
0.0121058
0.0286255
0.00916513
0.0296528
0.00621484
0.0304405
0.00341232
0.0300671
0.00111685
0.0262526
0.0143227
0.0219545
-0.0248702
0.0192933
0.0166033
0.01387
0.0111027
0.00830875
0.00554268
0.00296829
0.00092927
0.0354742
-0.000159528
0.0356317
-0.000157469
0.0357811
-0.000149472
0.0359187
-0.00013758
0.0360405
-0.000121816
0.0361425
-0.000102023
0.0362205
-7.79122e-05
0.0362697
-4.92374e-05
0.0362859
-1.61707e-05
0.0362582
2.76825e-05
0.0361778
8.03594e-05
0.0360381
0.000139699
0.0358306
0.000207563
0.0355452
0.000285342
0.0351708
0.000374467
0.0346941
0.000476621
0.0341003
0.000593834
0.0333717
0.000728596
0.032488
0.000883715
0.00106308
0.0355536
-0.000309851
0.0357012
-0.000305079
0.0358404
-0.000288678
0.0359675
-0.000264741
0.0360789
-0.000233163
0.0361704
-0.000193528
0.0362377
-0.000145206
0.0362761
-8.7683e-05
0.0362814
-2.14651e-05
0.0362407
6.84429e-05
0.0361481
0.00017294
0.0359964
0.00029141
0.0357769
0.00042706
0.0354797
0.000582523
0.0350935
0.000760621
0.0346054
0.000964723
0.0340004
0.0011989
0.0332607
0.00146826
0.032366
0.00177841
0.00213892
0.0357102
-0.00043955
0.0358369
-0.000431739
0.035955
-0.000406815
0.0360609
-0.000370606
0.0361506
-0.000322926
0.0362202
-0.000263133
0.0362654
-0.000190381
0.0362819
-0.000104203
0.0362681
-7.64425e-06
0.0362018
0.000134809
0.0360845
0.000290151
0.0359084
0.000467513
0.0356647
0.000670845
0.0353434
0.000903776
0.0349335
0.00117051
0.0344221
0.0014761
0.0337944
0.00182668
0.0330325
0.00223015
0.0321162
0.00269467
0.00323925
0.0359377
-0.000537769
0.0360323
-0.000526357
0.0361184
-0.000492907
0.0361923
-0.00044447
0.0362501
-0.000380774
0.036288
-0.000300986
0.0363017
-0.000204099
0.0362872
-8.97132e-05
0.0362278
5.17624e-05
0.0361259
0.000236717
0.0359727
0.000443327
0.0357605
0.000679695
0.0354807
0.000950653
0.0351235
0.00126094
0.0346781
0.00161599
0.0341317
0.00202249
0.0334698
0.0024885
0.0326749
0.00302506
0.0317279
0.00364175
0.00437287
0.0362274
-0.000592841
0.0362781
-0.000577005
0.03632
-0.000534853
0.0363495
-0.000473926
0.0363626
-0.000393861
0.0363553
-0.000293746
0.036324
-0.000172758
0.0362682
-3.3944e-05
0.0361577
0.000162296
0.0360064
0.000388003
0.0358041
0.000645643
0.0355426
0.000941175
0.0352135
0.00127976
0.0348073
0.00166709
0.0343135
0.0021098
0.0337199
0.00261612
0.0330126
0.00319577
0.0321743
0.00386342
0.0311886
0.00462737
0.00554591
0.0365697
-0.000592485
0.0365643
-0.000571586
0.0365505
-0.000521014
0.0365244
-0.000447852
0.0364822
-0.000351725
0.0364199
-0.000231385
0.0363354
-8.83242e-05
0.0362044
9.71238e-05
0.0360342
0.000332486
0.0358217
0.00060048
0.0355581
0.00090925
0.0352353
0.00126398
0.0348448
0.00167021
0.0343776
0.00213433
0.0338236
0.00266382
0.0331713
0.0032684
0.0324083
0.00395876
0.0315176
0.00475418
0.030488
0.00565696
0.00676203
0.0369531
-0.000523108
0.0368777
-0.000496241
0.0367944
-0.000437735
0.036699
-0.000352384
0.0365872
-0.000239945
0.0364591
-0.000103335
0.0362999
7.09327e-05
0.0360913
0.000305727
0.0358498
0.000574013
0.0355639
0.000886324
0.035226
0.00124717
0.0348283
0.00166162
0.0343629
0.00213561
0.0338213
0.00267599
0.0331942
0.00329087
0.0324714
0.00399123
0.0316425
0.00478766
0.0306911
0.00570555
0.029615
0.0067331
0.00802127
0.0373697
-0.000371825
0.037213
-0.000339521
0.037048
-0.000272806
0.0368718
-0.000176142
0.0366868
-5.50041e-05
0.0364659
0.000117563
0.0362018
0.000335076
0.0359139
0.000593667
0.0355879
0.00089998
0.0352165
0.00125773
0.0347924
0.00167124
0.0343083
0.0021457
0.0337569
0.00268701
0.0331307
0.00330221
0.0324221
0.00399953
0.0316223
0.00479098
0.0307239
0.00568605
0.0297107
0.00671873
0.0285879
0.00785599
0.009331
0.0377971
-0.000122882
0.0375437
-8.60946e-05
0.037295
-2.41545e-05
0.0370275
9.13915e-05
0.0367254
0.000247114
0.0364004
0.000442515
0.0360515
0.000684034
0.0356686
0.000976536
0.0352452
0.00132341
0.0347745
0.00172841
0.0342497
0.00219604
0.0336639
0.00273147
0.0330105
0.00334046
0.0322827
0.00402993
0.0314745
0.00480778
0.0305795
0.00568594
0.0295949
0.00667067
0.0285117
0.00780188
0.0273547
0.00901307
0.0106646
0.0382834
0.000240415
0.0379169
0.00028038
0.0375321
0.000360667
0.0371383
0.00048518
0.0367308
0.000654557
0.0363014
0.000871924
0.0358436
0.00114183
0.0353519
0.0014683
0.0348201
0.00185513
0.0342421
0.00230643
0.0336116
0.0028266
0.0329227
0.00342031
0.0321707
0.0040925
0.0313518
0.00484882
0.0304641
0.00569548
0.0295081
0.0066419
0.028487
0.00769181
0.0273997
0.0088892
0.0262678
0.010145
0.0120621
0.0357981
0.000239298
0.0357977
0.000280686
0.0357959
0.000362526
0.0357939
0.000487119
0.0357921
0.00065639
0.0357913
0.000872712
0.0357938
0.00113931
0.0358025
0.00145968
0.0358203
0.00183731
0.0358511
0.00227558
0.0359
0.00277769
0.0359738
0.00334659
0.0360813
0.00398495
0.0362348
0.00469533
0.0364504
0.0054799
0.0367504
0.00634193
0.0371675
0.00727469
0.0377494
0.00830727
0.0386461
0.00924827
0.010754
0.0399543
0.0362731
0.000238024
0.0362757
0.000278067
0.0362795
0.000358784
0.036285
0.000481644
0.0362934
0.000647948
0.0363066
0.000859496
0.0363271
0.00111883
0.0363579
0.00142886
0.0364028
0.00179246
0.0364662
0.00221218
0.0365538
0.00269002
0.0366731
0.00322729
0.0368336
0.00382453
0.0370475
0.00448141
0.0373309
0.00519644
0.0377055
0.00596738
0.0381992
0.006781
0.0388476
0.00765884
0.0396688
0.00842711
0.00966029
0.0407625
0.0367562
0.000234264
0.0367615
0.000272754
0.036769
0.000351303
0.03678
0.000470617
0.0367964
0.000631537
0.0368204
0.000835474
0.0368548
0.00108444
0.0369029
0.00138076
0.0369688
0.00172661
0.0370572
0.00212372
0.0371742
0.00257303
0.0373271
0.00307446
0.0375248
0.00362678
0.0377788
0.00422742
0.038103
0.00487225
0.0385143
0.00555611
0.039032
0.00626331
0.0396775
0.00701328
0.0404526
0.00765199
0.00862132
0.0414916
0.0372396
0.000227859
0.0372476
0.000264818
0.0372586
0.000340261
0.0372746
0.000454612
0.0372977
0.000608393
0.0373306
0.000802654
0.0373761
0.00103893
0.0374379
0.00131897
0.0375201
0.00164433
0.0376278
0.00201601
0.0377668
0.00243408
0.0379439
0.00289737
0.0381673
0.00340333
0.0384468
0.00394792
0.0387938
0.00452532
0.0392208
0.00512908
0.0397418
0.00574232
0.0403732
0.00638189
0.0411132
0.00691198
0.00769456
0.0420399
0.0377165
0.000219346
0.0377268
0.000254516
0.037741
0.000326113
0.0377611
0.000434445
0.0377897
0.000579783
0.0378296
0.000762837
0.0378838
0.000984715
0.0379561
0.00124665
0.0380507
0.00154967
0.0381726
0.00189417
0.0383271
0.00227953
0.0385207
0.00270381
0.0387604
0.00316359
0.0390544
0.00365393
0.0394117
0.00416805
0.0398418
0.00469896
0.0403545
0.00522966
0.0409615
0.00577492
0.0416557
0.00621773
0.00686345
0.0424868
0.0381804
0.000209092
0.0381928
0.000242195
0.0382094
0.000309423
0.0382329
0.000410971
0.0382658
0.000546917
0.0383109
0.000717679
0.0383717
0.000923991
0.0384517
0.00116667
0.0385551
0.00144627
0.0386865
0.00176272
0.0388511
0.00211492
0.0390545
0.00250041
0.0393029
0.00291526
0.0396027
0.00335406
0.0399612
0.00380963
0.0403852
0.00427491
0.0408812
0.00473369
0.0414572
0.0051989
0.0421045
0.00557039
0.00610614
0.0428619
0.038626
0.000197366
0.03864
0.000228209
0.0386587
0.000290708
0.0386847
0.000384948
0.0387208
0.000510864
0.0387698
0.000668634
0.0388351
0.000858686
0.0389203
0.00108148
0.0390294
0.00133722
0.0391666
0.00162547
0.0393367
0.0019448
0.0395446
0.00229248
0.0397956
0.00266433
0.0400948
0.0030548
0.0404477
0.00345671
0.0408595
0.0038632
0.0413338
0.00425933
0.0418766
0.00465613
0.0424789
0.00496808
0.00541273
0.0431723
0.0390488
0.000184434
0.0390641
0.000212896
0.0390844
0.000270431
0.0391123
0.000357039
0.0391506
0.000472547
0.0392023
0.00061695
0.0392706
0.000790426
0.0393589
0.000993159
0.0394711
0.00122507
0.039611
0.00148549
0.039783
0.00177279
0.0399914
0.00208413
0.0402404
0.00241529
0.0405344
0.00276083
0.0408773
0.00311382
0.0412728
0.00346775
0.041723
0.0038091
0.042232
0.0041471
0.0427911
0.00440903
0.00477766
0.0434261
0.0394455
0.000170559
0.0394618
0.000196566
0.0394833
0.000249008
0.0395125
0.000327819
0.0395523
0.000432753
0.0396055
0.000563667
0.0396754
0.000720549
0.0397652
0.000903371
0.0398784
0.00111186
0.0400187
0.00134518
0.0401899
0.00160163
0.0403956
0.00187838
0.0406396
0.00217135
0.0409251
0.00247534
0.0412551
0.00278382
0.0416321
0.00309076
0.0420571
0.00338407
0.0425328
0.00367134
0.0430508
0.00389111
0.00419597
0.0436325
0.0398134
0.000155977
0.0398305
0.000179493
0.0398527
0.000226796
0.0398827
0.000297771
0.0399233
0.000392126
0.0399774
0.000509625
0.0400478
0.000650115
0.0401378
0.000813418
0.0402505
0.000999125
0.0403894
0.00120633
0.0405577
0.00143332
0.0407587
0.00167738
0.0409954
0.00193467
0.0412704
0.00220033
0.0415858
0.00246836
0.0419434
0.00273323
0.0423431
0.00298428
0.0427869
0.00322763
0.0432663
0.0034117
0.00366288
0.0437994
0.0401505
0.000140892
0.0401681
0.00016191
0.0401908
0.00020409
0.0402213
0.000267284
0.0402622
0.000351177
0.0403164
0.000455474
0.0403866
0.000579931
0.0404757
0.000724267
0.0405869
0.000887994
0.040723
0.00107018
0.0408871
0.0012692
0.041082
0.0014825
0.0413101
0.00170653
0.0415736
0.00193689
0.0418738
0.00216812
0.0422118
0.00239524
0.0425871
0.00260896
0.0430007
0.00281412
0.0434446
0.00296777
0.00317373
0.0439337
0.0404555
0.000125472
0.0404734
0.00014401
0.0404964
0.000181128
0.040527
0.000236659
0.0405679
0.000310289
0.0406217
0.000401693
0.0406911
0.000510571
0.0407787
0.000636585
0.0408875
0.000779215
0.0410201
0.000937554
0.0411793
0.00111008
0.0413673
0.00129448
0.0415863
0.00148756
0.0418378
0.00168535
0.0421229
0.00188303
0.042442
0.00207616
0.0427942
0.00225673
0.0431798
0.0024285
0.0435915
0.00255606
0.00272387
0.0440414
0.0407275
0.000109856
0.0407456
0.000125944
0.0407686
0.000158089
0.0407992
0.000206118
0.0408397
0.000269732
0.0408928
0.000348602
0.040961
0.000442407
0.0410468
0.000550784
0.0411528
0.000673216
0.0412815
0.000808857
0.0414352
0.000956332
0.0416161
0.00111358
0.0418259
0.00127779
0.0420657
0.00144548
0.0423363
0.00161244
0.0426377
0.0017748
0.0429687
0.00192575
0.043329
0.00206815
0.0437119
0.00217314
0.00230865
0.0441271
0.0409658
9.41464e-05
0.0409839
0.000107825
0.0410069
0.0001351
0.0410372
0.000175807
0.0410773
0.000229675
0.0411295
0.000296391
0.0411963
0.000375636
0.04128
0.000467055
0.0413831
0.000570161
0.0415077
0.000684192
0.0416561
0.000807944
0.0418301
0.000939635
0.042031
0.00107684
0.0422599
0.00121659
0.0425171
0.00135527
0.0428023
0.00148959
0.0431142
0.00161387
0.0434521
0.00173023
0.0438098
0.00181548
0.00192349
0.0441949
0.0411702
7.84252e-05
0.0411883
8.97337e-05
0.0412111
0.000112243
0.0412411
0.000145807
0.0412806
0.000190197
0.0413319
0.00024513
0.0413972
0.000310309
0.0414788
0.000385407
0.041579
0.00046999
0.0416998
0.000563401
0.0418431
0.000664619
0.0420106
0.000772153
0.0422035
0.000883979
0.0424224
0.000997622
0.0426676
0.0011101
0.0429385
0.00121865
0.0432337
0.00131868
0.0435522
0.00141171
0.0438882
0.00147949
0.00156388
0.0442478
0.0413404
6.27479e-05
0.0413584
7.17214e-05
0.0413811
8.95552e-05
0.0414108
0.000116144
0.0414496
0.000151305
0.0415
0.000194796
0.0415639
0.000246355
0.0416436
0.000305701
0.0417412
0.000372468
0.0418584
0.000446119
0.0419972
0.000525826
0.042159
0.000610394
0.0423448
0.000698204
0.0425551
0.000787279
0.04279
0.000875242
0.0430487
0.000959899
0.0433298
0.00103763
0.043632
0.00110949
0.0439499
0.00116158
0.00122542
0.0442884
0.0414765
4.71319e-05
0.0414944
5.38109e-05
0.0415169
6.70365e-05
0.0415462
8.6792e-05
0.0415846
0.000112946
0.0416341
0.00014529
0.0416968
0.000183609
0.0417749
0.00022768
0.0418701
0.000277222
0.0419844
0.000331822
0.0421194
0.000390856
0.0422763
0.000453425
0.0424562
0.000518317
0.0426595
0.000584051
0.0428859
0.000648849
0.0431347
0.000711065
0.0434043
0.000768016
0.0436934
0.000820409
0.0439968
0.00085818
0.000903877
0.0443183
0.0415784
3.15722e-05
0.0415962
3.59862e-05
0.0416186
4.46434e-05
0.0416477
5.76921e-05
0.0416856
7.50241e-05
0.0417345
9.64568e-05
0.0417962
0.000121832
0.0418729
0.000151001
0.0419664
0.000183773
0.0420783
0.000219867
0.0422103
0.000258866
0.0423636
0.00030017
0.0425389
0.00034297
0.0427367
0.000386282
0.0429566
0.000428921
0.0431979
0.000469788
0.0434588
0.000507095
0.0437379
0.000541261
0.0440305
0.000565671
0.00059511
0.0443392
0.0416462
1.636e-05
0.041664
1.81956e-05
0.0416864
2.22984e-05
0.0417153
2.87657e-05
0.0417529
3.74217e-05
0.0418013
4.81059e-05
0.0418624
6.07402e-05
0.0419381
7.52593e-05
0.0420303
9.15683e-05
0.0421406
0.000109524
0.0422706
0.000128917
0.0424213
0.000149446
0.0425936
0.000170708
0.0427876
0.000192211
0.0430032
0.000213364
0.0432394
0.000233614
0.0434944
0.000252061
0.0437668
0.000268893
0.0440518
0.00028061
0.000294545
0.0443524
0.0416798
0.041698
0.0417203
0.0417491
0.0417865
0.0418346
0.0418953
0.0419706
0.0420622
0.0421717
0.0423006
0.0424501
0.0426208
0.042813
0.0430263
0.04326
0.043512
0.0437809
0.0440615
0.0443561
0.0396764
-0.0216711
0.0396721
-0.0198473
0.0397175
-0.017558
0.0397891
-0.0150925
0.0399204
-0.0125018
0.0401219
-0.0097751
0.0403992
-0.00693805
0.0407607
-0.0040258
0.0412007
-0.00106948
0.00199529
0.0404772
-0.0213859
0.0401824
-0.0195525
0.0399826
-0.0173583
0.0398412
-0.0149511
0.0397801
-0.0124407
0.0398157
-0.00981079
0.0399509
-0.00707319
0.0401849
-0.00425984
0.0405128
-0.00139732
0.00155403
0.0410076
-0.0209019
0.0405234
-0.0190683
0.0401473
-0.0169821
0.0398598
-0.0146636
0.0396595
-0.0122403
0.0395624
-0.0097137
0.0395753
-0.00708612
0.0396995
-0.00438406
0.0399366
-0.00163441
0.00119128
0.0413995
-0.0202615
0.0407888
-0.0184576
0.0402744
-0.0164677
0.0398621
-0.0142513
0.039547
-0.0119253
0.0393414
-0.00950809
0.0392541
-0.00699884
0.0392881
-0.00441808
0.0394449
-0.00179119
0.000898038
0.0417144
-0.019489
0.0409928
-0.017736
0.0403615
-0.0158364
0.0398408
-0.0137306
0.0394291
-0.0115136
0.0391345
-0.0092135
0.0389658
-0.00683006
0.0389266
-0.00437889
0.0390188
-0.00188344
0.00066195
0.0419698
-0.018597
0.0411469
-0.0169131
0.0404167
-0.0151062
0.0398033
-0.0131172
0.0393093
-0.0110196
0.0389404
-0.00884453
0.0387041
-0.0065938
0.0386049
-0.0042797
0.0386449
-0.00192344
0.000472193
0.0421751
-0.0175999
0.0412618
-0.0159998
0.0404476
-0.0142919
0.0397555
-0.0124251
0.0391914
-0.0104555
0.0387596
-0.00841271
0.0384668
-0.00630105
0.0383177
-0.0041306
0.0383146
-0.00192037
0.00032032
0.0423387
-0.0165124
0.0413463
-0.0150074
0.0404605
-0.0134061
0.039702
-0.0116666
0.039078
-0.00983153
0.0385929
-0.00792759
0.0382525
-0.00596068
0.0380615
-0.00393959
0.0380225
-0.00188132
0.000199867
0.0424681
-0.015348
0.0414074
-0.0139468
0.0404607
-0.0124594
0.0396459
-0.0108518
0.0389711
-0.00915674
0.0384407
-0.00739722
0.0380601
-0.00558003
0.0378337
-0.00371318
0.0377644
-0.00181205
0.000105896
0.0425697
-0.0141184
0.0414507
-0.0128279
0.0404522
-0.0114608
0.0395899
-0.00998949
0.038872
-0.00843886
0.0383033
-0.00682844
0.0378886
-0.00516534
0.0376323
-0.0034569
0.0375367
-0.00171646
3.33169e-05
0.042649
-0.0128336
0.0414807
-0.0116596
0.0404383
-0.0104185
0.039536
-0.00908712
0.0387816
-0.00768453
0.0381803
-0.00622709
0.0377367
-0.00472178
0.0374555
-0.00317566
0.0373393
-0.00160024
-1.72589e-05
0.0427105
-0.0115028
0.0415009
-0.0104499
0.0404217
-0.00933927
0.0394856
-0.00815105
0.0387006
-0.00689946
0.0380716
-0.00559818
0.0376037
-0.00425384
0.0373011
-0.0028731
0.0371668
-0.00146588
-5.06624e-05
0.0427581
-0.0101338
0.0415142
-0.00920602
0.0404043
-0.00822937
0.03944
-0.00718679
0.0386292
-0.00608858
0.037977
-0.00494602
0.0374884
-0.00376525
0.0371676
-0.00255232
0.0370176
-0.00131582
-7.10907e-05
0.0427948
-0.00873359
0.0415228
-0.00793407
0.0403876
-0.00709421
0.0394
-0.00619919
0.0385677
-0.0052562
0.0378961
-0.00427441
0.0373901
-0.00325929
0.037054
-0.00221621
0.0368907
-0.0011525
-8.08218e-05
0.0428228
-0.00730858
0.0415285
-0.00663972
0.0403729
-0.00593866
0.0393663
-0.00519257
0.0385163
-0.00440615
0.0378285
-0.00358668
0.0373081
-0.00273887
0.0369592
-0.00186731
0.0367848
-0.000978125
-8.1613e-05
0.0428442
-0.00586444
0.0415326
-0.00532804
0.040361
-0.00476715
0.0393393
-0.00417084
0.038475
-0.00354188
0.0377742
-0.00288583
0.0372419
-0.00220656
0.0368824
-0.00150783
0.0366989
-0.0007946
-7.50207e-05
0.0428604
-0.00440647
0.041536
-0.00400372
0.0403527
-0.0035838
0.0393195
-0.00313761
0.0384441
-0.00266652
0.0377328
-0.00217456
0.0371909
-0.00166467
0.0368228
-0.00113974
0.0366318
-0.000603588
-6.23836e-05
0.0428723
-0.00293953
0.0415397
-0.00267118
0.0403484
-0.00239251
0.0393071
-0.00209625
0.0384235
-0.00178293
0.0377042
-0.00145524
0.0371547
-0.00111518
0.0367797
-0.000764756
0.0365828
-0.00040663
-4.47989e-05
0.0428813
-0.00146838
0.0415449
-0.00133487
0.0403494
-0.00119692
0.0393028
-0.00104966
0.0384133
-0.000893471
0.0376879
-0.00072982
0.0371324
-0.000559743
0.036752
-0.000384274
0.0365502
-0.000204851
-2.39833e-05
0.0428877
0.0415528
0.0403559
0.0393062
0.0384128
0.037683
0.0371232
0.0367389
0.0365341
)
;

boundaryField
{
    bottom
    {
        type            symmetryPlane;
        value           uniform 0;
    }
    right
    {
        type            calculated;
        value           nonuniform List<scalar> 
30
(
0.037518
0.0375808
0.037705
0.0378845
0.0381125
0.0383812
0.0386832
0.0390112
0.0393577
0.0397261
0.0366065
0.0368671
0.037134
0.037403
0.0376657
0.0379181
0.0381575
0.038382
0.0385903
0.0387817
0.0389558
0.0391123
0.0392513
0.0393726
0.0394764
0.0395627
0.0396316
0.0396833
0.0397178
0.0397344
)
;
    }
    top
    {
        type            symmetryPlane;
        value           uniform 0;
    }
    left
    {
        type            calculated;
        value           nonuniform List<scalar> 
30
(
-0.0353147
-0.0354032
-0.0355805
-0.0358395
-0.0361724
-0.0365701
-0.0370224
-0.037521
-0.038046
-0.0386467
-0.0357969
-0.0362718
-0.0367524
-0.0372332
-0.037708
-0.0381702
-0.0386143
-0.0390359
-0.0394316
-0.0397988
-0.0401354
-0.0404401
-0.0407119
-0.0409501
-0.0411545
-0.0413247
-0.0414608
-0.0415628
-0.041631
-0.0416635
)
;
    }
    cylinder
    {
        type            calculated;
        value           uniform 0;
    }
    defaultFaces
    {
        type            empty;
        value           nonuniform 0();
    }
}


// ************************************************************************* //
