/*--------------------------------*- C++ -*----------------------------------*\
| =========                 |                                                 |
| \\      /  F ield         | OpenFOAM: The Open Source CFD Toolbox           |
|  \\    /   O peration     | Version:  4.1                                   |
|   \\  /    A nd           | Web:      www.OpenFOAM.org                      |
|    \\/     M anipulation  |                                                 |
\*---------------------------------------------------------------------------*/
FoamFile
{
    version     2.0;
    format      ascii;
    class       surfaceScalarField;
    location    "3.7";
    object      phi;
}
// * * * * * * * * * * * * * * * * * * * * * * * * * * * * * * * * * * * * * //

dimensions      [0 3 -1 0 0 0 0];

internalField   nonuniform List<scalar> 
3890
(
0.000796812
-0.000986626
0.000189815
0.00320835
-0.0069371
0.00452556
0.00709054
-0.0148143
0.0109321
0.0120469
-0.0230477
0.0180913
0.0175398
-0.0304891
0.0249963
0.023061
-0.0364962
0.030975
0.0282431
-0.0408883
0.0357062
0.0328797
-0.0437895
0.0391529
0.0368832
-0.045448
0.0414446
-0.0462454
0.0428263
0.0403022
0.000985933
-0.00197256
0.00383504
-0.00978621
0.00821852
-0.0191978
0.0135235
-0.0283527
0.019075
-0.0360406
0.0243482
-0.0417694
0.0290486
-0.0455887
0.0330873
-0.0478281
0.0365342
-0.048895
-0.0492378
0.0395267
0.00119262
-0.00316518
0.0044625
-0.0130561
0.00923004
-0.0239653
0.0146601
-0.0337827
0.0200008
-0.0413813
0.0247837
-0.0465523
0.0288294
-0.0496344
0.0321596
-0.0511583
0.0349
-0.0516354
-0.0515047
0.0371669
0.00140869
-0.00457387
0.0050465
-0.0166939
0.0100295
-0.0289483
0.0153394
-0.0390927
0.0202329
-0.0462747
0.024362
-0.0506814
0.0276854
-0.0529578
0.0303278
-0.0538006
0.0324705
-0.0537782
-0.0533082
0.034274
0.00162143
-0.00619531
0.00553449
-0.020607
0.0105315
-0.0339453
0.0154917
-0.0440529
0.0197648
-0.0505478
0.023159
-0.0540757
0.0257605
-0.0555593
0.0277653
-0.0558054
0.0293772
-0.05539
-0.0546758
0.0307447
0.00181473
-0.00801004
0.00587499
-0.0246672
0.0106791
-0.0387494
0.0151054
-0.0484791
0.0186588
-0.0541012
0.0213075
-0.0567244
0.0232378
-0.0574897
0.0246839
-0.0572515
0.0258443
-0.0565504
-0.0556783
0.0268469
0.00197068
-0.00998072
0.0060269
-0.0287234
0.0104524
-0.0431749
0.0142198
-0.0522465
0.0170183
-0.0568997
0.0189551
-0.0586613
0.02028
-0.0588145
0.0212338
-0.0582054
0.0219927
-0.0573092
-0.0563449
0.0226592
0.00207173
-0.0120524
0.00596517
-0.0326169
0.00986642
-0.0470762
0.0129079
-0.055288
0.0149628
-0.0589547
0.0162438
-0.0599423
0.0170298
-0.0596005
0.0175463
-0.0587219
0.0179386
-0.0577016
-0.0566901
0.0182838
0.00210396
-0.0141564
0.00568909
-0.036202
0.00896372
-0.0503508
0.0112584
-0.0575826
0.012608
-0.0603044
0.0132944
-0.0606287
0.0135976
-0.0599036
0.0137146
-0.0588389
0.0137579
-0.0577449
-0.0567144
0.0137822
0.00205933
-0.0162157
0.0052158
-0.0393585
0.00780272
-0.0529377
0.00936159
-0.0591415
0.0100564
-0.0609992
0.0102041
-0.0607764
0.0100673
-0.0597668
0.0098104
-0.058582
0.00951732
-0.0574518
0.00922167
-0.0564187
-0.00047732
0.00047732
-0.00113784
0.00066052
-0.00161173
0.000473892
-0.00169888
8.71472e-05
-0.00129173
-0.000407156
-0.000327378
-0.000964348
0.00121455
-0.00154193
0.00333009
-0.00211554
0.00597679
-0.0026467
-0.00307334
0.00905013
-0.000427495
0.000904815
-0.000989948
0.00122297
-0.00133732
0.000821261
-0.00127402
2.38509e-05
-0.000697919
-0.000983257
0.000447592
-0.00210986
0.00218312
-0.00327745
0.00449375
-0.00442617
0.00733596
-0.00548891
-0.00634909
0.0106117
-0.000334129
0.00123894
-0.000713436
0.00160228
-0.000816125
0.000923951
-0.000467456
-0.000324818
0.000437789
-0.0018885
0.00194042
-0.00361249
0.00404583
-0.00538286
0.00672756
-0.0071079
0.00993505
-0.00869641
-0.00999484
0.0135808
-0.000211645
0.00145059
-0.000340616
0.00173125
-0.000104604
0.000687938
0.000656005
-0.00108543
0.00202759
-0.00326009
0.00403552
-0.00562041
0.00666154
-0.00800888
0.00985512
-0.0103015
0.0135477
-0.012389
-0.0141085
0.0176614
-7.46303e-05
0.00152522
9.34e-05
0.00156322
0.000743788
3.75496e-05
0.00201193
-0.00235357
0.00396169
-0.00520984
0.0065903
-0.00824903
0.00984423
-0.0112628
0.0136356
-0.0140928
0.017864
-0.0166174
-0.0186968
0.0224523
6.64988e-05
0.00145872
0.000560418
0.0010693
0.00167673
-0.00107876
0.00352715
-0.004204
0.00613628
-0.00781897
0.00945751
-0.0115703
0.0133867
-0.015192
0.0177863
-0.0184925
0.0225152
-0.0213463
-0.0236643
0.0274826
0.000203608
0.00125511
0.001041
0.000231911
0.00266762
-0.00270537
0.00515199
-0.00668837
0.00846597
-0.0111329
0.0124963
-0.0156006
0.0170711
-0.0197668
0.0219964
-0.0234178
0.0270929
-0.0264427
-0.0288181
0.0322467
0.000338903
0.000916207
0.00153569
-0.000964878
0.00370548
-0.00487516
0.00685517
-0.00983806
0.0108746
-0.0151524
0.0155592
-0.0202851
0.0206591
-0.0248667
0.0259304
-0.028689
0.0311715
-0.0316839
-0.0338928
0.0362462
0.000477765
0.000438442
0.00205531
-0.00254242
0.0047936
-0.00761345
0.00860915
-0.0136536
0.0132739
-0.0198172
0.0184719
-0.0254831
0.0238799
-0.0302747
0.0292319
-0.034041
0.0343411
-0.0367931
-0.0386163
0.0390647
0.000628257
0.0026114
0.00593005
0.0103677
0.0155468
0.0210387
0.0264701
0.031582
0.0362335
0.0404435
0.011677
-0.00262687
0.0143337
-0.00265667
0.0170058
-0.00267217
0.0196671
-0.0026613
0.0222873
-0.00262016
0.0248386
-0.00255134
0.0272975
-0.00245882
0.0296445
-0.00234705
0.0318647
-0.00222019
0.033947
-0.00208229
0.0358842
-0.00193721
0.0376727
-0.00178846
0.0393118
-0.00163913
0.0408037
-0.00149187
0.0421526
-0.00134894
0.0433647
-0.00121212
0.044448
-0.00108321
0.0454095
-0.00096158
0.0462655
-0.000855994
-0.00073252
0.0131631
-0.00517828
0.0157355
-0.00522903
0.0183206
-0.00525728
0.020893
-0.00523376
0.0234233
-0.00515045
0.0258855
-0.00501353
0.0282575
-0.00483077
0.030521
-0.00461061
0.0326619
-0.00436107
0.0346697
-0.0040901
0.0365378
-0.00380525
0.0382627
-0.00351338
0.0398441
-0.00322051
0.041284
-0.00293184
0.0425868
-0.00265176
0.0437584
-0.00238366
0.0448065
-0.00213134
0.0457375
-0.00189258
0.0465688
-0.00168728
-0.0014415
0.0159824
-0.00757983
0.018389
-0.00763563
0.0208041
-0.00767243
0.0232046
-0.00763424
0.0255621
-0.00750795
0.0278537
-0.00730512
0.0300601
-0.00703719
0.0321651
-0.0067156
0.0341558
-0.00635176
0.0360229
-0.00595722
0.0377606
-0.00554297
0.0393661
-0.00511893
0.0408394
-0.00469379
0.0421826
-0.00427499
0.0433997
-0.00386889
0.0444963
-0.00348021
0.0454797
-0.0031148
0.0463554
-0.00276822
0.0471405
-0.00247238
-0.00211345
0.0198403
-0.00975878
0.022008
-0.00980328
0.0241807
-0.00984515
0.0263381
-0.00979169
0.0284537
-0.00962348
0.0305079
-0.00935939
0.0324857
-0.0090149
0.0343728
-0.00860271
0.0361581
-0.00813706
0.0378337
-0.00763285
0.039395
-0.00710423
0.0408398
-0.00656379
0.0421685
-0.00602247
0.0433831
-0.0054896
0.0444874
-0.0049732
0.0454862
-0.00447896
0.0463863
-0.0040149
0.0471914
-0.00357338
0.0479189
-0.00319985
-0.0027391
0.0243356
-0.0116421
0.0262019
-0.0116696
0.0280752
-0.0117184
0.0299364
-0.0116529
0.0317609
-0.011448
0.0335327
-0.0111312
0.0352405
-0.0107227
0.0368722
-0.0102345
0.0384185
-0.00968336
0.039873
-0.00908736
0.0412323
-0.00846344
0.0424949
-0.00782642
0.0436614
-0.00718898
0.0447336
-0.00656184
0.0457148
-0.00595436
0.0466086
-0.00537271
0.047421
-0.0048273
0.0481536
-0.00430606
0.0488236
-0.00386977
-0.00332067
0.0290055
-0.013165
0.0305255
-0.0131897
0.0320636
-0.0132564
0.0335988
-0.0131882
0.0351087
-0.0129579
0.036579
-0.0126015
0.038001
-0.0121446
0.0393648
-0.0115983
0.0406627
-0.0109813
0.0418902
-0.0103148
0.0430449
-0.0096182
0.0441262
-0.00890772
0.0451345
-0.00819723
0.0460709
-0.00749822
0.0469375
-0.00682102
0.0477366
-0.00617176
0.0484729
-0.00556361
0.0491456
-0.00497874
0.0497709
-0.00449514
-0.00387186
0.0333733
-0.0142915
0.0345338
-0.0143501
0.0357312
-0.0144538
0.0369394
-0.0143964
0.0381378
-0.0141563
0.0393132
-0.0137769
0.040458
-0.0132894
0.0415656
-0.0127059
0.0426305
-0.0120462
0.0436496
-0.0113339
0.0446214
-0.0105901
0.0455453
-0.00983159
0.0464208
-0.00907276
0.0472479
-0.00832527
0.048027
-0.00760013
0.0487582
-0.00690295
0.0494448
-0.00625022
0.0500832
-0.00561709
0.0506886
-0.00510053
-0.00441655
0.0369931
-0.0150385
0.0378266
-0.0151836
0.0387119
-0.0153392
0.0396183
-0.0153027
0.0405322
-0.0150702
0.0414422
-0.0146869
0.0423421
-0.0141893
0.0432312
-0.013595
0.044105
-0.01292
0.0449609
-0.0121898
0.0457965
-0.0114257
0.0466097
-0.0106448
0.0473984
-0.00986141
0.0481602
-0.00908712
0.0488938
-0.00833366
0.0495967
-0.00760588
0.0502708
-0.00692437
0.0509099
-0.00625619
0.0515279
-0.00571846
-0.00498476
0.0395223
-0.0154961
0.0401159
-0.0157771
0.0407363
-0.0159596
0.0413815
-0.0159479
0.0420566
-0.0157453
0.0427557
-0.015386
0.0434729
-0.0149065
0.0442075
-0.0143295
0.0449567
-0.0136693
0.0457166
-0.0129497
0.0464823
-0.0121913
0.0472483
-0.0114108
0.0480096
-0.0106228
0.0487613
-0.00983877
0.0494996
-0.00907193
0.0502201
-0.00832638
0.0509235
-0.00762785
0.0516023
-0.00693493
0.0522695
-0.00638564
-0.00561241
0.0410192
-0.0160719
0.0414313
-0.0161893
0.041817
-0.0163453
0.0422432
-0.0163741
0.0427277
-0.0162299
0.0432711
-0.0159293
0.0438666
-0.0155021
0.0445092
-0.0149722
0.0451979
-0.0143579
0.0459259
-0.0136777
0.0466841
-0.0129496
0.0474632
-0.0121899
0.0482542
-0.0114138
0.049049
-0.0106336
0.0498414
-0.00986429
0.0506247
-0.00910966
0.0513981
-0.00840124
0.0521533
-0.00769015
0.0529034
-0.00713578
-0.00634418
0.0645721
-0.0143007
-0.0663433
0.0630973
-0.0147144
0.0616622
-0.0149102
0.0602591
-0.0149711
0.0589207
-0.0148915
0.0576644
-0.0146729
0.0564976
-0.0143353
0.0554259
-0.0139005
0.0544546
-0.0133866
0.053586
-0.0128091
0.0528196
-0.0121832
0.0521525
-0.0115227
0.0515796
-0.010841
0.0510947
-0.0101487
0.0506907
-0.0094602
0.0503589
-0.00877794
0.050092
-0.00813428
0.0498807
-0.0074789
0.0497183
-0.00697337
-0.00623589
0.0659604
-0.012702
-0.0675591
0.0644287
-0.0131827
0.0629714
-0.0134529
0.0615662
-0.0135658
0.0602214
-0.0135466
0.0589521
-0.0134037
0.0577671
-0.0131503
0.0566709
-0.0128043
0.0556665
-0.0123822
0.0547559
-0.0118984
0.0539389
-0.0113662
0.0532138
-0.0107977
0.0525773
-0.0102045
0.0520247
-0.00959613
0.0515506
-0.00898604
0.0511483
-0.00837566
0.0508108
-0.00779676
0.0505317
-0.00719981
0.0502989
-0.00674055
-0.00605258
0.0665953
-0.0111985
-0.0680988
0.0651203
-0.0117077
0.0637035
-0.012036
0.0623406
-0.012203
0.0610336
-0.0122396
0.0597929
-0.0121629
0.0586273
-0.0119848
0.0575421
-0.0117191
0.0565401
-0.0113802
0.0556231
-0.0109814
0.0547913
-0.0105344
0.0540434
-0.0100498
0.053377
-0.00953804
0.0527885
-0.0090076
0.0522733
-0.00847093
0.0518264
-0.00792875
0.0514412
-0.00741157
0.0511128
-0.00687134
0.0508281
-0.00645591
-0.00582032
0.0667004
-0.00982216
-0.0680768
0.0653413
-0.0103486
0.064017
-0.0107117
0.0627343
-0.0109203
0.0614985
-0.0110039
0.0603181
-0.0109825
0.0592013
-0.0108679
0.0581537
-0.0106715
0.0571787
-0.0104053
0.0562785
-0.0100811
0.0554536
-0.00970956
0.0547038
-0.00929993
0.0540274
-0.00886165
0.053422
-0.00840217
0.052884
-0.00793301
0.0524095
-0.00745424
0.0519927
-0.00699478
0.0516299
-0.00650852
0.0513089
-0.0061349
-0.00555151
0.066484
-0.00860298
-0.0677032
0.0652618
-0.00912637
0.0640538
-0.00950372
0.0628723
-0.00973886
0.0617261
-0.00985768
0.0606235
-0.00987987
0.0595723
-0.00981665
0.0585782
-0.00967744
0.0576455
-0.00947254
0.0567765
-0.00921222
0.0559728
-0.00890589
0.0552348
-0.00856189
0.0545618
-0.00818864
0.0539523
-0.00779269
0.0534039
-0.0073846
0.0529136
-0.00696389
0.0524765
-0.00655771
0.0520901
-0.00612215
0.051743
-0.00578775
-0.00525478
0.066105
-0.00753741
-0.0671706
0.0650181
-0.00803947
0.0639298
-0.00841537
0.0628546
-0.00866369
0.0618031
-0.00880616
0.0607838
-0.00886056
0.0598042
-0.00883708
0.0588705
-0.00874374
0.0579872
-0.00858922
0.0571574
-0.00838239
0.0563831
-0.00813158
0.0556653
-0.00784417
0.0550044
-0.00752769
0.0543995
-0.00718785
0.0538492
-0.0068343
0.0533514
-0.00646608
0.0529022
-0.00610849
0.0525001
-0.00572002
0.0521344
-0.00542202
-0.00493747
0.0656664
-0.00660587
-0.0665979
0.0647028
-0.00707587
0.0637263
-0.00743887
0.0627522
-0.00768961
0.0617916
-0.00784561
0.0608533
-0.00792224
0.0599446
-0.00792841
0.0590718
-0.0078709
0.0582396
-0.00775703
0.0574516
-0.0075944
0.0567103
-0.00739029
0.0560174
-0.00715119
0.0553735
-0.00688381
0.0547787
-0.00659312
0.0542323
-0.00628786
0.0537329
-0.00596671
0.0532775
-0.00565307
0.0528655
-0.00530798
0.052487
-0.00504352
-0.00460518
0.0652265
-0.0057869
-0.0660455
0.0643699
-0.00621922
0.0634926
-0.00656159
0.0626096
-0.00680663
0.061732
-0.00696802
0.0608684
-0.00705862
0.060026
-0.00708602
0.059211
-0.00705588
0.0584283
-0.00697432
0.0576817
-0.00684782
0.0569741
-0.00668268
0.0563075
-0.00648459
0.0556831
-0.00625945
0.0551016
-0.0060116
0.0545626
-0.00574889
0.0540657
-0.00546976
0.0536083
-0.00519568
0.0531907
-0.00489039
0.0528039
-0.00465668
-0.00426222
0.0648135
-0.0050608
-0.0655396
0.0640472
-0.00545298
0.0632556
-0.00576996
0.0624525
-0.00600348
0.0616484
-0.00616397
0.0608518
-0.00626195
0.0600694
-0.00630371
0.0593075
-0.00629392
0.0585708
-0.00623768
0.0578635
-0.00614045
0.0571884
-0.00600766
0.0565481
-0.00584423
0.055944
-0.00565536
0.0553772
-0.00544478
0.0548478
-0.0052195
0.0543558
-0.00497781
0.0538994
-0.00473928
0.0534795
-0.00447045
0.0530877
-0.00426488
-0.00391197
0.0644378
-0.0044108
-0.0650878
0.0637472
-0.00476243
0.0630286
-0.00505137
0.0622945
-0.00526931
0.0615546
-0.00542415
0.060817
-0.0055243
0.0600881
-0.00557487
0.0593739
-0.00557968
0.0586792
-0.00554294
0.0580079
-0.00546922
0.0573635
-0.00536316
0.0567482
-0.00522898
0.0561641
-0.00507122
0.0556123
-0.00489306
0.0550936
-0.00470073
0.0546082
-0.00449244
0.0541548
-0.00428586
0.0537348
-0.00405046
0.0533406
-0.00387065
-0.00355709
0.0641017
-0.00382337
-0.0646891
0.0634743
-0.0041351
0.0628177
-0.00439468
0.0621427
-0.00459431
0.0614584
-0.00473991
0.0607723
-0.00483815
0.0600905
-0.00489309
0.0594186
-0.00490782
0.0587615
-0.00488577
0.058123
-0.00483076
0.0575065
-0.00474668
0.0569147
-0.00463715
0.0563495
-0.00450607
0.0558127
-0.00435616
0.0553048
-0.00419289
0.0548268
-0.00401446
0.0543777
-0.00383669
0.0539592
-0.00363202
0.0535644
-0.00347583
-0.00319956
0.0638044
-0.00328755
-0.0643402
0.0632297
-0.0035605
0.0626253
-0.00379024
0.0620007
-0.00396974
0.0613643
-0.00410346
0.0607227
-0.0041966
0.060082
-0.00425237
0.0594474
-0.00427321
0.0588235
-0.0042619
0.0582143
-0.00422157
0.0576232
-0.0041555
0.0570527
-0.00406672
0.0565052
-0.00395858
0.0559824
-0.00383335
0.0554853
-0.0036958
0.0550151
-0.00354419
0.0545709
-0.00339249
0.054155
-0.00321618
0.0537609
-0.00308175
-0.00284091
0.0635441
-0.00279427
-0.0640374
0.0630133
-0.00302972
0.0624527
-0.00322963
0.0618709
-0.00338786
0.0612752
-0.00350775
0.0606719
-0.00359334
0.0600666
-0.00364712
0.0594644
-0.00367097
0.0588697
-0.00366715
0.0582863
-0.0036382
0.0577176
-0.00358682
0.0571664
-0.00351553
0.056635
-0.00342716
0.0561252
-0.0033236
0.0556384
-0.00320893
0.0551757
-0.00308154
0.0547368
-0.00295357
0.0543242
-0.00280357
0.0539317
-0.00268929
-0.00248222
0.0633194
-0.00233585
-0.0637778
0.0628248
-0.00253511
0.0623006
-0.00270548
0.0617545
-0.00284175
0.0611931
-0.00294639
0.0606223
-0.00302255
0.0600473
-0.0030721
0.0594728
-0.00309651
0.0589032
-0.00309753
0.0583423
-0.00307724
0.0577933
-0.0030378
0.057259
-0.00298131
0.0567419
-0.00291007
0.056244
-0.00282565
0.0557666
-0.00273149
0.0553111
-0.00262613
0.0548775
-0.00251992
0.0544684
-0.00239447
0.0540781
-0.00229897
-0.00212421
0.0631287
-0.00190566
-0.0635588
0.0626635
-0.00206998
0.0621693
-0.00221123
0.0616527
-0.00232513
0.0611198
-0.00241353
0.0605761
-0.00247882
0.0600264
-0.00252242
0.0594753
-0.00254542
0.058927
-0.0025492
0.0583851
-0.00253536
0.0578529
-0.00250565
0.0573333
-0.00246172
0.0568287
-0.00240547
0.0563412
-0.00233811
0.0558722
-0.00226249
0.0554234
-0.00217735
0.0549947
-0.00209124
0.0545892
-0.0019889
0.0542012
-0.00191102
-0.00176732
0.0629708
-0.00149791
-0.0633785
0.0625292
-0.0016284
0.0620589
-0.00174099
0.0615661
-0.00183231
0.0610564
-0.00190377
0.0605347
-0.00195714
0.0600057
-0.00199346
0.0594738
-0.00201354
0.0589431
-0.00201842
0.058417
-0.0020093
0.0578989
-0.00198755
0.0573916
-0.00195443
0.0568976
-0.00191142
0.0564189
-0.00185946
0.0559572
-0.00180079
0.0555143
-0.0017344
0.0550901
-0.00166707
0.0546878
-0.00158663
0.0543023
-0.00152542
-0.00141176
0.0628445
-0.00110748
-0.0632349
0.0624212
-0.0012051
0.0619697
-0.00128943
0.0614954
-0.00135809
0.0610038
-0.00141211
0.0604994
-0.00145279
0.0599868
-0.00148087
0.0594702
-0.00149689
0.0589534
-0.00150161
0.05844
-0.0014959
0.0579332
-0.00148073
0.0574358
-0.00145706
0.0569503
-0.00142594
0.0564789
-0.00138809
0.0560233
-0.00134513
0.0555852
-0.00129635
0.0551649
-0.00124672
0.0547655
-0.00118727
0.054382
-0.00114195
-0.00105751
0.062749
-0.00072993
-0.0631265
0.0623392
-0.000795358
0.0619015
-0.000851737
0.0614411
-0.000897667
0.0609629
-0.000933919
0.0604715
-0.000961369
0.0599711
-0.000980489
0.0594659
-0.000991633
0.0589595
-0.000995274
0.0584556
-0.000991992
0.0579573
-0.000982424
0.0574674
-0.000967187
0.0569885
-0.000946974
0.0565227
-0.000922272
0.0560716
-0.000894112
0.0556374
-0.000862095
0.05522
-0.000829363
0.054823
-0.000790244
0.0544413
-0.000760194
-0.000704426
0.0626841
-0.0003614
-0.0630526
0.0622837
-0.000394986
0.0618554
-0.000423477
0.0614043
-0.000446514
0.0609351
-0.000464703
0.0604523
-0.00047854
0.05996
-0.000488237
0.0594623
-0.000493951
0.058963
-0.000495914
0.0584654
-0.000494425
0.0579728
-0.000489795
0.0574879
-0.00048234
0.0570133
-0.000472383
0.0565513
-0.000460207
0.0561034
-0.000446231
0.0556717
-0.000430453
0.0552564
-0.000414019
0.0548611
-0.000394957
0.0544802
-0.000379299
-0.000352711
0.0626508
-0.0630122
0.0622558
0.0618324
0.0613859
0.0609212
0.0604426
0.0599544
0.0594604
0.0589645
0.0584701
0.0579803
0.057498
0.0570256
0.0565654
0.0561191
0.0556887
0.0552747
0.0548797
0.0545004
0.0564859
0.00824302
-0.0555072
0.0576028
0.0126652
0.058847
0.0170397
0.0602041
0.0213021
0.0616316
0.0254194
0.0630947
0.0292816
0.0644049
0.0329638
0.0656083
0.0359634
0.0659124
0.0392226
0.0398713
0.0555616
0.00735678
-0.0546753
0.0566135
0.0116132
0.057823
0.0158302
0.0591867
0.0199383
0.0606578
0.0239484
0.0622593
0.02768
0.0637974
0.0314258
0.0654363
0.0343244
0.0666685
0.0379904
0.0389808
0.054752
0.00657168
-0.0539669
0.0557249
0.0106403
0.0568755
0.0146796
0.0582112
0.0186027
0.059684
0.0224756
0.0613402
0.0260237
0.063042
0.0297241
0.0648774
0.032489
0.0666982
0.0361696
0.0375802
0.0540611
0.00587664
-0.0533661
0.0549585
0.00974291
0.0560491
0.013589
0.0573445
0.0173073
0.0588089
0.0210112
0.0604721
0.0243605
0.0622769
0.0279193
0.0641793
0.0305866
0.0662799
0.034069
0.0357833
0.0534713
0.00525568
-0.0528503
0.0543039
0.00891036
0.0553422
0.0125507
0.0565936
0.0160559
0.058041
0.0195638
0.0596804
0.0227211
0.0615233
0.0260764
0.0634467
0.0286633
0.0656501
0.0318655
0.0337302
0.0529618
0.00469578
-0.0524019
0.0537398
0.00813236
0.0547338
0.0115567
0.0559429
0.0148468
0.0573668
0.0181399
0.0589747
0.0211132
0.060818
0.0242331
0.0627549
0.0267263
0.0649789
0.0296415
0.0315385
0.0525175
0.0041873
-0.052009
0.0532494
0.00740049
0.0542057
0.0106003
0.055378
0.0136745
0.0567768
0.0167411
0.0583593
0.0195307
0.0601863
0.0224062
0.0621308
0.0247818
0.0643422
0.0274301
0.0292828
0.0521286
0.00372284
-0.0516641
0.0528212
0.00670784
0.053745
0.00967656
0.0548872
0.0125323
0.0562619
0.0153664
0.0578254
0.0179672
0.0596299
0.0206016
0.0615747
0.022837
0.063765
0.0252399
0.0270023
0.0517882
0.00329643
-0.0513618
0.0524473
0.00604872
0.0533425
0.00878135
0.0544599
0.011415
0.055812
0.0140143
0.0573602
0.016419
0.0591425
0.0188193
0.061083
0.0208964
0.0632532
0.0230697
0.0247159
0.0514908
0.00290304
-0.0510974
0.0521211
0.00541838
0.0529912
0.00791131
0.0540876
0.0103185
0.0554192
0.0126827
0.0569541
0.0148841
0.0587172
0.0170563
0.0606511
0.0189625
0.0628038
0.020917
0.022432
0.0512321
0.00253828
-0.0508673
0.0518376
0.0048128
0.0526856
0.00706337
0.053764
0.0092401
0.0550776
0.0113691
0.0566005
0.0133612
0.0583473
0.0153095
0.0602735
0.0170362
0.062411
0.0187795
0.0201539
0.0510083
0.00219827
-0.0506683
0.0515926
0.00422848
0.0524214
0.00623457
0.0534842
0.00817728
0.0547822
0.0100711
0.0562942
0.0118492
0.0580272
0.0135765
0.0599453
0.0151181
0.0620694
0.0166554
0.0178831
0.0508164
0.0018795
-0.0504976
0.0513825
0.00366233
0.0521949
0.00542215
0.0532443
0.00712789
0.054529
0.00878644
0.0560311
0.0103471
0.0577524
0.0118552
0.0596625
0.013208
0.0617745
0.0145434
0.0156202
0.0506538
0.00157878
-0.050353
0.0512045
0.00311156
0.0520031
0.00462356
0.0530411
0.00608996
0.0543147
0.00751285
0.0558081
0.0088537
0.0575193
0.0101439
0.059422
0.0113053
0.0615231
0.0124423
0.0133656
0.0505182
0.0012926
-0.050232
0.0510562
0.00257354
0.0518434
0.0038364
0.0528718
0.00506155
0.0541363
0.00624836
0.0556223
0.00736768
0.0573252
0.00844105
0.0592211
0.0094094
0.0613125
0.0103509
0.0111192
0.0504081
0.00101814
-0.0501337
0.0509356
0.0020461
0.0517135
0.00305852
0.0527342
0.0040408
0.0539915
0.00499108
0.0554715
0.00588766
0.0571676
0.00674497
0.0590575
0.00751943
0.0611403
0.00826814
0.00888101
0.0503219
0.000754106
-0.0500579
0.050841
0.00152702
0.0516117
0.00228787
0.0526265
0.003026
0.0538782
0.00373929
0.0553536
0.00441228
0.0570444
0.00505424
0.0589293
0.00563447
0.0610046
0.00619284
0.00665068
0.0502582
0.000497858
-0.0500019
0.0507709
0.00101433
0.0515363
0.00152249
0.0525469
0.0020154
0.0537949
0.00249128
0.055267
0.00294012
0.0569538
0.00336742
0.0588347
0.00375356
0.0609037
0.00412391
0.00442784
0.0502153
0.000247915
-0.0499654
0.0507237
0.000505941
0.0514857
0.000760454
0.0524939
0.00100725
0.0537398
0.00124535
0.0552102
0.00146976
0.0568945
0.0016831
0.0587724
0.00187564
0.0608363
0.00206004
0.00221152
0.0501932
-0.0499453
0.0506991
0.0514596
0.0524668
0.0537122
0.0551819
0.056865
0.0587407
0.0608007
0.0268142
0.0395857
-0.0366756
-0.0297242
0.0236193
0.0403566
-0.0371617
0.0203484
0.0413406
-0.0380697
0.0170121
0.0425389
-0.0392027
0.0136064
0.0439372
-0.0405314
0.010144
0.0455133
-0.0420509
0.00669825
0.0469504
-0.0435047
0.00349538
0.0469067
-0.0437038
0.00101663
0.0416203
-0.0391415
0.0230019
-0.0219853
0.0240608
0.0425598
-0.0270349
0.0210716
0.0433457
0.0180451
0.0443671
0.0149681
0.0456159
0.0118274
0.0470778
0.0086417
0.048699
0.00551103
0.050081
0.00269593
0.0497218
0.000667409
0.0436488
0.0236693
0.0211991
0.0452913
-0.0239305
0.0184191
0.0461257
0.0156088
0.0471774
0.0127673
0.0484574
0.00988587
0.0499593
0.00699116
0.0515938
0.00420647
0.0528657
0.0018249
0.0521034
0.000290318
0.0451834
0.0239596
0.0180642
0.0477711
-0.0205441
0.0155334
0.0486566
0.0129723
0.0497385
0.0103888
0.0510409
0.00778615
0.0525619
0.00520774
0.0541722
0.00279976
0.0552737
0.000883885
0.0540193
-0.000102638
0.0461699
0.023857
0.0146593
0.0499882
-0.0168764
0.012402
0.050914
0.0101204
0.05202
0.00782373
0.0533376
0.00552716
0.0548585
0.00329692
0.0564024
0.00131105
0.0572596
-0.000137961
0.0554683
-0.000477375
0.0465093
0.0233796
0.0110119
0.0519161
-0.0129397
0.00905244
0.0528734
0.00707299
0.0539995
0.00508724
0.0553233
0.00312449
0.0568213
0.0012762
0.0582507
-0.000248176
0.058784
-0.00103384
0.0562539
-0.000833919
0.0463094
0.0225457
0.00716174
0.0535263
-0.008772
0.00551969
0.0545154
0.00385947
0.0556597
0.00220698
0.0569758
0.00060615
0.0584221
-0.000817608
0.0596745
-0.00179938
0.0597657
-0.00198924
0.0564438
-0.00117296
0.0454931
0.0213727
0.00314813
0.0548104
-0.00443216
0.00182956
0.055834
0.000510799
0.0569785
-0.000794936
0.0582815
-0.00201042
0.0596376
-0.0029703
0.0606343
-0.00339233
0.0601878
-0.00292273
0.0559742
-0.00148069
0.0440511
0.019892
-0.000992096
0.0558391
-3.66533e-05
-0.00198
0.0568219
-0.00296127
0.0579597
-0.00389797
0.0592182
-0.00469273
0.0604323
-0.00515036
0.061092
-0.00495839
0.0599958
-0.00379598
0.0548118
-0.00173999
0.0419951
0.018152
-0.00524935
0.00466974
-0.00587925
-0.00650148
-0.00705005
-0.0073941
-0.0073013
-0.00644698
-0.00457291
-0.00193631
0.0371042
0.0036451
-0.0407493
0.0333314
0.0037728
0.0294154
0.003916
0.0253413
0.00407411
0.021088
0.00425332
0.0166297
0.00445832
0.0119539
0.00467577
0.00714832
0.00480557
0.00267557
0.00447275
0.00267557
0.0369811
0.00729347
-0.0406294
0.0332076
0.0075463
0.0292941
0.00782952
0.0252256
0.00814253
0.0209812
0.0084977
0.0165352
0.00890433
0.0118748
0.00933624
0.00708945
0.00959089
0.00265251
0.00890969
0.00532807
0.0367252
0.0109466
-0.0403783
0.0329517
0.0113198
0.0290441
0.0117372
0.0249874
0.0121992
0.0207609
0.0127243
0.0163394
0.0133258
0.0117128
0.0139629
0.00697497
0.0143287
0.00259719
0.0132875
0.00792526
0.036319
0.0146003
-0.0399728
0.0325501
0.0150888
0.0286545
0.0156328
0.0246183
0.0162354
0.0204209
0.0169216
0.0160385
0.0177081
0.0114642
0.0185372
0.00679856
0.0189943
0.00251414
0.0175719
0.0104394
0.0357414
0.0182474
-0.0393885
0.0319844
0.0188458
0.02811
0.0195071
0.0241056
0.0202399
0.0199511
0.0210761
0.0156244
0.0220349
0.0111231
0.0230385
0.00655711
0.0235603
0.00240118
0.0217278
0.0128406
0.0349752
0.0218808
-0.0386086
0.0312371
0.0225839
0.0273931
0.0233511
0.0234331
0.0241999
0.0193377
0.0251716
0.0150859
0.0262866
0.0106815
0.0274429
0.00624579
0.0279961
0.00225629
0.0257173
0.0150969
0.0339842
0.0254913
-0.0375946
0.0302774
0.0262907
0.02648
0.0271485
0.0225833
0.0280966
0.0185666
0.0291882
0.0144119
0.0304414
0.010131
0.0317237
0.00585948
0.0322676
0.00207761
0.0294992
0.0171745
0.0327868
0.029076
-0.0363715
0.0291024
0.0299751
0.025364
0.030887
0.0215498
0.0319107
0.0176319
0.0331062
0.0135964
0.0344769
0.00946658
0.0358535
0.0053951
0.0363391
0.00186426
0.03303
0.0190387
0.0311833
0.0327164
-0.0348237
0.0275496
0.0336087
0.0239313
0.0345053
0.0202505
0.0355915
0.0164774
0.0368793
0.0126059
0.0383484
0.00867075
0.0397886
0.00484529
0.0401645
0.00161476
0.0362606
0.0206535
0.0295512
-0.0335105
0.0259982
0.0224338
0.0188227
0.0151706
0.0114681
0.00775203
0.00421271
0.00133175
0.0450756
-0.000200269
0.0452748
-0.000199161
0.0454655
-0.000190725
0.045643
-0.000177481
0.0458026
-0.000159537
0.0459394
-0.000136831
0.0460484
-0.000109012
0.046124
-7.5595e-05
0.0461602
-3.6254e-05
0.0461497
1.05169e-05
0.0460792
7.04859e-05
0.0459414
0.00013786
0.0457261
0.00021532
0.0454214
0.00030469
0.0450136
0.000407813
0.0444868
0.00052673
0.0438229
0.000663897
0.0429987
0.00082423
0.0419889
0.00100977
0.00123963
0.0452274
-0.000390131
0.045415
-0.000386803
0.0455933
-0.00036905
0.045758
-0.000342183
0.0459047
-0.000306162
0.0460285
-0.000260638
0.0461243
-0.000204889
0.0461868
-0.000138062
0.0462103
-5.97353e-05
0.0461848
3.59719e-05
0.0461
0.000155274
0.0459479
0.000290047
0.0457182
0.000445023
0.045399
0.00062385
0.0449765
0.000830303
0.0444345
0.00106871
0.0437547
0.00134376
0.0429143
0.00166459
0.0418883
0.00203577
0.00249848
0.0455266
-0.000554701
0.0456886
-0.00054883
0.0458412
-0.000521662
0.04598
-0.000480942
0.0461004
-0.000426606
0.0461979
-0.000358091
0.0462673
-0.000274309
0.0463033
-0.000174097
0.0463004
-5.68297e-05
0.0462445
9.18438e-05
0.0461305
0.000269321
0.0459492
0.000471337
0.0456904
0.000703867
0.0453419
0.000972275
0.0448899
0.00128232
0.0443177
0.00164089
0.0436061
0.00205541
0.0427329
0.00253781
0.0416745
0.00309411
0.00379469
0.0459606
-0.000680284
0.0460827
-0.000671012
0.0461953
-0.000634222
0.0462938
-0.000579435
0.0463737
-0.000506465
0.04643
-0.000414483
0.0464579
-0.000302138
0.0464522
-0.000168401
0.0464112
-1.58093e-05
0.0463088
0.000194184
0.0461498
0.000428379
0.0459238
0.000697288
0.0456202
0.00100747
0.0452269
0.00136561
0.0447298
0.00177939
0.0441122
0.00225849
0.0433547
0.00281291
0.0424323
0.0034602
0.0413247
0.00420175
0.00514655
0.0465125
-0.000751765
0.0465795
-0.000737981
0.0466367
-0.000691377
0.0466796
-0.000622401
0.0467039
-0.000530776
0.0467051
-0.000415604
0.0466789
-0.000275965
0.0466205
-0.00010999
0.0465072
9.74203e-05
0.046346
0.000355386
0.046127
0.000647459
0.0458406
0.000983684
0.0454763
0.00137171
0.045022
0.00181989
0.0444638
0.00233765
0.0437847
0.00293761
0.0429661
0.00363146
0.0419816
0.00444468
0.0408123
0.00537113
0.00657029
0.0471619
-0.000752569
0.047157
-0.000733014
0.0471422
-0.00067662
0.0471132
-0.000593424
0.0470654
-0.000482889
0.0469936
-0.00034381
0.0468929
-0.000175309
0.0467643
1.86093e-05
0.0465698
0.000291895
0.0463309
0.000594323
0.0460344
0.000943939
0.0456702
0.00134788
0.0452278
0.0018141
0.0446951
0.00235266
0.0440583
0.00297441
0.0433006
0.00369531
0.042405
0.00452704
0.0413435
0.0055062
0.0401051
0.00660951
0.0080668
0.047887
-0.000664361
0.0477916
-0.000637667
0.0476868
-0.000571821
0.0475679
-0.000474476
0.0474293
-0.000344348
0.0472686
-0.000183074
0.0470956
-2.32648e-06
0.0468423
0.000271964
0.0465602
0.000573941
0.0462286
0.000925913
0.0458381
0.00133442
0.0453793
0.00180673
0.0448416
0.00235179
0.044213
0.00298125
0.0434807
0.00370671
0.0426276
0.0045484
0.0416397
0.00551492
0.0404861
0.0066598
0.0391702
0.00792544
0.00964237
0.0486649
-0.000469164
0.0484626
-0.000435321
0.0482509
-0.000360175
0.0480257
-0.000249202
0.0477878
-0.000106521
0.0475251
7.96227e-05
0.0471951
0.000327743
0.0468475
0.000619541
0.0464569
0.000964478
0.0460149
0.00136793
0.045513
0.00183635
0.0449417
0.00237799
0.0442912
0.00300229
0.0435501
0.00372233
0.0427075
0.00454936
0.0417474
0.00550851
0.0406617
0.00660057
0.0394162
0.00790531
0.0380302
0.00931142
0.0113011
0.0494709
-0.000144775
0.0491393
-0.000103757
0.048811
-3.18408e-05
0.0484652
9.66216e-05
0.0480863
0.000272322
0.0476734
0.000492584
0.0472369
0.000764155
0.0467635
0.001093
0.0462448
0.00148314
0.0456731
0.0019396
0.0450402
0.00246934
0.0443367
0.00308143
0.0435532
0.00378581
0.0426786
0.00459696
0.0417027
0.00552521
0.04061
0.00660123
0.039398
0.00781256
0.0380297
0.00927358
0.0365669
0.0107743
0.0130443
0.0503343
0.000333875
0.0498531
0.00037745
0.0493541
0.000467172
0.0488438
0.000606973
0.0483182
0.000797896
0.0477687
0.00104209
0.0471881
0.00134473
0.0465701
0.00171105
0.0459077
0.00214552
0.0451934
0.00265386
0.0444193
0.00324343
0.0435772
0.00392352
0.0426592
0.00470382
0.0416578
0.00559841
0.0405684
0.00661458
0.0393851
0.00778456
0.0381209
0.00907677
0.0367391
0.0106554
0.0353536
0.0121597
0.0148874
0.0472993
0.000331649
0.047299
0.000377736
0.0472969
0.000469247
0.0472949
0.000608952
0.0472936
0.000799227
0.0472934
0.00104231
0.0472966
0.00134155
0.0473066
0.00170097
0.0473274
0.00212474
0.0473636
0.00261768
0.0474215
0.00318551
0.0475098
0.0038353
0.0476399
0.00457367
0.047827
0.00541134
0.0480932
0.00634839
0.0484614
0.00741631
0.0489903
0.00854792
0.0497018
0.00994389
0.0508885
0.010973
0.0131622
0.0526137
0.0481605
0.000329536
0.048164
0.00037422
0.048169
0.000464227
0.0481761
0.000601892
0.0481865
0.000788811
0.0482021
0.00102667
0.0482258
0.00131789
0.0482612
0.00166554
0.0483129
0.002073
0.0483866
0.00254399
0.0484895
0.0030826
0.0486312
0.00369365
0.048824
0.00438089
0.0490838
0.00515153
0.0494326
0.00599955
0.0498966
0.00695231
0.0505183
0.00792621
0.0513416
0.00912063
0.0523603
0.00995431
0.0117605
0.0537619
0.0490398
0.000324487
0.049047
0.000367074
0.0490567
0.000454519
0.0490704
0.000588226
0.04909
0.000769165
0.0491181
0.000998532
0.0491579
0.0012781
0.0492134
0.00161011
0.0492894
0.00199701
0.049392
0.0024414
0.0495287
0.00294585
0.0497091
0.00351325
0.0499452
0.00414482
0.0502517
0.00484499
0.0506477
0.00560353
0.0511553
0.00644472
0.0517973
0.00728422
0.0526135
0.00830445
0.0535565
0.00901126
0.0104279
0.0548892
0.0499207
0.000315749
0.0499313
0.000356473
0.0499454
0.000440421
0.049965
0.000568576
0.0499927
0.000741515
0.0500312
0.000959992
0.0500841
0.00122521
0.0501555
0.00153867
0.0502506
0.00190196
0.0503754
0.00231662
0.0505373
0.00278394
0.0507453
0.00330526
0.0510102
0.00387982
0.0513451
0.00451014
0.0517649
0.00518368
0.0522876
0.00592205
0.0529258
0.00664606
0.0537172
0.00751299
0.0546218
0.00810664
0.00924872
0.055801
0.05079
0.000303954
0.0508038
0.000342729
0.0508218
0.000422395
0.0508466
0.000543797
0.0508809
0.000707229
0.0509278
0.000913056
0.050991
0.00116197
0.0510749
0.00145483
0.0511844
0.00179247
0.0513254
0.00217556
0.051505
0.00260433
0.0517313
0.00307896
0.0520139
0.00359729
0.0523635
0.0041605
0.0527921
0.00475512
0.0533142
0.0053999
0.0539373
0.00602296
0.0546921
0.00675824
0.0555418
0.00725692
0.00820195
0.0565886
0.0516366
0.000289712
0.0516531
0.000326265
0.0516744
0.000401081
0.0517033
0.000514867
0.0517428
0.000667705
0.0517963
0.000859635
0.0518673
0.00109092
0.0519603
0.00136188
0.05208
0.00167274
0.0522321
0.00202346
0.0524229
0.00241348
0.0526598
0.00284212
0.0529508
0.00330631
0.053305
0.00380629
0.0537315
0.00432858
0.0542423
0.00488914
0.0548409
0.00542435
0.0555509
0.00604826
0.0563399
0.00646784
0.00725487
0.057287
0.0524508
0.00027343
0.0524695
0.000307537
0.0524935
0.000377111
0.0525257
0.000482694
0.0525692
0.000624207
0.0526274
0.000801438
0.052704
0.0010143
0.0528032
0.0012627
0.0529295
0.00154637
0.0530883
0.00186476
0.053285
0.00221669
0.0535262
0.00260094
0.0538187
0.00301388
0.0541698
0.0034551
0.0545867
0.00391173
0.0550786
0.00439722
0.0556468
0.00485613
0.0563098
0.00538524
0.0570397
0.00573797
0.0063929
0.0579017
0.0532248
0.000255473
0.0532453
0.000286991
0.0532714
0.000351068
0.053306
0.000448086
0.0533523
0.000577843
0.0534138
0.000739948
0.0534941
0.000934043
0.0535971
0.00115973
0.0537271
0.00141636
0.0538888
0.00170302
0.0540873
0.00201816
0.0543281
0.00236014
0.0546169
0.00272515
0.0549597
0.0031123
0.0553617
0.00350969
0.0558304
0.00392854
0.0563654
0.00432107
0.0569818
0.00476883
0.0576548
0.00506499
0.00560868
0.058439
0.0539521
0.000236201
0.0539741
0.000265046
0.0540016
0.000323482
0.054038
0.000411751
0.0540863
0.000529567
0.0541498
0.000676413
0.0542321
0.000851746
0.0543369
0.00105493
0.0544681
0.0012851
0.0546301
0.00154106
0.0548272
0.00182105
0.0550641
0.00212322
0.0553455
0.00244374
0.0556764
0.00278145
0.0560605
0.00312557
0.0565037
0.00348537
0.0570047
0.00382002
0.0575758
0.00419773
0.0581947
0.00444609
0.00489573
0.0589077
0.0546278
0.000215946
0.0546507
0.000242073
0.0546794
0.000294812
0.0547169
0.000374291
0.0547663
0.000480168
0.0548308
0.000611853
0.0549139
0.000768683
0.055019
0.000949877
0.0551496
0.00115441
0.0553097
0.00138096
0.0555031
0.00162766
0.0557338
0.00189258
0.0560055
0.00217204
0.0563222
0.0024647
0.0566868
0.00276099
0.0571037
0.00306846
0.0575711
0.00335258
0.058099
0.00366986
0.0586674
0.00387768
0.00424769
0.0593155
0.0552479
0.000195
0.0552716
0.000218394
0.055301
0.000265449
0.055339
0.000336201
0.0553889
0.000430279
0.0554537
0.000547063
0.0555366
0.000685827
0.0556407
0.000845712
0.0557695
0.00102562
0.0559263
0.00122418
0.0561144
0.00143954
0.0563373
0.00166976
0.0565979
0.00191142
0.0568995
0.0021631
0.057244
0.00241646
0.057635
0.00267752
0.0580701
0.00291742
0.0585575
0.00318245
0.0590795
0.00335573
0.00365834
0.0596688
0.0558097
0.000173603
0.0558338
0.000194274
0.0558636
0.000235706
0.0559019
0.000297867
0.0559518
0.00038038
0.0560162
0.000482632
0.0560982
0.00060388
0.0562007
0.000743245
0.0563266
0.000899619
0.0564792
0.00107166
0.0566611
0.00125759
0.0568753
0.00145556
0.0571243
0.00166244
0.0574105
0.00187686
0.0577354
0.0020916
0.0581015
0.00231144
0.0585064
0.0025125
0.0589566
0.00273225
0.0594364
0.0028759
0.00312152
0.0599733
0.0563112
0.000151953
0.0563355
0.000169926
0.0563654
0.000205828
0.0564037
0.000259577
0.0564533
0.000330816
0.0565169
0.000418964
0.0565975
0.000523302
0.0566978
0.000642976
0.0568205
0.000776926
0.0569682
0.000923886
0.0571436
0.0010822
0.057349
0.00125018
0.0575864
0.00142506
0.0578578
0.00160549
0.0581639
0.00178541
0.0585069
0.00196848
0.0588841
0.00213525
0.0593008
0.00231562
0.059743
0.00243365
0.00263105
0.0602335
0.056751
0.000130207
0.0567754
0.000145514
0.0568052
0.000175991
0.0568433
0.000221527
0.0568923
0.000281804
0.056955
0.000356299
0.0570339
0.000444344
0.0571318
0.000545146
0.057251
0.000657733
0.0573939
0.000780957
0.0575627
0.000913342
0.0577595
0.00105338
0.0579859
0.00119868
0.0582434
0.00134802
0.0585324
0.00149636
0.0588544
0.00164648
0.0592069
0.00178276
0.0595939
0.0019287
0.0600032
0.00202436
0.00218084
0.0604534
0.0571284
0.000108498
0.0571527
0.000121162
0.0571824
0.000146315
0.0572201
0.000183832
0.0572685
0.000233456
0.05733
0.000294736
0.0574073
0.000367077
0.0575027
0.000449773
0.0576184
0.000541973
0.0577567
0.000642678
0.0579194
0.000750623
0.0581083
0.000864514
0.0583246
0.000982346
0.0585696
0.00110305
0.0588434
0.00122256
0.059147
0.00134291
0.0594779
0.00145186
0.0598391
0.00156744
0.0602201
0.00164333
0.00176489
0.0606361
0.0574429
8.69155e-05
0.0574671
9.69604e-05
0.0574966
0.000116863
0.0575339
0.000146526
0.0575816
0.000185782
0.0576421
0.000234253
0.0577177
0.000291423
0.0578108
0.000356696
0.0579234
0.000429366
0.0580575
0.00050861
0.0582147
0.000593391
0.0583966
0.000682652
0.0586041
0.000774786
0.0588383
0.000868905
0.059099
0.000961829
0.0593869
0.00105502
0.0596996
0.00113917
0.0600393
0.00122771
0.0603967
0.0012859
0.00137733
0.0607843
0.0576944
6.54266e-05
0.0577184
7.29574e-05
0.0577477
8.76272e-05
0.0577846
0.00010957
0.0578317
0.000138714
0.0578912
0.000174731
0.0579655
0.000217187
0.0580566
0.000265612
0.0581664
0.000319467
0.0582969
0.000378121
0.0584495
0.000440782
0.0586256
0.000506644
0.0588258
0.0005745
0.0590511
0.000643665
0.0593011
0.000711797
0.0595762
0.000779889
0.0598742
0.00084122
0.0601966
0.0009053
0.0605351
0.000947381
0.00101249
0.0609
0.0578829
4.40094e-05
0.0579067
4.91056e-05
0.0579358
5.85062e-05
0.0579726
7.28608e-05
0.0580191
9.21312e-05
0.0580779
0.00011599
0.058151
0.000144092
0.0582405
0.000176121
0.0583482
0.000211714
0.0584759
0.000250446
0.0586249
0.00029178
0.0587964
0.000335173
0.058991
0.000379819
0.0592095
0.000425252
0.0594513
0.00046993
0.0597167
0.000514467
0.0600035
0.00055447
0.0603128
0.000596011
0.0606371
0.000623047
0.000664689
0.0609849
0.0580084
2.37669e-05
0.0580322
2.5322e-05
0.0580614
2.93386e-05
0.0580979
3.62946e-05
0.0581441
4.59157e-05
0.0582023
5.78325e-05
0.0582746
7.18282e-05
0.0583629
8.77621e-05
0.0584692
0.000105465
0.0585949
0.000124722
0.0587414
0.000145259
0.0589098
0.000166803
0.0591007
0.000188949
0.0593144
0.000211466
0.0595508
0.00023358
0.0598097
0.000255599
0.0600888
0.000275316
0.0603891
0.000295738
0.0607036
0.000308534
0.000327977
0.0610403
0.0580698
0.0580951
0.0581245
0.0581608
0.0582067
0.0582645
0.0583363
0.0584241
0.0585296
0.0586543
0.0587996
0.0589664
0.0591553
0.0593668
0.0596004
0.059856
0.0601313
0.060427
0.0607355
0.0610635
0.0522912
-0.0294018
0.0523224
-0.0270661
0.0524194
-0.0240275
0.0525362
-0.0206609
0.0527315
-0.0170717
0.0530292
-0.0132373
0.0534464
-0.00918926
0.054006
-0.00499176
0.0546782
-0.000708861
0.00384073
0.0534908
-0.0291307
0.0531535
-0.0267288
0.0529391
-0.023813
0.0527888
-0.0205106
0.0527345
-0.0170174
0.0528146
-0.0133175
0.0530436
-0.00941823
0.0534228
-0.00537096
0.0539464
-0.00123248
0.00311184
0.0543564
-0.0285978
0.0537698
-0.0261422
0.0533175
-0.0233607
0.0529823
-0.0201754
0.0527531
-0.0167882
0.0526617
-0.0132262
0.0527281
-0.00948457
0.0529587
-0.00560154
0.053359
-0.00163285
0.00250403
0.0550459
-0.0278427
0.0542933
-0.0253896
0.053651
-0.0227184
0.0531459
-0.0196703
0.0527651
-0.0164075
0.0525299
-0.0129909
0.0524622
-0.00941688
0.0525718
-0.00571109
0.0528616
-0.00192266
0.00199952
0.0556411
-0.0268953
0.0547376
-0.0244861
0.0539331
-0.0219139
0.0532745
-0.0190117
0.0527605
-0.0158935
0.0524034
-0.0126339
0.0522231
-0.00923661
0.052231
-0.00571902
0.052431
-0.00212258
0.00158015
0.0561626
-0.0257708
0.0551146
-0.0234382
0.0541702
-0.0209694
0.0533773
-0.0182188
0.0527457
-0.0152618
0.0522835
-0.0121716
0.0520071
-0.00896022
0.0519287
-0.00564068
0.0520531
-0.00224698
0.00123138
0.0566182
-0.0244873
0.0554361
-0.0222561
0.0543695
-0.0199028
0.0534604
-0.0173098
0.0527253
-0.0145267
0.0521717
-0.011618
0.0518127
-0.00860122
0.0516603
-0.00548829
0.05172
-0.00230673
0.000942384
0.0570154
-0.0230637
0.0557117
-0.0209524
0.0545375
-0.0187285
0.053528
-0.0163003
0.0527024
-0.0137011
0.052069
-0.0109846
0.0516387
-0.0081709
0.0514224
-0.00527205
0.0514264
-0.00231067
0.000704613
0.057361
-0.0215171
0.0559488
-0.0195401
0.0546796
-0.0174594
0.0535832
-0.0152039
0.0526789
-0.0127968
0.051976
-0.0102817
0.0514839
-0.00767883
0.0512125
-0.00500064
0.0511681
-0.00226626
0.000510954
0.057661
-0.0198627
0.056153
-0.0180321
0.0548005
-0.0161069
0.0536287
-0.0140321
0.0526562
-0.0118243
0.0518928
-0.00951825
0.0513472
-0.00713322
0.0510281
-0.00468157
0.0509418
-0.00217994
0.00035534
0.0579205
-0.0181143
0.0563287
-0.0164403
0.0549035
-0.0146816
0.0536666
-0.0127952
0.0526351
-0.0107929
0.0518193
-0.00870243
0.0512273
-0.00654125
0.0508671
-0.00432132
0.0507445
-0.00205734
0.000232531
0.0581438
-0.0162848
0.0564797
-0.0147762
0.0549915
-0.0131934
0.0536984
-0.0115021
0.0526163
-0.00971086
0.0517553
-0.0078414
0.0511233
-0.00590927
0.0507276
-0.00392558
0.0505737
-0.00190343
0.000137963
0.0583346
-0.0143859
0.0566087
-0.0130504
0.0550666
-0.0116512
0.0537256
-0.0101611
0.0526002
-0.00858553
0.0517005
-0.00694167
0.0510342
-0.00524299
0.050608
-0.0034994
0.0504273
-0.00172267
6.76408e-05
0.0584959
-0.0124285
0.0567181
-0.0112726
0.0551306
-0.0100637
0.053749
-0.00877956
0.0525871
-0.00742363
0.0516546
-0.00600915
0.0509592
-0.00454754
0.0505071
-0.00304734
0.0503033
-0.00151891
1.7944e-05
0.0586304
-0.0104228
0.0568099
-0.00945204
0.0551847
-0.00843852
0.0537696
-0.00736442
0.0525772
-0.00623129
0.0516173
-0.00504923
0.0508974
-0.00382765
0.0504238
-0.0025737
0.0502011
-0.00129623
-1.29667e-05
0.0587401
-0.00837867
0.0568854
-0.00759729
0.0552301
-0.00678327
0.0537879
-0.00592215
0.0525708
-0.00501422
0.0515884
-0.00406688
0.0508483
-0.00308757
0.0503569
-0.00208226
0.0501187
-0.00105804
-2.79003e-05
0.0588265
-0.00630525
0.0569458
-0.00571658
0.0552676
-0.00510501
0.0538044
-0.00445893
0.0525679
-0.00377776
0.0515677
-0.00306673
0.0508115
-0.00233133
0.0503054
-0.00157618
0.0500537
-0.000806366
-3.20461e-05
0.0588911
-0.0042114
0.0569923
-0.00381782
0.0552979
-0.00341062
0.0538196
-0.00298062
0.0525688
-0.00252696
0.0515551
-0.00205304
0.0507863
-0.00156253
0.0502687
-0.00105856
0.050007
-0.000544637
-2.7009e-05
0.0589348
-0.00210592
0.0570262
-0.00190919
0.0553225
-0.00170687
0.0538345
-0.00149271
0.0525739
-0.00126633
0.0515505
-0.00102961
0.0507723
-0.000784354
0.0502458
-0.000532104
0.0499759
-0.00027472
-1.64706e-05
0.0589576
0.0570484
0.0553415
0.0538488
0.0525825
0.0515529
0.0507686
0.0502364
0.0499617
)
;

boundaryField
{
    bottom
    {
        type            symmetryPlane;
        value           uniform 0;
    }
    right
    {
        type            calculated;
        value           nonuniform List<scalar> 
30
(
0.046998
0.0472778
0.0478124
0.0485445
0.0494051
0.0503221
0.0512332
0.0520961
0.0528971
0.0536352
0.04961
0.0501155
0.0505959
0.0510401
0.0514462
0.051817
0.0521547
0.0524609
0.0527374
0.0529857
0.0532069
0.0534023
0.053573
0.0537201
0.0538443
0.0539467
0.0540278
0.0540882
0.0541285
0.0541477
)
;
    }
    top
    {
        type            symmetryPlane;
        value           uniform 0;
    }
    left
    {
        type            calculated;
        value           nonuniform List<scalar> 
30
(
-0.0448754
-0.0450375
-0.045362
-0.045835
-0.0464411
-0.0471611
-0.0479752
-0.0488601
-0.0497953
-0.050813
-0.0472971
-0.0481584
-0.0490348
-0.0499119
-0.0507782
-0.0516224
-0.0524345
-0.0532068
-0.0539328
-0.0546075
-0.055227
-0.0557883
-0.0562895
-0.0567293
-0.0571067
-0.0574214
-0.057673
-0.0578615
-0.0579882
-0.058046
)
;
    }
    cylinder
    {
        type            calculated;
        value           uniform 0;
    }
    defaultFaces
    {
        type            empty;
        value           nonuniform 0();
    }
}


// ************************************************************************* //
