/*--------------------------------*- C++ -*----------------------------------*\
| =========                 |                                                 |
| \\      /  F ield         | OpenFOAM: The Open Source CFD Toolbox           |
|  \\    /   O peration     | Version:  4.1                                   |
|   \\  /    A nd           | Web:      www.OpenFOAM.org                      |
|    \\/     M anipulation  |                                                 |
\*---------------------------------------------------------------------------*/
FoamFile
{
    version     2.0;
    format      ascii;
    class       volVectorField;
    location    "13.8";
    object      U;
}
// * * * * * * * * * * * * * * * * * * * * * * * * * * * * * * * * * * * * * //

dimensions      [0 1 -1 0 0 0 0];

internalField   nonuniform List<vector> 
2000
(
(-0.0247144 0.0225193 1.06536e-20)
(0.0111735 0.0186599 0)
(0.118515 0.00278402 1.30348e-20)
(0.279877 -0.0149371 4.88296e-21)
(0.476541 -0.0280467 -8.99837e-21)
(0.686313 -0.0345045 -9.46828e-21)
(0.890267 -0.0340956 2.95255e-21)
(1.07036 -0.031443 0)
(1.23925 -0.0213128 -1.24914e-21)
(1.34228 -0.0164267 0)
(-0.0171764 0.0153072 -5.18685e-21)
(0.0562489 -0.000722526 3.76341e-21)
(0.218844 -0.0193897 -1.65496e-20)
(0.439331 -0.0328163 -1.8997e-20)
(0.682919 -0.0371948 -7.63496e-22)
(0.91734 -0.0336927 2.87145e-21)
(1.12173 -0.0253228 -3.43783e-21)
(1.28747 -0.0167287 -1.99857e-21)
(1.42013 -0.00547526 1.24909e-21)
(1.49847 -0.0062332 8.01985e-22)
(-0.00270495 0.00644779 6.61425e-21)
(0.123157 -0.0208534 -6.19535e-21)
(0.351995 -0.0371224 8.40691e-21)
(0.628783 -0.0405778 -1.25037e-21)
(0.90052 -0.0333283 5.26036e-21)
(1.13259 -0.0206627 4.00794e-21)
(1.31287 -0.00746258 2.92331e-21)
(1.44452 0.00276216 1.99853e-21)
(1.53908 0.0107385 9.42968e-22)
(1.60558 0.0103965 -1.59127e-22)
(0.0208991 -0.00346666 -6.39524e-22)
(0.214741 -0.0384145 -7.44888e-21)
(0.513527 -0.0453003 0)
(0.830267 -0.0347824 6.48657e-21)
(1.10259 -0.0168266 -7.3139e-21)
(1.30758 0.000938924 0)
(1.44993 0.0144575 0)
(1.54586 0.0223259 0)
(1.61517 0.0271191 -9.43008e-22)
(1.66332 0.0245859 -4.52346e-22)
(0.0555705 -0.0131476 2.04765e-20)
(0.330606 -0.0487887 -1.04223e-22)
(0.691175 -0.0398116 6.91921e-21)
(1.02155 -0.0153385 4.03537e-21)
(1.26922 0.00896161 3.74749e-21)
(1.43443 0.026872 2.46006e-21)
(1.53956 0.0372866 0)
(1.60957 0.0417366 5.67228e-22)
(1.66267 0.0428261 6.89081e-22)
(1.70951 0.0386341 -1.61204e-21)
(0.102381 -0.0206064 -3.38744e-20)
(0.465479 -0.0472095 1.53208e-21)
(0.867738 -0.0192677 -1.35995e-20)
(1.18521 0.0151967 1.14805e-20)
(1.39384 0.0404741 -1.02062e-20)
(1.51915 0.0548432 3.60341e-21)
(1.5955 0.0607593 0)
(1.64921 0.0613937 -5.6727e-22)
(1.69621 0.0592752 -1.06791e-22)
(1.7425 0.0545745 -5.22422e-21)
(0.160977 -0.0233564 0)
(0.60924 -0.0304284 0)
(1.02737 0.0149843 -7.22555e-21)
(1.31335 0.0536769 6.7265e-21)
(1.47964 0.075502 -3.0396e-21)
(1.57154 0.0842547 2.85375e-21)
(1.62816 0.0851261 6.53757e-22)
(1.67338 0.082012 -6.17949e-22)
(1.7181 0.077138 2.58824e-21)
(1.76598 0.0716026 -1.23924e-21)
(0.229023 -0.0189294 7.44772e-21)
(0.749354 0.00212638 0)
(1.16005 0.060224 -3.13969e-21)
(1.40565 0.0975525 1.15705e-20)
(1.53303 0.112845 -5.86939e-21)
(1.59962 0.114906 0)
(1.64405 0.110621 0)
(1.68536 0.103815 0)
(1.73028 0.0964052 4.39063e-21)
(1.77969 0.0899206 -4.17351e-21)
(0.30222 -0.00553892 -3.95303e-21)
(0.874483 0.0485585 -3.33373e-22)
(1.26153 0.113442 -4.24312e-21)
(1.46521 0.144887 1.15104e-21)
(1.56008 0.151684 1.16795e-21)
(1.60888 0.146597 7.2743e-22)
(1.6464 0.137166 0)
(1.68651 0.12673 7.01016e-22)
(1.73222 0.116957 4.25836e-21)
(1.78288 0.108804 -3.18351e-21)
(0.374969 0.0174756 0)
(0.97684 0.105568 -2.93982e-21)
(1.33125 0.17171 0)
(1.49607 0.194101 -8.17119e-22)
(1.56552 0.191293 -7.43988e-22)
(1.60257 0.178931 -3.23555e-23)
(1.63664 0.164396 0)
(1.67681 0.150342 -7.01084e-22)
(1.72352 0.138155 -9.08994e-22)
(1.77523 0.127709 -1.3216e-21)
(-0.00475925 0.00456022 0)
(-0.0193095 0.00858978 -1.85985e-22)
(-0.0399194 0.00984464 0)
(-0.0593777 0.00973833 -2.6443e-22)
(-0.076099 0.00894742 -8.74185e-23)
(-0.0898568 0.00785705 1.48021e-22)
(-0.100782 0.00672096 -1.39399e-22)
(-0.109242 0.00572435 1.25393e-22)
(-0.115799 0.00502707 5.52668e-24)
(-0.121346 0.00478512 9.86804e-23)
(-0.00586105 0.0133098 -5.52104e-22)
(-0.0207388 0.0250814 3.56929e-22)
(-0.0403364 0.0287537 -4.15441e-22)
(-0.0581238 0.0283902 1.77242e-22)
(-0.0727551 0.0259685 8.78055e-22)
(-0.084063 0.0226175 -3.22137e-22)
(-0.0921883 0.0190854 0)
(-0.0974685 0.015941 -1.24974e-22)
(-0.10035 0.0136916 -1.09067e-22)
(-0.101939 0.0128594 0)
(-0.00795886 0.0209944 3.68125e-22)
(-0.0234602 0.0396105 0)
(-0.0410907 0.0453879 1.3117e-21)
(-0.0556249 0.0446273 -1.67056e-21)
(-0.0661516 0.0404532 4.14122e-22)
(-0.0726424 0.0346444 0)
(-0.075277 0.0283848 0)
(-0.0743855 0.0226326 0)
(-0.0701739 0.0183198 8.61681e-22)
(-0.0635744 0.0165403 -8.18943e-22)
(-0.0108328 0.0271087 0)
(-0.027165 0.0511567 -1.13396e-21)
(-0.041914 0.0584577 2.10612e-21)
(-0.0516124 0.0570523 -9.82792e-22)
(-0.0559654 0.0509834 8.76348e-22)
(-0.0551745 0.0425234 -2.37725e-21)
(-0.0495018 0.0331504 1.23052e-22)
(-0.0393955 0.024103 1.26805e-21)
(-0.0249686 0.0169054 8.36696e-22)
(-0.00514549 0.0144366 -1.11367e-21)
(-0.0142155 0.0314136 1.24842e-21)
(-0.0313444 0.0590154 -2.86185e-21)
(-0.0421287 0.0669468 -1.30783e-22)
(-0.0451019 0.0645054 7.45627e-23)
(-0.0407092 0.0564132 8.99843e-22)
(-0.0294688 0.045274 -2.84261e-21)
(-0.0117986 0.0326781 0)
(0.0117136 0.0199228 -6.71142e-22)
(0.0412358 0.0090914 4.90941e-22)
(0.0790701 0.00516691 -1.42328e-21)
(-0.0178326 0.0338951 -1.90758e-22)
(-0.0352356 0.0627721 3.17917e-21)
(-0.0404158 0.0700894 1.37696e-21)
(-0.0339419 0.0660062 1.60445e-21)
(-0.0170247 0.0557282 1.09991e-21)
(0.009458 0.0421282 9.65057e-22)
(0.0448225 0.0268347 0)
(0.0879934 0.0109567 6.71101e-22)
(0.138183 -0.00378875 9.51606e-22)
(0.204892 -0.00982855 -7.94649e-22)
(-0.0214096 0.0346778 2.66601e-23)
(-0.0377058 0.0622107 2.01929e-21)
(-0.0345776 0.0673988 0)
(-0.0144536 0.0607913 -2.52787e-21)
(0.0206812 0.0480519 2.72875e-21)
(0.0694538 0.0323685 0)
(0.130582 0.0155459 0)
(0.202126 -0.00128583 0)
(0.278534 -0.0185653 -1.06448e-21)
(0.386875 -0.0249795 -1.28743e-21)
(-0.0246296 0.0339062 -2.59494e-21)
(-0.0371135 0.0573724 2.43075e-21)
(-0.0211558 0.0586942 4.35694e-21)
(0.0189279 0.0485792 4.27933e-22)
(0.0803586 0.0332225 3.06036e-21)
(0.160548 0.0161086 2.53712e-21)
(0.256483 -0.000658003 2.03987e-21)
(0.364695 -0.0152082 1.5348e-21)
(0.470946 -0.0318816 1.06435e-21)
(0.627505 -0.0342118 -1.50085e-22)
(-0.0269172 0.0316726 -1.02929e-20)
(-0.0311287 0.0483682 -2.40379e-21)
(0.00465093 0.0442329 -8.91832e-21)
(0.0737483 0.0301699 -3.70141e-21)
(0.171651 0.0128064 3.55192e-22)
(0.292729 -0.00413993 -2.19868e-21)
(0.430157 -0.0184547 2.43958e-21)
(0.576291 -0.028076 -1.53461e-21)
(0.713267 -0.0395372 1.1431e-21)
(0.899952 -0.0336429 -1.02694e-21)
(-0.0273787 0.0279321 7.17992e-21)
(-0.0164163 0.0353373 0)
(0.0489818 0.0249965 5.0624e-21)
(0.158456 0.00775863 5.88199e-24)
(0.303003 -0.00945344 4.74717e-22)
(0.470554 -0.0231275 2.54932e-21)
(0.648443 -0.0314001 -7.19904e-21)
(0.82153 -0.0349923 0)
(0.985396 -0.0360642 -1.14294e-21)
(1.15532 -0.0234241 0)
(-0.126875 0.0049317 0)
(-0.13286 0.00468206 -7.49555e-23)
(-0.138426 0.00429551 1.42275e-22)
(-0.143497 0.00391211 -5.93095e-23)
(-0.148143 0.00354965 0)
(-0.152388 0.00320605 4.2907e-23)
(-0.156246 0.00287939 -4.31196e-23)
(-0.159732 0.00256846 0)
(-0.16286 0.0022738 0)
(-0.165647 0.00199859 2.15194e-24)
(-0.168115 0.00174902 0)
(-0.170296 0.00153423 0)
(-0.172236 0.00136588 0)
(-0.174001 0.00125711 0)
(-0.175669 0.00122022 1.11594e-24)
(-0.177325 0.00126226 -1.12172e-24)
(-0.179086 0.00137981 0)
(-0.1812 0.00155999 4.93819e-26)
(-0.183882 0.00178202 -4.96416e-26)
(-0.186224 0.00197595 0)
(-0.104706 0.0134392 0)
(-0.109393 0.0127162 2.10708e-23)
(-0.113635 0.0116556 0)
(-0.117416 0.0106262 2.31578e-22)
(-0.120918 0.00965598 -2.2662e-22)
(-0.12417 0.00873756 1.17705e-23)
(-0.127173 0.0078654 -6.98182e-23)
(-0.129939 0.00703506 1.32137e-22)
(-0.132475 0.00624668 -8.91589e-23)
(-0.134793 0.00550757 4.18576e-23)
(-0.136904 0.00483356 1.48518e-23)
(-0.138828 0.00424927 -1.88007e-23)
(-0.140593 0.00378733 4.54243e-24)
(-0.142245 0.00348594 -6.72948e-24)
(-0.143841 0.00338344 5.15553e-24)
(-0.145444 0.00350624 -2.62931e-24)
(-0.147146 0.00385163 -2.56082e-24)
(-0.149168 0.00438395 -1.36784e-24)
(-0.151781 0.00504811 1.37446e-24)
(-0.154213 0.00566346 3.91208e-25)
(-0.0612913 0.0181942 -2.57013e-23)
(-0.0637815 0.0169651 -2.11076e-23)
(-0.0655777 0.0154902 -1.91166e-23)
(-0.0669508 0.0141239 0)
(-0.0682842 0.0128472 -2.3403e-22)
(-0.0696079 0.011648 1.83683e-22)
(-0.070908 0.0105142 0)
(-0.0721853 0.00943698 -1.43244e-23)
(-0.0734446 0.00841445 -5.57344e-24)
(-0.0746901 0.00745335 3.38872e-23)
(-0.0759259 0.00657227 -2.61994e-23)
(-0.077157 0.00580341 -1.4178e-23)
(-0.0783922 0.00519225 2.15874e-24)
(-0.0796468 0.00479593 1.5882e-24)
(-0.0809454 0.00467779 4.00645e-24)
(-0.0823179 0.00489183 -1.03871e-23)
(-0.083813 0.00545382 8.32219e-24)
(-0.0855849 0.00632341 1.15422e-23)
(-0.0879432 0.00744676 2.43184e-24)
(-0.0904736 0.00861378 -8.1489e-25)
(0.00410007 0.0167114 -7.71506e-22)
(0.00370729 0.0158074 1.29581e-22)
(0.00503575 0.0143578 1.19502e-22)
(0.00665889 0.0128964 5.73819e-22)
(0.00807771 0.0116298 4.06379e-23)
(0.00926676 0.0104974 1.14426e-23)
(0.0102581 0.00943939 -2.22538e-22)
(0.0110672 0.00844237 1.63754e-22)
(0.0116926 0.00750745 8.23915e-23)
(0.0121275 0.00663944 -1.45021e-23)
(0.0123667 0.00585356 2.88188e-23)
(0.0124066 0.00518078 -2.01077e-23)
(0.0122457 0.00466664 -2.14078e-24)
(0.0118846 0.00437325 -4.83567e-23)
(0.0113231 0.00437827 3.31212e-23)
(0.010557 0.00476156 4.21033e-23)
(0.00957866 0.00557799 -3.33818e-23)
(0.00836288 0.00681918 0)
(0.0066984 0.00837129 -9.14488e-24)
(0.00414178 0.00986005 -6.80599e-26)
(0.0960831 0.00892561 1.4677e-21)
(0.0991234 0.00935108 -6.51582e-22)
(0.101937 0.00797243 7.03194e-22)
(0.105952 0.00658067 0)
(0.109947 0.00558103 -2.67022e-23)
(0.11348 0.00477668 -2.7573e-22)
(0.116632 0.0040377 7.21292e-23)
(0.119496 0.00335293 8.34053e-23)
(0.122081 0.00274113 1.05249e-22)
(0.124367 0.00221154 1.59669e-24)
(0.12634 0.00177637 0)
(0.127984 0.00146491 6.00104e-24)
(0.129286 0.00130982 0)
(0.130244 0.00136119 1.12414e-23)
(0.130863 0.00169608 0)
(0.131148 0.00240271 0)
(0.131125 0.00356603 -1.28103e-23)
(0.130797 0.00523997 2.20239e-23)
(0.129979 0.00731036 -2.07472e-23)
(0.12829 0.00931342 5.85205e-24)
(0.22754 -0.00319456 0)
(0.232273 -0.00137242 -5.07488e-23)
(0.234857 -0.00226644 -1.08837e-21)
(0.239537 -0.00328025 1.05895e-21)
(0.244736 -0.00382919 -2.18983e-23)
(0.249425 -0.00419349 0)
(0.253656 -0.00456355 -1.11908e-22)
(0.257624 -0.00491603 1.2991e-22)
(0.261367 -0.00518859 -1.52103e-23)
(0.264844 -0.0053539 9.82856e-24)
(0.268024 -0.00539957 1.46698e-23)
(0.270869 -0.00530998 1.883e-23)
(0.273339 -0.00504022 0)
(0.275432 -0.00452658 -1.48076e-22)
(0.277153 -0.00371794 3.77744e-22)
(0.278491 -0.00255117 -1.79013e-22)
(0.279479 -0.000958819 2.44199e-23)
(0.280127 0.00115644 2.07758e-23)
(0.280476 0.00375792 -8.64291e-24)
(0.279821 0.00681364 8.67392e-24)
(0.410547 -0.0156449 1.11948e-21)
(0.41533 -0.0124324 0)
(0.415376 -0.013199 -4.3166e-23)
(0.418044 -0.0140823 5.77317e-23)
(0.422193 -0.0143175 4.14541e-23)
(0.426151 -0.0144077 1.19456e-23)
(0.429756 -0.0145829 3.84278e-24)
(0.43327 -0.014743 6.50561e-23)
(0.436734 -0.0147842 -7.81072e-23)
(0.440057 -0.0146735 -2.70975e-22)
(0.443161 -0.0144036 2.29921e-22)
(0.446017 -0.0139519 -4.41192e-23)
(0.448619 -0.0132726 2.13236e-22)
(0.450912 -0.0123121 -8.5215e-24)
(0.452869 -0.0110455 -2.86224e-22)
(0.454464 -0.00940358 -3.22372e-23)
(0.455792 -0.00737572 4.6081e-23)
(0.456764 -0.00484336 -4.14806e-23)
(0.457782 -0.0019672 -9.61537e-23)
(0.457906 0.0020685 -6.78889e-24)
(0.645402 -0.0233264 0)
(0.647271 -0.0206403 -1.74129e-21)
(0.643795 -0.0225741 1.77695e-21)
(0.643243 -0.023756 -2.84033e-23)
(0.64495 -0.0238317 -3.48038e-23)
(0.646888 -0.0238527 -1.19351e-23)
(0.648684 -0.0240144 -2.13969e-24)
(0.650549 -0.0240847 0)
(0.652486 -0.0239452 1.03262e-23)
(0.654351 -0.0235919 1.61287e-23)
(0.656058 -0.0230289 2.80953e-23)
(0.657559 -0.0222251 5.75515e-23)
(0.658861 -0.0211687 0)
(0.659909 -0.019819 0)
(0.660763 -0.0181792 3.20164e-23)
(0.661311 -0.0161566 3.36415e-22)
(0.661779 -0.0138539 -2.37313e-22)
(0.661814 -0.0109512 2.82966e-23)
(0.662345 -0.00815628 6.34179e-23)
(0.662046 -0.00348367 -1.92181e-23)
(0.908901 -0.0222155 1.08655e-21)
(0.907941 -0.0219048 0)
(0.903567 -0.0257029 0)
(0.901886 -0.0274383 -5.73346e-22)
(0.901889 -0.0280066 3.04925e-22)
(0.901876 -0.0286746 2.73764e-22)
(0.901665 -0.0293232 2.07916e-24)
(0.901419 -0.0296324 0)
(0.901096 -0.0295612 0)
(0.900571 -0.0291543 0)
(0.899835 -0.0284406 -1.05909e-23)
(0.898866 -0.0274023 -5.10095e-23)
(0.89776 -0.0260701 -6.29651e-22)
(0.896417 -0.0244081 6.04036e-22)
(0.895053 -0.0225144 -3.18043e-22)
(0.893374 -0.0202332 2.79536e-22)
(0.892045 -0.0178887 0)
(0.890147 -0.0147994 -1.24923e-23)
(0.889331 -0.0124143 -1.9231e-23)
(0.887123 -0.00762663 0)
(1.17037 -0.0193698 -3.27067e-23)
(1.17384 -0.0252067 -1.64753e-21)
(1.17341 -0.0295262 1.6304e-21)
(1.17266 -0.0306249 0)
(1.17096 -0.0310035 1.75958e-22)
(1.1682 -0.0313864 -1.85043e-25)
(1.1649 -0.0315008 -1.72236e-22)
(1.16134 -0.0312393 0)
(1.15758 -0.0306848 -4.67902e-22)
(1.15363 -0.0298718 1.0178e-21)
(1.1496 -0.0288212 -5.65969e-22)
(1.14547 -0.0274914 1.88058e-23)
(1.14144 -0.0259456 0)
(1.13729 -0.0240901 7.25213e-22)
(1.13349 -0.0221115 -1.03842e-21)
(1.12945 -0.0196966 3.37492e-22)
(1.12629 -0.0174499 2.67682e-22)
(1.12239 -0.0143748 -1.79104e-22)
(1.12054 -0.0124618 -9.96316e-23)
(1.11661 -0.00819668 0)
(1.44564 -0.0116823 0)
(1.43085 -0.0162431 0)
(1.41906 -0.0190732 0)
(1.40836 -0.0208585 0)
(1.39845 -0.0222392 0)
(1.38944 -0.0232442 0)
(1.38135 -0.0238444 0)
(1.37401 -0.024082 0)
(1.36726 -0.0240237 0)
(1.36092 -0.0236649 0)
(1.35501 -0.0230513 0)
(1.34933 -0.0221306 0)
(1.3441 -0.0210109 0)
(1.33892 -0.0195314 0)
(1.33439 -0.0179666 0)
(1.32959 -0.0158917 0)
(1.32601 -0.0140799 0)
(1.32148 -0.0113488 0)
(1.31937 -0.00981485 0)
(1.31468 -0.00621245 0)
(1.57347 -0.00300009 0)
(1.56692 -0.00522322 0)
(1.56065 -0.00768465 0)
(1.55432 -0.0102729 0)
(1.54791 -0.0125757 0)
(1.54163 -0.0143716 0)
(1.53563 -0.015667 0)
(1.52987 -0.0165168 0)
(1.52439 -0.0169944 0)
(1.51909 -0.0170968 0)
(1.51409 -0.0168951 0)
(1.5092 -0.0163311 0)
(1.50471 -0.0155495 0)
(1.50019 -0.014374 0)
(1.4963 -0.0131381 0)
(1.49208 -0.0113838 0)
(1.48903 -0.00992557 0)
(1.48497 -0.00760573 0)
(1.48318 -0.00640796 0)
(1.4788 -0.00344902 0)
(1.67144 0.00203695 0)
(1.66805 -0.00120826 0)
(1.66408 -0.00381573 0)
(1.66002 -0.00628769 0)
(1.65614 -0.00848637 0)
(1.65242 -0.0102361 0)
(1.64882 -0.0115271 0)
(1.6453 -0.0123941 0)
(1.64189 -0.0129146 0)
(1.63854 -0.0130803 0)
(1.63536 -0.012973 0)
(1.63222 -0.0125167 0)
(1.62935 -0.0118761 0)
(1.62644 -0.0108536 0)
(1.62398 -0.00981254 0)
(1.6213 -0.0082722 0)
(1.61943 -0.0070557 0)
(1.6169 -0.00503019 0)
(1.61587 -0.00405335 0)
(1.61322 -0.00149433 0)
(1.75607 0.00643909 0)
(1.75463 0.00251412 0)
(1.75198 -0.000583541 0)
(1.74909 -0.00322717 0)
(1.74649 -0.00550645 0)
(1.74417 -0.0073545 0)
(1.74201 -0.00876286 0)
(1.73991 -0.00973921 0)
(1.73788 -0.0103645 0)
(1.73593 -0.0106277 0)
(1.73409 -0.0106323 0)
(1.73234 -0.010288 0)
(1.73076 -0.00978618 0)
(1.72924 -0.00890108 0)
(1.72797 -0.00803332 0)
(1.72671 -0.0066637 0)
(1.72584 -0.00564714 0)
(1.72485 -0.00382549 0)
(1.72445 -0.00302178 0)
(1.72364 -0.000691418 0)
(1.83649 0.00922629 0)
(1.83627 0.00489127 0)
(1.83466 0.00143349 0)
(1.83262 -0.00137014 0)
(1.83078 -0.00370106 0)
(1.82923 -0.00560126 0)
(1.82785 -0.00709348 0)
(1.82654 -0.00816196 0)
(1.82526 -0.00888625 0)
(1.82407 -0.0092426 0)
(1.82295 -0.00935752 0)
(1.82198 -0.00912122 0)
(1.8211 -0.00875578 0)
(1.82039 -0.00799974 0)
(1.81976 -0.0072962 0)
(1.81938 -0.00607761 0)
(1.81903 -0.00524172 0)
(1.81903 -0.00358808 0)
(1.81893 -0.00293215 0)
(1.81933 -0.00078004 0)
(1.91907 0.0107314 0)
(1.91943 0.00630399 0)
(1.91845 0.0027252 0)
(1.91691 -0.000144714 0)
(1.91543 -0.00249434 0)
(1.9142 -0.00441242 0)
(1.91312 -0.00595184 0)
(1.91213 -0.00708549 0)
(1.91113 -0.00789374 0)
(1.91023 -0.00833494 0)
(1.90936 -0.00855451 0)
(1.90868 -0.008423 0)
(1.90802 -0.00818977 0)
(1.90761 -0.00756228 0)
(1.90718 -0.00701617 0)
(1.90712 -0.00594811 0)
(1.90692 -0.00527818 0)
(1.90728 -0.00379232 0)
(1.90725 -0.00326554 0)
(1.90809 -0.00130076 0)
(2.00551 0.0116041 0)
(2.00603 0.00733338 0)
(2.0053 0.00380001 0)
(2.00391 0.000936099 0)
(2.00247 -0.0014235 0)
(2.00123 -0.00334888 0)
(2.00011 -0.00491483 0)
(1.9991 -0.00609552 0)
(1.99807 -0.00697517 0)
(1.99715 -0.00749586 0)
(1.99622 -0.00781361 0)
(1.9955 -0.00778566 0)
(1.99476 -0.0076771 0)
(1.99432 -0.00718 0)
(1.9938 -0.00677965 0)
(1.9937 -0.00586689 0)
(1.9934 -0.00534469 0)
(1.9937 -0.00403736 0)
(1.99359 -0.00362086 0)
(1.99433 -0.00186581 0)
(2.0934 0.0123832 0)
(2.09385 0.00836497 0)
(2.09313 0.00494187 0)
(2.09173 0.00210847 0)
(2.09019 -0.000243413 0)
(2.08881 -0.00216532 0)
(2.08753 -0.00374667 0)
(2.08636 -0.00496253 0)
(2.08516 -0.00590192 0)
(2.08408 -0.0064985 0)
(2.08297 -0.00690839 0)
(2.08207 -0.00698524 0)
(2.08114 -0.00699326 0)
(2.08052 -0.00663006 0)
(2.07981 -0.00636313 0)
(2.07951 -0.00561254 0)
(2.07904 -0.00522104 0)
(2.0791 -0.0041046 0)
(2.07887 -0.00378144 0)
(2.07929 -0.00225798 0)
(2.17801 0.0132341 0)
(2.1784 0.00947012 0)
(2.17771 0.00617432 0)
(2.17636 0.00339697 0)
(2.17482 0.0010774 0)
(2.17339 -0.000833182 0)
(2.17202 -0.00241419 0)
(2.17077 -0.00365545 0)
(2.16947 -0.0046444 0)
(2.16829 -0.00531307 0)
(2.16707 -0.00580821 0)
(2.16606 -0.00599089 0)
(2.16502 -0.00610784 0)
(2.16427 -0.00588182 0)
(2.16344 -0.00573764 0)
(2.163 -0.00515509 0)
(2.16241 -0.00488093 0)
(2.1623 -0.00396517 0)
(2.16199 -0.00372307 0)
(2.16217 -0.00244592 0)
(2.25476 0.0139707 0)
(2.25532 0.0104481 0)
(2.25492 0.00729284 0)
(2.2539 0.00460207 0)
(2.25264 0.00234041 0)
(2.25145 0.000468455 0)
(2.25028 -0.00109847 0)
(2.2492 -0.00235418 0)
(2.24806 -0.00337887 0)
(2.24704 -0.00411089 0)
(2.24595 -0.00468046 0)
(2.24508 -0.00496455 0)
(2.24413 -0.00518039 0)
(2.24351 -0.00508919 0)
(2.24274 -0.00505643 0)
(2.24241 -0.00464106 0)
(2.24187 -0.00447225 0)
(2.24185 -0.00375796 0)
(2.24155 -0.00358772 0)
(2.24182 -0.00255806 0)
(2.32187 0.0141689 0)
(2.32298 0.0108991 0)
(2.32327 0.00791336 0)
(2.323 0.00534564 0)
(2.32244 0.00317918 0)
(2.32189 0.00137872 0)
(2.32129 -0.000151779 0)
(2.32077 -0.00139926 0)
(2.32014 -0.00243922 0)
(2.31964 -0.00321621 0)
(2.319 -0.00384156 0)
(2.31862 -0.00421115 0)
(2.31806 -0.0045091 0)
(2.31789 -0.00453799 0)
(2.31746 -0.0046007 0)
(2.31756 -0.00433784 0)
(2.31727 -0.00426032 0)
(2.3177 -0.00373203 0)
(2.31754 -0.00362432 0)
(2.31831 -0.00282365 0)
(2.3827 0.0133247 0)
(2.38472 0.0103487 0)
(2.38607 0.00758326 0)
(2.38693 0.0051896 0)
(2.38744 0.00316301 0)
(2.3879 0.00146866 0)
(2.3882 1.74051e-05 0)
(2.38858 -0.00118519 0)
(2.38876 -0.00220671 0)
(2.38909 -0.00299464 0)
(2.38919 -0.00364528 0)
(2.38958 -0.00406813 0)
(2.38966 -0.00442082 0)
(2.39021 -0.00453783 0)
(2.39031 -0.00467183 0)
(2.39112 -0.00452821 0)
(2.39123 -0.00452264 0)
(2.39238 -0.00414428 0)
(2.39246 -0.0040875 0)
(2.39403 -0.00347387 0)
(2.44652 0.0110936 0)
(2.44952 0.00847059 0)
(2.45202 0.00599639 0)
(2.4541 0.00384202 0)
(2.45578 0.00200921 0)
(2.45732 0.000472509 0)
(2.45862 -0.00085322 0)
(2.45995 -0.00196321 0)
(2.46102 -0.00291983 0)
(2.46223 -0.00366973 0)
(2.46312 -0.0043035 0)
(2.46431 -0.00473229 0)
(2.46507 -0.0051019 0)
(2.46636 -0.00525947 0)
(2.46702 -0.00543208 0)
(2.46852 -0.00535828 0)
(2.46905 -0.00539938 0)
(2.4709 -0.00511771 0)
(2.47122 -0.0050974 0)
(2.47356 -0.00461047 0)
(2.52567 0.00760879 0)
(2.52924 0.00539279 0)
(2.53249 0.00328059 0)
(2.53538 0.00142748 0)
(2.53783 -0.000159256 0)
(2.54008 -0.00149028 0)
(2.54203 -0.0026455 0)
(2.54395 -0.00361156 0)
(2.54558 -0.004457 0)
(2.54731 -0.00511819 0)
(2.54867 -0.00569082 0)
(2.55032 -0.00607521 0)
(2.55147 -0.00642178 0)
(2.55315 -0.00656936 0)
(2.55411 -0.00674608 0)
(2.55594 -0.00669008 0)
(2.55669 -0.00675118 0)
(2.55882 -0.00651107 0)
(2.55926 -0.00651185 0)
(2.56187 -0.00609025 0)
(2.62873 0.00363617 0)
(2.63204 0.00184789 0)
(2.63516 0.000135402 0)
(2.63801 -0.00137937 0)
(2.64044 -0.00269371 0)
(2.64262 -0.00379347 0)
(2.64447 -0.004755 0)
(2.64626 -0.00554919 0)
(2.64777 -0.0062542 0)
(2.64933 -0.00679392 0)
(2.65057 -0.00727605 0)
(2.65199 -0.00758297 0)
(2.653 -0.00787902 0)
(2.65439 -0.00798308 0)
(2.65521 -0.00813927 0)
(2.65668 -0.00806675 0)
(2.65729 -0.00812791 0)
(2.65897 -0.00789373 0)
(2.65931 -0.00790339 0)
(2.66134 -0.00750847 0)
(2.75306 0.00027715 0)
(2.75527 -0.00110828 0)
(2.75741 -0.00243467 0)
(2.75934 -0.00361906 0)
(2.76092 -0.0046692 0)
(2.76223 -0.00554691 0)
(2.76326 -0.0063206 0)
(2.76416 -0.00694657 0)
(2.76488 -0.00751123 0)
(2.76554 -0.00792868 0)
(2.76603 -0.00831627 0)
(2.76654 -0.00854253 0)
(2.76685 -0.00878174 0)
(2.76727 -0.00883823 0)
(2.76747 -0.00896615 0)
(2.76788 -0.00887301 0)
(2.768 -0.00892624 0)
(2.76846 -0.00869463 0)
(2.76852 -0.00870699 0)
(2.76909 -0.00833645 0)
(2.88363 -0.00171397 0)
(2.88444 -0.00274899 0)
(2.88526 -0.00373618 0)
(2.88587 -0.004627 0)
(2.88622 -0.00543569 0)
(2.88626 -0.00611267 0)
(2.88611 -0.00671594 0)
(2.88574 -0.00719426 0)
(2.88532 -0.00763319 0)
(2.88471 -0.00794626 0)
(2.88414 -0.00824899 0)
(2.88334 -0.00841083 0)
(2.88268 -0.00859924 0)
(2.88173 -0.00862466 0)
(2.88108 -0.0087271 0)
(2.88001 -0.00863121 0)
(2.87946 -0.00867633 0)
(2.87826 -0.00846765 0)
(2.87793 -0.00848077 0)
(2.87654 -0.00815868 0)
(3.00072 -0.00231965 0)
(3.00035 -0.00305038 0)
(3 -0.0037402 0)
(2.99942 -0.00436375 0)
(2.99865 -0.00494004 0)
(2.9975 -0.00542329 0)
(2.99627 -0.00585881 0)
(2.9947 -0.00619887 0)
(2.99322 -0.00651562 0)
(2.99137 -0.00673537 0)
(2.98979 -0.00695529 0)
(2.98771 -0.00706545 0)
(2.98612 -0.00720385 0)
(2.98382 -0.0072138 0)
(2.98235 -0.00729037 0)
(2.97981 -0.00721069 0)
(2.97862 -0.00724596 0)
(2.97576 -0.00708278 0)
(2.97506 -0.00709435 0)
(2.97172 -0.00684713 0)
(3.08827 -0.00180323 0)
(3.08706 -0.00226994 0)
(3.0859 -0.00269676 0)
(3.08443 -0.00307514 0)
(3.08285 -0.00342447 0)
(3.08082 -0.00371626 0)
(3.07879 -0.0039799 0)
(3.07631 -0.00418346 0)
(3.07405 -0.00437403 0)
(3.07126 -0.00450416 0)
(3.06892 -0.00463655 0)
(3.06586 -0.0047006 0)
(3.06358 -0.00478393 0)
(3.06022 -0.00478711 0)
(3.05815 -0.00483294 0)
(3.05446 -0.00478151 0)
(3.05281 -0.00480229 0)
(3.04864 -0.00469981 0)
(3.04767 -0.00470634 0)
(3.04281 -0.00455174 0)
(3.13526 -0.000516148 0)
(3.13359 -0.000711407 0)
(3.13198 -0.000882312 0)
(3.13003 -0.00102904 0)
(3.12799 -0.00116125 0)
(3.12548 -0.00127087 0)
(3.123 -0.0013685 0)
(3.12002 -0.00144393 0)
(3.11733 -0.0015134 0)
(3.11402 -0.00156155 0)
(3.11128 -0.00160944 0)
(3.10767 -0.00163392 0)
(3.10502 -0.00166395 0)
(3.10108 -0.00166704 0)
(3.09869 -0.00168347 0)
(3.09436 -0.00166764 0)
(3.09246 -0.00167497 0)
(3.08759 -0.00164162 0)
(3.08648 -0.00164378 0)
(3.08078 -0.00159246 0)
(1.83163 0.114967 1.29131e-21)
(1.83802 0.101783 0)
(1.83359 0.0878198 -1.6146e-22)
(1.82013 0.0734887 -4.71266e-21)
(1.79631 0.0588932 4.58785e-21)
(1.76637 0.0451851 0)
(1.72596 0.0308178 1.04055e-21)
(1.67362 0.0202384 0)
(1.6269 0.00464078 -8.39735e-22)
(1.46606 -0.00832771 1.39942e-23)
(1.8969 0.105649 -1.57725e-21)
(1.90101 0.0943651 2.63147e-22)
(1.89517 0.082173 -2.63678e-22)
(1.87974 0.0707224 -1.20328e-21)
(1.8571 0.0579133 -4.39286e-21)
(1.82278 0.0475709 -2.13475e-22)
(1.79445 0.0346483 0)
(1.7284 0.0257909 -2.84461e-21)
(1.72219 0.0160725 0)
(1.57969 8.79666e-05 9.20139e-23)
(1.96833 0.0963308 3.29046e-21)
(1.96927 0.086687 0)
(1.96402 0.0756061 -2.38059e-22)
(1.94412 0.0660936 -9.0366e-22)
(1.92616 0.0548533 4.61232e-21)
(1.88265 0.0462928 0)
(1.86668 0.0365291 6.53722e-21)
(1.78878 0.027025 2.97731e-21)
(1.79287 0.0220126 0)
(1.67441 0.00716433 -9.10695e-23)
(2.04203 0.0883904 -1.51137e-21)
(2.03959 0.0799044 5.90556e-21)
(2.03724 0.0701587 0)
(2.01268 0.0616536 7.27592e-21)
(2.00081 0.0524041 3.47736e-22)
(1.95029 0.0438304 -6.18883e-22)
(1.94007 0.0369928 -6.19398e-21)
(1.86007 0.0265549 -2.03189e-22)
(1.85795 0.0231007 -5.09522e-21)
(1.75637 0.0116597 0)
(2.11407 0.0816485 0)
(2.10905 0.0739095 -5.77005e-21)
(2.11023 0.0657769 -6.23432e-21)
(2.08347 0.0576566 8.07569e-22)
(2.07628 0.0504206 -5.02964e-22)
(2.02479 0.041523 -3.29556e-22)
(2.01471 0.0363037 -9.78631e-21)
(1.93925 0.0263781 -4.64951e-22)
(1.92981 0.0226809 -1.39417e-21)
(1.83551 0.0143415 4.63476e-21)
(2.18071 0.0756566 2.03616e-21)
(2.17471 0.0684684 3.94521e-22)
(2.17873 0.0618336 -1.15223e-21)
(2.15307 0.0540615 3.33563e-22)
(2.14884 0.0482595 -8.62636e-21)
(2.10127 0.0397757 0)
(2.09091 0.0350824 1.06679e-20)
(2.02159 0.0267256 -3.13999e-22)
(2.00997 0.0224051 1.47214e-20)
(1.91783 0.0157613 -1.0663e-20)
(2.23904 0.0699988 -2.04618e-21)
(2.2336 0.0634178 -3.70161e-21)
(2.23979 0.057904 6.03279e-21)
(2.21738 0.0508128 -1.03792e-20)
(2.21594 0.0458248 -1.42136e-21)
(2.17418 0.0384352 -7.95686e-21)
(2.16631 0.0338482 3.63592e-22)
(2.10283 0.026993 -6.62922e-22)
(2.0937 0.0223367 -7.75469e-21)
(2.00438 0.0164234 6.01454e-21)
(2.28783 0.0642948 0)
(2.28381 0.0584689 8.0463e-21)
(2.29204 0.0537625 -8.30141e-22)
(2.27345 0.0476376 5.53639e-21)
(2.27551 0.0431972 -7.3205e-22)
(2.23954 0.0370458 1.61643e-20)
(2.23656 0.032665 -7.02234e-21)
(2.17935 0.0268283 0)
(2.17497 0.0223358 0)
(2.09245 0.0168527 0)
(2.3283 0.0582739 0)
(2.32589 0.053262 -7.47936e-21)
(2.33608 0.0492385 -4.66097e-22)
(2.32088 0.0441245 5.89097e-21)
(2.32653 0.0402691 1.02082e-20)
(2.29588 0.0351761 -9.22136e-21)
(2.29802 0.0313042 8.46669e-21)
(2.24838 0.0262317 -4.49765e-22)
(2.24863 0.0223009 0)
(2.17719 0.0173236 5.04315e-21)
(2.36463 0.0517449 2.75376e-22)
(2.36378 0.0474952 4.27746e-21)
(2.37527 0.0441403 6.51578e-21)
(2.36278 0.0399254 -3.24528e-22)
(2.37067 0.0367615 7.46075e-22)
(2.34483 0.0325556 -1.05368e-20)
(2.35011 0.0294139 9.79234e-21)
(2.3089 0.0251452 -4.87541e-22)
(2.31195 0.0219125 0)
(2.25384 0.0176971 -1.05884e-20)
(2.40422 0.0445981 0)
(2.4047 0.0410409 4.32672e-21)
(2.41621 0.0383254 2.39948e-22)
(2.40567 0.0348938 0)
(2.41343 0.0324133 0)
(2.39149 0.0290459 9.36075e-21)
(2.39679 0.0266195 -8.11836e-21)
(2.36316 0.0233058 -4.58786e-22)
(2.36642 0.0206798 2.53916e-22)
(2.32047 0.0175303 5.73625e-21)
(2.45644 0.0368335 0)
(2.45777 0.033967 -8.27055e-21)
(2.46785 0.0317977 -8.71119e-21)
(2.4583 0.0291013 1.27984e-21)
(2.46369 0.0271407 -8.12317e-22)
(2.44398 0.0246237 -6.35705e-22)
(2.44657 0.0226892 1.18465e-21)
(2.41758 0.0204254 7.42793e-21)
(2.41898 0.0182088 6.92892e-22)
(2.38047 0.0162989 -2.09063e-22)
(2.52962 0.0288946 0)
(2.53091 0.0267056 4.46564e-21)
(2.53869 0.0249146 -4.7764e-22)
(2.52894 0.022908 4.73697e-22)
(2.53102 0.0212211 0)
(2.5114 0.0194985 0)
(2.51032 0.017774 0)
(2.48193 0.0164649 -8.42598e-21)
(2.48084 0.0144702 7.81328e-21)
(2.44338 0.0136629 0)
(2.62652 0.0215772 0)
(2.6267 0.0199625 2.86972e-21)
(2.6323 0.0183847 3.62526e-21)
(2.62141 0.0169373 4.59377e-21)
(2.62101 0.0153395 -8.63717e-22)
(2.5999 0.0142003 5.18019e-21)
(2.59638 0.012518 -4.53017e-21)
(2.56564 0.0118222 0)
(2.563 0.00996067 5.85747e-22)
(2.52202 0.00977572 -7.31801e-21)
(2.74095 0.0155822 -6.54199e-22)
(2.7394 0.0143665 -2.33255e-21)
(2.74376 0.0129484 -4.68837e-21)
(2.73171 0.0118403 -3.23326e-21)
(2.73079 0.0103207 0)
(2.7084 0.00944015 -6.57348e-21)
(2.70483 0.00782959 6.51408e-21)
(2.67199 0.0072799 -6.1276e-22)
(2.66945 0.00558946 -3.87314e-21)
(2.62541 0.00542444 1.06864e-20)
(2.85867 0.0112199 6.57556e-22)
(2.85588 0.0102055 -1.83093e-21)
(2.86004 0.00900243 1.59887e-21)
(2.84813 0.00801072 -3.87585e-21)
(2.84837 0.00669479 0)
(2.82701 0.00579605 0)
(2.82519 0.00440632 6.43003e-22)
(2.79394 0.0036676 -6.02212e-21)
(2.79257 0.00224194 -3.59504e-21)
(2.75088 0.00172498 -3.62954e-21)
(2.96401 0.00811694 0)
(2.96142 0.00720386 2.99047e-21)
(2.96585 0.0063063 -1.07147e-21)
(2.95618 0.00534403 3.46716e-21)
(2.95793 0.00436119 9.1883e-22)
(2.9408 0.00337841 -7.4138e-22)
(2.9409 0.00232765 1.38146e-21)
(2.916 0.00137406 4.16346e-21)
(2.9157 0.000268233 0)
(2.88286 -0.000575043 0)
(3.04783 0.00546562 0)
(3.04676 0.00473597 1.22992e-21)
(3.05109 0.00421026 -2.20449e-21)
(3.04516 0.00338253 0)
(3.04758 0.0027812 -1.78388e-21)
(3.03668 0.00186503 -7.53673e-22)
(3.03766 0.00117464 -2.08477e-21)
(3.02178 0.000216867 -5.91042e-22)
(3.02179 -0.000570424 3.12387e-22)
(3.00109 -0.00147995 2.53094e-22)
(3.10821 0.00287665 0)
(3.10862 0.00249629 -1.2358e-21)
(3.11206 0.00234523 -1.0946e-21)
(3.10966 0.0018505 1.48617e-21)
(3.11166 0.00160771 8.45203e-22)
(3.10655 0.000993171 8.00393e-22)
(3.10728 0.000632712 3.48914e-21)
(3.09965 -6.32572e-05 -2.50928e-21)
(3.09928 -0.0005488 5.78219e-22)
(3.08943 -0.00125176 0)
(3.14165 0.000637683 0)
(3.1427 0.000631909 6.00192e-22)
(3.14513 0.000719301 -5.69437e-22)
(3.14467 0.00064596 5.32868e-22)
(3.14594 0.000661526 0)
(3.14416 0.000498607 -8.04334e-22)
(3.14432 0.000420795 6.83341e-22)
(3.14144 0.000179542 5.94555e-22)
(3.14056 6.4106e-06 0)
(3.13691 -0.000281435 0)
(1.14136 0.226862 0)
(1.0787 0.247734 -5.28857e-20)
(1.02913 0.276161 0)
(0.989073 0.313204 -1.74899e-19)
(0.954132 0.358422 6.65373e-20)
(0.921814 0.413492 2.27441e-21)
(0.888876 0.478712 5.76914e-20)
(0.837552 0.54273 -7.08931e-21)
(0.710369 0.55207 0)
(0.394958 0.339837 5.99126e-20)
(1.23452 0.228935 9.64631e-20)
(1.17284 0.256093 5.28847e-20)
(1.12285 0.283201 -4.99769e-20)
(1.08117 0.31905 5.89577e-20)
(1.04584 0.364261 -4.9902e-20)
(1.01563 0.419403 7.48377e-21)
(0.986584 0.484236 -5.91262e-20)
(0.937981 0.546704 -1.17468e-19)
(0.803106 0.552775 -3.11596e-20)
(0.447323 0.335224 -8.75145e-20)
(1.32301 0.226925 -4.2366e-20)
(1.26513 0.256432 4.38293e-20)
(1.21583 0.282946 4.99754e-20)
(1.17261 0.317984 5.11331e-20)
(1.13656 0.362745 5.21399e-20)
(1.10805 0.417098 5.27275e-20)
(1.08237 0.480196 8.93072e-21)
(1.03533 0.539047 5.08115e-20)
(0.890949 0.539931 1.95691e-20)
(0.493877 0.320405 -2.08896e-20)
(1.40929 0.222402 8.46052e-20)
(1.35367 0.252434 -4.38275e-20)
(1.30483 0.278114 0)
(1.26072 0.31178 0)
(1.22433 0.354986 0)
(1.19727 0.407258 3.87349e-20)
(1.174 0.467041 -3.24417e-20)
(1.12664 0.51993 0)
(0.970115 0.513703 1.33319e-20)
(0.531377 0.295762 -2.70666e-20)
(1.49068 0.215158 -1.53147e-20)
(1.43591 0.244347 5.63602e-20)
(1.38729 0.268966 0)
(1.34302 0.300871 0)
(1.30692 0.341598 1.56611e-20)
(1.28118 0.390564 1.46416e-20)
(1.25918 0.445448 2.167e-20)
(1.20886 0.49016 1.01182e-20)
(1.03694 0.47499 1.34369e-20)
(0.556148 0.262264 -4.4339e-21)
(1.564 0.205557 4.46331e-20)
(1.50981 0.232565 1.66288e-20)
(1.46143 0.255708 0)
(1.41754 0.285476 0)
(1.38223 0.323013 -4.15144e-20)
(1.35764 0.367702 1.28959e-20)
(1.33547 0.416557 3.95703e-21)
(1.2792 0.450556 -5.27502e-22)
(1.08617 0.425042 -7.95945e-21)
(0.565825 0.222689 -1.90581e-21)
(1.62815 0.193542 -2.48808e-20)
(1.57439 0.21743 2.61789e-20)
(1.52614 0.238779 2.32577e-20)
(1.48289 0.26607 -2.46051e-20)
(1.44863 0.299793 -9.59016e-21)
(1.42478 0.339165 1.02142e-20)
(1.40079 0.380273 -4.82559e-21)
(1.33428 0.403664 5.18284e-21)
(1.1143 0.367085 0)
(0.559545 0.178497 0)
(1.68184 0.179457 -2.03053e-20)
(1.62866 0.199765 2.13651e-20)
(1.58057 0.218976 0)
(1.53804 0.243368 0)
(1.50476 0.272771 0)
(1.48076 0.305967 2.16128e-21)
(1.45199 0.338251 -5.92063e-21)
(1.36954 0.350497 2.48459e-22)
(1.11971 0.303514 0)
(0.536402 0.132772 -5.15829e-21)
(1.72472 0.163435 -8.04393e-21)
(1.6719 0.17993 6.70838e-21)
(1.62397 0.197111 -1.57097e-21)
(1.58226 0.218324 0)
(1.54963 0.242898 -1.9424e-21)
(1.52389 0.269434 4.72876e-21)
(1.48648 0.292235 0)
(1.38257 0.292704 -1.33441e-22)
(1.09979 0.236634 -4.78241e-21)
(0.496434 0.0887678 7.76057e-21)
(1.75602 0.146096 0)
(1.70353 0.159334 1.75533e-21)
(1.65604 0.174022 1.57082e-21)
(1.6152 0.191703 0)
(1.58248 0.211296 4.12608e-22)
(1.55269 0.230853 -9.87546e-22)
(1.50207 0.243708 1.00744e-22)
(1.37076 0.232321 1.22793e-21)
(1.05239 0.169484 2.34482e-21)
(0.441412 0.0494903 0)
(0.44659 0.013034 -1.78182e-20)
(0.427816 0.0150323 1.88436e-20)
(0.404879 0.0173839 1.00401e-20)
(0.376854 0.0201415 1.08155e-20)
(0.342421 0.0234352 -1.14844e-20)
(0.299737 0.0273917 -1.86959e-20)
(0.246383 0.0319556 6.70948e-21)
(0.178263 0.0362292 -1.4643e-20)
(0.0941754 0.0365491 -1.59882e-20)
(0.0258003 0.0225789 0)
(0.462063 0.0389824 0)
(0.442754 0.044914 -9.40374e-21)
(0.419162 0.0519302 -1.00067e-20)
(0.390673 0.0601515 0)
(0.356052 0.0699631 2.30264e-20)
(0.313443 0.081756 1.23712e-20)
(0.260378 0.0953882 0)
(0.192434 0.10819 -1.42353e-20)
(0.107087 0.109193 -5.2246e-23)
(0.0333654 0.0675952 -1.69318e-20)
(0.49254 0.0645625 7.06634e-20)
(0.472227 0.0742338 -7.43591e-20)
(0.447378 0.0857975 0)
(0.417997 0.0993297 0)
(0.383022 0.115453 0)
(0.340596 0.134844 -7.35792e-20)
(0.288141 0.157326 1.05414e-19)
(0.220532 0.178567 -2.81023e-20)
(0.13281 0.180452 0)
(0.0485613 0.112016 3.39258e-20)
(0.53709 0.0894699 6.99308e-20)
(0.515424 0.102568 -7.35868e-20)
(0.488821 0.118491 -7.86038e-20)
(0.458189 0.137088 -6.4926e-22)
(0.422741 0.159187 1.33786e-19)
(0.380632 0.185781 -4.77561e-20)
(0.329138 0.216723 5.18497e-20)
(0.262113 0.2462 -1.11674e-19)
(0.171079 0.249319 6.04286e-20)
(0.0713311 0.155222 0)
(0.594379 0.113309 -1.71731e-19)
(0.571172 0.129461 3.58601e-20)
(0.542468 0.149532 0)
(0.510331 0.172888 0)
(0.474361 0.200511 4.45684e-20)
(0.432746 0.233756 -1.39349e-19)
(0.382602 0.272588 9.96612e-20)
(0.316511 0.309944 -1.07014e-19)
(0.221436 0.31464 1.63961e-21)
(0.10151 0.196478 -6.09745e-20)
(0.662823 0.135467 2.35466e-19)
(0.638028 0.154209 -1.77741e-19)
(0.606969 0.178127 0)
(0.573129 0.205854 0)
(0.53664 0.238492 4.30491e-20)
(0.495759 0.277779 4.60297e-20)
(0.447425 0.323834 4.5227e-20)
(0.382745 0.368564 5.29718e-20)
(0.283139 0.37509 1.26416e-21)
(0.138744 0.234831 1.20722e-19)
(0.740771 0.15579 -1.34109e-19)
(0.714495 0.177018 -6.74168e-20)
(0.680991 0.204639 0)
(0.645432 0.236202 0)
(0.608532 0.273008 0)
(0.568606 0.317341 -8.65297e-20)
(0.522459 0.369593 8.75171e-20)
(0.459637 0.420855 0)
(0.355149 0.429215 -5.21829e-20)
(0.182407 0.269127 1.1138e-19)
(0.826919 0.172161 -6.45252e-20)
(0.798521 0.195107 6.74178e-20)
(0.761873 0.226105 6.78029e-20)
(0.724514 0.261369 7.15264e-20)
(0.687636 0.302146 7.54117e-20)
(0.649277 0.351051 7.94787e-20)
(0.605967 0.408678 -5.90645e-21)
(0.545589 0.465516 8.77186e-20)
(0.436009 0.475469 -4.79916e-20)
(0.231499 0.29807 5.12279e-20)
(0.921007 0.190503 -1.22718e-19)
(0.889983 0.215091 6.08175e-20)
(0.84973 0.248064 -6.78032e-20)
(0.810435 0.284775 -7.35077e-20)
(0.773372 0.327374 6.84965e-20)
(0.736474 0.379081 -5.74823e-21)
(0.696223 0.440516 -2.39833e-19)
(0.638696 0.501446 -1.64481e-19)
(0.523795 0.512319 4.56394e-20)
(0.284588 0.320313 -3.93709e-20)
(1.02184 0.198241 0)
(0.980933 0.223328 -6.08176e-20)
(0.937038 0.260006 0)
(0.898314 0.300112 6.15885e-20)
(0.862818 0.34542 -2.07169e-19)
(0.828144 0.399714 -1.43326e-19)
(0.791331 0.463938 1.51305e-19)
(0.736866 0.527435 7.96211e-20)
(0.616187 0.538264 0)
(0.339822 0.334587 8.54665e-20)
(0.552079 0.00114736 0)
(0.551256 0.00115026 -1.1249e-21)
(0.549672 0.00118105 1.11901e-21)
(0.547908 0.00124988 0)
(0.546136 0.00135426 -2.22456e-21)
(0.544265 0.00149269 2.21309e-21)
(0.542191 0.00166727 0)
(0.539852 0.00188218 0)
(0.537192 0.0021421 0)
(0.534162 0.00245619 0)
(0.530715 0.00283127 1.08947e-21)
(0.52677 0.00327585 0)
(0.522229 0.00380124 0)
(0.516986 0.00442163 8.67283e-21)
(0.510917 0.00515448 -8.63006e-21)
(0.503877 0.00602104 0)
(0.495693 0.0070482 9.72663e-21)
(0.486162 0.00826733 -1.72565e-20)
(0.475017 0.00972214 8.60794e-21)
(0.461988 0.0114949 8.66896e-21)
(0.564527 0.00340114 2.34465e-21)
(0.563749 0.00342204 4.46286e-21)
(0.56227 0.00353561 -4.44135e-21)
(0.560625 0.00375543 2.21445e-21)
(0.558964 0.00407375 2.20694e-21)
(0.557197 0.00449139 8.80652e-21)
(0.555227 0.00501747 -6.57242e-21)
(0.552994 0.00566505 -1.75051e-20)
(0.550445 0.00644726 3.70578e-20)
(0.547536 0.00739103 -1.73742e-20)
(0.544212 0.00851757 -1.62849e-20)
(0.540394 0.00985262 3.67799e-20)
(0.535989 0.01143 -3.23904e-20)
(0.530892 0.0132922 1.72183e-20)
(0.524985 0.0154912 2.15047e-21)
(0.51813 0.0180902 3.6623e-20)
(0.510154 0.0211699 -3.53939e-20)
(0.500882 0.024822 0)
(0.490007 0.0291783 2.1462e-21)
(0.477682 0.0344857 0)
(0.588923 0.00563808 -6.96214e-21)
(0.588284 0.00568832 -7.66716e-25)
(0.587023 0.00589993 8.81123e-21)
(0.585592 0.006281 -4.3787e-21)
(0.584131 0.00681886 -1.09416e-20)
(0.582562 0.00751972 -2.18297e-21)
(0.580794 0.0084013 -2.17847e-21)
(0.578765 0.00948583 -2.17166e-21)
(0.576432 0.0107945 3.03788e-20)
(0.573753 0.012372 6.59751e-23)
(0.570668 0.0142548 -3.8821e-20)
(0.567099 0.0164855 -2.15605e-21)
(0.562962 0.0191196 -4.30209e-21)
(0.558158 0.022227 0)
(0.552577 0.0258941 -3.86945e-20)
(0.546093 0.0302241 2.99794e-20)
(0.538542 0.0353513 0)
(0.529801 0.0414209 -2.13942e-21)
(0.519463 0.0486502 -2.14995e-21)
(0.508543 0.0574678 -2.13958e-21)
(0.624523 0.00790329 2.28509e-21)
(0.624062 0.00798112 6.52498e-21)
(0.623088 0.0082802 0)
(0.621942 0.00881664 -1.95131e-20)
(0.620748 0.00957458 1.7296e-20)
(0.619445 0.010562 1.94481e-20)
(0.617951 0.0118044 -1.29272e-20)
(0.616203 0.0133334 2.15361e-21)
(0.614171 0.0151747 -2.79736e-20)
(0.611821 0.017388 -5.7265e-23)
(0.609078 0.0200282 3.21378e-20)
(0.605871 0.0231557 -3.43047e-20)
(0.602124 0.026847 -3.22103e-20)
(0.597756 0.031198 7.26259e-20)
(0.592663 0.0363282 2.14086e-21)
(0.586745 0.0423786 6.40378e-21)
(0.579837 0.0495367 -6.84997e-20)
(0.571925 0.0579943 1.91941e-21)
(0.562388 0.0680319 -2.39359e-22)
(0.553537 0.0803508 7.04724e-20)
(0.670243 0.0101366 4.48083e-21)
(0.669966 0.0102438 -1.70685e-20)
(0.669311 0.0106239 8.52349e-21)
(0.668488 0.01131 4.26235e-21)
(0.667599 0.0122854 0)
(0.666603 0.0135557 0)
(0.665433 0.0151518 -4.25708e-21)
(0.664014 0.0171034 0)
(0.662338 0.0194891 -4.25492e-21)
(0.66038 0.0223498 0)
(0.658057 0.0257475 4.25427e-21)
(0.655305 0.0297655 -6.80355e-20)
(0.652062 0.0345028 -1.10211e-22)
(0.648261 0.040083 -4.37449e-21)
(0.643816 0.0466549 6.79406e-20)
(0.638662 0.0543962 -4.26259e-21)
(0.632625 0.0635397 4.23343e-21)
(0.625862 0.07433 -6.81291e-20)
(0.617403 0.0870342 7.22484e-20)
(0.611211 0.102877 1.35984e-19)
(0.724809 0.012238 4.37247e-21)
(0.72469 0.0123855 -4.16597e-21)
(0.724342 0.0128477 -4.16914e-21)
(0.723844 0.013678 -4.17216e-21)
(0.723258 0.0148637 -3.34355e-20)
(0.722566 0.0164103 6.27284e-20)
(0.721701 0.0183493 -3.76521e-20)
(0.720653 0.0207395 0)
(0.719407 0.0236506 -4.18692e-21)
(0.717875 0.0271363 -4.18964e-21)
(0.716012 0.0312679 -4.19227e-21)
(0.713777 0.0361491 6.31221e-20)
(0.711128 0.0418963 -1.38902e-19)
(0.708014 0.0486655 6.73878e-20)
(0.704366 0.0566253 0)
(0.700168 0.0660052 -4.19878e-21)
(0.695224 0.0770533 -1.4358e-19)
(0.68993 0.0901177 1.35151e-19)
(0.682853 0.105238 -4.24975e-21)
(0.679834 0.124564 0)
(0.786898 0.0140758 4.24879e-21)
(0.786884 0.0142885 -1.21666e-20)
(0.786784 0.0148461 4.05981e-21)
(0.786565 0.0158135 2.44443e-20)
(0.786246 0.0171942 4.08169e-21)
(0.78582 0.0190053 -2.4579e-20)
(0.785278 0.0212872 4.09847e-21)
(0.784599 0.0241097 3.29198e-20)
(0.783729 0.0275083 8.2493e-21)
(0.782617 0.0315678 7.03125e-20)
(0.781244 0.0363758 -5.8023e-20)
(0.779576 0.0420624 -5.81538e-20)
(0.777598 0.0487407 7.07735e-20)
(0.775272 0.0566138 4.15062e-21)
(0.772573 0.065824 4.15335e-21)
(0.769527 0.0767041 8.35563e-21)
(0.765923 0.0894073 8.35923e-21)
(0.762388 0.104625 -4.1431e-21)
(0.756888 0.121861 0)
(0.757457 0.145009 1.3238e-19)
(0.855277 0.0155177 -1.23474e-20)
(0.855302 0.0158384 3.55154e-25)
(0.855338 0.0165184 -3.94645e-21)
(0.855299 0.0176087 -3.56914e-20)
(0.855178 0.0191509 2.38973e-20)
(0.854987 0.0211878 -4.00392e-21)
(0.85472 0.0237706 0)
(0.854333 0.0269492 0)
(0.853806 0.0307748 -8.09713e-21)
(0.853101 0.0353559 -4.05376e-21)
(0.852229 0.040769 -4.09156e-21)
(0.851146 0.0471919 -4.10789e-21)
(0.849897 0.0546937 0)
(0.848414 0.0635923 -8.2327e-21)
(0.846787 0.0738868 -4.15002e-21)
(0.845001 0.0862022 -8.2595e-21)
(0.843008 0.100228 -4.16705e-21)
(0.841597 0.117507 -1.27526e-19)
(0.838413 0.135918 1.32291e-19)
(0.843255 0.163075 0)
(0.928954 0.0164404 0)
(0.928941 0.016888 3.80244e-21)
(0.928951 0.0177007 1.9157e-21)
(0.92895 0.0188804 0)
(0.928945 0.0205208 3.48513e-20)
(0.928922 0.0227243 -3.11861e-20)
(0.928869 0.0255327 6.46558e-20)
(0.928733 0.029011 -6.31328e-20)
(0.928538 0.0331953 5.95379e-21)
(0.928229 0.038231 2.01234e-21)
(0.927897 0.0441548 0)
(0.927426 0.0512453 0)
(0.927034 0.0594466 0)
(0.926469 0.0693518 1.3374e-19)
(0.926196 0.0805889 -2.60508e-19)
(0.925767 0.0945822 4.96753e-21)
(0.925854 0.10989 1.30951e-19)
(0.926611 0.130337 0)
(0.926415 0.150059 0)
(0.936292 0.182663 1.27923e-19)
(1.00715 0.0171306 0)
(1.00715 0.0176056 -1.46541e-20)
(1.00704 0.0183927 -1.29138e-20)
(1.00697 0.0195115 2.98294e-20)
(1.00703 0.0211199 3.00402e-20)
(1.00717 0.0233775 -9.08853e-20)
(1.00735 0.026313 5.92263e-20)
(1.00747 0.029986 0)
(1.00769 0.0343808 -1.94389e-21)
(1.00786 0.0396963 -6.0419e-20)
(1.00829 0.0458814 1.25764e-19)
(1.00862 0.0533623 -6.33948e-20)
(1.00957 0.0618174 0)
(1.01023 0.0722425 -1.27232e-19)
(1.01236 0.0834894 2.55932e-19)
(1.01374 0.0981982 -1.28711e-19)
(1.01824 0.112622 0)
(1.02168 0.134654 -1.25707e-19)
(1.02826 0.152046 1.27022e-19)
(1.0446 0.192877 -1.96865e-21)
(1.08755 0.0177992 0)
(1.08747 0.0181693 0)
(1.08723 0.0187682 0)
(1.08716 0.0197579 0)
(1.08741 0.0213782 0)
(1.08777 0.0237774 0)
(1.08819 0.0269006 0)
(1.0885 0.0308087 0)
(1.08904 0.0354513 0)
(1.08948 0.041134 0)
(1.09054 0.0476914 0)
(1.09121 0.0557896 0)
(1.09341 0.06474 0)
(1.0943 0.0762476 0)
(1.09916 0.0879621 0)
(1.09979 0.10486 0)
(1.11143 0.118787 0)
(1.1094 0.146226 0)
(1.14131 0.157182 0)
(1.12601 0.211931 0)
(1.17295 0.018101 0)
(1.17281 0.0181608 0)
(1.17273 0.0183452 0)
(1.17312 0.0190915 0)
(1.17405 0.0206922 0)
(1.17505 0.0231616 0)
(1.1761 0.0262793 0)
(1.17692 0.0301099 0)
(1.17814 0.0345691 0)
(1.17908 0.0400555 0)
(1.18108 0.0462463 0)
(1.18214 0.0539698 0)
(1.18576 0.0621714 0)
(1.18662 0.0729656 0)
(1.19411 0.0832239 0)
(1.19347 0.0986797 0)
(1.21041 0.110038 0)
(1.20364 0.133237 0)
(1.24392 0.141188 0)
(1.21578 0.175912 0)
(1.26439 0.0202431 0)
(1.26485 0.0192999 0)
(1.26572 0.0180452 0)
(1.26737 0.0180002 0)
(1.26955 0.0194404 0)
(1.27143 0.0219648 0)
(1.2732 0.0250489 0)
(1.27456 0.0287569 0)
(1.27655 0.0330001 0)
(1.27798 0.0382549 0)
(1.28092 0.0440749 0)
(1.28221 0.0513546 0)
(1.28715 0.0588604 0)
(1.28773 0.0687529 0)
(1.29726 0.0778279 0)
(1.29528 0.0913299 0)
(1.3152 0.101005 0)
(1.30503 0.119468 0)
(1.3479 0.126532 0)
(1.31453 0.151141 0)
(1.36955 0.0208174 0)
(1.36883 0.0189029 0)
(1.37031 0.0163827 0)
(1.37378 0.0158484 0)
(1.37752 0.0173919 0)
(1.38013 0.0201095 0)
(1.38236 0.0232166 0)
(1.38395 0.0268375 0)
(1.38651 0.0309184 0)
(1.38813 0.0359813 0)
(1.39178 0.0415016 0)
(1.39294 0.048366 0)
(1.39885 0.0553102 0)
(1.39879 0.0643546 0)
(1.40978 0.0725318 0)
(1.40619 0.0843349 0)
(1.42802 0.0928532 0)
(1.41477 0.108071 0)
(1.45929 0.114572 0)
(1.42154 0.134101 0)
(1.4913 0.0142944 0)
(1.4898 0.0126207 0)
(1.4922 0.0109056 0)
(1.49745 0.0115347 0)
(1.50226 0.0140825 0)
(1.50482 0.0173469 0)
(1.50677 0.0206588 0)
(1.50789 0.0243608 0)
(1.51042 0.0284489 0)
(1.51155 0.0334237 0)
(1.51533 0.0387333 0)
(1.5157 0.0452119 0)
(1.522 0.051681 0)
(1.5207 0.0599303 0)
(1.53247 0.0673614 0)
(1.52689 0.0777116 0)
(1.54978 0.0853142 0)
(1.53354 0.0981076 0)
(1.57876 0.104008 0)
(1.53741 0.119856 0)
(1.63655 0.00105391 0)
(1.63446 0.00262332 0)
(1.63704 0.00524827 0)
(1.64227 0.00907288 0)
(1.646 0.0129106 0)
(1.6466 0.0162421 0)
(1.64685 0.0193309 0)
(1.64634 0.0229015 0)
(1.64778 0.0269182 0)
(1.6474 0.0317179 0)
(1.65037 0.0367582 0)
(1.64915 0.0427644 0)
(1.65503 0.048751 0)
(1.65194 0.0561847 0)
(1.66364 0.0629497 0)
(1.6559 0.071969 0)
(1.67873 0.0788159 0)
(1.6601 0.0895395 0)
(1.70423 0.0949404 0)
(1.66138 0.10771 0)
(1.80571 -0.0246154 0)
(1.80172 -0.0182584 0)
(1.80036 -0.00481838 0)
(1.80009 0.00682901 0)
(1.79838 0.0134249 0)
(1.79471 0.0169295 0)
(1.79224 0.0197263 0)
(1.78949 0.0231209 0)
(1.78922 0.0270299 0)
(1.78684 0.0315606 0)
(1.78844 0.0362515 0)
(1.78541 0.0416782 0)
(1.79034 0.0471373 0)
(1.78558 0.0537051 0)
(1.79644 0.0598249 0)
(1.78719 0.0675758 0)
(1.80865 0.0737443 0)
(1.78926 0.0826451 0)
(1.82994 0.087624 0)
(1.78909 0.0978616 0)
(1.93401 -0.0267706 0)
(1.94184 -0.0187604 0)
(1.9456 -0.00237784 0)
(1.93964 0.0108215 0)
(1.93136 0.017358 0)
(1.92438 0.0201817 0)
(1.92107 0.0223638 0)
(1.9179 0.0252684 0)
(1.91717 0.0287675 0)
(1.91394 0.0327872 0)
(1.91483 0.0369836 0)
(1.911 0.041742 0)
(1.91522 0.0466242 0)
(1.90992 0.052322 0)
(1.91965 0.0577848 0)
(1.91046 0.0643744 0)
(1.92949 0.0698676 0)
(1.91183 0.0772415 0)
(1.94688 0.0817504 0)
(1.91206 0.0900371 0)
(2.05977 0.00321524 0)
(2.06835 0.00813325 0)
(2.06904 0.0160488 0)
(2.05669 0.0219673 0)
(2.04289 0.0246627 0)
(2.03296 0.0258269 0)
(2.02855 0.0271157 0)
(2.02491 0.0291915 0)
(2.02363 0.0318726 0)
(2.01994 0.0350661 0)
(2.02019 0.038549 0)
(2.0163 0.0425491 0)
(2.01978 0.0467572 0)
(2.01505 0.0516071 0)
(2.02331 0.0563366 0)
(2.0158 0.0619076 0)
(2.03158 0.0666403 0)
(2.018 0.0728109 0)
(2.04596 0.0766869 0)
(2.0204 0.0835828 0)
(2.13069 0.0390605 0)
(2.13993 0.0375173 0)
(2.14042 0.0342281 0)
(2.12715 0.0310138 0)
(2.11286 0.0293184 0)
(2.10332 0.0292913 0)
(2.09962 0.0303633 0)
(2.09683 0.0320787 0)
(2.09607 0.034147 0)
(2.09325 0.0366635 0)
(2.09379 0.0395041 0)
(2.09113 0.0428926 0)
(2.09448 0.046454 0)
(2.0916 0.0506149 0)
(2.09876 0.0545752 0)
(2.09435 0.0593476 0)
(2.10704 0.063229 0)
(2.09908 0.0685384 0)
(2.12009 0.071603 0)
(2.10516 0.0776069 0)
(2.1444 0.0895226 0)
(2.15218 0.0819433 0)
(2.15374 0.0632225 0)
(2.14591 0.0463806 0)
(2.13798 0.0373647 0)
(2.13321 0.0345354 0)
(2.13228 0.0344119 0)
(2.13156 0.0351619 0)
(2.13233 0.036174 0)
(2.13154 0.037763 0)
(2.13345 0.0397341 0)
(2.13304 0.0424457 0)
(2.13719 0.0452225 0)
(2.13698 0.0487487 0)
(2.144 0.0518296 0)
(2.14325 0.0559642 0)
(2.15414 0.0588785 0)
(2.1518 0.0635991 0)
(2.16804 0.0656957 0)
(2.16242 0.0711877 0)
(2.15508 0.102391 0)
(2.14591 0.0921895 0)
(2.13787 0.0701911 0)
(2.13557 0.0506927 0)
(2.13678 0.0399781 0)
(2.13807 0.0362353 0)
(2.13984 0.0354706 0)
(2.14068 0.0356445 0)
(2.14293 0.0359423 0)
(2.1442 0.0368961 0)
(2.14804 0.0381211 0)
(2.15008 0.0402658 0)
(2.15598 0.0422488 0)
(2.15844 0.0452266 0)
(2.16678 0.0473898 0)
(2.16915 0.0510144 0)
(2.18063 0.0529069 0)
(2.18219 0.0572259 0)
(2.1977 0.0582685 0)
(2.19739 0.0635032 0)
(2.09005 0.0707759 0)
(2.08172 0.0626023 0)
(2.07983 0.0500435 0)
(2.08931 0.0392425 0)
(2.1031 0.0330945 0)
(2.11421 0.0310383 0)
(2.12305 0.030722 0)
(2.12928 0.0310414 0)
(2.13658 0.0312477 0)
(2.14255 0.0320588 0)
(2.15118 0.032892 0)
(2.1573 0.0347084 0)
(2.16745 0.0360925 0)
(2.17314 0.0386721 0)
(2.18542 0.0400879 0)
(2.19019 0.0433294 0)
(2.20565 0.0443716 0)
(2.20851 0.0483942 0)
(2.22855 0.0485415 0)
(2.22778 0.0536043 0)
(2.07342 0.0418697 0)
(2.06725 0.0372982 0)
(2.07139 0.0303472 0)
(2.0894 0.0246758 0)
(2.11239 0.0216623 0)
(2.13125 0.0209785 0)
(2.14649 0.0210706 0)
(2.15771 0.0215127 0)
(2.17004 0.0217372 0)
(2.18012 0.0225388 0)
(2.19344 0.0232342 0)
(2.20264 0.0248776 0)
(2.21705 0.0259763 0)
(2.22448 0.0282931 0)
(2.24108 0.0293635 0)
(2.24597 0.0323001 0)
(2.26656 0.0329785 0)
(2.26718 0.0366542 0)
(2.29439 0.0364667 0)
(2.28755 0.0411205 0)
(2.20514 0.0109178 0)
(2.19844 0.00927798 0)
(2.20355 0.00400099 0)
(2.2236 0.000416627 0)
(2.24849 0.000306924 0)
(2.26783 0.00221375 0)
(2.28318 0.00426431 0)
(2.2937 0.00606538 0)
(2.30595 0.00734139 0)
(2.31512 0.008892 0)
(2.3285 0.0101857 0)
(2.33625 0.0120827 0)
(2.35084 0.0134642 0)
(2.35601 0.0157331 0)
(2.37327 0.0170227 0)
(2.37482 0.0196904 0)
(2.3971 0.0206314 0)
(2.3927 0.0237646 0)
(2.42349 0.0239812 0)
(2.40892 0.0277349 0)
(2.50154 -0.0325106 0)
(2.48918 -0.0227846 0)
(2.48704 -0.0145707 0)
(2.50103 -0.00977194 0)
(2.51931 -0.00790991 0)
(2.53044 -0.00716817 0)
(2.53738 -0.00625663 0)
(2.53951 -0.00466384 0)
(2.54436 -0.00276985 0)
(2.54626 -0.000680093 0)
(2.55326 0.00114908 0)
(2.55448 0.00308795 0)
(2.56354 0.00469489 0)
(2.56287 0.00668027 0)
(2.57528 0.00820748 0)
(2.57158 0.0103513 0)
(2.58942 0.0116547 0)
(2.58046 0.0139363 0)
(2.6068 0.0147539 0)
(2.58881 0.0172183 0)
(2.85331 -0.109115 0)
(2.83276 -0.0949277 0)
(2.81108 -0.0575506 0)
(2.80022 -0.0236639 0)
(2.79695 -0.00669304 0)
(2.79356 -0.00256375 0)
(2.79068 -0.00284629 0)
(2.78507 -0.00263563 0)
(2.7822 -0.00117392 0)
(2.77692 0.000626814 0)
(2.77664 0.00217976 0)
(2.77207 0.0034089 0)
(2.77477 0.00449055 0)
(2.77003 0.00559112 0)
(2.77631 0.00668339 0)
(2.77028 0.00787925 0)
(2.78122 0.00891466 0)
(2.77231 0.010139 0)
(2.78966 0.0109185 0)
(2.77555 0.0121625 0)
(2.88145 -0.085851 0)
(2.90268 -0.0815532 0)
(2.91656 -0.053428 0)
(2.90634 -0.0229781 0)
(2.89145 -0.00515566 0)
(2.88308 0.00105276 0)
(2.88364 0.00214481 0)
(2.88587 0.00233418 0)
(2.88966 0.00294818 0)
(2.89035 0.00371553 0)
(2.89351 0.0044552 0)
(2.89349 0.00494004 0)
(2.89811 0.00543639 0)
(2.89779 0.00584442 0)
(2.9042 0.00637304 0)
(2.90287 0.00687359 0)
(2.91158 0.00740975 0)
(2.90857 0.00797584 0)
(2.92053 0.00835618 0)
(2.91493 0.00898516 0)
(2.93455 0.0645098 0)
(2.96075 0.0602996 0)
(2.98281 0.0323114 0)
(2.97906 0.00504955 0)
(2.9677 -0.00685039 0)
(2.96237 -0.0072493 0)
(2.96514 -0.00439779 0)
(2.97006 -0.00265987 0)
(2.97592 -0.00213316 0)
(2.97963 -0.00197829 0)
(2.98429 -0.00151842 0)
(2.98697 -0.000909669 0)
(2.99194 -0.000171631 0)
(2.99426 0.000445513 0)
(2.9999 0.00108689 0)
(3.00163 0.00164848 0)
(3.00819 0.00221447 0)
(3.00912 0.00276996 0)
(3.01706 0.00317605 0)
(3.01699 0.00372387 0)
(3.1554 0.0712993 0)
(3.13309 0.0676657 0)
(3.11148 0.0391403 0)
(3.10724 0.00985568 0)
(3.11016 -0.0043179 0)
(3.1092 -0.00648402 0)
(3.10454 -0.00475399 0)
(3.09868 -0.00349542 0)
(3.09455 -0.00315436 0)
(3.09095 -0.00311935 0)
(3.08891 -0.00288551 0)
(3.08645 -0.0024915 0)
(3.08554 -0.0020127 0)
(3.08396 -0.00159756 0)
(3.08435 -0.00119702 0)
(3.08364 -0.000852565 0)
(3.08527 -0.000510464 0)
(3.08523 -0.000199116 0)
(3.088 6.50867e-05 0)
(3.08862 0.000336785 0)
(1.21593 0.19638 -1.62423e-21)
(1.30537 0.184952 -9.7173e-20)
(1.39172 0.179077 0)
(1.47637 0.174209 -7.99383e-20)
(1.55725 0.168738 0)
(1.62962 0.162943 -6.02146e-20)
(1.69238 0.156159 2.65928e-20)
(1.74421 0.148118 -7.38347e-22)
(1.78504 0.138686 0)
(1.81424 0.12749 0)
(1.30373 0.167588 1.0548e-19)
(1.39843 0.161645 0)
(1.48783 0.159911 8.66842e-20)
(1.56972 0.158738 0)
(1.64669 0.155297 -2.03765e-21)
(1.71457 0.150364 3.23009e-20)
(1.77292 0.14396 2.03732e-22)
(1.81997 0.136417 -6.3272e-22)
(1.85676 0.127256 6.31786e-22)
(1.88206 0.117041 1.93794e-21)
(1.40077 0.149444 -1.04374e-19)
(1.49384 0.146399 0)
(1.58379 0.144184 -8.37472e-20)
(1.66334 0.142851 -2.53864e-21)
(1.7368 0.139867 6.87583e-20)
(1.80076 0.135393 -3.03227e-20)
(1.85606 0.129573 9.97956e-22)
(1.89909 0.123092 -7.64574e-22)
(1.93312 0.114952 0)
(1.95486 0.106366 -3.99786e-21)
(1.50743 0.133801 0)
(1.59793 0.131895 9.22151e-20)
(1.68653 0.129696 -2.51033e-21)
(1.76298 0.128564 4.76586e-21)
(1.83167 0.126629 -7.30398e-20)
(1.88994 0.123091 2.0201e-21)
(1.94107 0.117947 -2.65347e-20)
(1.97924 0.112152 0)
(2.01072 0.104896 -1.0367e-20)
(2.02861 0.0973579 2.34768e-21)
(1.62211 0.120135 -9.74326e-20)
(1.70816 0.119497 1.59418e-21)
(1.79227 0.11805 -5.18497e-21)
(1.8637 0.117058 4.70712e-21)
(1.92638 0.115673 -2.23815e-21)
(1.97786 0.112743 -1.79528e-21)
(2.02397 0.108143 2.58634e-21)
(2.05697 0.102735 1.04302e-20)
(2.08597 0.0962639 1.08164e-20)
(2.10014 0.0894316 0)
(1.74208 0.108667 1.91402e-19)
(1.82106 0.109079 -1.78484e-19)
(1.89752 0.108381 -2.43608e-21)
(1.96161 0.107412 2.43871e-21)
(2.0169 0.106181 0)
(2.06078 0.103597 3.05599e-20)
(2.10104 0.0995055 8.02711e-22)
(2.12885 0.0943636 -1.34696e-20)
(2.15521 0.0885978 7.08261e-22)
(2.1664 0.0822635 -2.34282e-21)
(1.86169 0.0994002 -9.39992e-20)
(1.93048 0.100531 9.06932e-20)
(1.99644 0.10036 -5.03593e-21)
(2.05121 0.0993 2.41308e-21)
(2.09811 0.0978948 3.36008e-20)
(2.13426 0.0953603 -1.78007e-21)
(2.16844 0.0916206 2.95203e-20)
(2.19154 0.0867021 0)
(2.21531 0.081511 5.5046e-21)
(2.22457 0.0756179 2.35439e-21)
(1.97277 0.0918423 0)
(2.02897 0.0932767 0)
(2.08277 0.0932788 0)
(2.12734 0.0919548 3.86036e-20)
(2.16585 0.0901371 -6.93116e-20)
(2.19501 0.0874318 5.24507e-23)
(2.22377 0.0838981 -1.29576e-20)
(2.24312 0.0792441 -1.56905e-21)
(2.26478 0.0745365 -1.04309e-20)
(2.27312 0.0691365 0)
(2.06704 0.0852509 -4.41603e-20)
(2.10991 0.0865527 0)
(2.15167 0.0863809 -2.35214e-21)
(2.1868 0.0846477 -3.18044e-20)
(2.21825 0.082311 3.13263e-20)
(2.24219 0.0793307 -3.08029e-20)
(2.26712 0.0759116 -1.4039e-20)
(2.28418 0.0715772 -7.54969e-22)
(2.3047 0.0673226 1.21965e-20)
(2.31302 0.0624715 0)
(2.1383 0.0787625 8.69088e-20)
(2.16958 0.0795295 0)
(2.20174 0.078897 -2.33016e-21)
(2.2301 0.0766905 -3.15287e-20)
(2.25729 0.0738677 -2.18482e-21)
(2.27882 0.0706372 1.85084e-21)
(2.30228 0.0673226 1.32502e-20)
(2.31894 0.0633677 -1.46277e-20)
(2.33949 0.05959 -5.37194e-21)
(2.34862 0.0553455 3.46694e-22)
(2.18593 0.0715502 -4.14685e-20)
(2.21018 0.0714707 1.14802e-21)
(2.23747 0.0701943 -2.49153e-21)
(2.2635 0.0675653 3.81352e-20)
(2.29031 0.0644306 -2.18277e-21)
(2.3128 0.0611051 0)
(2.33738 0.0579658 7.37808e-23)
(2.35555 0.0544624 -1.14562e-22)
(2.37713 0.0511949 -5.98823e-21)
(2.38773 0.0476155 0)
(2.21821 0.0629035 -1.26823e-21)
(2.24227 0.0618357 3.7153e-21)
(2.271 0.0599055 -4.75803e-21)
(2.29985 0.0570467 4.48031e-21)
(2.33024 0.053903 -2.18167e-21)
(2.35658 0.0507493 -1.87096e-21)
(2.38419 0.0479381 -1.16745e-20)
(2.40503 0.0449662 1.15664e-20)
(2.428 0.0422598 1.28907e-20)
(2.44013 0.0392926 0)
(2.2548 0.052141 0)
(2.28599 0.0503177 -3.95133e-20)
(2.32176 0.0480544 0)
(2.3571 0.0453628 1.78321e-20)
(2.39311 0.0426225 0)
(2.42409 0.0399874 0)
(2.45482 0.0376969 8.70671e-22)
(2.47786 0.0353626 -8.78037e-22)
(2.5015 0.0332349 -6.10776e-21)
(2.51429 0.0308773 0)
(2.32612 0.0393947 3.90254e-20)
(2.3672 0.037549 4.05081e-20)
(2.41067 0.0356172 0)
(2.45151 0.0336018 2.10972e-21)
(2.49116 0.0316468 -1.89296e-20)
(2.52424 0.0298003 -1.8854e-21)
(2.55568 0.0281573 -5.41608e-21)
(2.57859 0.0265118 -8.08727e-22)
(2.60117 0.0249121 -2.30117e-21)
(2.61295 0.0231935 0)
(2.45461 0.0266573 -5.96998e-20)
(2.49979 0.0256436 -1.93379e-20)
(2.54467 0.0246431 -2.24714e-21)
(2.58485 0.0235807 -1.33016e-20)
(2.62252 0.0225073 3.13105e-20)
(2.65281 0.021429 0)
(2.68111 0.0203861 8.22865e-21)
(2.7008 0.0193047 -8.9066e-22)
(2.72037 0.0181383 3.13007e-21)
(2.72953 0.0169102 7.1935e-22)
(2.62931 0.0171736 1.96469e-20)
(2.66776 0.0171845 2.15354e-20)
(2.70494 0.0170841 1.38373e-20)
(2.73727 0.0167274 2.28555e-21)
(2.76738 0.0162229 -1.67347e-20)
(2.79081 0.0155788 0)
(2.81307 0.0148996 7.38672e-21)
(2.82769 0.0141213 -4.25907e-21)
(2.84319 0.0132507 8.28691e-22)
(2.84926 0.0122929 -7.23066e-22)
(2.80267 0.0124655 1.93076e-20)
(2.82851 0.0127721 0)
(2.85402 0.0128974 -2.05954e-20)
(2.87621 0.0126542 1.31704e-20)
(2.89746 0.0122447 -2.16796e-21)
(2.91375 0.011655 1.89794e-21)
(2.92996 0.0110999 -8.44934e-21)
(2.94017 0.0104142 -1.73471e-21)
(2.95203 0.00974897 8.35086e-22)
(2.9561 0.00891952 0)
(2.93201 0.00903521 -8.42419e-21)
(2.94886 0.00910653 1.07267e-21)
(2.9662 0.0090791 -2.34943e-21)
(2.98159 0.00875581 2.09498e-21)
(2.99682 0.00836736 -2.16456e-21)
(3.00861 0.00784641 3.94938e-21)
(3.02068 0.0074624 0)
(3.02838 0.00694351 3.47127e-21)
(3.03764 0.00655477 -1.61094e-21)
(3.04115 0.00592802 3.70599e-22)
(3.02745 0.00384811 -9.44178e-21)
(3.0382 0.00395231 2.2584e-21)
(3.04969 0.0039927 1.61546e-24)
(3.06012 0.00384058 -6.47153e-21)
(3.07067 0.00369551 -2.08245e-21)
(3.07897 0.00348035 -7.83477e-21)
(3.08753 0.00342 2.83496e-21)
(3.09324 0.00325281 -3.72126e-23)
(3.09998 0.003223 1.61885e-21)
(3.10313 0.00297329 -3.72544e-22)
(3.09287 0.00048244 0)
(3.09784 0.000541679 0)
(3.10402 0.000526139 -6.71588e-21)
(3.10997 0.000425147 2.26121e-21)
(3.11644 0.000349246 2.09361e-21)
(3.12163 0.000283954 1.99059e-21)
(3.12718 0.000323124 9.02603e-22)
(3.13101 0.000356944 -2.64253e-21)
(3.13558 0.000474407 8.53966e-22)
(3.13808 0.000525279 0)
)
;

boundaryField
{
    bottom
    {
        type            symmetryPlane;
    }
    right
    {
        type            zeroGradient;
    }
    top
    {
        type            symmetryPlane;
    }
    left
    {
        type            zeroGradient;
    }
    cylinder
    {
        type            noSlip;
    }
    defaultFaces
    {
        type            empty;
    }
}


// ************************************************************************* //
