/*--------------------------------*- C++ -*----------------------------------*\
| =========                 |                                                 |
| \\      /  F ield         | OpenFOAM: The Open Source CFD Toolbox           |
|  \\    /   O peration     | Version:  4.1                                   |
|   \\  /    A nd           | Web:      www.OpenFOAM.org                      |
|    \\/     M anipulation  |                                                 |
\*---------------------------------------------------------------------------*/
FoamFile
{
    version     2.0;
    format      ascii;
    class       volVectorField;
    location    "0.9";
    object      U;
}
// * * * * * * * * * * * * * * * * * * * * * * * * * * * * * * * * * * * * * //

dimensions      [0 1 -1 0 0 0 0];

internalField   nonuniform List<vector> 
2000
(
(0.065552 -0.056021 -3.41652e-20)
(0.142306 -0.111004 0)
(0.185976 -0.129812 -6.02136e-20)
(0.20785 -0.130252 -2.86039e-20)
(0.217516 -0.122186 5.2791e-20)
(0.22106 -0.111164 7.37594e-20)
(0.221839 -0.0999884 -2.24254e-20)
(0.22147 -0.0898311 0)
(0.220335 -0.081437 2.06237e-20)
(0.219141 -0.0749892 0)
(0.0752251 -0.0552353 1.65998e-20)
(0.16099 -0.108677 -1.68669e-20)
(0.207381 -0.126586 6.18499e-20)
(0.228915 -0.1267 8.73221e-20)
(0.236937 -0.11866 1.29658e-21)
(0.238443 -0.107825 -2.43323e-20)
(0.237219 -0.096842 2.53684e-20)
(0.235081 -0.0868286 2.32276e-20)
(0.232477 -0.0786769 -2.06239e-20)
(0.230074 -0.0724294 -3.99091e-20)
(0.0848108 -0.053053 -1.83641e-20)
(0.179238 -0.103573 1.72021e-20)
(0.228099 -0.120118 -3.17548e-20)
(0.249183 -0.119898 1.44411e-21)
(0.255579 -0.112082 -2.80144e-20)
(0.255159 -0.101713 -2.63146e-20)
(0.252108 -0.0912457 -2.47199e-20)
(0.248403 -0.0817217 -2.32278e-20)
(0.244576 -0.0740211 -2.31127e-20)
(0.241143 -0.0680585 2.18259e-20)
(0.0940919 -0.0494902 -1.23159e-22)
(0.196618 -0.0957868 1.8019e-20)
(0.247628 -0.110567 0)
(0.268155 -0.110044 -3.05681e-20)
(0.272959 -0.102672 3.0042e-20)
(0.270724 -0.093056 0)
(0.265977 -0.0834028 0)
(0.260805 -0.0746501 0)
(0.255809 -0.0676106 2.31128e-20)
(0.251446 -0.0620684 -4.36607e-20)
(0.10285 -0.044596 -4.07466e-20)
(0.212709 -0.0854792 -5.94221e-22)
(0.265491 -0.0981658 -1.83019e-20)
(0.285361 -0.0974038 -1.55778e-20)
(0.288638 -0.0907045 -1.6267e-20)
(0.284729 -0.0821135 -1.53541e-20)
(0.278446 -0.0735434 0)
(0.271951 -0.065801 -1.37066e-20)
(0.265899 -0.0595972 6.32406e-20)
(0.260674 -0.0546115 -8.32533e-20)
(0.110869 -0.0384525 6.2836e-20)
(0.227114 -0.0728736 -3.56993e-22)
(0.281247 -0.0832163 3.71673e-20)
(0.300377 -0.0823064 -3.48077e-20)
(0.302224 -0.0765013 4.9727e-20)
(0.29682 -0.0691858 -1.60601e-20)
(0.289196 -0.0619353 0)
(0.281562 -0.0554095 1.37067e-20)
(0.274611 -0.0501967 -1.29632e-20)
(0.26864 -0.0459158 -5.14225e-20)
(0.117942 -0.0311752 0)
(0.239466 -0.0582532 0)
(0.294505 -0.0660834 1.98311e-20)
(0.312833 -0.0651363 -1.84632e-20)
(0.313386 -0.0604336 1.76139e-20)
(0.306701 -0.0546127 -1.6537e-20)
(0.297961 -0.0488816 -3.14427e-20)
(0.2894 -0.0437431 2.972e-20)
(0.281729 -0.0396497 2.8208e-20)
(0.27515 -0.0362097 -1.37852e-20)
(0.123879 -0.0229125 -1.19586e-20)
(0.249445 -0.0419564 0)
(0.304935 -0.047187 1.02274e-20)
(0.322428 -0.0463253 -3.90516e-20)
(0.321858 -0.0429119 2.78385e-20)
(0.314135 -0.0387681 0)
(0.304533 -0.0347159 0)
(0.295276 -0.0310973 0)
(0.287077 -0.0282207 2.98316e-20)
(0.280046 -0.0257362 -2.83529e-20)
(0.128511 -0.0138435 5.79942e-21)
(0.256786 -0.02437 -1.74433e-22)
(0.312279 -0.0269926 1.06206e-20)
(0.328933 -0.0263427 -5.26338e-21)
(0.327443 -0.024376 -4.69875e-21)
(0.318953 -0.0220499 -9.15259e-21)
(0.308761 -0.0197921 0)
(0.299054 -0.0177849 4.2454e-21)
(0.290529 -0.016189 1.97905e-20)
(0.283212 -0.0147469 -1.497e-20)
(0.131698 -0.00417462 0)
(0.26129 -0.00592038 5.94397e-21)
(0.316357 -0.00599954 0)
(0.332195 -0.00568243 2.55219e-21)
(0.330018 -0.00528387 2.39043e-21)
(0.321053 -0.00486888 4.80858e-21)
(0.310555 -0.00447475 0)
(0.300652 -0.00412849 -4.24544e-21)
(0.292004 -0.00384354 -4.03891e-21)
(0.284581 -0.00349764 -3.95822e-21)
(0.0041034 -0.00410686 0)
(0.0181614 -0.00844681 3.18663e-21)
(0.0391701 -0.0100735 0)
(0.0596687 -0.010227 4.07525e-21)
(0.0778918 -0.00964613 1.24984e-21)
(0.0935328 -0.00877055 -2.27391e-21)
(0.106709 -0.00783946 2.14142e-21)
(0.117734 -0.00696275 -1.94589e-21)
(0.126965 -0.00617436 -3.89516e-23)
(0.134715 -0.00545731 -1.65762e-21)
(0.00539946 -0.0122462 1.00524e-20)
(0.0208818 -0.0251459 -6.30799e-21)
(0.0424703 -0.0299867 5.90787e-21)
(0.063048 -0.0304368 -2.71051e-21)
(0.0811124 -0.0287009 -1.2502e-20)
(0.0964979 -0.0260908 4.65977e-21)
(0.109395 -0.0233173 0)
(0.120156 -0.020706 1.9394e-21)
(0.129168 -0.0183565 1.77831e-21)
(0.136709 -0.0162231 0)
(0.00798822 -0.0201427 -6.69465e-21)
(0.0262783 -0.0412788 0)
(0.0489909 -0.0491978 -1.77414e-20)
(0.0697305 -0.0499098 2.19274e-20)
(0.0874804 -0.0470419 -5.16298e-21)
(0.102359 -0.0427484 0)
(0.114707 -0.0381917 0)
(0.124948 -0.0339025 0)
(0.133525 -0.0300383 -1.42469e-20)
(0.14066 -0.0265387 1.3541e-20)
(0.0118267 -0.0276235 0)
(0.0342481 -0.0564906 1.29806e-20)
(0.0585949 -0.0672506 -2.40323e-20)
(0.0795636 -0.0681673 1.11789e-20)
(0.0968454 -0.06421 -1.02129e-20)
(0.110979 -0.0583195 2.83856e-20)
(0.122522 -0.0520774 -4.28699e-22)
(0.132002 -0.046202 -1.63349e-20)
(0.139942 -0.0408954 -1.45771e-20)
(0.146494 -0.0361009 2.07715e-20)
(0.0168514 -0.0345316 -1.38252e-20)
(0.044635 -0.0704326 2.64347e-20)
(0.0710749 -0.0837154 1.66243e-22)
(0.0923183 -0.084765 -1.16349e-22)
(0.108982 -0.0797824 -1.02204e-20)
(0.122149 -0.0724184 2.94702e-20)
(0.132659 -0.0646273 0)
(0.141164 -0.0572897 8.41078e-21)
(0.148286 -0.050634 -7.76101e-21)
(0.154113 -0.0446274 2.78004e-20)
(0.0229786 -0.0407152 2.61135e-22)
(0.0572298 -0.0827741 -2.6723e-20)
(0.086151 -0.0981922 -1.24058e-20)
(0.107687 -0.0992967 -1.21292e-20)
(0.123586 -0.093381 -1.06638e-20)
(0.13559 -0.0847085 -9.86293e-21)
(0.144872 -0.0755459 0)
(0.152227 -0.0669008 -8.4108e-21)
(0.158377 -0.0589993 -2.3363e-20)
(0.163358 -0.0518477 7.54655e-21)
(0.0301019 -0.046028 1.10613e-22)
(0.071769 -0.0932098 -1.37312e-20)
(0.103471 -0.11032 0)
(0.125285 -0.111406 2.31674e-20)
(0.140274 -0.104685 -2.23504e-20)
(0.150943 -0.0949206 0)
(0.158842 -0.0846164 0)
(0.164921 -0.0748562 0)
(0.169993 -0.0658156 1.68017e-20)
(0.174062 -0.0575397 2.91876e-20)
(0.0380896 -0.0503323 1.5099e-20)
(0.087934 -0.101465 -1.41435e-20)
(0.122613 -0.119785 -2.70435e-20)
(0.144646 -0.120791 -8.49794e-22)
(0.158579 -0.113439 -2.35058e-20)
(0.167758 -0.102866 -2.18807e-20)
(0.174157 -0.0917339 -2.03505e-20)
(0.178882 -0.0811325 -1.89188e-20)
(0.182799 -0.0710925 -1.68018e-20)
(0.185852 -0.0616253 1.55747e-20)
(0.0467839 -0.0535016 4.71717e-20)
(0.105354 -0.107302 1.49555e-20)
(0.143092 -0.126321 5.52192e-20)
(0.165235 -0.127199 2.57732e-20)
(0.177945 -0.119427 -9.54407e-22)
(0.185476 -0.108402 2.1252e-20)
(0.190273 -0.0968778 -2.18371e-20)
(0.193634 -0.0858896 1.89189e-20)
(0.196472 -0.0752154 -1.84857e-20)
(0.198655 -0.0646244 3.29187e-20)
(0.0560035 -0.055426 -3.15636e-20)
(0.123619 -0.110527 0)
(0.164384 -0.129711 -2.80318e-20)
(0.186477 -0.130409 5.10074e-22)
(0.197755 -0.122422 -5.10655e-22)
(0.203405 -0.111298 -2.36074e-20)
(0.206355 -0.0998487 6.50231e-20)
(0.208122 -0.0890901 0)
(0.209646 -0.0787291 1.84858e-20)
(0.211207 -0.0680785 0)
(0.141238 -0.00478299 0)
(0.147276 -0.00417089 1.43049e-21)
(0.152603 -0.00361384 -2.80325e-21)
(0.15723 -0.00312693 1.20481e-21)
(0.161262 -0.00270748 0)
(0.164787 -0.00234641 -1.15772e-21)
(0.16787 -0.00203555 1.16346e-21)
(0.170565 -0.00176747 0)
(0.172919 -0.00153519 0)
(0.174974 -0.00133261 -1.12378e-22)
(0.176761 -0.00115454 0)
(0.178307 -0.000996563 0)
(0.179631 -0.000854881 0)
(0.180741 -0.000725356 0)
(0.181665 -0.000601595 1.10392e-22)
(0.182449 -0.000489662 -1.10964e-22)
(0.183108 -0.000388595 0)
(0.183642 -0.000296831 2.25026e-23)
(0.184069 -0.000216408 -2.2621e-23)
(0.184416 -0.000158217 0)
(0.142733 -0.0142512 0)
(0.148558 -0.0124226 -3.71887e-22)
(0.153712 -0.010759 0)
(0.15817 -0.00930862 -5.05579e-21)
(0.162062 -0.00805799 4.92586e-21)
(0.165475 -0.00697964 -3.02932e-22)
(0.168468 -0.0060502 2.17765e-21)
(0.171089 -0.00524783 -4.4789e-21)
(0.173384 -0.00455196 3.65991e-21)
(0.17539 -0.00394457 -1.99384e-21)
(0.177137 -0.00341045 -1.55194e-21)
(0.178653 -0.00293673 2.76209e-21)
(0.179954 -0.00251235 -1.39504e-21)
(0.181053 -0.00212539 -6.70847e-22)
(0.181965 -0.00176081 5.29633e-22)
(0.182727 -0.0014329 -1.00685e-22)
(0.183367 -0.00113711 -7.87732e-23)
(0.183887 -0.000868875 -8.99608e-23)
(0.184302 -0.000633585 9.03965e-23)
(0.184638 -0.000462444 -1.16251e-23)
(0.145714 -0.023419 3.96274e-22)
(0.151117 -0.0203998 3.72531e-22)
(0.155917 -0.0176616 3.62978e-22)
(0.160039 -0.0152898 0)
(0.163653 -0.0132438 5.66554e-21)
(0.166846 -0.0114778 -4.42595e-21)
(0.169659 -0.00995585 0)
(0.172134 -0.0086422 5.34646e-22)
(0.17431 -0.00750282 2.45307e-22)
(0.176219 -0.00650819 -3.00883e-21)
(0.177888 -0.00563333 3.41514e-22)
(0.179339 -0.00485702 3.5215e-21)
(0.180592 -0.00416043 1.66903e-22)
(0.181662 -0.00352389 1.42807e-22)
(0.18254 -0.00292884 1.23652e-22)
(0.183257 -0.00238523 -2.57927e-22)
(0.183862 -0.00189276 2.4715e-22)
(0.184355 -0.00144499 2.70828e-22)
(0.184746 -0.00105036 5.71615e-23)
(0.18506 -0.000760558 1.3808e-25)
(0.150157 -0.0320666 1.2191e-20)
(0.154929 -0.0278986 -5.94001e-22)
(0.159169 -0.0241413 -9.76376e-22)
(0.162777 -0.0209081 -1.14953e-20)
(0.165978 -0.0181114 -9.98603e-22)
(0.168841 -0.0156915 -3.08116e-22)
(0.171387 -0.0136044 8.41689e-21)
(0.173645 -0.0118018 -5.12234e-21)
(0.175645 -0.0102375 -4.1946e-21)
(0.177412 -0.00887185 3.76245e-21)
(0.178967 -0.0076716 -3.47144e-22)
(0.180329 -0.00660851 -3.76463e-21)
(0.181516 -0.00565823 -1.65513e-22)
(0.182545 -0.00479964 -1.371e-21)
(0.183388 -0.00401374 9.56555e-22)
(0.184056 -0.00325521 7.22816e-22)
(0.18461 -0.00257148 -6.42686e-22)
(0.185065 -0.00195826 0)
(0.185424 -0.00141968 -1.03377e-22)
(0.185705 -0.00102265 -1.14979e-23)
(0.156033 -0.0399892 -2.72298e-20)
(0.159974 -0.0347547 1.1646e-20)
(0.16344 -0.0300886 -1.24799e-20)
(0.166364 -0.0260987 0)
(0.169027 -0.0226342 6.71464e-22)
(0.171458 -0.0196319 9.91061e-21)
(0.173651 -0.0170414 -9.09779e-23)
(0.175622 -0.0148016 -6.89965e-22)
(0.177388 -0.0128551 -8.58285e-21)
(0.178964 -0.0111539 -4.65265e-22)
(0.180363 -0.00965738 0)
(0.181595 -0.00833129 3.79203e-22)
(0.182673 -0.00714666 0)
(0.183611 -0.00607935 2.91662e-22)
(0.184435 -0.0051036 0)
(0.18508 -0.00417247 0)
(0.185549 -0.00329369 -1.58146e-22)
(0.185937 -0.00250037 1.83599e-22)
(0.18625 -0.0018012 -1.61792e-22)
(0.186491 -0.00128 4.64991e-23)
(0.163236 -0.0469504 0)
(0.166131 -0.0407481 8.18037e-22)
(0.168592 -0.0352991 2.46384e-20)
(0.170665 -0.0306419 -2.38726e-20)
(0.172664 -0.0265665 7.20616e-22)
(0.174564 -0.0230246 0)
(0.176328 -0.0199642 9.54475e-21)
(0.177955 -0.0173147 -1.77898e-20)
(0.179445 -0.0150115 9.37048e-21)
(0.180797 -0.0129994 4.9376e-22)
(0.182015 -0.0112312 4.47397e-22)
(0.183102 -0.00966644 4.00805e-22)
(0.184065 -0.00827037 0)
(0.184915 -0.00701283 -1.92069e-21)
(0.18567 -0.00586917 4.34547e-21)
(0.186298 -0.00482606 -1.85772e-21)
(0.186747 -0.00380781 1.65485e-22)
(0.187069 -0.0028753 1.18201e-22)
(0.187327 -0.00206536 -4.65345e-23)
(0.187518 -0.00146139 4.68916e-23)
(0.171694 -0.0527488 -2.99389e-20)
(0.173353 -0.0457919 0)
(0.17463 -0.0398161 8.4819e-22)
(0.175732 -0.0346986 -1.56747e-21)
(0.176966 -0.0301874 -1.47413e-21)
(0.178237 -0.0262526 -7.04787e-22)
(0.179487 -0.0228352 -6.56355e-22)
(0.180695 -0.0198593 8.54392e-21)
(0.181843 -0.0172586 -1.02022e-20)
(0.182918 -0.014976 -8.59813e-21)
(0.183909 -0.0129622 7.14039e-21)
(0.184811 -0.011175 -8.07851e-22)
(0.185623 -0.0095778 2.65172e-21)
(0.186345 -0.00813961 -6.78171e-22)
(0.18699 -0.00683645 -2.7858e-21)
(0.18757 -0.00565337 -2.17165e-22)
(0.187992 -0.0045464 2.33735e-22)
(0.188233 -0.00344502 -3.02824e-22)
(0.188411 -0.00243659 -4.46307e-22)
(0.188552 -0.00168033 -2.40909e-23)
(0.18103 -0.0570817 0)
(0.181186 -0.0495232 2.88246e-20)
(0.181131 -0.0431047 -2.95498e-20)
(0.181189 -0.0375152 8.03937e-22)
(0.181601 -0.0325514 1.54318e-21)
(0.182212 -0.0282209 7.04181e-22)
(0.182931 -0.0244628 1.33813e-21)
(0.18371 -0.0211968 0)
(0.184508 -0.0183511 5.54596e-22)
(0.185296 -0.0158621 5.04966e-22)
(0.186053 -0.0136745 4.75598e-22)
(0.186764 -0.011741 8.30401e-22)
(0.18742 -0.0100212 0)
(0.188014 -0.00848015 0)
(0.188544 -0.00708889 2.60162e-22)
(0.189022 -0.00583043 1.97758e-21)
(0.189472 -0.00469415 -1.37331e-21)
(0.189799 -0.00360594 1.21872e-22)
(0.189936 -0.00256997 2.37622e-22)
(0.189984 -0.00175786 -7.20496e-23)
(0.191357 -0.0600096 -3.43212e-20)
(0.189785 -0.0527082 0)
(0.188463 -0.0466014 0)
(0.187477 -0.0410731 2.68726e-20)
(0.18696 -0.0360227 -2.41625e-21)
(0.186776 -0.0315077 -4.81279e-20)
(0.186839 -0.0275065 2.24057e-20)
(0.18708 -0.0239737 0)
(0.18744 -0.0208571 0)
(0.187871 -0.018103 0)
(0.188338 -0.0156607 -2.22327e-22)
(0.188814 -0.0134844 -6.37005e-22)
(0.189277 -0.0115332 -5.57599e-21)
(0.189715 -0.00977122 5.37184e-21)
(0.190116 -0.0081666 -1.96587e-21)
(0.190473 -0.00669325 1.73694e-21)
(0.190784 -0.00533911 0)
(0.19105 -0.0041155 -5.59913e-23)
(0.191222 -0.00297397 -7.03574e-23)
(0.191235 -0.00202515 0)
(0.201834 -0.0605032 5.4114e-22)
(0.197482 -0.0523772 3.28099e-20)
(0.195108 -0.0456058 -3.24682e-20)
(0.19349 -0.0396757 0)
(0.192351 -0.0344395 -2.6692e-20)
(0.191585 -0.0298407 5.11236e-20)
(0.191125 -0.0258132 -2.44538e-20)
(0.190908 -0.0222915 0)
(0.190877 -0.0192124 -9.45882e-21)
(0.190979 -0.0165173 1.78909e-20)
(0.191173 -0.0141535 -8.68529e-21)
(0.191425 -0.0120741 2.15842e-22)
(0.191707 -0.0102376 0)
(0.192 -0.0086069 5.10235e-21)
(0.192288 -0.00714912 -6.93391e-21)
(0.19256 -0.00583517 2.02131e-21)
(0.192808 -0.00464017 1.20311e-21)
(0.193021 -0.00355322 -8.54462e-22)
(0.193192 -0.00259394 -3.94006e-22)
(0.193337 -0.00184896 0)
(0.216226 -0.0629562 0)
(0.207901 -0.0595578 0)
(0.202965 -0.0542517 0)
(0.199887 -0.0484722 0)
(0.197733 -0.0428928 0)
(0.1962 -0.0377846 0)
(0.195138 -0.0332003 0)
(0.194429 -0.029109 0)
(0.193982 -0.025457 0)
(0.193731 -0.0221892 0)
(0.193622 -0.0192556 0)
(0.193615 -0.0166117 0)
(0.193675 -0.0142179 0)
(0.193779 -0.0120389 0)
(0.193907 -0.010043 0)
(0.194044 -0.00820204 0)
(0.194178 -0.00649241 0)
(0.194297 -0.00489907 0)
(0.194395 -0.00343579 0)
(0.194481 -0.00224879 0)
(0.221274 -0.0527953 0)
(0.214432 -0.0503165 0)
(0.209046 -0.0466148 0)
(0.205193 -0.0423551 0)
(0.202349 -0.0380031 0)
(0.200246 -0.0338425 0)
(0.198713 -0.0299965 0)
(0.197606 -0.0264922 0)
(0.196817 -0.0233148 0)
(0.196267 -0.0204357 0)
(0.195896 -0.0178237 0)
(0.195659 -0.0154484 0)
(0.195521 -0.0132813 0)
(0.195453 -0.0112954 0)
(0.195435 -0.00946558 0)
(0.195448 -0.00776852 0)
(0.19548 -0.00618394 0)
(0.195519 -0.00469893 0)
(0.195556 -0.00332887 0)
(0.195591 -0.00222233 0)
(0.224061 -0.046369 0)
(0.218209 -0.0446844 0)
(0.213222 -0.0420451 0)
(0.209331 -0.0387859 0)
(0.206259 -0.0352768 0)
(0.20386 -0.0317808 0)
(0.202021 -0.0284439 0)
(0.200621 -0.0253278 0)
(0.199559 -0.0224473 0)
(0.19876 -0.019796 0)
(0.198165 -0.0173589 0)
(0.197727 -0.0151175 0)
(0.197412 -0.0130518 0)
(0.197189 -0.0111418 0)
(0.197037 -0.00936784 0)
(0.196938 -0.00771085 0)
(0.196876 -0.00615379 0)
(0.196841 -0.00468641 0)
(0.196824 -0.00332682 0)
(0.196815 -0.00222512 0)
(0.22587 -0.0413127 0)
(0.220705 -0.0400789 0)
(0.216234 -0.0380584 0)
(0.212559 -0.035488 0)
(0.209498 -0.0326384 0)
(0.206995 -0.0297131 0)
(0.204992 -0.0268428 0)
(0.203401 -0.0240978 0)
(0.202142 -0.0215095 0)
(0.201151 -0.0190872 0)
(0.200375 -0.0168289 0)
(0.199771 -0.0147263 0)
(0.199304 -0.0127679 0)
(0.198948 -0.0109399 0)
(0.198678 -0.00922788 0)
(0.198479 -0.00761687 0)
(0.198334 -0.00609316 0)
(0.198233 -0.00464913 0)
(0.198165 -0.00330506 0)
(0.198118 -0.00221166 0)
(0.227219 -0.0367342 0)
(0.222568 -0.0358035 0)
(0.218534 -0.0342208 0)
(0.21511 -0.0321751 0)
(0.212153 -0.0298603 0)
(0.209652 -0.0274274 0)
(0.207581 -0.0249838 0)
(0.20588 -0.0225968 0)
(0.204491 -0.0203037 0)
(0.203361 -0.018123 0)
(0.202447 -0.0160618 0)
(0.201711 -0.0141195 0)
(0.201121 -0.0122913 0)
(0.200653 -0.0105691 0)
(0.200285 -0.00894297 0)
(0.199999 -0.00740181 0)
(0.199783 -0.00593512 0)
(0.199624 -0.00453787 0)
(0.199513 -0.00323193 0)
(0.199432 -0.00216609 0)
(0.228217 -0.0325753 0)
(0.223997 -0.0319057 0)
(0.220332 -0.0306762 0)
(0.217149 -0.0290465 0)
(0.214333 -0.0271626 0)
(0.211889 -0.0251402 0)
(0.20981 -0.0230668 0)
(0.208058 -0.0210026 0)
(0.20659 -0.0189858 0)
(0.205366 -0.0170389 0)
(0.204352 -0.0151743 0)
(0.203514 -0.013397 0)
(0.202828 -0.0117069 0)
(0.202269 -0.0101005 0)
(0.201819 -0.00857163 0)
(0.201462 -0.0071127 0)
(0.201185 -0.00571606 0)
(0.200978 -0.00437902 0)
(0.20083 -0.00312448 0)
(0.200719 -0.00209725 0)
(0.228921 -0.0288141 0)
(0.225088 -0.0283616 0)
(0.221747 -0.0274184 0)
(0.218792 -0.0261222 0)
(0.216126 -0.0245882 0)
(0.213768 -0.0229073 0)
(0.21172 -0.0211516 0)
(0.209956 -0.0193736 0)
(0.208448 -0.0176092 0)
(0.207165 -0.0158822 0)
(0.206081 -0.0142076 0)
(0.20517 -0.0125938 0)
(0.20441 -0.0110443 0)
(0.20378 -0.00955886 0)
(0.203265 -0.0081344 0)
(0.202849 -0.00676613 0)
(0.202522 -0.00544892 0)
(0.202273 -0.00418208 0)
(0.202094 -0.00298903 0)
(0.201958 -0.002009 0)
(0.229388 -0.025408 0)
(0.225909 -0.0251265 0)
(0.222859 -0.0244128 0)
(0.220115 -0.023386 0)
(0.217602 -0.0221384 0)
(0.215344 -0.0207434 0)
(0.213348 -0.0192604 0)
(0.2116 -0.0177346 0)
(0.21008 -0.0161987 0)
(0.208766 -0.0146759 0)
(0.207638 -0.0131823 0)
(0.206675 -0.0117282 0)
(0.205861 -0.0103191 0)
(0.205177 -0.00895726 0)
(0.20461 -0.00764201 0)
(0.204148 -0.0063708 0)
(0.20378 -0.00514057 0)
(0.203498 -0.00395223 0)
(0.203293 -0.00282921 0)
(0.203135 -0.00190388 0)
(0.22967 -0.0223212 0)
(0.226515 -0.0221689 0)
(0.223728 -0.0216374 0)
(0.221178 -0.0208284 0)
(0.218814 -0.0198165 0)
(0.216662 -0.0186613 0)
(0.214733 -0.0174122 0)
(0.213019 -0.0161078 0)
(0.211506 -0.0147774 0)
(0.210181 -0.0134426 0)
(0.209028 -0.0121194 0)
(0.208033 -0.0108187 0)
(0.20718 -0.00954768 0)
(0.206457 -0.0083099 0)
(0.205851 -0.00710647 0)
(0.205352 -0.0059366 0)
(0.204952 -0.00479887 0)
(0.204643 -0.00369542 0)
(0.204416 -0.00264925 0)
(0.204241 -0.0017847 0)
(0.229815 -0.0195196 0)
(0.226953 -0.0194617 0)
(0.2244 -0.0190731 0)
(0.222029 -0.0184397 0)
(0.219807 -0.0176218 0)
(0.217762 -0.016668 0)
(0.215906 -0.0156195 0)
(0.214236 -0.0145093 0)
(0.212745 -0.0133628 0)
(0.211424 -0.0121999 0)
(0.210262 -0.0110357 0)
(0.209247 -0.00988131 0)
(0.208369 -0.00874427 0)
(0.207618 -0.00762923 0)
(0.206984 -0.00653847 0)
(0.206458 -0.00547244 0)
(0.206033 -0.00443098 0)
(0.205702 -0.00341714 0)
(0.205458 -0.00245301 0)
(0.205269 -0.0016541 0)
(0.22986 -0.0169699 0)
(0.227261 -0.0169781 0)
(0.224915 -0.0166999 0)
(0.222707 -0.0162076 0)
(0.220617 -0.0155493 0)
(0.218676 -0.0147648 0)
(0.216895 -0.0138886 0)
(0.215276 -0.0129484 0)
(0.213816 -0.0119664 0)
(0.212508 -0.0109602 0)
(0.211347 -0.00994384 0)
(0.210324 -0.00892788 0)
(0.209432 -0.00791999 0)
(0.208663 -0.00692528 0)
(0.208008 -0.00594674 0)
(0.207462 -0.00498572 0)
(0.207018 -0.00404295 0)
(0.206671 -0.00312204 0)
(0.206414 -0.00224388 0)
(0.206213 -0.00151436 0)
(0.229837 -0.0146398 0)
(0.22747 -0.0146917 0)
(0.225307 -0.0144979 0)
(0.223243 -0.0141183 0)
(0.221275 -0.0135914 0)
(0.219432 -0.0129495 0)
(0.217725 -0.0122214 0)
(0.216159 -0.0114304 0)
(0.214734 -0.0105955 0)
(0.213446 -0.00973213 0)
(0.212294 -0.00885286 0)
(0.211271 -0.00796753 0)
(0.210372 -0.00708352 0)
(0.209592 -0.00620603 0)
(0.208924 -0.00533841 0)
(0.208364 -0.00448256 0)
(0.207906 -0.00363984 0)
(0.207547 -0.00281411 0)
(0.20728 -0.00202474 0)
(0.20707 -0.00136747 0)
(0.22977 -0.0124992 0)
(0.227606 -0.0125776 0)
(0.225601 -0.0124471 0)
(0.223666 -0.0121573 0)
(0.221807 -0.0117385 0)
(0.220053 -0.0112172 0)
(0.218417 -0.0106169 0)
(0.216903 -0.00995723 0)
(0.215514 -0.00925416 0)
(0.214251 -0.00852108 0)
(0.213111 -0.00776903 0)
(0.212094 -0.00700685 0)
(0.211194 -0.00624139 0)
(0.210408 -0.00547767 0)
(0.209732 -0.00471912 0)
(0.209162 -0.00396794 0)
(0.208695 -0.00322581 0)
(0.208327 -0.00249664 0)
(0.208052 -0.00179804 0)
(0.207837 -0.00121513 0)
(0.229678 -0.0105202 0)
(0.227689 -0.0106118 0)
(0.225819 -0.0105282 0)
(0.223995 -0.0103096 0)
(0.222233 -0.00998013 0)
(0.220559 -0.00956096 0)
(0.218987 -0.00907154 0)
(0.217523 -0.00852799 0)
(0.21617 -0.00794367 0)
(0.214932 -0.00732991 0)
(0.213808 -0.00669619 0)
(0.212799 -0.00605026 0)
(0.211901 -0.00539826 0)
(0.211114 -0.0047448 0)
(0.210434 -0.00409319 0)
(0.209858 -0.0034457 0)
(0.209384 -0.00280416 0)
(0.20901 -0.0021723 0)
(0.208731 -0.00156575 0)
(0.20851 -0.00105872 0)
(0.229576 -0.00867684 0)
(0.227734 -0.008772 0)
(0.225978 -0.00872227 0)
(0.224249 -0.00856017 0)
(0.22257 -0.00830456 0)
(0.220967 -0.0079726 0)
(0.219451 -0.00758002 0)
(0.218031 -0.00713994 0)
(0.216712 -0.00666329 0)
(0.215498 -0.00615941 0)
(0.214391 -0.00563627 0)
(0.213392 -0.00510042 0)
(0.212499 -0.00455718 0)
(0.211713 -0.00401062 0)
(0.211031 -0.00346377 0)
(0.210453 -0.00291878 0)
(0.209975 -0.00237744 0)
(0.209597 -0.00184319 0)
(0.209313 -0.00132946 0)
(0.209089 -0.000899368 0)
(0.229473 -0.0069456 0)
(0.227754 -0.00703727 0)
(0.226092 -0.00701129 0)
(0.224441 -0.00689378 0)
(0.222832 -0.00669973 0)
(0.221288 -0.00644286 0)
(0.219821 -0.00613575 0)
(0.21844 -0.00578877 0)
(0.217151 -0.00541062 0)
(0.215959 -0.00500875 0)
(0.214867 -0.00458959 0)
(0.213878 -0.00415852 0)
(0.212991 -0.0037199 0)
(0.212208 -0.0032772 0)
(0.211526 -0.00283301 0)
(0.210946 -0.00238925 0)
(0.210466 -0.00194756 0)
(0.210085 -0.00151089 0)
(0.209799 -0.00109042 0)
(0.209572 -0.000737947 0)
(0.229381 -0.00530541 0)
(0.22776 -0.00538811 0)
(0.226173 -0.00537775 0)
(0.224585 -0.00529534 0)
(0.223031 -0.00515305 0)
(0.221534 -0.00496174 0)
(0.220107 -0.0047311 0)
(0.218757 -0.00446902 0)
(0.217493 -0.00418203 0)
(0.21632 -0.00387582 0)
(0.215242 -0.00355528 0)
(0.214262 -0.00322457 0)
(0.213381 -0.00288711 0)
(0.2126 -0.00254563 0)
(0.21192 -0.00220224 0)
(0.211339 -0.00185852 0)
(0.210858 -0.00151582 0)
(0.210475 -0.00117658 0)
(0.210188 -0.000849544 0)
(0.20996 -0.000575142 0)
(0.229308 -0.0037359 0)
(0.227762 -0.0038059 0)
(0.22623 -0.00380435 0)
(0.224688 -0.00374942 0)
(0.223175 -0.00365138 0)
(0.221714 -0.00351848 0)
(0.220315 -0.00335763 0)
(0.21899 -0.00317428 0)
(0.217745 -0.00297294 0)
(0.216586 -0.00275753 0)
(0.215519 -0.00253146 0)
(0.214547 -0.00229768 0)
(0.213671 -0.00205862 0)
(0.212893 -0.00181626 0)
(0.212214 -0.00157213 0)
(0.211634 -0.00132741 0)
(0.211152 -0.00108312 0)
(0.210768 -0.000841041 0)
(0.21048 -0.000607493 0)
(0.210251 -0.00041152 0)
(0.229264 -0.00222822 0)
(0.22777 -0.00227398 0)
(0.226274 -0.00227312 0)
(0.224759 -0.00223952 0)
(0.223271 -0.00218064 0)
(0.221832 -0.00210155 0)
(0.220453 -0.00200614 0)
(0.219143 -0.00189744 0)
(0.21791 -0.00177799 0)
(0.216762 -0.00165002 0)
(0.215702 -0.00151552 0)
(0.214735 -0.00137622 0)
(0.213863 -0.00123359 0)
(0.213088 -0.00108881 0)
(0.21241 -0.000942808 0)
(0.21183 -0.00079631 0)
(0.211348 -0.000649952 0)
(0.210964 -0.000504796 0)
(0.210674 -0.000364694 0)
(0.210445 -0.000247536 0)
(0.229288 -0.000719429 0)
(0.227802 -0.000752477 0)
(0.226309 -0.000756087 0)
(0.224801 -0.00074526 0)
(0.223321 -0.000725478 0)
(0.221891 -0.000699064 0)
(0.220521 -0.000667348 0)
(0.219219 -0.000631285 0)
(0.217993 -0.00059167 0)
(0.216849 -0.000549218 0)
(0.215793 -0.000504573 0)
(0.214829 -0.000458305 0)
(0.213959 -0.000410898 0)
(0.213185 -0.000362746 0)
(0.212507 -0.000314163 0)
(0.211928 -0.000265391 0)
(0.211445 -0.000216645 0)
(0.211062 -0.000168271 0)
(0.210772 -0.000121573 0)
(0.210542 -8.27504e-05 0)
(0.278496 -0.00258141 3.86673e-21)
(0.277461 -0.0111839 0)
(0.275053 -0.0196405 -8.47595e-22)
(0.27132 -0.0277802 -2.57084e-20)
(0.266345 -0.0354287 5.00806e-20)
(0.260239 -0.0424116 0)
(0.253144 -0.0485542 4.51291e-20)
(0.245165 -0.0536742 0)
(0.23683 -0.0576203 4.16052e-20)
(0.225448 -0.0599695 -6.29659e-22)
(0.273011 -0.00227435 -3.90834e-21)
(0.272101 -0.00984218 9.03463e-22)
(0.269983 -0.0172725 -9.05068e-22)
(0.266712 -0.0244249 -1.97887e-22)
(0.262371 -0.0311608 -2.39548e-20)
(0.257069 -0.0373436 -1.55026e-21)
(0.250945 -0.0428381 0)
(0.244102 -0.0475106 -4.37815e-20)
(0.237332 -0.0512614 0)
(0.226364 -0.0534618 -3.97165e-20)
(0.268373 -0.00203269 7.86402e-21)
(0.267574 -0.00853171 0)
(0.265743 -0.0149225 -8.65869e-22)
(0.262929 -0.0210907 6.99132e-22)
(0.259208 -0.0269256 2.55374e-20)
(0.254679 -0.0323212 0)
(0.249466 -0.0371776 4.49885e-20)
(0.243618 -0.0414064 4.49954e-20)
(0.2381 -0.0449755 0)
(0.228216 -0.0473753 3.93049e-20)
(0.264432 -0.00178385 -3.47273e-21)
(0.26373 -0.00738273 1.46258e-20)
(0.262141 -0.012892 0)
(0.259709 -0.0182218 2.71759e-20)
(0.256504 -0.0232858 1.57267e-21)
(0.252613 -0.028004 -3.0663e-21)
(0.248143 -0.0323038 -4.33856e-20)
(0.243102 -0.036122 -1.41826e-21)
(0.238492 -0.0394257 -4.21127e-20)
(0.229752 -0.0419666 0)
(0.261052 -0.00157259 0)
(0.260428 -0.00641464 -1.42509e-20)
(0.259033 -0.0111835 -1.62945e-20)
(0.25691 -0.0158075 2.55369e-21)
(0.254119 -0.0202189 -1.67266e-21)
(0.250739 -0.0243561 -1.50221e-21)
(0.246866 -0.0281641 -4.405e-20)
(0.242485 -0.0315978 -2.77149e-21)
(0.238544 -0.0346036 9.42302e-22)
(0.23092 -0.0371059 3.99289e-20)
(0.258134 -0.00138467 4.01654e-21)
(0.257575 -0.00557814 9.34001e-22)
(0.256339 -0.00971133 -1.86998e-21)
(0.254466 -0.0137272 8.87102e-22)
(0.252011 -0.0175722 -2.63124e-20)
(0.249044 -0.0211981 0)
(0.245651 -0.024563 4.83074e-20)
(0.241813 -0.0276347 -1.42941e-21)
(0.238373 -0.0303445 8.41852e-20)
(0.231744 -0.0327165 -7.94285e-20)
(0.255604 -0.00121702 -4.03634e-21)
(0.255098 -0.00485156 -7.7152e-21)
(0.253991 -0.00843638 1.4649e-20)
(0.25232 -0.0119258 -2.62209e-20)
(0.250135 -0.0152772 -1.81602e-21)
(0.2475 -0.0184524 -2.50661e-20)
(0.244492 -0.0214183 1.43763e-21)
(0.241097 -0.0241521 -2.79026e-21)
(0.238036 -0.0265799 -4.06171e-20)
(0.232262 -0.0287751 3.95031e-20)
(0.253403 -0.00106734 0)
(0.252941 -0.00421643 1.64638e-20)
(0.25194 -0.00732452 -1.84658e-21)
(0.250431 -0.0103548 1.48513e-20)
(0.248463 -0.0132731 -1.09845e-22)
(0.246095 -0.0160487 4.87191e-20)
(0.243394 -0.0186552 -2.22606e-20)
(0.240359 -0.0210756 0)
(0.237589 -0.0232395 0)
(0.232537 -0.0252386 0)
(0.251488 -0.000933161 0)
(0.251063 -0.00365738 -1.46624e-20)
(0.250146 -0.00634788 -9.51157e-22)
(0.24877 -0.00897488 1.4089e-20)
(0.246977 -0.0115108 2.66692e-20)
(0.244822 -0.0139306 -2.67204e-20)
(0.242368 -0.0162133 2.67072e-20)
(0.239624 -0.0183453 -1.43728e-21)
(0.237077 -0.0202644 0)
(0.23263 -0.0220644 1.98001e-20)
(0.249825 -0.000812365 5.03086e-22)
(0.249429 -0.00316197 8.30908e-21)
(0.248582 -0.00548403 1.31031e-20)
(0.247312 -0.0077544 -8.23408e-22)
(0.245661 -0.00995069 1.72024e-21)
(0.243678 -0.0120526 -2.69329e-20)
(0.241421 -0.0140431 2.68888e-20)
(0.23891 -0.0159108 -1.43806e-21)
(0.236536 -0.0176041 0)
(0.232592 -0.0192101 -3.9325e-20)
(0.248385 -0.000703065 0)
(0.248014 -0.0027199 7.9103e-21)
(0.247223 -0.00471446 2.84482e-23)
(0.24604 -0.00666726 0)
(0.244503 -0.00856013 0)
(0.242658 -0.0103766 2.38354e-20)
(0.240558 -0.0121027 -2.23224e-20)
(0.238233 -0.0137287 -1.36476e-21)
(0.235992 -0.0152136 7.08467e-22)
(0.232465 -0.0166345 2.0156e-20)
(0.247147 -0.000603589 0)
(0.246795 -0.00232251 -1.4932e-20)
(0.24605 -0.00402374 -1.70131e-20)
(0.244937 -0.00569166 2.66943e-21)
(0.243492 -0.00731164 -1.73505e-21)
(0.241758 -0.00887029 -1.5554e-21)
(0.239784 -0.0103564 2.99371e-21)
(0.237605 -0.0117613 1.96489e-20)
(0.235464 -0.0130534 1.97957e-21)
(0.232283 -0.0142993 -6.25639e-22)
(0.24609 -0.000512453 0)
(0.245755 -0.00196247 7.99439e-21)
(0.245047 -0.00339882 -9.29952e-22)
(0.243991 -0.00480917 9.22217e-22)
(0.242619 -0.00618189 0)
(0.240974 -0.00750622 0)
(0.239099 -0.00877321 0)
(0.237034 -0.00997504 -2.2352e-20)
(0.234969 -0.0110884 2.08964e-20)
(0.232071 -0.012169 0)
(0.245199 -0.000428331 0)
(0.244878 -0.00163349 5.00818e-21)
(0.2442 -0.00282853 6.67827e-21)
(0.243189 -0.00400398 9.01998e-21)
(0.241876 -0.0051508 -1.74813e-21)
(0.2403 -0.00626053 1.12759e-20)
(0.238504 -0.00732608 -1.04751e-20)
(0.236527 -0.00834055 0)
(0.234517 -0.00928721 6.97882e-22)
(0.23185 -0.0102117 -1.99018e-20)
(0.244461 -0.000350033 -1.05855e-21)
(0.24415 -0.00133011 -4.04327e-21)
(0.243497 -0.00230323 -8.62725e-21)
(0.242522 -0.00326241 -6.34106e-21)
(0.241255 -0.00420089 0)
(0.239734 -0.00511228 -1.44062e-20)
(0.237998 -0.00599113 1.49883e-20)
(0.236088 -0.00683154 -1.43205e-21)
(0.234116 -0.00762183 -1.03096e-20)
(0.231635 -0.00839813 2.86778e-20)
(0.243864 -0.000276492 1.064e-21)
(0.243561 -0.00104764 -3.07339e-21)
(0.242927 -0.00181461 2.88004e-21)
(0.24198 -0.00257262 -7.31492e-21)
(0.24075 -0.00331694 0)
(0.239271 -0.00404304 0)
(0.237581 -0.00474703 1.46366e-21)
(0.23572 -0.00542419 -1.39439e-20)
(0.233774 -0.00606669 -8.97208e-21)
(0.231439 -0.00670198 -9.48666e-21)
(0.243396 -0.000206397 0)
(0.2431 -0.000781639 5.08945e-21)
(0.24248 -0.00135518 -1.93926e-21)
(0.241556 -0.00192419 6.48055e-21)
(0.240354 -0.00248579 1.76507e-21)
(0.238907 -0.00303714 -1.57417e-21)
(0.237251 -0.00357582 3.00166e-21)
(0.235424 -0.00409851 9.68217e-21)
(0.233495 -0.00460034 0)
(0.231269 -0.00510081 0)
(0.243046 -0.000139987 0)
(0.242754 -0.000528349 2.05639e-21)
(0.242146 -0.000917031 -3.90285e-21)
(0.241239 -0.00130491 0)
(0.240059 -0.00169082 -3.46169e-21)
(0.238637 -0.00207373 -1.5766e-21)
(0.237006 -0.00245301 -4.46648e-21)
(0.235204 -0.00282742 -1.3513e-21)
(0.233285 -0.00319509 6.8916e-22)
(0.231138 -0.00356909 6.01093e-22)
(0.242805 -7.47339e-05 0)
(0.242516 -0.000296068 -2.06634e-21)
(0.241916 -0.000518895 -1.94115e-21)
(0.241022 -0.000743055 2.7552e-21)
(0.239858 -0.000968179 1.69225e-21)
(0.238454 -0.00119381 1.61789e-21)
(0.236841 -0.00141982 7.45302e-21)
(0.235057 -0.00164614 -5.53262e-21)
(0.233145 -0.00187392 1.30347e-21)
(0.231049 -0.00211493 0)
(0.242643 -1.06279e-06 0)
(0.242357 -1.07156e-05 1.02401e-21)
(0.241765 -2.58165e-05 -9.92199e-22)
(0.240884 -4.96435e-05 9.55021e-22)
(0.239737 -8.55744e-05 0)
(0.238354 -0.000137304 -1.62618e-21)
(0.236768 -0.000209216 1.46842e-21)
(0.235013 -0.000306676 1.34687e-21)
(0.23312 -0.000437082 0)
(0.23106 -0.000611487 0)
(0.216432 0.0698198 0)
(0.216486 0.0771991 -4.88808e-20)
(0.217679 0.0858159 0)
(0.218223 0.0962466 -1.62459e-19)
(0.217967 0.108231 5.87249e-20)
(0.21623 0.121296 6.94907e-22)
(0.210616 0.133542 6.31954e-20)
(0.19533 0.139702 -1.28737e-21)
(0.158784 0.127519 0)
(0.0815891 0.0705877 7.77863e-20)
(0.225709 0.069001 9.22399e-20)
(0.227321 0.0764113 4.88804e-20)
(0.230134 0.0846332 -4.96477e-20)
(0.23243 0.0948625 5.4389e-20)
(0.234219 0.106592 -5.42884e-20)
(0.234633 0.119278 1.84422e-21)
(0.230869 0.131063 -6.28259e-20)
(0.216318 0.13676 -1.33987e-19)
(0.177643 0.124388 -3.60559e-20)
(0.0917827 0.0684404 -1.16041e-19)
(0.236501 0.0662888 -4.39428e-20)
(0.239168 0.0731467 4.59038e-20)
(0.242912 0.0808991 4.96473e-20)
(0.246583 0.0907356 5.21346e-20)
(0.25015 0.102009 5.49286e-20)
(0.252497 0.114117 5.80692e-20)
(0.250407 0.125244 2.07861e-21)
(0.236442 0.130394 6.5683e-20)
(0.195573 0.118163 3.45909e-20)
(0.101328 0.0645842 -3.69267e-20)
(0.247082 0.0617368 8.79317e-20)
(0.25068 0.0679952 -4.59034e-20)
(0.255318 0.075135 0)
(0.260258 0.0843006 0)
(0.2654 0.094818 0)
(0.269445 0.106064 5.49273e-20)
(0.268799 0.116292 -5.65929e-20)
(0.255228 0.120803 0)
(0.212126 0.109049 3.33088e-20)
(0.109979 0.0591657 -7.10799e-20)
(0.256687 0.055521 -2.01499e-20)
(0.261216 0.0610996 6.59277e-20)
(0.266786 0.0675088 0)
(0.272938 0.0757808 0)
(0.279499 0.0852726 2.46817e-20)
(0.285027 0.0953801 2.60625e-20)
(0.285584 0.104474 2.97938e-20)
(0.272207 0.108269 2.93531e-20)
(0.22689 0.0973268 6.33969e-20)
(0.117518 0.0523706 -7.60891e-22)
(0.265123 0.0478873 5.96289e-20)
(0.270508 0.052682 2.13214e-20)
(0.276959 0.0582342 0)
(0.28422 0.0654114 0)
(0.292031 0.0736357 -7.28651e-20)
(0.298816 0.0823559 2.52585e-20)
(0.300325 0.090112 6.94397e-22)
(0.286948 0.0931352 -4.48169e-22)
(0.239496 0.0833347 -6.20761e-20)
(0.12376 0.0444133 -3.33396e-20)
(0.272235 0.0390647 -3.82171e-20)
(0.278351 0.0429724 4.02083e-20)
(0.28557 0.0475431 4.1841e-20)
(0.293786 0.0534471 -4.42662e-20)
(0.302645 0.0601958 -2.31149e-20)
(0.310439 0.0673189 2.462e-20)
(0.312633 0.0735734 -2.5796e-20)
(0.299068 0.0757984 2.77068e-20)
(0.24963 0.0674569 0)
(0.128552 0.0355313 0)
(0.27786 0.0292798 -3.65533e-20)
(0.284556 0.0322062 3.84603e-20)
(0.292399 0.0356818 0)
(0.30138 0.0401627 0)
(0.311053 0.0452681 0)
(0.319583 0.0506315 1.18679e-20)
(0.322186 0.0552721 -4.96435e-20)
(0.308256 0.0567003 3.93937e-20)
(0.257032 0.0501136 0)
(0.131785 0.0259788 1.45803e-20)
(0.281855 0.0187637 -1.7441e-20)
(0.288971 0.0206339 1.38837e-20)
(0.297271 0.0229197 -4.68767e-21)
(0.306799 0.0258603 0)
(0.317027 0.0291981 -1.05776e-20)
(0.326003 0.0326888 2.82202e-20)
(0.328749 0.0356576 0)
(0.314324 0.0363327 -6.73535e-21)
(0.261451 0.0317555 1.32391e-20)
(0.133379 0.0160138 -2.17189e-20)
(0.284121 0.00775444 0)
(0.291477 0.00851987 4.46799e-21)
(0.300048 0.00954666 4.68763e-21)
(0.30989 0.0108668 0)
(0.320397 0.0123563 5.04663e-21)
(0.329524 0.0138961 -8.19392e-21)
(0.332132 0.0151526 -2.8451e-21)
(0.317064 0.015278 -6.14732e-21)
(0.262847 0.0129385 -6.55207e-21)
(0.133339 0.00586338 0)
(0.138246 0.0049459 -1.3779e-20)
(0.131258 0.00559448 1.44108e-20)
(0.122898 0.00632161 7.53242e-21)
(0.112877 0.00715351 7.91293e-21)
(0.100818 0.0081083 -8.40239e-21)
(0.0862464 0.00915959 -1.33218e-20)
(0.0686578 0.0101724 4.75135e-21)
(0.0476043 0.0107621 -1.01677e-20)
(0.0240284 0.00998443 -1.09882e-20)
(0.00626986 0.00566192 0)
(0.139994 0.0147213 0)
(0.133227 0.0166479 -7.16578e-21)
(0.125038 0.018817 -7.50732e-21)
(0.115241 0.0212965 0)
(0.103452 0.0241406 1.66096e-20)
(0.0891755 0.027272 8.75297e-21)
(0.0718704 0.0302889 0)
(0.0509781 0.0320392 -1.00138e-20)
(0.0271247 0.0297066 -8.20382e-24)
(0.00802319 0.0168561 -1.16296e-20)
(0.143467 0.024149 5.43359e-20)
(0.137123 0.0272965 -5.71724e-20)
(0.129273 0.0308683 0)
(0.119921 0.0349446 0)
(0.108666 0.0396157 0)
(0.0949749 0.0447568 -5.26595e-20)
(0.0782272 0.0497065 7.48704e-20)
(0.0576354 0.052565 -2.00382e-20)
(0.0332491 0.0487036 0)
(0.0115042 0.0276319 2.32803e-20)
(0.1486 0.0329772 5.39193e-20)
(0.142856 0.0372682 -5.67306e-20)
(0.13551 0.0421836 -5.90095e-20)
(0.126818 0.0477747 3.67886e-22)
(0.116347 0.0541708 9.86371e-20)
(0.103515 0.0612041 -3.49018e-20)
(0.0875817 0.0679648 3.7063e-20)
(0.0674206 0.0718471 -7.95604e-20)
(0.0422501 0.0665218 4.29091e-20)
(0.0166167 0.0377011 0)
(0.155343 0.0409875 -1.34302e-19)
(0.150327 0.046321 2.77769e-20)
(0.143632 0.0524982 0)
(0.135793 0.0594907 0)
(0.126335 0.0674722 3.25514e-20)
(0.114607 0.0762369 -1.03248e-19)
(0.0997204 0.0846419 7.30652e-20)
(0.0801035 0.0894319 -7.83621e-20)
(0.0539028 0.0827291 4.00767e-22)
(0.0232205 0.0468103 -4.49794e-20)
(0.163528 0.0479193 1.84475e-19)
(0.159359 0.0542108 -1.38612e-19)
(0.153463 0.0615625 0)
(0.146659 0.0698212 0)
(0.138411 0.0792167 3.22724e-20)
(0.128004 0.089512 3.42032e-20)
(0.114362 0.0993514 3.52993e-20)
(0.0953795 0.104902 3.90118e-20)
(0.0679127 0.0969271 2.4638e-22)
(0.031135 0.0547278 8.9703e-20)
(0.173185 0.0536165 -1.05655e-19)
(0.169878 0.0607639 -5.38202e-20)
(0.164862 0.0691836 0)
(0.159216 0.0785463 0)
(0.152325 0.0891506 0)
(0.143402 0.100734 -6.66583e-20)
(0.131161 0.111755 6.99682e-20)
(0.112874 0.117889 0)
(0.0839203 0.108765 -4.10533e-20)
(0.0401413 0.0612493 8.7714e-20)
(0.183851 0.0577159 -5.16189e-20)
(0.181525 0.0657525 5.382e-20)
(0.17752 0.0751843 5.52593e-20)
(0.173156 0.0854943 5.80591e-20)
(0.16774 0.0970779 6.12174e-20)
(0.160428 0.109666 6.48134e-20)
(0.149702 0.121572 -1.48131e-21)
(0.132145 0.128082 7.36978e-20)
(0.101505 0.117945 -4.01838e-20)
(0.049985 0.0662045 4.2897e-20)
(0.196463 0.0605834 -1.00888e-19)
(0.194621 0.0693365 5.15653e-20)
(0.191419 0.0796316 -5.5259e-20)
(0.188264 0.0906538 -5.85562e-20)
(0.184311 0.102908 5.93506e-20)
(0.178657 0.116147 -1.50653e-21)
(0.169512 0.128585 -2.04213e-19)
(0.152691 0.135234 -1.45293e-19)
(0.120192 0.124233 3.92727e-20)
(0.0603811 0.0694623 -4.07982e-20)
(0.208537 0.0620472 0)
(0.20719 0.0721454 -5.1565e-20)
(0.205382 0.0830119 0)
(0.203719 0.0942849 5.49714e-20)
(0.201367 0.106703 -1.78383e-19)
(0.197496 0.120097 -1.25629e-19)
(0.190024 0.132638 1.3394e-19)
(0.17395 0.139158 7.18971e-20)
(0.139465 0.127459 0)
(0.0710214 0.0709358 8.26623e-20)
(0.18274 8.9632e-05 0)
(0.182555 0.000121273 -1.10127e-21)
(0.182267 0.000180566 1.09551e-21)
(0.181892 0.000261036 0)
(0.181401 0.000357378 -2.10449e-21)
(0.180777 0.000466646 2.09364e-21)
(0.180015 0.000588398 0)
(0.179101 0.000723944 0)
(0.177987 0.000866927 0)
(0.17664 0.0010222 0)
(0.175052 0.00119466 9.64784e-22)
(0.173205 0.00138833 0)
(0.171072 0.00160767 0)
(0.16862 0.00185804 7.34654e-21)
(0.165807 0.00214586 -7.31031e-21)
(0.162585 0.00247871 0)
(0.158895 0.00286526 7.91776e-21)
(0.154668 0.00331532 -1.39388e-20)
(0.1498 0.00383665 6.90434e-21)
(0.144216 0.00440939 6.75493e-21)
(0.182996 0.000261542 2.28957e-21)
(0.182817 0.000355074 4.36851e-21)
(0.18254 0.00052921 -4.34746e-21)
(0.182175 0.000764446 2.13048e-21)
(0.181696 0.00104587 2.09884e-21)
(0.181089 0.00136554 8.23229e-21)
(0.180349 0.00172268 -6.15654e-21)
(0.179449 0.00212191 -1.59793e-20)
(0.178346 0.0025476 3.36229e-20)
(0.17702 0.00301164 -1.56686e-20)
(0.175464 0.00352756 -1.43226e-20)
(0.173657 0.00410719 3.21545e-20)
(0.171574 0.00476375 -2.79605e-20)
(0.169183 0.0055131 1.47677e-20)
(0.166446 0.00637421 1.80755e-21)
(0.163315 0.00736959 3.01964e-20)
(0.159738 0.00852492 -2.91665e-20)
(0.15565 0.00986907 0)
(0.150934 0.0114291 1.70796e-21)
(0.145497 0.0131528 0)
(0.183486 0.000427485 -6.77968e-21)
(0.183321 0.000586684 1.13564e-23)
(0.18306 0.000880566 8.52467e-21)
(0.182714 0.00127527 -4.30944e-21)
(0.182258 0.00174535 -1.04523e-20)
(0.181683 0.00227734 -2.0506e-21)
(0.180988 0.0028698 -2.02382e-21)
(0.180124 0.00352358 -1.99173e-21)
(0.179049 0.00422322 2.73492e-20)
(0.177772 0.00498546 -3.2381e-22)
(0.17628 0.00583153 -3.45259e-20)
(0.174555 0.00678149 -1.88402e-21)
(0.172573 0.00785743 -3.70932e-21)
(0.170305 0.00908542 0)
(0.167718 0.0104966 -3.23145e-20)
(0.16477 0.0121283 2.50421e-20)
(0.161419 0.0140229 0)
(0.157611 0.0162269 -1.7251e-21)
(0.153208 0.0187965 -1.71094e-21)
(0.148067 0.0216755 -1.67841e-21)
(0.184221 0.000572784 2.22609e-21)
(0.184078 0.000790564 6.4189e-21)
(0.183844 0.00119219 0)
(0.183527 0.00173111 -1.86598e-20)
(0.183106 0.00237476 1.65306e-20)
(0.182577 0.00311111 1.81656e-20)
(0.181932 0.00393919 -1.20924e-20)
(0.181105 0.00480675 1.97515e-21)
(0.180069 0.00574752 -2.51395e-20)
(0.178858 0.00678545 3.30753e-22)
(0.177459 0.00794224 2.85801e-20)
(0.175852 0.00924333 -2.9728e-20)
(0.174016 0.0107188 -2.71633e-20)
(0.171929 0.012404 6.21049e-20)
(0.169565 0.0143416 1.79722e-21)
(0.166891 0.0165825 5.30079e-21)
(0.163877 0.0191851 -5.55841e-20)
(0.160494 0.0222086 2.2895e-21)
(0.156595 0.0257439 5.44131e-22)
(0.151908 0.02979 5.56509e-20)
(0.185126 0.000711961 4.33285e-21)
(0.185007 0.000998595 -1.67619e-20)
(0.184802 0.00152301 8.33414e-21)
(0.184521 0.00222224 4.09632e-21)
(0.18416 0.00305171 0)
(0.183717 0.00399222 0)
(0.1831 0.00502479 -3.94759e-21)
(0.182284 0.00610305 0)
(0.181334 0.00727337 -3.85022e-21)
(0.180237 0.00856812 0)
(0.178972 0.0100131 3.75477e-21)
(0.177528 0.0116387 -5.88697e-20)
(0.175892 0.0134813 6.55888e-22)
(0.174049 0.0155844 -2.96964e-21)
(0.171985 0.0179998 5.72919e-20)
(0.16968 0.0207906 -3.52696e-21)
(0.167117 0.0240305 3.45575e-21)
(0.164304 0.0277868 -5.45508e-20)
(0.161115 0.0321782 5.78305e-20)
(0.157041 0.0373607 1.06378e-19)
(0.186271 0.000808825 4.219e-21)
(0.186185 0.00113985 -4.1187e-21)
(0.186025 0.00174591 -4.04929e-21)
(0.185792 0.00255401 -4.00391e-21)
(0.185488 0.00352305 -3.15206e-20)
(0.185082 0.00463859 5.87782e-20)
(0.184488 0.00579102 -3.50382e-20)
(0.183724 0.00704567 0)
(0.182863 0.00842221 -3.77802e-21)
(0.181885 0.00994459 -3.73338e-21)
(0.180774 0.0116449 -3.68897e-21)
(0.179521 0.0135605 5.45092e-20)
(0.178121 0.015735 -1.19236e-19)
(0.17657 0.0182198 5.74802e-20)
(0.174866 0.0210764 0)
(0.173009 0.0243788 -3.47129e-21)
(0.170999 0.0282158 -1.16541e-19)
(0.168888 0.032657 1.09657e-19)
(0.166625 0.037816 -3.38442e-21)
(0.163341 0.044139 0)
(0.187459 0.00092667 4.11426e-21)
(0.187396 0.00134253 -1.18615e-20)
(0.187266 0.0020919 4.13185e-21)
(0.187093 0.00308879 2.35448e-20)
(0.186896 0.00427226 3.86586e-21)
(0.186519 0.00549504 -2.28194e-20)
(0.185933 0.00678677 4.16789e-21)
(0.18528 0.00821177 3.02479e-20)
(0.184554 0.00978548 7.43825e-21)
(0.183733 0.0115301 6.22501e-20)
(0.182813 0.013479 -5.13957e-20)
(0.181797 0.0156721 -5.01451e-20)
(0.180691 0.0181557 6.10594e-20)
(0.179503 0.020984 3.51512e-21)
(0.17825 0.0242202 3.47617e-21)
(0.176953 0.0279389 6.91113e-21)
(0.175632 0.0322342 6.83634e-21)
(0.174373 0.0371759 -3.35893e-21)
(0.173256 0.0428308 0)
(0.170931 0.0501012 1.05024e-19)
(0.189006 0.000952529 -1.18844e-20)
(0.188984 0.00137328 4.63995e-23)
(0.18893 0.00217768 -3.82852e-21)
(0.188848 0.00324383 -3.40194e-20)
(0.188574 0.00441019 2.28063e-20)
(0.188108 0.00563913 -3.7453e-21)
(0.187619 0.00701539 0)
(0.187095 0.00854251 0)
(0.186508 0.0102303 -7.29209e-21)
(0.185855 0.0121066 -3.60373e-21)
(0.185145 0.0142086 -3.59523e-21)
(0.184387 0.0165797 -3.56488e-21)
(0.183597 0.0192704 0)
(0.182797 0.0223406 -6.97466e-21)
(0.182018 0.0258619 -3.47327e-21)
(0.181305 0.0299204 -6.8449e-21)
(0.180706 0.0346297 -3.41147e-21)
(0.180346 0.0400873 -1.03255e-19)
(0.180498 0.0462829 1.07114e-19)
(0.179333 0.0546362 0)
(0.190367 0.00114113 0)
(0.190412 0.00172086 3.73408e-21)
(0.190431 0.00266534 1.85962e-21)
(0.190274 0.00382051 0)
(0.189983 0.00508693 3.27927e-20)
(0.189674 0.00653743 -2.93229e-20)
(0.189329 0.00814653 5.92998e-20)
(0.188939 0.00990611 -5.78938e-20)
(0.18851 0.0118369 5.35664e-21)
(0.188054 0.0139722 1.79106e-21)
(0.187587 0.0163516 0)
(0.187131 0.0190208 0)
(0.186718 0.0220316 0)
(0.186388 0.0254422 1.12889e-19)
(0.186204 0.0293162 -2.18793e-19)
(0.186247 0.0337187 5.07189e-21)
(0.186615 0.0387202 1.08487e-19)
(0.187463 0.0443665 0)
(0.189201 0.0504733 0)
(0.189517 0.0587298 1.05176e-19)
(0.192702 0.00102248 0)
(0.192651 0.00142324 -1.4289e-20)
(0.19252 0.00214036 -1.22373e-20)
(0.192341 0.00308251 2.87175e-20)
(0.192136 0.0042484 2.81915e-20)
(0.191905 0.00557465 -8.45741e-20)
(0.191654 0.00704198 5.48885e-20)
(0.19139 0.00866423 0)
(0.191126 0.0104687 -1.7473e-21)
(0.19088 0.0124892 -5.32482e-20)
(0.190675 0.0147641 1.10218e-19)
(0.190545 0.017336 -5.52322e-20)
(0.190532 0.0202517 0)
(0.190694 0.0235619 -1.0748e-19)
(0.191099 0.0273218 2.15368e-19)
(0.191834 0.0315941 -1.0789e-19)
(0.192993 0.0364629 0)
(0.1947 0.0420536 -1.045e-19)
(0.197222 0.0484923 1.05596e-19)
(0.199143 0.0575718 -1.63307e-21)
(0.193934 0.00127819 0)
(0.193918 0.00194729 0)
(0.193876 0.00309455 0)
(0.193804 0.0045697 0)
(0.193707 0.00626075 0)
(0.1936 0.00811512 0)
(0.193496 0.0101228 0)
(0.193408 0.0122963 0)
(0.193354 0.0146607 0)
(0.193356 0.0172481 0)
(0.193445 0.0200949 0)
(0.193658 0.0232414 0)
(0.194048 0.0267311 0)
(0.194678 0.0306113 0)
(0.195632 0.0349348 0)
(0.197019 0.039764 0)
(0.19898 0.0451802 0)
(0.201715 0.051289 0)
(0.205753 0.0580665 0)
(0.212158 0.0644325 0)
(0.195218 0.00125125 0)
(0.195216 0.00187263 0)
(0.19521 0.00295164 0)
(0.195199 0.00433121 0)
(0.195187 0.00590831 0)
(0.195188 0.00763333 0)
(0.195215 0.00949338 0)
(0.195282 0.0114968 0)
(0.19541 0.0136631 0)
(0.195623 0.0160167 0)
(0.195955 0.0185846 0)
(0.196445 0.0213948 0)
(0.197147 0.0244754 0)
(0.198127 0.0278536 0)
(0.199469 0.0315553 0)
(0.201288 0.0356027 0)
(0.203734 0.0400093 0)
(0.207 0.0447522 0)
(0.211468 0.049599 0)
(0.21829 0.0533093 0)
(0.196608 0.00123537 0)
(0.196622 0.00184888 0)
(0.196647 0.0029168 0)
(0.196685 0.00427997 0)
(0.196745 0.0058315 0)
(0.196837 0.00751803 0)
(0.196976 0.00932344 0)
(0.197176 0.0112525 0)
(0.197459 0.0133195 0)
(0.19785 0.0155428 0)
(0.198381 0.0179412 0)
(0.199092 0.0205327 0)
(0.200033 0.0233328 0)
(0.201268 0.0263526 0)
(0.202874 0.0295961 0)
(0.204952 0.0330548 0)
(0.207631 0.0366957 0)
(0.211048 0.0404275 0)
(0.215425 0.0439854 0)
(0.221809 0.0465105 0)
(0.198071 0.0012193 0)
(0.198102 0.00182487 0)
(0.198155 0.00287899 0)
(0.198237 0.00422236 0)
(0.198359 0.00574544 0)
(0.198531 0.00739211 0)
(0.198767 0.00914337 0)
(0.199082 0.0110005 0)
(0.199496 0.0129733 0)
(0.200035 0.0150747 0)
(0.200728 0.0173167 0)
(0.201613 0.0197092 0)
(0.202735 0.0222577 0)
(0.20415 0.0249611 0)
(0.205922 0.027808 0)
(0.208134 0.030771 0)
(0.210879 0.033795 0)
(0.214238 0.0367722 0)
(0.218308 0.0394814 0)
(0.223991 0.0413566 0)
(0.199545 0.00118816 0)
(0.199589 0.00177497 0)
(0.199667 0.00279717 0)
(0.199787 0.00409822 0)
(0.19996 0.00556867 0)
(0.2002 0.00715091 0)
(0.200516 0.00882352 0)
(0.200927 0.0105844 0)
(0.201449 0.0124395 0)
(0.202106 0.0143968 0)
(0.202925 0.0164626 0)
(0.203939 0.0186402 0)
(0.205189 0.0209276 0)
(0.206718 0.023315 0)
(0.20858 0.0257819 0)
(0.210834 0.0282917 0)
(0.213546 0.0307841 0)
(0.216753 0.0331603 0)
(0.220481 0.0352557 0)
(0.225515 0.0366969 0)
(0.200986 0.0011445 0)
(0.201043 0.00170628 0)
(0.201142 0.00268553 0)
(0.201292 0.00393072 0)
(0.201508 0.00533424 0)
(0.201802 0.00683796 0)
(0.202185 0.00841848 0)
(0.202672 0.0100709 0)
(0.203279 0.0117976 0)
(0.204026 0.0136026 0)
(0.204939 0.0154877 0)
(0.206044 0.0174514 0)
(0.207375 0.0194863 0)
(0.208967 0.0215776 0)
(0.210861 0.0237002 0)
(0.213098 0.0258156 0)
(0.215721 0.0278665 0)
(0.218742 0.0297702 0)
(0.222156 0.0314067 0)
(0.226649 0.0325168 0)
(0.202373 0.00109099 0)
(0.20244 0.00162336 0)
(0.202556 0.0025518 0)
(0.202731 0.00373143 0)
(0.202981 0.00505785 0)
(0.203319 0.00647335 0)
(0.203755 0.0079532 0)
(0.2043 0.00949019 0)
(0.204972 0.011084 0)
(0.205786 0.0127354 0)
(0.206763 0.0144429 0)
(0.207927 0.0162016 0)
(0.209303 0.0180009 0)
(0.21092 0.0198236 0)
(0.212806 0.0216434 0)
(0.214989 0.0234233 0)
(0.217496 0.0251126 0)
(0.220325 0.0266438 0)
(0.223456 0.0279271 0)
(0.227484 0.0287699 0)
(0.203689 0.00102913 0)
(0.203764 0.00152851 0)
(0.203894 0.00239975 0)
(0.204089 0.00350591 0)
(0.204366 0.00474702 0)
(0.204738 0.00606665 0)
(0.205214 0.00743945 0)
(0.205804 0.00885652 0)
(0.206522 0.0103154 0)
(0.207382 0.0118144 0)
(0.208402 0.01335 0)
(0.209599 0.0149149 0)
(0.210993 0.016497 0)
(0.212606 0.0180782 0)
(0.214457 0.0196333 0)
(0.216565 0.0211283 0)
(0.218944 0.0225197 0)
(0.221585 0.0237526 0)
(0.224462 0.0247579 0)
(0.228083 0.0253862 0)
(0.204924 0.000960433 0)
(0.205006 0.00142406 0)
(0.205147 0.00223319 0)
(0.205357 0.00325982 0)
(0.205655 0.00440943 0)
(0.206052 0.00562771 0)
(0.206557 0.00688929 0)
(0.20718 0.00818418 0)
(0.20793 0.00950834 0)
(0.20882 0.0108585 0)
(0.209863 0.0122295 0)
(0.211073 0.013613 0)
(0.212466 0.0149964 0)
(0.214055 0.016362 0)
(0.215855 0.0176863 0)
(0.217875 0.0189393 0)
(0.220123 0.0200841 0)
(0.222587 0.0210757 0)
(0.225235 0.0218601 0)
(0.228496 0.0223188 0)
(0.206071 0.00088637 0)
(0.206158 0.00131222 0)
(0.206307 0.00205563 0)
(0.206528 0.00299834 0)
(0.206841 0.00405208 0)
(0.207257 0.0051654 0)
(0.207783 0.00631349 0)
(0.208427 0.00748576 0)
(0.209197 0.00867716 0)
(0.210104 0.00988335 0)
(0.211156 0.0110984 0)
(0.212366 0.0123134 0)
(0.213742 0.0135161 0)
(0.215296 0.0146898 0)
(0.217034 0.0158133 0)
(0.218963 0.0168606 0)
(0.221083 0.0178004 0)
(0.22338 0.0185961 0)
(0.225824 0.0192046 0)
(0.228765 0.0195312 0)
(0.207123 0.000808236 0)
(0.207214 0.00119488 0)
(0.207369 0.00187004 0)
(0.207598 0.00272575 0)
(0.207922 0.00368073 0)
(0.20835 0.00468696 0)
(0.20889 0.00572069 0)
(0.209547 0.00677123 0)
(0.210329 0.00783294 0)
(0.211241 0.00890092 0)
(0.212293 0.00996886 0)
(0.213491 0.011028 0)
(0.214842 0.0120667 0)
(0.216353 0.0130699 0)
(0.218026 0.0140186 0)
(0.219863 0.0148906 0)
(0.221861 0.0156598 0)
(0.224007 0.016296 0)
(0.226267 0.0167646 0)
(0.228925 0.01699 0)
(0.208077 0.000727122 0)
(0.20817 0.00107364 0)
(0.208329 0.00167885 0)
(0.208564 0.00244558 0)
(0.208895 0.00330002 0)
(0.209331 0.00419814 0)
(0.209879 0.00511771 0)
(0.210543 0.00604827 0)
(0.211328 0.00698401 0)
(0.21224 0.00791982 0)
(0.213283 0.00884944 0)
(0.214463 0.00976459 0)
(0.215784 0.0106545 0)
(0.217248 0.0115058 0)
(0.218855 0.0123021 0)
(0.220604 0.0130244 0)
(0.22249 0.013651 0)
(0.224498 0.0141571 0)
(0.226597 0.014515 0)
(0.229006 0.0146642 0)
(0.208929 0.000643925 0)
(0.209024 0.000949748 0)
(0.209185 0.00148401 0)
(0.209424 0.00216057 0)
(0.209758 0.00291361 0)
(0.210199 0.00370344 0)
(0.210751 0.00450973 0)
(0.211417 0.00532261 0)
(0.212201 0.00613638 0)
(0.213107 0.00694602 0)
(0.214138 0.00774559 0)
(0.215296 0.00852752 0)
(0.216583 0.00928221 0)
(0.218 0.00999791 0)
(0.219544 0.0106607 0)
(0.221212 0.0112546 0)
(0.222996 0.0117615 0)
(0.224881 0.0121614 0)
(0.226839 0.012432 0)
(0.229032 0.0125252 0)
(0.209676 0.000559358 0)
(0.209772 0.000824217 0)
(0.209936 0.001287 0)
(0.210175 0.00187286 0)
(0.210512 0.00252423 0)
(0.210955 0.00320616 0)
(0.211507 0.00390051 0)
(0.212172 0.00459825 0)
(0.212952 0.00529405 0)
(0.213849 0.00598321 0)
(0.214865 0.00666032 0)
(0.216 0.00731863 0)
(0.217254 0.00794981 0)
(0.218626 0.00854382 0)
(0.220112 0.00908895 0)
(0.221705 0.00957195 0)
(0.223399 0.00997811 0)
(0.225177 0.0102911 0)
(0.227013 0.0104931 0)
(0.229021 0.0105461 0)
(0.210318 0.000473959 0)
(0.210415 0.000697778 0)
(0.210579 0.00108892 0)
(0.210819 0.00158394 0)
(0.211157 0.00213382 0)
(0.211599 0.0027086 0)
(0.212151 0.00329255 0)
(0.212813 0.00387774 0)
(0.213587 0.00445936 0)
(0.214473 0.00503322 0)
(0.215473 0.00559457 0)
(0.216586 0.00613761 0)
(0.217809 0.00665529 0)
(0.219139 0.00713927 0)
(0.220573 0.0075799 0)
(0.222101 0.00796642 0)
(0.223716 0.00828699 0)
(0.225403 0.0085285 0)
(0.227136 0.00867689 0)
(0.228987 0.00870231 0)
(0.210853 0.00038811 0)
(0.210951 0.00057094 0)
(0.211115 0.000890496 0)
(0.211355 0.00129484 0)
(0.211692 0.00174366 0)
(0.212134 0.00221219 0)
(0.212683 0.00268733 0)
(0.213341 0.00316239 0)
(0.214108 0.00363325 0)
(0.214985 0.00409635 0)
(0.215969 0.0045477 0)
(0.217061 0.00498251 0)
(0.218256 0.00539504 0)
(0.219551 0.00577855 0)
(0.220939 0.00612538 0)
(0.222413 0.00642701 0)
(0.223961 0.00667415 0)
(0.225572 0.00685654 0)
(0.22722 0.00696315 0)
(0.228943 0.00697069 0)
(0.211282 0.000302074 0)
(0.211379 0.000444012 0)
(0.211543 0.000692166 0)
(0.211783 0.00100614 0)
(0.21212 0.00135444 0)
(0.21256 0.00171765 0)
(0.213107 0.00208546 0)
(0.21376 0.00245254 0)
(0.214521 0.00281558 0)
(0.215388 0.00317173 0)
(0.216359 0.00351784 0)
(0.217433 0.00385014 0)
(0.218605 0.00416422 0)
(0.21987 0.0044549 0)
(0.221221 0.00471636 0)
(0.22265 0.0049422 0)
(0.224146 0.00512545 0)
(0.225696 0.00525841 0)
(0.227277 0.00533264 0)
(0.228898 0.00532998 0)
(0.211603 0.000216063 0)
(0.2117 0.000317159 0)
(0.211864 0.000494102 0)
(0.212104 0.000718049 0)
(0.212439 0.000966371 0)
(0.212878 0.00122512 0)
(0.213422 0.00148686 0)
(0.214072 0.00174773 0)
(0.214828 0.00200531 0)
(0.215687 0.00225753 0)
(0.216648 0.00250209 0)
(0.217707 0.00273633 0)
(0.218861 0.00295708 0)
(0.220103 0.00316072 0)
(0.221426 0.00334318 0)
(0.222822 0.00350003 0)
(0.224278 0.00362653 0)
(0.225783 0.00371745 0)
(0.227313 0.00376685 0)
(0.228858 0.00376051 0)
(0.211817 0.000130211 0)
(0.211914 0.000190423 0)
(0.212078 0.000296292 0)
(0.212317 0.000430517 0)
(0.212652 0.000579314 0)
(0.21309 0.000734263 0)
(0.213632 0.000890895 0)
(0.21428 0.00104686 0)
(0.215031 0.00120071 0)
(0.215885 0.00135115 0)
(0.216838 0.00149683 0)
(0.217888 0.00163612 0)
(0.219029 0.00176715 0)
(0.220255 0.00188777 0)
(0.22156 0.00199559 0)
(0.222933 0.00208806 0)
(0.224364 0.00216252 0)
(0.225839 0.0022162 0)
(0.227338 0.00224598 0)
(0.228832 0.00224273 0)
(0.211924 4.36654e-05 0)
(0.21202 6.35396e-05 0)
(0.212184 9.87197e-05 0)
(0.212424 0.000143434 0)
(0.212758 0.000192999 0)
(0.213195 0.000244593 0)
(0.213737 0.000296729 0)
(0.214383 0.000348623 0)
(0.215132 0.000399781 0)
(0.215983 0.00044978 0)
(0.216932 0.000498158 0)
(0.217977 0.00054438 0)
(0.219112 0.00058782 0)
(0.220331 0.000627769 0)
(0.221626 0.000663444 0)
(0.222988 0.000694019 0)
(0.224407 0.000718665 0)
(0.225869 0.000736592 0)
(0.227355 0.000746838 0)
(0.228839 0.000744077 0)
(0.222625 0.0565545 -1.52436e-21)
(0.232898 0.0538543 -9.31398e-20)
(0.241413 0.0513788 0)
(0.249594 0.0476126 -8.65752e-20)
(0.257028 0.0426781 0)
(0.263529 0.0367269 -7.90433e-20)
(0.269002 0.0299138 3.88466e-20)
(0.273326 0.022411 -1.15036e-21)
(0.276395 0.0143863 0)
(0.278135 0.00600477 0)
(0.224482 0.0505446 9.74432e-20)
(0.234202 0.0487774 0)
(0.241062 0.0464005 8.953e-20)
(0.247736 0.0427398 0)
(0.25413 0.0381077 -2.52964e-21)
(0.259812 0.0326698 4.19507e-20)
(0.264625 0.0265336 -8.99287e-23)
(0.268444 0.019833 -1.10287e-21)
(0.27116 0.0127061 1.101e-21)
(0.272695 0.00529138 4.10405e-21)
(0.226499 0.0452279 -9.64269e-20)
(0.23555 0.0432841 0)
(0.241474 0.0406373 -8.63978e-20)
(0.247029 0.0371219 -2.71769e-21)
(0.252434 0.0329063 8.20518e-20)
(0.257236 0.0280946 -3.94979e-20)
(0.2613 0.0227494 1.08952e-21)
(0.26453 0.0169592 -1.15551e-21)
(0.266827 0.010826 0)
(0.268121 0.00445692 -8.25303e-21)
(0.228083 0.0403883 0)
(0.23625 0.0384311 9.11255e-20)
(0.2414 0.0358207 -2.71119e-21)
(0.246121 0.0325568 5.3131e-21)
(0.250771 0.0287234 -8.7168e-20)
(0.254903 0.0244178 2.50945e-21)
(0.258391 0.0197008 -3.78897e-20)
(0.261161 0.0146414 0)
(0.263128 0.00931767 -1.79091e-20)
(0.264229 0.00381314 4.68016e-21)
(0.229308 0.035867 -9.30638e-20)
(0.236589 0.0339798 2.41659e-21)
(0.241105 0.0314971 -5.46239e-21)
(0.245189 0.0285149 5.28388e-21)
(0.249234 0.0250677 -2.5968e-21)
(0.252825 0.0212401 -2.41543e-21)
(0.255847 0.0170891 3.57699e-21)
(0.258244 0.0126688 1.59258e-20)
(0.259943 0.00804025 1.85721e-20)
(0.260888 0.00326947 0)
(0.230211 0.0317565 1.83871e-19)
(0.236656 0.0299685 -1.78609e-19)
(0.240641 0.0276606 -2.66852e-21)
(0.244226 0.0249635 2.67088e-21)
(0.247785 0.0218826 0)
(0.250942 0.0184905 3.9325e-20)
(0.253595 0.014841 1.16342e-21)
(0.255695 0.0109781 -2.05566e-20)
(0.25718 0.00695032 1.11945e-21)
(0.258002 0.00281053 -4.20114e-21)
(0.230837 0.0280392 -9.08282e-20)
(0.236533 0.0263613 9.1234e-20)
(0.24008 0.0242453 -5.37887e-21)
(0.243266 0.0218245 2.65754e-21)
(0.246429 0.0190867 4.05861e-20)
(0.249237 0.0160927 -2.4854e-21)
(0.251593 0.0128912 4.04224e-20)
(0.253456 0.00951847 0)
(0.254771 0.00601386 8.8084e-21)
(0.255494 0.00242016 4.22185e-21)
(0.231235 0.0246804 0)
(0.236278 0.0231233 0)
(0.239466 0.0212033 0)
(0.242332 0.0190435 4.41831e-20)
(0.245172 0.0166223 -8.36604e-20)
(0.247697 0.0139894 -6.43019e-23)
(0.249814 0.0111881 -1.79108e-20)
(0.251487 0.00824834 -2.29808e-21)
(0.252665 0.00520225 -1.65685e-20)
(0.253311 0.00208469 0)
(0.231454 0.0216452 -4.41054e-20)
(0.235934 0.0202152 0)
(0.238832 0.0184871 -2.61268e-21)
(0.241442 0.016571 -3.63486e-20)
(0.24402 0.01444 3.79271e-20)
(0.246314 0.0121341 -3.93787e-20)
(0.248238 0.0096909 -1.90898e-20)
(0.249757 0.00713528 -1.13043e-21)
(0.250826 0.00449343 1.89113e-20)
(0.251409 0.00179392 0)
(0.231535 0.0188982 8.72393e-20)
(0.235535 0.0175978 0)
(0.238203 0.016054 -2.59574e-21)
(0.240609 0.0143641 -3.61169e-20)
(0.242974 0.0124983 -2.56551e-21)
(0.24508 0.0104884 2.41658e-21)
(0.246848 0.00836646 1.78452e-20)
(0.248243 0.00615312 -2.08154e-20)
(0.249223 0.00386978 -8.33803e-21)
(0.249756 0.0015398 5.47868e-22)
(0.231518 0.016405 -4.18139e-20)
(0.235111 0.0152342 1.27316e-21)
(0.237597 0.0138653 -2.65648e-21)
(0.239842 0.0123847 4.37268e-20)
(0.242034 0.0107614 -2.56084e-21)
(0.243988 0.0090198 0)
(0.24563 0.00718708 -1.83311e-23)
(0.246924 0.00528033 1.08608e-23)
(0.247832 0.00331694 -8.96878e-21)
(0.248325 0.00131588 0)
(0.231434 0.0141327 -1.31323e-21)
(0.234683 0.0130899 3.93443e-21)
(0.237026 0.0118865 -5.20403e-21)
(0.239147 0.0105995 5.12484e-21)
(0.241199 0.00919813 -2.55655e-21)
(0.243031 0.00770056 -2.41876e-21)
(0.24457 0.00612948 -1.55804e-20)
(0.245783 0.00449898 1.631e-20)
(0.246633 0.00282305 1.91686e-20)
(0.247092 0.00111692 0)
(0.231308 0.0120507 0)
(0.23427 0.0111335 -4.17811e-20)
(0.236502 0.0100865 0)
(0.238527 0.00897905 2.0415e-20)
(0.240469 0.00778152 0)
(0.242201 0.00650682 0)
(0.243658 0.00517381 1.18045e-21)
(0.244805 0.00379393 -1.19037e-21)
(0.245608 0.0023782 -9.05182e-21)
(0.246041 0.000938606 0)
(0.231162 0.0101306 4.03498e-20)
(0.233884 0.00933626 4.28091e-20)
(0.236032 0.00843765 0)
(0.237984 0.00749715 2.47934e-21)
(0.239839 0.00648765 -2.26075e-20)
(0.241493 0.00541779 -2.42162e-21)
(0.242884 0.00430295 -7.18092e-21)
(0.243978 0.00315222 -1.151e-21)
(0.244743 0.00197397 -3.38713e-21)
(0.245154 0.00077732 0)
(0.23101 0.00834641 -6.18361e-20)
(0.233536 0.00767195 -2.05575e-20)
(0.235622 0.00691458 -2.52005e-21)
(0.237521 0.00613024 -1.5231e-20)
(0.239308 0.00529531 3.75445e-20)
(0.2409 0.00441517 0)
(0.242239 0.003502 1.08469e-20)
(0.243291 0.00256266 -1.19836e-21)
(0.244025 0.00160315 4.56715e-21)
(0.244419 0.000630002 1.10204e-21)
(0.230866 0.00667438 2.04033e-20)
(0.233235 0.00611668 2.29333e-20)
(0.235276 0.00549432 1.52546e-20)
(0.237137 0.00485706 2.56666e-21)
(0.238874 0.00418561 -2.00314e-20)
(0.240418 0.00348293 0)
(0.241716 0.00275806 9.67551e-21)
(0.242735 0.00201571 -5.88226e-21)
(0.243445 0.00125965 1.16856e-21)
(0.243825 0.000494113 -1.10772e-21)
(0.230739 0.00509275 2.01807e-20)
(0.232988 0.00464857 0)
(0.234998 0.00415602 -2.2747e-20)
(0.236835 0.00365876 1.5117e-20)
(0.238536 0.00314226 -2.53964e-21)
(0.240043 0.00260748 2.42691e-21)
(0.241309 0.00206037 -1.09801e-20)
(0.242301 0.00150347 -2.36799e-21)
(0.242991 0.000938584 1.17373e-21)
(0.243359 0.000367845 0)
(0.230638 0.00358073 -8.76976e-21)
(0.232804 0.00324433 1.20295e-21)
(0.234796 0.00287523 -2.55428e-21)
(0.236618 0.00251149 2.46561e-21)
(0.238292 0.00214336 -2.53698e-21)
(0.23977 0.00176985 4.93872e-21)
(0.24101 0.00139342 0)
(0.24198 0.00101419 4.75902e-21)
(0.242653 0.000631963 -2.31436e-21)
(0.243012 0.000247029 5.59651e-22)
(0.230573 0.00212661 -9.89927e-21)
(0.232687 0.00190572 2.45885e-21)
(0.234671 0.00167286 -1.14946e-24)
(0.236484 0.00145218 -7.48224e-21)
(0.238137 0.00123411 -2.49394e-21)
(0.239593 0.00101612 -9.84875e-21)
(0.240811 0.000798804 3.67573e-21)
(0.241763 0.000581597 -2.16748e-23)
(0.242423 0.000363851 2.32558e-21)
(0.242773 0.000145182 -5.62577e-22)
(0.230581 0.000650768 0)
(0.232687 0.000476879 0)
(0.234666 0.000326792 -7.47635e-21)
(0.236457 0.000217623 2.54895e-21)
(0.238077 0.000139978 2.5068e-21)
(0.239501 8.62477e-05 2.48904e-21)
(0.240694 5.08529e-05 1.20704e-21)
(0.241625 2.86521e-05 -3.61612e-21)
(0.242271 1.51654e-05 1.19682e-21)
(0.242614 6.47824e-06 0)
)
;

boundaryField
{
    bottom
    {
        type            symmetryPlane;
    }
    right
    {
        type            zeroGradient;
    }
    top
    {
        type            symmetryPlane;
    }
    left
    {
        type            zeroGradient;
    }
    cylinder
    {
        type            noSlip;
    }
    defaultFaces
    {
        type            empty;
    }
}


// ************************************************************************* //
