/*--------------------------------*- C++ -*----------------------------------*\
| =========                 |                                                 |
| \\      /  F ield         | OpenFOAM: The Open Source CFD Toolbox           |
|  \\    /   O peration     | Version:  4.1                                   |
|   \\  /    A nd           | Web:      www.OpenFOAM.org                      |
|    \\/     M anipulation  |                                                 |
\*---------------------------------------------------------------------------*/
FoamFile
{
    version     2.0;
    format      ascii;
    class       volVectorField;
    location    "10.1";
    object      U;
}
// * * * * * * * * * * * * * * * * * * * * * * * * * * * * * * * * * * * * * //

dimensions      [0 1 -1 0 0 0 0];

internalField   nonuniform List<vector> 
2000
(
(-0.0393967 0.0328721 1.59464e-21)
(-0.0288338 0.0447753 0)
(0.0584813 0.0386669 -2.80472e-21)
(0.210688 0.0272413 -2.49e-21)
(0.41355 0.0186905 4.73252e-21)
(0.645014 0.01599 8.95941e-21)
(0.882759 0.0202842 -2.98676e-21)
(1.09987 0.0259486 0)
(1.31303 0.0394419 3.03185e-21)
(1.44441 0.0468748 0)
(-0.0364121 0.0269828 -6.29072e-22)
(0.00847229 0.0258211 -4.70892e-22)
(0.15441 0.0149526 -9.24751e-22)
(0.377728 0.00661913 2.98214e-21)
(0.645132 0.00698052 -9.0689e-22)
(0.917906 0.0154427 -3.28171e-21)
(1.16551 0.0287882 2.13253e-21)
(1.37216 0.0412027 2.8949e-21)
(1.53742 0.0555625 -3.03165e-21)
(1.63582 0.0549306 -6.33739e-21)
(-0.0267822 0.0190684 2.21852e-21)
(0.0696065 0.00517442 -2.07803e-21)
(0.291392 -0.00478648 6.2329e-22)
(0.589389 -0.00275272 -1.50364e-21)
(0.902566 0.0109393 -1.42095e-21)
(1.18187 0.0301627 -2.06641e-21)
(1.40384 0.0488007 -2.54685e-21)
(1.56578 0.062444 -2.8948e-21)
(1.67603 0.0713969 -3.47445e-21)
(1.75221 0.0707021 3.88043e-21)
(-0.00787136 0.00936107 -6.52156e-22)
(0.159623 -0.0144418 -3.51458e-21)
(0.468002 -0.0149977 0)
(0.825564 0.00339429 -6.96492e-22)
(1.149 0.0299394 -9.74123e-22)
(1.39823 0.0547815 0)
(1.57038 0.0727193 0)
(1.68077 0.0819587 0)
(1.75325 0.0861332 3.47462e-21)
(1.79654 0.0818864 -8.31326e-21)
(0.0230693 -0.00118997 1.30019e-20)
(0.280768 -0.0281147 4.8743e-23)
(0.672023 -0.0102548 3.66237e-21)
(1.05632 0.0253078 4.5794e-22)
(1.35326 0.0591355 9.247e-22)
(1.55114 0.0830036 -1.91469e-22)
(1.67166 0.0957481 0)
(1.7442 0.099837 -1.79174e-21)
(1.79096 0.0990993 1.17607e-20)
(1.8279 0.0921989 -1.62577e-20)
(0.068259 -0.0105166 -2.35099e-20)
(0.429671 -0.0295031 1.80559e-21)
(0.881638 0.0117433 -7.26566e-21)
(1.25549 0.0594499 5.59226e-21)
(1.50358 0.0934877 -1.93727e-21)
(1.64832 0.111848 1.14211e-21)
(1.72882 0.118306 0)
(1.77692 0.117421 1.79189e-21)
(1.81308 0.112774 -2.33401e-21)
(1.84579 0.105214 -1.36021e-20)
(0.12841 -0.0157175 0)
(0.595502 -0.0136979 0)
(1.07438 0.0493017 -4.57061e-21)
(1.41082 0.101597 4.25483e-21)
(1.60449 0.130457 -5.27418e-22)
(1.70471 0.141335 4.95171e-22)
(1.75754 0.141433 -4.1288e-21)
(1.79237 0.136085 3.90269e-21)
(1.82313 0.128343 7.0329e-21)
(1.85511 0.119711 -3.34935e-21)
(0.202087 -0.0136034 6.67984e-21)
(0.762327 0.0206756 0)
(1.23583 0.0989474 -1.85842e-21)
(1.52202 0.148861 7.27385e-21)
(1.66561 0.169218 -2.71784e-21)
(1.73216 0.171834 0)
(1.76767 0.165863 0)
(1.7956 0.156381 0)
(1.82483 0.145848 8.82065e-21)
(1.85698 0.136264 -8.38467e-21)
(0.285105 -0.0015775 -3.51055e-21)
(0.914649 0.0714611 -2.84914e-22)
(1.36038 0.157236 -3.32655e-21)
(1.59392 0.199402 7.44241e-22)
(1.69579 0.209325 7.06341e-22)
(1.73874 0.203551 -2.62983e-22)
(1.76412 0.191797 0)
(1.78912 0.17837 1.24174e-21)
(1.81795 0.165317 6.99602e-21)
(1.85017 0.153992 -5.27422e-21)
(0.371095 0.021648 0)
(1.04178 0.134662 -2.6834e-21)
(1.44764 0.22104 0)
(1.63236 0.251854 -6.20467e-22)
(1.70178 0.250371 -5.62851e-22)
(1.72912 0.23633 4.22861e-22)
(1.74913 0.218976 0)
(1.77316 0.201645 -1.24187e-21)
(1.80228 0.185981 -1.44713e-21)
(1.83494 0.172332 -1.85582e-21)
(-0.00828935 0.00807606 0)
(-0.0337808 0.015285 9.01525e-22)
(-0.0706282 0.0180643 0)
(-0.10703 0.0189046 1.03961e-21)
(-0.140736 0.0189508 2.8726e-22)
(-0.171699 0.0187934 -5.09368e-22)
(-0.200232 0.0187384 4.79702e-22)
(-0.226833 0.0189364 -3.77817e-22)
(-0.252167 0.019492 -2.07312e-23)
(-0.277144 0.0204963 -2.76977e-22)
(-0.00970028 0.0231999 2.9421e-21)
(-0.0347444 0.0442143 -1.81214e-21)
(-0.0688772 0.0524865 1.50037e-21)
(-0.101719 0.0549824 -6.93098e-22)
(-0.131316 0.0550139 -2.89896e-21)
(-0.157597 0.0543308 1.07134e-21)
(-0.180822 0.0538663 0)
(-0.201375 0.0541177 3.76547e-22)
(-0.219746 0.0554364 3.11333e-22)
(-0.237255 0.0581169 0)
(-0.0122844 0.0354589 -1.96277e-21)
(-0.0366944 0.0685366 0)
(-0.065992 0.0819971 -4.33001e-21)
(-0.0923978 0.0860466 5.11271e-21)
(-0.114516 0.0857987 -1.1642e-21)
(-0.132319 0.0840507 0)
(-0.146025 0.0823658 0)
(-0.155879 0.0816866 0)
(-0.161963 0.0827345 -2.15988e-21)
(-0.165937 0.086137 2.05271e-21)
(-0.015607 0.0437273 0)
(-0.0396088 0.0861482 2.93787e-21)
(-0.0629264 0.104057 -5.33109e-21)
(-0.0810249 0.109409 2.42943e-21)
(-0.0933627 0.108567 -2.00925e-21)
(-0.100115 0.10513 5.36549e-21)
(-0.101537 0.101185 -2.88694e-22)
(-0.0978747 0.0981268 -2.82548e-21)
(-0.0887073 0.0972334 -2.16306e-21)
(-0.0745202 0.100143 3.07084e-21)
(-0.0192504 0.0478418 -3.12027e-21)
(-0.0433773 0.0961126 5.2437e-21)
(-0.0604688 0.117126 -7.56072e-23)
(-0.0692538 0.123243 1.0928e-22)
(-0.0702844 0.121493 -1.88796e-21)
(-0.0641252 0.115959 5.28923e-21)
(-0.0511412 0.108995 0)
(-0.0317701 0.102155 1.36755e-21)
(-0.00543616 0.0972734 -1.23406e-21)
(0.0306961 0.0983108 3.55603e-21)
(-0.0229832 0.0484711 -2.19888e-22)
(-0.0477412 0.0986673 -4.88821e-21)
(-0.0587108 0.120753 -2.31528e-21)
(-0.0573667 0.126634 -1.85457e-21)
(-0.0453724 0.123578 -1.91505e-21)
(-0.0237603 0.115881 -1.71858e-21)
(0.00695341 0.105932 0)
(0.0461155 0.0951076 -1.36746e-21)
(0.093454 0.0850881 -3.97225e-21)
(0.160001 0.0823773 1.02345e-21)
(-0.0268197 0.0467745 3.35137e-23)
(-0.0521632 0.0949949 -2.02306e-21)
(-0.0564411 0.115526 0)
(-0.0431278 0.119623 4.1072e-21)
(-0.0146477 0.114605 -3.63775e-21)
(0.0276413 0.104848 0)
(0.0831113 0.0928001 0)
(0.150946 0.0799399 0)
(0.225096 0.0656657 2.84434e-21)
(0.339384 0.0596026 4.33203e-21)
(-0.0308448 0.043936 1.77688e-21)
(-0.0554952 0.0867015 -1.66445e-21)
(-0.0504779 0.102849 -3.34163e-21)
(-0.0205713 0.103355 2.37883e-22)
(0.0315338 0.0956094 -3.57225e-21)
(0.104108 0.0840382 -3.51556e-21)
(0.195732 0.0712894 -3.39513e-21)
(0.305231 0.0599652 -3.26386e-21)
(0.413103 0.0446826 -2.84398e-21)
(0.59181 0.0406368 3.22171e-21)
(-0.0348868 0.040708 3.11654e-21)
(-0.0554385 0.0751908 1.79298e-21)
(-0.0350135 0.0845886 6.65201e-21)
(0.0206297 0.0801824 3.54709e-21)
(0.108469 0.0696348 1.91313e-22)
(0.225059 0.0574368 3.6582e-21)
(0.365562 0.0462597 -3.36407e-21)
(0.52458 0.0395862 3.26343e-21)
(0.673193 0.0287619 -3.03758e-21)
(0.903798 0.0337393 5.65376e-21)
(-0.038207 0.0371933 -1.78254e-21)
(-0.0482215 0.0612055 0)
(-0.0018108 0.0626118 -2.76723e-21)
(0.0936702 0.0534419 4.01362e-23)
(0.232672 0.0418014 3.87436e-22)
(0.405791 0.0319978 -3.46835e-21)
(0.601142 0.0266599 9.8908e-21)
(0.800902 0.0259034 0)
(0.994248 0.0262756 3.03709e-21)
(1.21453 0.0403141 0)
(-0.302254 0.0217359 0)
(-0.329151 0.0216452 1.0899e-22)
(-0.35564 0.0212938 -1.58869e-22)
(-0.381809 0.0208132 4.82932e-23)
(-0.407515 0.0201622 0)
(-0.432522 0.0193039 1.42139e-22)
(-0.456555 0.0182086 -1.42843e-22)
(-0.479302 0.0168537 0)
(-0.500421 0.0152262 0)
(-0.519553 0.013326 4.54731e-23)
(-0.536322 0.0111661 0)
(-0.550326 0.00876512 0)
(-0.561159 0.00614808 0)
(-0.568475 0.00335366 0)
(-0.572118 0.000470408 -9.73178e-23)
(-0.572065 -0.0023331 9.7822e-23)
(-0.567934 -0.00492913 0)
(-0.559102 -0.00725838 -1.89771e-23)
(-0.546955 -0.00933507 1.9077e-23)
(-0.538407 -0.0109005 0)
(-0.256076 0.0615655 0)
(-0.279642 0.061528 -2.82794e-23)
(-0.302625 0.0607195 0)
(-0.325425 0.0595635 1.22698e-22)
(-0.348068 0.0579488 -1.03096e-22)
(-0.370361 0.0557649 3.5925e-23)
(-0.392088 0.0529191 -4.56761e-22)
(-0.412997 0.049336 1.11136e-21)
(-0.432804 0.0449647 -1.19751e-21)
(-0.451198 0.039785 7.56139e-22)
(-0.467858 0.033814 8.7657e-22)
(-0.482435 0.0271035 -1.68724e-21)
(-0.494546 0.0197279 9.32101e-22)
(-0.503777 0.0117955 5.88092e-22)
(-0.509778 0.00348309 -4.6352e-22)
(-0.512482 -0.00487374 1.10777e-22)
(-0.511478 -0.0126842 9.34038e-23)
(-0.506119 -0.0196697 9.327e-23)
(-0.49728 -0.0257395 -9.37218e-23)
(-0.490541 -0.0301919 1.21955e-23)
(-0.174283 0.0912939 3.81792e-23)
(-0.191391 0.0917001 2.83293e-23)
(-0.207862 0.0910077 9.60113e-24)
(-0.224242 0.089827 0)
(-0.24088 0.0880154 -5.32299e-22)
(-0.257655 0.0854082 4.13545e-22)
(-0.274426 0.0818542 0)
(-0.291041 0.0772219 -1.47767e-22)
(-0.307325 0.0714071 -8.55576e-23)
(-0.323072 0.0643366 1.5753e-21)
(-0.338056 0.0559777 1.69697e-22)
(-0.352041 0.046354 -2.2258e-21)
(-0.364765 0.035549 -1.41207e-22)
(-0.375926 0.0236961 -1.25962e-22)
(-0.385181 0.010996 -1.38954e-22)
(-0.392023 -0.00215166 3.28831e-22)
(-0.395897 -0.0149837 -2.8924e-22)
(-0.39628 -0.0266406 -3.55815e-22)
(-0.393284 -0.0365681 -8.32656e-23)
(-0.390104 -0.0435084 9.73796e-25)
(-0.0708858 0.106287 9.1905e-22)
(-0.0797925 0.107782 -4.5959e-22)
(-0.0879215 0.107848 -5.15262e-22)
(-0.095919 0.107232 3.02073e-24)
(-0.104463 0.105941 7.57068e-23)
(-0.11354 0.103775 4.18586e-23)
(-0.123061 0.100525 -2.17997e-21)
(-0.132948 0.0960265 9.49069e-22)
(-0.143132 0.0901475 1.44712e-21)
(-0.153539 0.0827758 -2.08405e-21)
(-0.16408 0.0738236 -1.95125e-22)
(-0.17465 0.0632424 2.58895e-21)
(-0.18516 0.0510482 1.40034e-22)
(-0.195521 0.0373268 1.4977e-21)
(-0.205539 0.0222517 -1.05122e-21)
(-0.214855 0.00616755 -1.01744e-21)
(-0.222863 -0.0105088 8.78177e-22)
(-0.228867 -0.0263334 0)
(-0.232471 -0.0400703 1.82604e-22)
(-0.233991 -0.0494512 1.80424e-23)
(0.0463764 0.105536 -3.36746e-21)
(0.0463798 0.108863 4.87344e-22)
(0.0458414 0.110015 -5.41011e-22)
(0.0461545 0.110252 0)
(0.0461522 0.109896 -5.17e-23)
(0.0454287 0.108702 -1.74438e-21)
(0.044026 0.106368 -7.48081e-22)
(0.0420246 0.102708 -6.09362e-22)
(0.0394393 0.0976011 2.98586e-21)
(0.0362467 0.090935 2.34982e-22)
(0.0324207 0.0826082 0)
(0.0279438 0.0725469 -2.87533e-22)
(0.0227919 0.0607175 0)
(0.0168987 0.0471524 -3.08669e-22)
(0.0101907 0.0319782 0)
(0.00249893 0.0153901 0)
(-0.00545477 -0.00221694 2.47266e-22)
(-0.0132987 -0.0202671 -3.4789e-22)
(-0.02106 -0.0371871 3.16171e-22)
(-0.0275069 -0.0497797 -9.74706e-23)
(0.184816 0.0919735 0)
(0.192147 0.0975363 5.30781e-23)
(0.196468 0.0996991 4.04113e-22)
(0.202626 0.100718 -3.99725e-22)
(0.209416 0.101355 -3.33232e-23)
(0.215697 0.101267 0)
(0.221333 0.100016 -2.26524e-21)
(0.226466 0.0974074 5.01129e-21)
(0.231108 0.0933571 -3.09601e-21)
(0.235159 0.0877627 -2.3254e-22)
(0.238503 0.0805183 -2.66183e-22)
(0.241038 0.0715516 -2.94033e-22)
(0.242641 0.0608416 0)
(0.243149 0.0484003 2.27246e-21)
(0.242394 0.0343373 -5.43664e-21)
(0.240239 0.0188435 2.51726e-21)
(0.236568 0.00249289 -2.73051e-22)
(0.231405 -0.0147626 -2.20302e-22)
(0.224582 -0.0319366 1.01484e-22)
(0.21751 -0.0473076 -1.02135e-22)
(0.367365 0.0722348 -4.80086e-21)
(0.377405 0.0796794 0)
(0.382179 0.0821609 4.95193e-23)
(0.389872 0.0834899 -2.5644e-23)
(0.399678 0.0848339 4.96858e-23)
(0.409648 0.0855384 5.71419e-23)
(0.419374 0.0850281 9.80254e-23)
(0.429065 0.0831878 -2.53245e-21)
(0.438732 0.0799943 3.05338e-21)
(0.448188 0.0753416 4.32483e-21)
(0.457225 0.0691147 -3.60633e-21)
(0.46568 0.0612393 5.69176e-22)
(0.473342 0.0517264 -2.49931e-21)
(0.479994 0.0406008 2.78016e-22)
(0.485353 0.028012 3.15546e-21)
(0.489362 0.0140909 2.94457e-22)
(0.491543 -0.000600362 -4.38493e-22)
(0.49202 -0.0158146 4.57697e-22)
(0.48954 -0.030304 8.6413e-22)
(0.485969 -0.0461639 5.25695e-23)
(0.614183 0.0555112 0)
(0.621382 0.0631768 2.15419e-21)
(0.622565 0.0642983 -2.19439e-21)
(0.627715 0.0650222 2.13509e-23)
(0.636361 0.066407 -1.36829e-23)
(0.646027 0.0671021 -5.70919e-23)
(0.656149 0.0665411 -1.75436e-22)
(0.666968 0.0648214 0)
(0.678427 0.0619565 -1.7738e-22)
(0.690247 0.0577849 -2.14496e-22)
(0.702126 0.0521779 -2.28561e-22)
(0.713881 0.0450467 -5.31306e-22)
(0.725177 0.0364413 0)
(0.735824 0.026372 0)
(0.745302 0.0152098 -3.03075e-22)
(0.75386 0.00291117 -2.69972e-21)
(0.760523 -0.00959384 1.87375e-21)
(0.765944 -0.0232946 -1.95406e-22)
(0.767505 -0.034666 -4.53975e-22)
(0.769048 -0.0492799 1.31191e-22)
(0.915481 0.0501236 -5.87074e-21)
(0.917287 0.0548297 0)
(0.915247 0.0529092 0)
(0.917866 0.0525638 1.00019e-21)
(0.924008 0.0530735 -1.23321e-21)
(0.931346 0.0524752 1.74526e-21)
(0.939585 0.0506881 -1.42112e-21)
(0.948957 0.0480651 0)
(0.959284 0.0445954 0)
(0.970278 0.0400762 0)
(0.981629 0.0344216 1.26622e-22)
(0.993223 0.0275198 3.64719e-22)
(1.00463 0.0194842 4.27232e-21)
(1.01591 0.0102049 -4.11524e-21)
(1.02629 0.000193635 2.11824e-21)
(1.0363 -0.0109607 -1.83786e-21)
(1.04379 -0.0217454 0)
(1.05057 -0.0340236 1.03115e-22)
(1.05377 -0.0426908 1.26114e-22)
(1.05783 -0.0550122 0)
(1.23141 0.0501043 6.63333e-23)
(1.23662 0.0465867 3.03928e-21)
(1.23869 0.0433888 -3.0077e-21)
(1.24241 0.0436655 0)
(1.24643 0.0439955 -4.83259e-22)
(1.25032 0.0431063 -1.50311e-22)
(1.25477 0.0413263 6.22348e-22)
(1.26012 0.0387623 0)
(1.26628 0.0352648 2.07717e-21)
(1.27312 0.0306312 -4.67189e-21)
(1.28045 0.0249007 2.68707e-21)
(1.28822 0.0179355 -1.10476e-22)
(1.29606 0.0100104 0)
(1.30396 0.00084718 -3.89568e-21)
(1.31127 -0.00874361 5.57316e-21)
(1.31827 -0.0196065 -1.82076e-21)
(1.32365 -0.0295938 -1.42435e-21)
(1.32843 -0.0408426 9.69152e-22)
(1.33084 -0.0479473 5.20682e-22)
(1.33282 -0.0583679 0)
(1.57557 0.0531836 0)
(1.55893 0.0480615 0)
(1.54834 0.0449344 0)
(1.54056 0.042851 0)
(1.53456 0.0406398 0)
(1.53036 0.0380703 0)
(1.52808 0.0351466 0)
(1.52752 0.0316895 0)
(1.52838 0.0276156 0)
(1.53032 0.022719 0)
(1.53312 0.0171094 0)
(1.53644 0.0105331 0)
(1.54016 0.00340639 0)
(1.54381 -0.00487025 0)
(1.54742 -0.013156 0)
(1.55024 -0.0227014 0)
(1.5527 -0.0309253 0)
(1.55344 -0.0408597 0)
(1.55423 -0.0467364 0)
(1.55191 -0.0562026 0)
(1.7213 0.0589748 0)
(1.71864 0.0569392 0)
(1.71736 0.0544671 0)
(1.71617 0.0511896 0)
(1.71497 0.0474162 0)
(1.71413 0.0433372 0)
(1.71401 0.0390019 0)
(1.71449 0.0342348 0)
(1.71561 0.0290327 0)
(1.71699 0.0231632 0)
(1.71882 0.016833 0)
(1.72052 0.00967644 0)
(1.72242 0.00224966 0)
(1.72357 -0.006039 0)
(1.725 -0.0139666 0)
(1.72483 -0.0230476 0)
(1.72524 -0.030512 0)
(1.72271 -0.0396642 0)
(1.72217 -0.0447771 0)
(1.71646 -0.0532031 0)
(1.81695 0.0598703 0)
(1.81905 0.056781 0)
(1.82106 0.0537578 0)
(1.82309 0.0500938 0)
(1.82533 0.046017 0)
(1.82777 0.0416775 0)
(1.83053 0.0371368 0)
(1.83332 0.0321968 0)
(1.83628 0.0269068 0)
(1.83894 0.0209982 0)
(1.84168 0.0147705 0)
(1.84366 0.00778766 0)
(1.84583 0.000736315 0)
(1.84671 -0.00707984 0)
(1.84787 -0.0143109 0)
(1.84679 -0.0226351 0)
(1.84679 -0.0291953 0)
(1.84317 -0.0374072 0)
(1.84244 -0.0417173 0)
(1.83576 -0.0492074 0)
(1.88554 0.0588103 0)
(1.89017 0.0543683 0)
(1.8937 0.0504134 0)
(1.89703 0.0463477 0)
(1.90073 0.0421183 0)
(1.90466 0.0376979 0)
(1.90888 0.0331485 0)
(1.91291 0.0282691 0)
(1.91699 0.0231596 0)
(1.92053 0.0175286 0)
(1.92405 0.0117165 0)
(1.92662 0.00526828 0)
(1.92931 -0.00103952 0)
(1.93043 -0.00816688 0)
(1.93191 -0.0145921 0)
(1.93097 -0.0220347 0)
(1.93125 -0.0276697 0)
(1.92787 -0.0349299 0)
(1.92742 -0.0385196 0)
(1.92131 -0.0452327 0)
(1.9414 0.0558723 0)
(1.94738 0.0506623 0)
(1.95198 0.0461042 0)
(1.95605 0.0417976 0)
(1.96036 0.0375304 0)
(1.96486 0.0331279 0)
(1.9696 0.0286445 0)
(1.97408 0.0238933 0)
(1.97854 0.0190223 0)
(1.98238 0.013728 0)
(1.9862 0.00838018 0)
(1.98901 0.00249231 0)
(1.99191 -0.00318249 0)
(1.99326 -0.0095757 0)
(1.99499 -0.0151938 0)
(1.99444 -0.0217534 0)
(1.99503 -0.0265582 0)
(1.99231 -0.0329288 0)
(1.99218 -0.0359339 0)
(1.98713 -0.0419237 0)
(1.99495 0.0515183 0)
(2.00149 0.0461117 0)
(2.00665 0.0413216 0)
(2.01104 0.0369092 0)
(2.01547 0.0326619 0)
(2.01998 0.0283416 0)
(2.0247 0.0239878 0)
(2.02912 0.0194224 0)
(2.03351 0.0148207 0)
(2.03725 0.00988421 0)
(2.04097 0.00498589 0)
(2.04371 -0.000370821 0)
(2.04654 -0.0054448 0)
(2.04793 -0.0111274 0)
(2.04972 -0.0160168 0)
(2.04943 -0.0217698 0)
(2.05019 -0.0258775 0)
(2.04803 -0.0314523 0)
(2.0481 -0.0339898 0)
(2.04403 -0.0392936 0)
(2.05134 0.0465978 0)
(2.05788 0.0413371 0)
(2.06316 0.0365468 0)
(2.06751 0.0321217 0)
(2.07174 0.027928 0)
(2.07594 0.0237265 0)
(2.08031 0.0195437 0)
(2.08437 0.0152008 0)
(2.0884 0.010882 0)
(2.09178 0.00630161 0)
(2.09515 0.00182634 0)
(2.09758 -0.0030266 0)
(2.10014 -0.00754747 0)
(2.10136 -0.0125884 0)
(2.103 -0.0168558 0)
(2.10276 -0.0219044 0)
(2.10351 -0.0254368 0)
(2.10167 -0.0303134 0)
(2.10181 -0.0324712 0)
(2.09835 -0.0371427 0)
(2.11154 0.0416921 0)
(2.11776 0.0367031 0)
(2.12284 0.0320359 0)
(2.12697 0.0276812 0)
(2.13085 0.0235858 0)
(2.13459 0.019536 0)
(2.13846 0.0155521 0)
(2.142 0.011454 0)
(2.14552 0.00742205 0)
(2.14839 0.00318793 0)
(2.15128 -0.000894482 0)
(2.15325 -0.00528239 0)
(2.15541 -0.00931577 0)
(2.15628 -0.0137955 0)
(2.15765 -0.0175369 0)
(2.15724 -0.0219745 0)
(2.15786 -0.0250284 0)
(2.15605 -0.0292946 0)
(2.15618 -0.0311411 0)
(2.15295 -0.0352394 0)
(2.17453 0.036999 0)
(2.18024 0.0323193 0)
(2.18499 0.0278612 0)
(2.18881 0.0236609 0)
(2.1923 0.019721 0)
(2.19554 0.0158601 0)
(2.19887 0.0120999 0)
(2.20183 0.00826356 0)
(2.20479 0.00452214 0)
(2.20709 0.00062553 0)
(2.20944 -0.00309064 0)
(2.21088 -0.00705292 0)
(2.21256 -0.0106556 0)
(2.21299 -0.0146391 0)
(2.214 -0.0179275 0)
(2.21326 -0.0218298 0)
(2.21367 -0.0244798 0)
(2.21166 -0.0282102 0)
(2.2117 -0.0297981 0)
(2.20838 -0.0333792 0)
(2.23863 0.0325602 0)
(2.2438 0.0282234 0)
(2.24816 0.0240457 0)
(2.25162 0.0200747 0)
(2.25472 0.016347 0)
(2.25747 0.0127125 0)
(2.26027 0.00920075 0)
(2.26265 0.00564235 0)
(2.26504 0.00219544 0)
(2.26675 -0.00136759 0)
(2.26856 -0.00473451 0)
(2.26943 -0.00830136 0)
(2.27063 -0.011514 0)
(2.27054 -0.0150494 0)
(2.27117 -0.0179392 0)
(2.26998 -0.0213663 0)
(2.27014 -0.0236691 0)
(2.26776 -0.0269246 0)
(2.26768 -0.0282935 0)
(2.26404 -0.0314074 0)
(2.30205 0.0284108 0)
(2.30669 0.0244535 0)
(2.31065 0.0206075 0)
(2.31375 0.0169218 0)
(2.31646 0.0134535 0)
(2.31875 0.0100803 0)
(2.32104 0.00684086 0)
(2.32286 0.00357623 0)
(2.32471 0.000433397 0)
(2.32585 -0.00279616 0)
(2.32714 -0.00582584 0)
(2.32743 -0.00901746 0)
(2.32816 -0.011868 0)
(2.32752 -0.0149916 0)
(2.32776 -0.0175232 0)
(2.32607 -0.020522 0)
(2.32595 -0.0225196 0)
(2.3231 -0.0253488 0)
(2.32288 -0.0265276 0)
(2.31876 -0.0292175 0)
(2.36297 0.0245793 0)
(2.3671 0.0210273 0)
(2.37067 0.0175456 0)
(2.37341 0.0141845 0)
(2.37576 0.0110134 0)
(2.37761 0.00793344 0)
(2.37945 0.00498946 0)
(2.38074 0.0020354 0)
(2.3821 -0.000791069 0)
(2.38269 -0.00368474 0)
(2.38349 -0.00638288 0)
(2.38323 -0.00921203 0)
(2.38351 -0.0117198 0)
(2.38233 -0.0144582 0)
(2.38218 -0.0166612 0)
(2.37996 -0.0192672 0)
(2.37956 -0.0209901 0)
(2.37619 -0.0234314 0)
(2.37583 -0.024441 0)
(2.37114 -0.026745 0)
(2.41947 0.0210571 0)
(2.42314 0.0179255 0)
(2.42633 0.0148312 0)
(2.42874 0.0118256 0)
(2.43077 0.00898499 0)
(2.43223 0.0062278 0)
(2.43366 0.00360247 0)
(2.43448 0.000974662 0)
(2.43539 -0.00152443 0)
(2.43547 -0.00407604 0)
(2.43584 -0.00644224 0)
(2.43506 -0.00891596 0)
(2.43494 -0.0110933 0)
(2.43324 -0.0134661 0)
(2.43274 -0.0153608 0)
(2.43001 -0.0176016 0)
(2.42935 -0.0190715 0)
(2.42545 -0.0211565 0)
(2.42495 -0.0220122 0)
(2.4197 -0.0239649 0)
(2.46964 0.0178156 0)
(2.47288 0.0151146 0)
(2.47573 0.0124268 0)
(2.47783 0.00980284 0)
(2.47958 0.00732063 0)
(2.4807 0.00491232 0)
(2.48177 0.00262636 0)
(2.48218 0.000341336 0)
(2.48272 -0.00181973 0)
(2.48236 -0.00402421 0)
(2.48235 -0.00605742 0)
(2.48114 -0.00818076 0)
(2.48066 -0.0100365 0)
(2.47851 -0.012059 0)
(2.47772 -0.0136608 0)
(2.47454 -0.0155588 0)
(2.47366 -0.0167924 0)
(2.46931 -0.0185486 0)
(2.46869 -0.019262 0)
(2.46295 -0.0208956 0)
(2.51163 0.0148363 0)
(2.51448 0.0125701 0)
(2.51703 0.0103006 0)
(2.51887 0.00807576 0)
(2.52037 0.00597132 0)
(2.52122 0.00392967 0)
(2.52202 0.00199718 0)
(2.52211 6.84716e-05 0)
(2.52235 -0.00175036 0)
(2.52166 -0.0036067 0)
(2.52136 -0.00530846 0)
(2.51981 -0.00708727 0)
(2.51907 -0.00863028 0)
(2.51659 -0.0103162 0)
(2.51558 -0.0116387 0)
(2.51208 -0.0132138 0)
(2.51104 -0.0142255 0)
(2.50638 -0.0156775 0)
(2.50566 -0.0162588 0)
(2.4996 -0.0176029 0)
(2.54394 0.0120905 0)
(2.54648 0.0102537 0)
(2.5488 0.00840426 0)
(2.55046 0.00658541 0)
(2.55181 0.00486699 0)
(2.55249 0.00319901 0)
(2.55312 0.00162516 0)
(2.55301 5.18836e-05 0)
(2.55306 -0.00142535 0)
(2.55217 -0.00293521 0)
(2.55171 -0.00431117 0)
(2.54997 -0.00575345 0)
(2.54908 -0.00699439 0)
(2.54644 -0.00835712 0)
(2.54531 -0.00941439 0)
(2.54167 -0.0106845 0)
(2.54054 -0.0114884 0)
(2.53576 -0.0126572 0)
(2.535 -0.0131159 0)
(2.52884 -0.0141959 0)
(2.56611 0.00947731 0)
(2.56847 0.008058 0)
(2.57068 0.00662481 0)
(2.57228 0.00521363 0)
(2.57361 0.00388358 0)
(2.57425 0.00259146 0)
(2.57483 0.00137568 0)
(2.57467 0.000156597 0)
(2.57468 -0.000984006 0)
(2.57374 -0.00215286 0)
(2.57325 -0.00321182 0)
(2.57148 -0.00432623 0)
(2.57058 -0.00527698 0)
(2.56793 -0.00632827 0)
(2.5668 -0.00713431 0)
(2.56318 -0.00811334 0)
(2.56207 -0.00872276 0)
(2.55735 -0.00962384 0)
(2.55661 -0.0099693 0)
(2.55056 -0.0108027 0)
(2.57936 0.00684764 0)
(2.58167 0.00583111 0)
(2.58389 0.00480836 0)
(2.58554 0.00380496 0)
(2.58695 0.0028642 0)
(2.58765 0.00195017 0)
(2.5883 0.00109113 0)
(2.5882 0.000229294 0)
(2.58827 -0.000577994 0)
(2.58741 -0.00140936 0)
(2.58698 -0.00215785 0)
(2.58531 -0.00294985 0)
(2.58449 -0.00361966 0)
(2.58195 -0.00436689 0)
(2.5809 -0.00493263 0)
(2.57744 -0.00562895 0)
(2.5764 -0.00605464 0)
(2.57187 -0.00669647 0)
(2.57118 -0.0069362 0)
(2.56538 -0.00753108 0)
(2.58617 0.00422926 0)
(2.5885 0.00358304 0)
(2.59078 0.00294725 0)
(2.59252 0.00233485 0)
(2.59403 0.00176972 0)
(2.59484 0.00122254 0)
(2.59558 0.000711482 0)
(2.59559 0.000196052 0)
(2.59576 -0.000284345 0)
(2.595 -0.000781351 0)
(2.59468 -0.00122467 0)
(2.59314 -0.00169839 0)
(2.59242 -0.00209419 0)
(2.59004 -0.00254209 0)
(2.58909 -0.00287513 0)
(2.5858 -0.0032935 0)
(2.58485 -0.00354268 0)
(2.58054 -0.00392925 0)
(2.57991 -0.00406838 0)
(2.57438 -0.00442683 0)
(2.58889 0.00162159 0)
(2.59124 0.00135423 0)
(2.59359 0.00110379 0)
(2.59541 0.000871979 0)
(2.59699 0.000664651 0)
(2.59787 0.000467587 0)
(2.59867 0.00028749 0)
(2.59874 0.000106099 0)
(2.59898 -6.03196e-05 0)
(2.59831 -0.000230802 0)
(2.59805 -0.000380782 0)
(2.59659 -0.00054174 0)
(2.59595 -0.000674378 0)
(2.59366 -0.000825993 0)
(2.59278 -0.000936643 0)
(2.5896 -0.00107809 0)
(2.58871 -0.00116015 0)
(2.58454 -0.00129083 0)
(2.58394 -0.00133618 0)
(2.57858 -0.00145707 0)
(1.8703 0.155946 1.81333e-21)
(1.88499 0.143506 0)
(1.89104 0.130955 -2.91985e-22)
(1.89062 0.118517 -8.72201e-21)
(1.88096 0.106565 1.28608e-20)
(1.86859 0.0960848 0)
(1.84443 0.0853418 9.0391e-21)
(1.81042 0.0796155 0)
(1.7816 0.0665542 6.61637e-21)
(1.60013 0.0558227 -8.9025e-23)
(1.91182 0.142567 -2.11872e-21)
(1.92492 0.132353 3.95921e-22)
(1.92992 0.121668 -3.96722e-22)
(1.92839 0.112455 -1.15514e-21)
(1.92097 0.102063 -8.12495e-21)
(1.9039 0.0953936 -4.59595e-22)
(1.89699 0.0856471 0)
(1.8444 0.0816476 -9.51633e-21)
(1.87026 0.075615 0)
(1.72518 0.062473 -5.78157e-21)
(1.95954 0.12912 4.37905e-21)
(1.96906 0.120785 0)
(1.9753 0.111075 -3.67723e-22)
(1.96806 0.103962 -7.21884e-22)
(1.96783 0.0948342 8.59518e-21)
(1.9384 0.0896561 0)
(1.9489 0.0828049 1.34181e-20)
(1.88165 0.0768489 9.83239e-21)
(1.91715 0.0753991 0)
(1.81477 0.0651464 5.72233e-21)
(2.01129 0.117074 -1.99089e-21)
(2.01614 0.109941 7.97031e-21)
(2.02598 0.101512 0)
(2.0115 0.0951787 1.13542e-20)
(2.01882 0.0879811 5.8531e-22)
(1.97977 0.0820195 -1.0831e-21)
(1.996 0.077951 -1.28307e-20)
(1.93015 0.0705108 -4.18484e-22)
(1.95244 0.0697199 -1.12543e-20)
(1.87984 0.0644715 0)
(2.06511 0.106272 0)
(2.06598 0.0997746 -7.78059e-21)
(2.0789 0.0930434 -8.55722e-21)
(2.06008 0.0867065 1.18147e-21)
(2.07036 0.0815387 -7.49274e-22)
(2.03015 0.0748379 -5.54114e-22)
(2.04162 0.0720652 -1.62842e-20)
(1.98592 0.0656426 -8.742e-22)
(1.99388 0.0634963 -1.02023e-21)
(1.93441 0.0615994 1.01571e-20)
(2.11941 0.0964066 2.57206e-21)
(2.1184 0.0903044 5.24793e-22)
(2.13189 0.0850748 -1.37739e-21)
(2.11314 0.078843 4.5975e-22)
(2.12176 0.0748996 -1.24081e-20)
(2.08631 0.0687238 0)
(2.09057 0.0658532 1.7794e-20)
(2.04396 0.0615336 -5.20558e-22)
(2.04424 0.0578489 2.63828e-20)
(1.98783 0.0572148 -2.15254e-20)
(2.17324 0.0872119 -2.58472e-21)
(2.17232 0.0816288 -4.73898e-21)
(2.18444 0.0773046 8.08109e-21)
(2.16836 0.0717085 -1.40289e-20)
(2.17399 0.0680846 -1.59205e-21)
(2.14417 0.0632117 -1.14889e-20)
(2.14408 0.0596765 5.65354e-22)
(2.10235 0.0569058 -1.05064e-21)
(2.10056 0.0523761 -1.32951e-20)
(2.04444 0.0520166 1.13563e-20)
(2.22605 0.0785418 0)
(2.22606 0.0736868 1.02446e-20)
(2.23655 0.0697714 -1.0809e-21)
(2.22343 0.0651361 7.63559e-21)
(2.22729 0.0614204 -6.75425e-22)
(2.20147 0.0577648 2.29674e-20)
(2.20047 0.0537412 -1.00612e-20)
(2.16122 0.0516981 0)
(2.16005 0.0470951 0)
(2.10507 0.0467061 0)
(2.27723 0.070368 0)
(2.27811 0.0663014 -9.40865e-21)
(2.2877 0.0626077 -5.92329e-22)
(2.27683 0.0588851 7.82115e-21)
(2.28062 0.0551298 1.38813e-20)
(2.25743 0.0522656 -1.29141e-20)
(2.25751 0.0482071 1.21131e-20)
(2.22057 0.046451 -6.44006e-22)
(2.22081 0.042183 0)
(2.16862 0.0416338 7.52462e-21)
(2.32589 0.0626656 3.40006e-22)
(2.32736 0.0592959 5.36629e-21)
(2.33683 0.0558605 8.24493e-21)
(2.32764 0.0528258 -4.36682e-22)
(2.33238 0.0492561 9.77954e-22)
(2.31155 0.0468493 -1.41742e-20)
(2.31334 0.0430966 1.33803e-20)
(2.27954 0.0414584 -6.79041e-22)
(2.28113 0.0376027 0)
(2.23331 0.0368426 -1.54806e-20)
(2.37109 0.0553729 0)
(2.37302 0.0525589 5.34689e-21)
(2.38276 0.0494826 2.33792e-22)
(2.37517 0.0469328 0)
(2.38108 0.0437328 0)
(2.36299 0.0416158 1.2582e-20)
(2.3664 0.0383014 -1.10945e-20)
(2.33671 0.0367186 -6.35086e-22)
(2.3394 0.0332545 3.48019e-22)
(2.29729 0.0323177 8.22627e-21)
(2.41209 0.0484183 0)
(2.41452 0.0460453 -1.01926e-20)
(2.42449 0.0433994 -1.0945e-20)
(2.41868 0.0412129 1.63493e-21)
(2.42556 0.0384654 -1.04393e-21)
(2.41068 0.0365704 -8.43038e-22)
(2.41535 0.0337091 1.58139e-21)
(2.39053 0.0321817 1.00036e-20)
(2.39406 0.0291118 9.46125e-22)
(2.35869 0.0280769 -2.87461e-22)
(2.44829 0.0417667 0)
(2.45134 0.039763 5.49385e-21)
(2.46127 0.0375671 -6.0038e-22)
(2.45743 0.0356838 5.95422e-22)
(2.46488 0.0333953 0)
(2.45355 0.0317024 0)
(2.45903 0.0292775 0)
(2.43955 0.0278431 -1.13536e-20)
(2.44364 0.0251821 1.04941e-20)
(2.41563 0.0241272 0)
(2.4791 0.0354374 0)
(2.48283 0.0337608 3.51477e-21)
(2.49238 0.0319928 4.50063e-21)
(2.49063 0.0303844 5.79358e-21)
(2.4982 0.0285232 -1.09677e-21)
(2.49054 0.0270353 6.69298e-21)
(2.49637 0.0250216 -5.92078e-21)
(2.48239 0.0237213 0)
(2.48672 0.0214664 6.8336e-22)
(2.4662 0.0204514 -9.83672e-21)
(2.50368 0.0294672 -7.86694e-22)
(2.50815 0.028091 -2.85237e-21)
(2.51707 0.0267037 -5.81856e-21)
(2.51739 0.0253586 -4.07723e-21)
(2.5247 0.0238779 0)
(2.52062 0.022607 -8.50385e-21)
(2.52639 0.0209707 8.50546e-21)
(2.51768 0.0198345 -8.02552e-22)
(2.52196 0.0179663 -5.19905e-21)
(2.50857 0.0170371 1.43211e-20)
(2.52137 0.0238296 7.90733e-22)
(2.5266 0.0227393 -2.22384e-21)
(2.53481 0.0216792 1.97506e-21)
(2.53705 0.020599 -4.84394e-21)
(2.54387 0.0194493 0)
(2.54299 0.0184129 0)
(2.54843 0.0171147 8.36633e-22)
(2.54436 0.0161699 -7.85866e-21)
(2.54839 0.0146632 -4.74721e-21)
(2.54118 0.0138653 -4.83558e-21)
(2.53244 0.0184004 0)
(2.53842 0.0175925 3.64396e-21)
(2.54599 0.0168182 -1.32547e-21)
(2.54982 0.0160127 4.32375e-21)
(2.55612 0.0151531 1.1523e-21)
(2.55777 0.0143676 -9.50039e-22)
(2.56278 0.0133712 1.778e-21)
(2.5623 0.0126411 5.43959e-21)
(2.56603 0.0114699 0)
(2.56353 0.0108435 0)
(2.53869 0.0130558 0)
(2.54522 0.0125389 1.49208e-21)
(2.5523 0.0120306 -2.7113e-21)
(2.5572 0.0115057 0)
(2.56304 0.0109142 -2.23945e-21)
(2.56636 0.0103807 -9.61438e-22)
(2.57099 0.00966176 -2.66766e-21)
(2.57282 0.00914381 -7.65102e-22)
(2.57632 0.00828421 4.02915e-22)
(2.57683 0.00782728 3.28897e-22)
(2.54237 0.00777673 0)
(2.5491 0.00755582 -1.49923e-21)
(2.55576 0.00732313 -1.34629e-21)
(2.56119 0.00708377 1.84647e-21)
(2.56667 0.00677071 1.06876e-21)
(2.57083 0.00648784 1.01296e-21)
(2.57518 0.00605342 4.46291e-21)
(2.5782 0.00573547 -3.22269e-21)
(2.58156 0.00517888 7.44928e-22)
(2.58363 0.00486093 0)
(2.54436 0.00243792 0)
(2.55107 0.002487 7.3149e-22)
(2.55746 0.00252448 -6.97269e-22)
(2.56303 0.00254878 6.56935e-22)
(2.56829 0.00252373 0)
(2.57274 0.00248754 -1.018e-21)
(2.57694 0.00237064 8.73405e-22)
(2.58039 0.0022677 7.67571e-22)
(2.58368 0.00205679 0)
(2.58633 0.00189796 0)
(1.22152 0.273324 0)
(1.16856 0.298805 -5.84818e-20)
(1.12652 0.332539 0)
(1.09231 0.375742 -1.94116e-19)
(1.06218 0.42782 7.39057e-20)
(1.03407 0.490766 2.48373e-21)
(1.00568 0.565823 6.29964e-20)
(0.95887 0.642294 -8.44493e-21)
(0.825799 0.659149 0)
(0.467839 0.41052 6.19223e-20)
(1.30838 0.275918 1.06534e-19)
(1.25752 0.308466 5.84801e-20)
(1.21746 0.341062 -5.54538e-20)
(1.18444 0.382862 6.53475e-20)
(1.15635 0.434636 -5.52699e-20)
(1.13236 0.4973 8.43925e-21)
(1.10972 0.571406 -6.5357e-20)
(1.06724 0.645018 -1.28386e-19)
(0.926781 0.656066 -3.4098e-20)
(0.524231 0.400454 -9.04431e-20)
(1.39054 0.27416 -4.71142e-20)
(1.34497 0.309045 4.87756e-20)
(1.30757 0.341076 5.54517e-20)
(1.27532 0.381978 5.67555e-20)
(1.2488 0.433095 5.77836e-20)
(1.22858 0.494601 5.81941e-20)
(1.21108 0.56626 9.97085e-21)
(1.17134 0.634551 5.46651e-20)
(1.02083 0.637447 1.95221e-20)
(0.572297 0.378439 -2.08394e-20)
(1.47093 0.269785 9.41043e-20)
(1.42942 0.304832 -4.87732e-20)
(1.39412 0.335779 0)
(1.36275 0.375098 0)
(1.33782 0.424388 0)
(1.32097 0.483377 4.24652e-20)
(1.30747 0.550913 -3.55742e-20)
(1.26798 0.611366 0)
(1.10374 0.603797 1.25716e-20)
(0.607939 0.345162 -2.48966e-20)
(1.54726 0.262401 -1.73573e-20)
(1.50837 0.296221 6.33896e-20)
(1.47472 0.325773 0)
(1.44459 0.363001 0)
(1.42149 0.409413 1.76807e-20)
(1.40756 0.464582 1.63656e-20)
(1.39656 0.526417 2.35224e-20)
(1.35409 0.576343 1.04791e-20)
(1.17085 0.556529 1.13494e-20)
(0.627982 0.303122 -5.02525e-21)
(1.61658 0.252342 5.12173e-20)
(1.57984 0.283654 1.88655e-20)
(1.54767 0.311397 0)
(1.51903 0.346139 0)
(1.49793 0.388859 -4.69814e-20)
(1.48638 0.438968 1.48441e-20)
(1.476 0.493519 4.54292e-21)
(1.42626 0.531348 -2.2552e-22)
(1.21725 0.497769 -5.67856e-21)
(0.630533 0.254559 4.84561e-22)
(1.67819 0.239653 -2.90495e-20)
(1.64308 0.267476 3.05647e-20)
(1.61202 0.293179 2.72643e-20)
(1.58486 0.325085 -2.88438e-20)
(1.56555 0.363473 -1.12077e-20)
(1.55549 0.407522 1.1937e-20)
(1.54306 0.453149 -5.33578e-21)
(1.48044 0.478215 5.7308e-21)
(1.2399 0.430588 0)
(0.614243 0.202035 0)
(1.73098 0.224825 -2.44352e-20)
(1.69738 0.248804 2.57102e-20)
(1.6671 0.272079 0)
(1.64115 0.300895 0)
(1.6233 0.334421 0)
(1.61323 0.371493 2.58537e-21)
(1.59492 0.407075 -7.69976e-21)
(1.51285 0.418509 9.35756e-22)
(1.23613 0.357592 0)
(0.578344 0.149026 -5.85176e-21)
(1.77529 0.208177 -1.01031e-20)
(1.74226 0.227882 8.3478e-21)
(1.71231 0.249197 -2.09312e-21)
(1.6874 0.274452 0)
(1.67035 0.302735 -2.74833e-21)
(1.658 0.332463 6.72143e-21)
(1.62902 0.357135 0)
(1.52044 0.354216 -1.29996e-22)
(1.20304 0.281615 -5.04329e-21)
(0.523579 0.0991553 8.66524e-21)
(1.81025 0.190627 0)
(1.77719 0.207047 2.28244e-21)
(1.74763 0.225489 2.09292e-21)
(1.72346 0.246798 0)
(1.70588 0.269663 8.36112e-22)
(1.68818 0.291714 -1.65782e-21)
(1.64263 0.304905 -8.2404e-23)
(1.49989 0.287576 1.10673e-21)
(1.13847 0.206049 2.40792e-21)
(0.452816 0.0557871 0)
(0.550261 0.0161055 -1.98178e-20)
(0.527208 0.0184816 2.10509e-20)
(0.499137 0.0212793 1.13015e-20)
(0.464978 0.0245377 1.22932e-20)
(0.423207 0.028399 -1.30535e-20)
(0.371676 0.0330404 -2.14634e-20)
(0.307611 0.0385448 7.72012e-21)
(0.225625 0.0441935 -1.69776e-20)
(0.121711 0.045763 -1.86084e-20)
(0.0342569 0.029456 0)
(0.565598 0.0481456 0)
(0.542284 0.0551947 -1.052e-20)
(0.51379 0.0635362 -1.12638e-20)
(0.479382 0.0732487 0)
(0.43766 0.084749 2.63156e-20)
(0.386489 0.0985755 1.42467e-20)
(0.323079 0.114997 0)
(0.241785 0.131877 -1.64473e-20)
(0.1371 0.13656 -6.70561e-23)
(0.0437952 0.0880058 -1.96855e-20)
(0.595766 0.0796764 7.87501e-20)
(0.571988 0.0911525 -8.2871e-20)
(0.542698 0.104878 0)
(0.507822 0.120856 0)
(0.466223 0.139745 0)
(0.415801 0.162456 -8.43811e-20)
(0.353736 0.189475 1.21278e-19)
(0.273772 0.217334 -3.22969e-20)
(0.167662 0.225138 0)
(0.0628445 0.14526 3.94708e-20)
(0.639755 0.110311 7.7857e-20)
(0.61541 0.125817 -8.19303e-20)
(0.585052 0.14466 -8.84985e-20)
(0.549569 0.166587 -1.2698e-21)
(0.508211 0.192451 1.51769e-19)
(0.458945 0.223548 -5.43746e-20)
(0.398916 0.26061 5.96151e-20)
(0.32097 0.298978 -1.28607e-19)
(0.212899 0.309962 6.97027e-20)
(0.0911354 0.200132 0)
(0.696157 0.139569 -1.90065e-19)
(0.671257 0.158631 3.99389e-20)
(0.639685 0.182306 0)
(0.603565 0.209809 0)
(0.562644 0.242101 5.07963e-20)
(0.514982 0.280883 -1.58237e-19)
(0.45769 0.327179 1.13891e-19)
(0.382487 0.375325 -1.22461e-19)
(0.272029 0.389436 2.08945e-21)
(0.128198 0.251496 -6.96931e-20)
(0.76329 0.166866 2.61145e-19)
(0.737988 0.188777 -1.97469e-19)
(0.705157 0.216774 0)
(0.668407 0.249302 0)
(0.628135 0.287382 4.86787e-20)
(0.582552 0.333111 5.22891e-20)
(0.528732 0.387767 5.10569e-20)
(0.457053 0.444804 6.05833e-20)
(0.34391 0.461854 1.75155e-21)
(0.173294 0.298074 1.3771e-19)
(0.83915 0.191974 -1.48098e-19)
(0.813724 0.21663 -7.48263e-20)
(0.779807 0.248784 0)
(0.742657 0.285704 0)
(0.703369 0.328508 0)
(0.660307 0.379883 -9.7819e-20)
(0.610567 0.441485 9.83518e-20)
(0.543101 0.50604 0)
(0.427008 0.525502 -5.88497e-20)
(0.225343 0.33847 1.25479e-19)
(0.922556 0.212359 -7.13395e-20)
(0.896795 0.2386 7.48268e-20)
(0.861342 0.274283 7.53855e-20)
(0.823877 0.315341 7.98006e-20)
(0.786149 0.362675 8.43853e-20)
(0.746332 0.419207 8.91141e-20)
(0.701396 0.486773 -7.23581e-21)
(0.638774 0.557465 9.82107e-20)
(0.519405 0.578604 -5.34989e-20)
(0.282892 0.371249 5.71059e-20)
(1.01214 0.234057 -1.35197e-19)
(0.985749 0.262428 6.73291e-20)
(0.948516 0.300348 -7.53852e-20)
(0.910944 0.343006 -8.21814e-20)
(0.874973 0.392281 7.61155e-20)
(0.838651 0.451763 -6.83401e-21)
(0.798978 0.523277 -2.68082e-19)
(0.741688 0.598016 -1.82835e-19)
(0.618629 0.619549 5.10972e-20)
(0.3441 0.395063 -4.20082e-20)
(1.11014 0.243232 0)
(1.07579 0.272284 -6.73286e-20)
(1.03621 0.314349 0)
(1.00058 0.360806 6.84861e-20)
(0.967749 0.413094 -2.30656e-19)
(0.935436 0.475356 -1.59675e-19)
(0.901261 0.549666 1.68468e-19)
(0.849335 0.626497 8.83569e-20)
(0.721847 0.646761 0)
(0.406692 0.408524 9.26905e-20)
(0.673564 0.00116738 0)
(0.673019 0.00116686 -1.13574e-21)
(0.671654 0.00119293 1.12979e-21)
(0.669944 0.0012689 0)
(0.668166 0.00139552 -2.27921e-21)
(0.666278 0.00156919 2.26746e-21)
(0.664152 0.00179093 0)
(0.66169 0.00206509 0)
(0.658809 0.00239869 0)
(0.655432 0.0027961 0)
(0.651511 0.00327264 1.14721e-21)
(0.646974 0.00384069 0)
(0.641704 0.00451308 0)
(0.635554 0.00530609 9.2996e-21)
(0.628363 0.00624039 -9.25374e-21)
(0.61995 0.00734141 0)
(0.610102 0.00863939 1.05978e-20)
(0.59857 0.010177 -1.8861e-20)
(0.585036 0.0119742 9.43473e-21)
(0.569143 0.0142662 9.61236e-21)
(0.685194 0.00340484 2.36449e-21)
(0.68466 0.00342037 4.50607e-21)
(0.683386 0.00353587 -4.48436e-21)
(0.681807 0.00379111 2.25238e-21)
(0.680152 0.00418316 2.25583e-21)
(0.678376 0.00470831 9.06772e-21)
(0.676358 0.00537456 -6.76169e-21)
(0.674006 0.00619627 -1.8203e-20)
(0.671232 0.00719512 3.86319e-20)
(0.667973 0.00838634 -1.81573e-20)
(0.664188 0.00981787 -1.71952e-20)
(0.659798 0.0115257 3.89298e-20)
(0.654684 0.0135461 -3.44611e-20)
(0.648705 0.0159267 1.83665e-20)
(0.641706 0.018729 2.31211e-21)
(0.633517 0.0220291 3.96888e-20)
(0.623924 0.0259169 -3.83661e-20)
(0.612723 0.0305214 0)
(0.599511 0.0358928 2.35851e-21)
(0.584497 0.0427548 0)
(0.70785 0.00555571 -7.02573e-21)
(0.707433 0.00560572 -6.20983e-24)
(0.70638 0.00583894 8.94064e-21)
(0.705035 0.00629455 -4.41002e-21)
(0.703599 0.00696461 -1.11624e-20)
(0.702028 0.00785101 -2.24258e-21)
(0.700214 0.00897241 -2.24872e-21)
(0.698073 0.0103556 -2.25308e-21)
(0.695509 0.0120317 3.17642e-20)
(0.692487 0.0140272 2.52295e-22)
(0.688979 0.0164157 -4.07938e-20)
(0.684882 0.0192615 -2.28216e-21)
(0.680074 0.0226277 -4.57748e-21)
(0.674433 0.0265924 0)
(0.667817 0.0312556 -4.17029e-20)
(0.660078 0.0367426 3.23075e-20)
(0.650997 0.0431993 0)
(0.640472 0.0508447 -2.33762e-21)
(0.627908 0.0597235 -2.36264e-21)
(0.614626 0.0711192 -2.36349e-21)
(0.740842 0.00768977 2.30363e-21)
(0.740569 0.00777491 6.57344e-21)
(0.7398 0.00811232 0)
(0.738762 0.00875982 -1.98946e-20)
(0.737613 0.00970829 1.76386e-20)
(0.736322 0.0109581 2.00242e-20)
(0.734792 0.0125292 -1.33025e-20)
(0.732943 0.0144612 2.23435e-21)
(0.730663 0.0167757 -2.92602e-20)
(0.727963 0.0196004 -2.42202e-22)
(0.724832 0.0229844 3.37611e-20)
(0.721149 0.0269897 -3.64119e-20)
(0.716791 0.0317064 -3.4558e-20)
(0.711651 0.0372512 7.74962e-20)
(0.705606 0.0437626 2.30189e-21)
(0.698547 0.0514157 6.92192e-21)
(0.690242 0.0604016 -7.46385e-20)
(0.680758 0.0710474 1.69518e-21)
(0.669174 0.0833096 -6.66657e-22)
(0.658411 0.0992032 7.76258e-20)
(0.78308 0.00972125 4.52731e-21)
(0.782948 0.00984581 -1.72069e-20)
(0.78249 0.0102844 8.60853e-21)
(0.781797 0.0111248 4.33637e-21)
(0.780966 0.0123612 0)
(0.779969 0.0139883 0)
(0.778736 0.0160283 -4.3957e-21)
(0.777166 0.0185278 0)
(0.775274 0.0215199 -4.43751e-21)
(0.773079 0.0251559 0)
(0.770425 0.0295117 4.48167e-21)
(0.767225 0.0346606 -7.22249e-20)
(0.763411 0.0407078 -4.86903e-22)
(0.758911 0.0478054 -5.05348e-21)
(0.753613 0.0561232 7.28675e-20)
(0.747459 0.0658953 -4.60746e-21)
(0.740196 0.0773292 4.59928e-21)
(0.732128 0.0909092 -7.46079e-20)
(0.721887 0.10634 7.91297e-20)
(0.714316 0.126709 1.50442e-19)
(0.833304 0.0115286 4.41663e-21)
(0.833276 0.0117148 -4.18716e-21)
(0.833111 0.0122703 -4.22188e-21)
(0.832765 0.0133107 -4.24572e-21)
(0.832251 0.0148384 -3.42766e-20)
(0.831551 0.0168429 6.44664e-20)
(0.830617 0.0193401 -3.88028e-20)
(0.829372 0.0223739 0)
(0.827878 0.0261127 -4.36852e-21)
(0.82613 0.0305897 -4.3931e-21)
(0.823979 0.0358895 -4.41783e-21)
(0.821342 0.0421389 6.70292e-20)
(0.818181 0.0494664 -1.47851e-19)
(0.814454 0.0580652 7.19111e-20)
(0.810078 0.0681125 0)
(0.805054 0.0799325 -4.53776e-21)
(0.799113 0.0936843 -1.56345e-19)
(0.79283 0.110133 1.47189e-19)
(0.784352 0.128422 -4.66468e-21)
(0.780507 0.153277 0)
(0.890214 0.0129404 4.27926e-21)
(0.890224 0.0132386 -1.23009e-20)
(0.890269 0.0139669 4.0299e-21)
(0.890198 0.0152437 2.4836e-20)
(0.889933 0.0170626 4.1746e-21)
(0.889445 0.0194021 -2.53486e-20)
(0.88871 0.0223401 4.06144e-21)
(0.887825 0.0259876 3.40946e-20)
(0.886814 0.0304252 8.60764e-21)
(0.885505 0.0357064 7.39059e-20)
(0.883837 0.041915 -6.0976e-20)
(0.881782 0.0492203 -6.17734e-20)
(0.879345 0.057751 7.51625e-20)
(0.876495 0.0677751 4.44071e-21)
(0.873211 0.0794189 4.46579e-21)
(0.869535 0.0931719 9.02941e-21)
(0.865231 0.108981 9.07815e-21)
(0.861091 0.128151 -4.51997e-21)
(0.854855 0.148818 0)
(0.854994 0.178197 1.46097e-19)
(0.952484 0.0138179 -1.2452e-20)
(0.952484 0.014284 -1.98338e-23)
(0.952628 0.0152351 -3.99668e-21)
(0.952689 0.0167336 -3.64037e-20)
(0.952497 0.0188491 2.43607e-20)
(0.952124 0.021636 -4.11581e-21)
(0.951698 0.0251137 0)
(0.951175 0.0293809 0)
(0.950459 0.0344436 -8.4496e-21)
(0.949489 0.0404305 -4.25152e-21)
(0.948299 0.0474365 -4.31228e-21)
(0.946849 0.0557014 -4.35124e-21)
(0.945218 0.0652933 0)
(0.943334 0.0766351 -8.80795e-21)
(0.941314 0.0896754 -4.46224e-21)
(0.939143 0.105299 -8.92301e-21)
(0.936776 0.122859 -4.52469e-21)
(0.935096 0.144661 -1.39408e-19)
(0.93171 0.166724 1.44609e-19)
(0.936371 0.200303 0)
(1.01885 0.0141815 0)
(1.01882 0.0148432 3.83168e-21)
(1.01889 0.0161456 1.94047e-21)
(1.01894 0.0180246 0)
(1.01889 0.0205149 3.57267e-20)
(1.0187 0.0237178 -3.19784e-20)
(1.01839 0.0276504 6.6962e-20)
(1.01796 0.0323642 -6.53897e-20)
(1.01746 0.0379169 6.21322e-21)
(1.01682 0.0445225 2.11033e-21)
(1.01615 0.0522179 0)
(1.01533 0.0613626 0)
(1.01463 0.0718378 0)
(1.01381 0.084368 1.43407e-19)
(1.01339 0.0983744 -2.80011e-19)
(1.01292 0.115626 4.72692e-21)
(1.01295 0.134153 1.41726e-19)
(1.01363 0.159101 0)
(1.01337 0.182586 0)
(1.02309 0.222439 1.40933e-19)
(1.08856 0.0147891 0)
(1.08873 0.0155281 -1.47995e-20)
(1.08885 0.0169923 -1.31805e-20)
(1.08878 0.0191614 3.027e-20)
(1.08858 0.0219723 3.07924e-20)
(1.08827 0.0254521 -9.34839e-20)
(1.08797 0.0296443 6.10197e-20)
(1.08765 0.034703 0)
(1.08744 0.0406434 -2.02867e-21)
(1.08718 0.0477349 -6.3541e-20)
(1.08722 0.0558748 1.32583e-19)
(1.08715 0.0655979 -6.7e-20)
(1.08777 0.0764582 0)
(1.08813 0.089694 -1.36483e-19)
(1.09002 0.103831 2.75217e-19)
(1.09134 0.122024 -1.38753e-19)
(1.09578 0.139696 0)
(1.09998 0.16606 -1.37462e-19)
(1.10713 0.186811 1.38899e-19)
(1.12534 0.233959 -2.16414e-21)
(1.16076 0.0146398 0)
(1.1606 0.0154034 0)
(1.16046 0.0169235 0)
(1.16015 0.0190893 0)
(1.15971 0.0218157 0)
(1.15919 0.0251946 0)
(1.15881 0.0292806 0)
(1.15843 0.0342974 0)
(1.15838 0.0402066 0)
(1.15823 0.047393 0)
(1.15878 0.0555872 0)
(1.15896 0.0656522 0)
(1.1608 0.0766512 0)
(1.16144 0.0907866 0)
(1.16615 0.105022 0)
(1.16707 0.125578 0)
(1.17863 0.142437 0)
(1.17849 0.175178 0)
(1.20948 0.188894 0)
(1.20142 0.25101 0)
(1.23549 0.0139572 0)
(1.2356 0.0148937 0)
(1.23557 0.0167801 0)
(1.23517 0.0192211 0)
(1.23467 0.0220529 0)
(1.23415 0.0254247 0)
(1.23395 0.0294045 0)
(1.23375 0.0342798 0)
(1.23411 0.0399441 0)
(1.23425 0.0468737 0)
(1.23554 0.0546126 0)
(1.23605 0.0642585 0)
(1.23924 0.074427 0)
(1.24004 0.0878558 0)
(1.2473 0.100501 0)
(1.24759 0.119615 0)
(1.26406 0.133586 0)
(1.26076 0.161905 0)
(1.29843 0.172133 0)
(1.28059 0.213496 0)
(1.31398 0.0151346 0)
(1.31475 0.0158911 0)
(1.31512 0.0175497 0)
(1.31472 0.0198555 0)
(1.31416 0.0225573 0)
(1.31364 0.0257666 0)
(1.31363 0.0295256 0)
(1.31363 0.0341633 0)
(1.31442 0.0395098 0)
(1.31482 0.0460865 0)
(1.31681 0.0533063 0)
(1.31759 0.0623479 0)
(1.32192 0.0716342 0)
(1.32281 0.0839424 0)
(1.33181 0.0951427 0)
(1.33164 0.111914 0)
(1.35029 0.123815 0)
(1.34528 0.146616 0)
(1.38356 0.155461 0)
(1.36322 0.1855 0)
(1.39806 0.0163694 0)
(1.39858 0.0169838 0)
(1.39893 0.0184702 0)
(1.39843 0.0206166 0)
(1.39775 0.0230987 0)
(1.39712 0.026033 0)
(1.39724 0.0294677 0)
(1.39738 0.0337704 0)
(1.39855 0.0387246 0)
(1.39916 0.0448588 0)
(1.40176 0.0515168 0)
(1.40274 0.0598622 0)
(1.40796 0.0683021 0)
(1.40891 0.0794216 0)
(1.41906 0.0893938 0)
(1.41852 0.103989 0)
(1.43817 0.114366 0)
(1.43209 0.133242 0)
(1.47013 0.141241 0)
(1.44847 0.16545 0)
(1.4845 0.0156643 0)
(1.48515 0.0165623 0)
(1.48563 0.0185434 0)
(1.48496 0.0209323 0)
(1.48409 0.0233488 0)
(1.48337 0.0260403 0)
(1.48367 0.0291423 0)
(1.48399 0.0330788 0)
(1.48557 0.037607 0)
(1.48638 0.043244 0)
(1.48953 0.0493052 0)
(1.49066 0.0569052 0)
(1.49662 0.0645043 0)
(1.49755 0.07446 0)
(1.50851 0.0832935 0)
(1.50759 0.0960238 0)
(1.52781 0.105065 0)
(1.52092 0.121089 0)
(1.55842 0.128066 0)
(1.53589 0.148286 0)
(1.5709 0.0172456 0)
(1.57275 0.0180043 0)
(1.57392 0.0197327 0)
(1.57319 0.0217888 0)
(1.5722 0.0237767 0)
(1.5715 0.0260027 0)
(1.57213 0.0286443 0)
(1.57273 0.0321364 0)
(1.57478 0.0361907 0)
(1.5758 0.0412872 0)
(1.57948 0.04673 0)
(1.58072 0.0535739 0)
(1.58729 0.0603519 0)
(1.58814 0.0692122 0)
(1.59968 0.0769871 0)
(1.59839 0.0881087 0)
(1.61882 0.0959379 0)
(1.61133 0.109662 0)
(1.64789 0.1156 0)
(1.62512 0.132643 0)
(1.6624 0.0194436 0)
(1.66388 0.0201193 0)
(1.66492 0.0214254 0)
(1.66387 0.022838 0)
(1.66266 0.0241205 0)
(1.66192 0.0257134 0)
(1.66283 0.0278318 0)
(1.66367 0.0308628 0)
(1.66609 0.0344422 0)
(1.66723 0.0389936 0)
(1.6713 0.0438298 0)
(1.67257 0.049942 0)
(1.67955 0.0559486 0)
(1.68028 0.0638014 0)
(1.69212 0.0706181 0)
(1.6905 0.0803323 0)
(1.71079 0.0870922 0)
(1.70293 0.098878 0)
(1.73812 0.103925 0)
(1.71575 0.118359 0)
(1.75426 0.0214901 0)
(1.7564 0.0223894 0)
(1.75744 0.0235153 0)
(1.75595 0.0242016 0)
(1.75452 0.0245379 0)
(1.75385 0.0253212 0)
(1.75511 0.0268562 0)
(1.75614 0.0294112 0)
(1.75882 0.0325105 0)
(1.75997 0.0365087 0)
(1.76426 0.040752 0)
(1.76549 0.0461599 0)
(1.77269 0.0514512 0)
(1.77326 0.0583762 0)
(1.78513 0.0643377 0)
(1.78327 0.0728029 0)
(1.80303 0.0786451 0)
(1.79514 0.088768 0)
(1.82847 0.0931026 0)
(1.80721 0.105345 0)
(1.84946 0.022848 0)
(1.85068 0.0242614 0)
(1.8503 0.0257211 0)
(1.8475 0.0257991 0)
(1.84556 0.0251041 0)
(1.84504 0.0250426 0)
(1.84676 0.0259983 0)
(1.84803 0.0280501 0)
(1.8509 0.0306272 0)
(1.85206 0.0340337 0)
(1.85651 0.0376792 0)
(1.85774 0.042396 0)
(1.86503 0.047016 0)
(1.86555 0.0530753 0)
(1.8772 0.0582706 0)
(1.87534 0.0656152 0)
(1.8942 0.0706723 0)
(1.88675 0.0793537 0)
(1.91772 0.08311 0)
(1.89836 0.0934883 0)
(1.93578 0.024586 0)
(1.93771 0.0257346 0)
(1.93631 0.0261293 0)
(1.93206 0.0248852 0)
(1.93007 0.0234296 0)
(1.93047 0.0231744 0)
(1.93324 0.0240839 0)
(1.93519 0.0259432 0)
(1.93856 0.0281865 0)
(1.94008 0.0311391 0)
(1.94489 0.034314 0)
(1.94642 0.0384505 0)
(1.95383 0.0425067 0)
(1.9546 0.0478081 0)
(1.96592 0.0523467 0)
(1.96445 0.0587128 0)
(1.98214 0.0631048 0)
(1.97573 0.0705507 0)
(2.00389 0.0738212 0)
(1.9873 0.0826306 0)
(2.00298 0.0475573 0)
(2.00712 0.0447998 0)
(2.00679 0.0360599 0)
(2.00434 0.0276743 0)
(2.00507 0.0229514 0)
(2.00797 0.0216226 0)
(2.0124 0.022088 0)
(2.01536 0.0235143 0)
(2.01941 0.0253114 0)
(2.02158 0.0278002 0)
(2.02686 0.0305584 0)
(2.02896 0.0342004 0)
(2.03648 0.0377864 0)
(2.0378 0.0424433 0)
(2.04867 0.0464262 0)
(2.04802 0.0519607 0)
(2.06434 0.0557846 0)
(2.05955 0.0621935 0)
(2.0846 0.0650372 0)
(2.07155 0.0725525 0)
(2.08963 0.0580693 0)
(2.08071 0.0523944 0)
(2.07261 0.0390041 0)
(2.07171 0.0272551 0)
(2.07615 0.021074 0)
(2.08117 0.0192721 0)
(2.08611 0.0194817 0)
(2.08908 0.020573 0)
(2.09306 0.0220059 0)
(2.09549 0.0241044 0)
(2.10086 0.0265043 0)
(2.10345 0.0297122 0)
(2.11088 0.0328765 0)
(2.11288 0.0369646 0)
(2.12319 0.0404459 0)
(2.12366 0.0452621 0)
(2.13853 0.0485714 0)
(2.13578 0.0541083 0)
(2.15772 0.0565508 0)
(2.14862 0.0630065 0)
(2.13518 0.0382751 0)
(2.12426 0.03387 0)
(2.11665 0.0256586 0)
(2.12041 0.0185544 0)
(2.13009 0.0150084 0)
(2.13866 0.0144228 0)
(2.14538 0.0151506 0)
(2.14945 0.0164016 0)
(2.15421 0.0178251 0)
(2.15765 0.0197702 0)
(2.16367 0.0219501 0)
(2.16727 0.0248121 0)
(2.17493 0.0276061 0)
(2.17802 0.031189 0)
(2.188 0.0342139 0)
(2.18992 0.0384015 0)
(2.20357 0.0412455 0)
(2.20305 0.0460395 0)
(2.22229 0.0481155 0)
(2.217 0.0536911 0)
(2.17253 0.0179032 0)
(2.1616 0.0156548 0)
(2.15565 0.0118485 0)
(2.16301 0.00891029 0)
(2.17654 0.00792276 0)
(2.18807 0.00849937 0)
(2.19658 0.0096475 0)
(2.20206 0.0110449 0)
(2.20788 0.0125421 0)
(2.2126 0.0144501 0)
(2.21937 0.0165144 0)
(2.22412 0.0191161 0)
(2.23202 0.0216214 0)
(2.23622 0.0247841 0)
(2.24586 0.0274499 0)
(2.24912 0.0311066 0)
(2.26162 0.0335938 0)
(2.26305 0.0377458 0)
(2.27991 0.0395642 0)
(2.27774 0.04436 0)
(2.23118 -0.00436768 0)
(2.22022 -0.00398324 0)
(2.21487 -0.00410259 0)
(2.22332 -0.00356731 0)
(2.2375 -0.00205147 0)
(2.24909 -0.000123002 0)
(2.25711 0.0018003 0)
(2.26223 0.00374653 0)
(2.26751 0.00569501 0)
(2.27204 0.0079025 0)
(2.27815 0.0101274 0)
(2.28277 0.0126727 0)
(2.28974 0.0150669 0)
(2.29399 0.0179473 0)
(2.30234 0.0204064 0)
(2.30604 0.0236314 0)
(2.31666 0.0259066 0)
(2.31917 0.0294726 0)
(2.33323 0.0311844 0)
(2.33326 0.0352038 0)
(2.32787 -0.0334697 0)
(2.31467 -0.0267207 0)
(2.30566 -0.0178732 0)
(2.31025 -0.0105651 0)
(2.32016 -0.00636619 0)
(2.32755 -0.00432166 0)
(2.33166 -0.00286154 0)
(2.33345 -0.00109001 0)
(2.33551 0.000980201 0)
(2.3374 0.00329991 0)
(2.34065 0.00551845 0)
(2.34319 0.00785677 0)
(2.34756 0.0100193 0)
(2.35042 0.0125126 0)
(2.3562 0.0146872 0)
(2.35923 0.0174014 0)
(2.36699 0.0194194 0)
(2.36978 0.0223331 0)
(2.38024 0.0239197 0)
(2.38196 0.0270947 0)
(2.42801 -0.0765209 0)
(2.41293 -0.0665364 0)
(2.39637 -0.0413058 0)
(2.38899 -0.0187826 0)
(2.38748 -0.00723279 0)
(2.38733 -0.00355752 0)
(2.38696 -0.00246861 0)
(2.3859 -0.00113337 0)
(2.38521 0.000726014 0)
(2.38468 0.00272122 0)
(2.3853 0.00448545 0)
(2.38603 0.00624468 0)
(2.38823 0.00784262 0)
(2.39004 0.00967885 0)
(2.39377 0.0112949 0)
(2.39642 0.0133043 0)
(2.40186 0.0148314 0)
(2.40511 0.0169847 0)
(2.41255 0.0182218 0)
(2.41604 0.0205394 0)
(2.39339 -0.0567767 0)
(2.40481 -0.0528344 0)
(2.40801 -0.034809 0)
(2.39846 -0.0167772 0)
(2.38901 -0.00657499 0)
(2.38573 -0.00260664 0)
(2.38706 -0.00116723 0)
(2.38945 -9.08421e-05 0)
(2.39153 0.00108706 0)
(2.39314 0.00234696 0)
(2.3952 0.00349758 0)
(2.3975 0.00468139 0)
(2.40062 0.00574541 0)
(2.40373 0.00698189 0)
(2.40781 0.00805518 0)
(2.4116 0.00942446 0)
(2.41675 0.010452 0)
(2.42123 0.0119403 0)
(2.42766 0.0127755 0)
(2.43279 0.014381 0)
(2.39883 0.0330414 0)
(2.41218 0.028419 0)
(2.41854 0.0115314 0)
(2.41093 -0.00208794 0)
(2.40179 -0.00625242 0)
(2.39828 -0.00496798 0)
(2.39924 -0.003051 0)
(2.4015 -0.00199889 0)
(2.40366 -0.00146652 0)
(2.40552 -0.000818262 0)
(2.40758 -1.03237e-05 0)
(2.40989 0.000933416 0)
(2.41275 0.00179828 0)
(2.41583 0.00273722 0)
(2.41953 0.00353908 0)
(2.42334 0.00450503 0)
(2.42794 0.00524098 0)
(2.43252 0.00624598 0)
(2.43818 0.00683746 0)
(2.44359 0.00787069 0)
(2.47831 0.0386688 0)
(2.46376 0.0343349 0)
(2.45022 0.016982 0)
(2.44657 0.00194209 0)
(2.44592 -0.00373199 0)
(2.44335 -0.00364564 0)
(2.43961 -0.00247886 0)
(2.43638 -0.00185974 0)
(2.43417 -0.00163556 0)
(2.43273 -0.00139137 0)
(2.43193 -0.0010336 0)
(2.4317 -0.000594552 0)
(2.43218 -0.000186828 0)
(2.43326 0.000229469 0)
(2.43508 0.000583286 0)
(2.43742 0.000981457 0)
(2.44052 0.00129218 0)
(2.44403 0.0016849 0)
(2.44839 0.00193142 0)
(2.4531 0.00231447 0)
(1.285 0.237284 -1.79191e-21)
(1.36786 0.226428 -1.07308e-19)
(1.44637 0.221163 0)
(1.5229 0.216773 -8.92502e-20)
(1.59664 0.211293 0)
(1.66334 0.20514 -6.88849e-20)
(1.72227 0.197904 3.10635e-20)
(1.77256 0.189348 -8.72413e-22)
(1.81437 0.179903 0)
(1.84712 0.168334 0)
(1.35786 0.206253 1.1588e-19)
(1.44247 0.20068 0)
(1.52175 0.199114 9.60743e-20)
(1.59359 0.19805 0)
(1.66211 0.194216 -2.31657e-21)
(1.72367 0.18859 3.70084e-20)
(1.77813 0.181416 2.47485e-22)
(1.82383 0.173339 -7.68533e-22)
(1.86175 0.163874 7.674e-22)
(1.89082 0.153595 2.48295e-21)
(1.43563 0.184489 -1.14662e-19)
(1.5159 0.181866 0)
(1.59403 0.179506 -9.28114e-20)
(1.66254 0.177848 -2.82427e-21)
(1.72707 0.174227 7.77117e-20)
(1.78461 0.168957 -3.47605e-20)
(1.83643 0.162283 1.1691e-21)
(1.87837 0.155348 -9.02752e-22)
(1.91404 0.146875 0)
(1.93958 0.138642 -5.09534e-21)
(1.51748 0.165756 0)
(1.59304 0.164062 1.01471e-19)
(1.66881 0.161344 -2.79299e-21)
(1.73435 0.159358 5.32749e-21)
(1.79489 0.156465 -8.25535e-20)
(1.84775 0.152018 2.29926e-21)
(1.89681 0.14604 -3.09899e-20)
(1.93482 0.139881 0)
(1.96907 0.13247 -1.26531e-20)
(1.99075 0.125435 2.96942e-21)
(1.60183 0.148648 -1.06496e-19)
(1.67249 0.147668 1.65872e-21)
(1.74452 0.145261 -5.74533e-21)
(1.80693 0.143017 5.26395e-21)
(1.86378 0.140507 -2.51625e-21)
(1.91216 0.13671 -2.0749e-21)
(1.95832 0.131496 3.00567e-21)
(1.99266 0.125901 1.23742e-20)
(2.02571 0.119518 1.31826e-20)
(2.04373 0.113278 0)
(1.68784 0.133018 2.09077e-19)
(1.75368 0.132549 -1.9613e-19)
(1.82119 0.130599 -2.71151e-21)
(1.88012 0.128269 2.71442e-21)
(1.9333 0.125977 0)
(1.97751 0.122722 3.49932e-20)
(2.02037 0.118336 9.4177e-22)
(2.05145 0.113228 -1.59789e-20)
(2.08285 0.107808 8.46907e-22)
(2.09824 0.102105 -2.88673e-21)
(1.77489 0.118804 -1.02616e-19)
(1.83583 0.118709 9.96333e-20)
(1.89828 0.117233 -5.57778e-21)
(1.95324 0.11502 2.68572e-21)
(2.00257 0.112866 3.79749e-20)
(2.04291 0.110028 -2.10973e-21)
(2.08211 0.106365 3.41833e-20)
(2.11041 0.101761 0)
(2.13955 0.0971225 6.59193e-21)
(2.15344 0.0919242 2.90098e-21)
(1.86218 0.105879 0)
(1.91796 0.106065 0)
(1.97492 0.105004 0)
(2.02539 0.103015 4.31558e-20)
(2.07063 0.100965 -7.82658e-20)
(2.10727 0.0984482 -1.84724e-23)
(2.14268 0.0953459 -1.5058e-20)
(2.16845 0.0912997 -1.8412e-21)
(2.19505 0.0872489 -1.24628e-20)
(2.20808 0.0826298 0)
(1.94846 0.0940999 -4.81416e-20)
(1.99867 0.0944924 0)
(2.04978 0.0937668 -2.6145e-21)
(2.09534 0.0920372 -3.55483e-20)
(2.13631 0.0900851 3.53678e-20)
(2.1693 0.0878178 -3.5133e-20)
(2.20105 0.0851284 -1.62084e-20)
(2.22437 0.0816484 -8.88979e-22)
(2.2485 0.0780534 1.44762e-20)
(2.26083 0.0740535 0)
(2.03186 0.0832847 9.47248e-20)
(2.07617 0.0838062 0)
(2.12123 0.0833344 -2.58653e-21)
(2.16166 0.0818475 -3.51022e-20)
(2.19832 0.0800025 -2.44596e-21)
(2.22778 0.0779329 2.11386e-21)
(2.25613 0.0755608 1.52186e-20)
(2.27708 0.072604 -1.70072e-20)
(2.29902 0.0694174 -6.37487e-21)
(2.31057 0.0660065 4.13019e-22)
(2.11017 0.0732012 -4.51842e-20)
(2.14852 0.0737708 1.27303e-21)
(2.18765 0.0734781 -2.74179e-21)
(2.22306 0.0722058 4.24698e-20)
(2.25557 0.0704932 -2.43754e-21)
(2.28172 0.0685967 0)
(2.30703 0.0665 4.39934e-23)
(2.32576 0.064002 -9.3311e-23)
(2.34578 0.0612279 -7.04365e-21)
(2.35655 0.0583394 0)
(2.18144 0.0635928 -1.38412e-21)
(2.21425 0.064138 4.07213e-21)
(2.24794 0.0639709 -5.24303e-21)
(2.27875 0.0629031 4.97137e-21)
(2.30743 0.0613696 -2.43023e-21)
(2.33062 0.0596571 -2.12612e-21)
(2.35319 0.0578339 -1.33707e-20)
(2.36995 0.05574 1.34138e-20)
(2.38819 0.0533963 1.51398e-20)
(2.39825 0.0509672 0)
(2.24485 0.0541899 0)
(2.27297 0.0546936 -4.30986e-20)
(2.30198 0.0546521 0)
(2.32873 0.0538199 1.97229e-20)
(2.3539 0.0525354 0)
(2.37441 0.0510512 0)
(2.39443 0.0495224 1.00015e-21)
(2.4094 0.0477985 -1.00861e-21)
(2.42587 0.0458925 -7.16937e-21)
(2.43529 0.0438777 0)
(2.30153 0.0448558 4.21692e-20)
(2.32565 0.0454054 4.41772e-20)
(2.35045 0.0455555 0)
(2.37342 0.045019 2.31174e-21)
(2.39514 0.044051 -2.1093e-20)
(2.41302 0.0428438 -2.13736e-21)
(2.43047 0.0416256 -6.19005e-21)
(2.44371 0.0402459 -9.40655e-22)
(2.45832 0.0387595 -2.70077e-21)
(2.46714 0.0371233 0)
(2.35292 0.0358669 -6.44662e-20)
(2.37286 0.0365895 -2.09693e-20)
(2.39327 0.0369864 -2.46871e-21)
(2.41227 0.0367622 -1.4693e-20)
(2.43036 0.0361164 3.49142e-20)
(2.4455 0.0351906 0)
(2.46032 0.0342603 9.39069e-21)
(2.4719 0.0331847 -1.02191e-21)
(2.48461 0.0320663 3.665e-21)
(2.49291 0.0307708 8.53385e-22)
(2.39665 0.0279323 2.11815e-20)
(2.41187 0.0287811 2.3359e-20)
(2.42768 0.0293241 1.51013e-20)
(2.44273 0.029301 2.50783e-21)
(2.45733 0.0288799 -1.8651e-20)
(2.46995 0.028171 0)
(2.48242 0.0274601 8.42184e-21)
(2.49265 0.0266292 -4.92232e-21)
(2.50371 0.0258038 9.62687e-22)
(2.51169 0.024809 -8.57792e-22)
(2.42634 0.0212791 2.07602e-20)
(2.43769 0.0219946 0)
(2.44998 0.0224538 -2.24911e-20)
(2.46216 0.0224568 1.45149e-20)
(2.4743 0.0221389 -2.40226e-21)
(2.48529 0.0215825 2.15085e-21)
(2.49622 0.0210369 -9.61405e-21)
(2.5057 0.0204124 -1.99943e-21)
(2.51565 0.0198222 9.69493e-22)
(2.52359 0.0191089 0)
(2.44114 0.0148669 -9.06029e-21)
(2.45083 0.0153239 1.17436e-21)
(2.46154 0.0156109 -2.55106e-21)
(2.47244 0.0156011 2.31859e-21)
(2.48343 0.015389 -2.39794e-21)
(2.49373 0.0150221 4.45067e-21)
(2.50389 0.0146777 0)
(2.51309 0.0142899 4.0051e-21)
(2.52241 0.0139392 -1.88083e-21)
(2.53042 0.0134913 4.3822e-22)
(2.45094 0.00820853 -1.01508e-20)
(2.45971 0.00847623 2.45179e-21)
(2.46947 0.00862209 4.21007e-25)
(2.47954 0.00861664 -7.14305e-21)
(2.48972 0.00852747 -2.31954e-21)
(2.49946 0.00838531 -8.84082e-21)
(2.509 0.00827145 3.22443e-21)
(2.51789 0.00816218 -3.64987e-23)
(2.52665 0.00806862 1.89003e-21)
(2.53458 0.00793808 -4.40517e-22)
(2.45918 0.00245303 0)
(2.4668 0.00248338 0)
(2.47555 0.00242532 -7.33321e-21)
(2.48479 0.00231985 2.4772e-21)
(2.49423 0.00222073 2.33186e-21)
(2.5034 0.00215777 2.24305e-21)
(2.5124 0.00214853 1.03485e-21)
(2.52092 0.00219338 -3.04746e-21)
(2.52925 0.00226567 9.90794e-22)
(2.53696 0.0023715 0)
)
;

boundaryField
{
    bottom
    {
        type            symmetryPlane;
    }
    right
    {
        type            zeroGradient;
    }
    top
    {
        type            symmetryPlane;
    }
    left
    {
        type            zeroGradient;
    }
    cylinder
    {
        type            noSlip;
    }
    defaultFaces
    {
        type            empty;
    }
}


// ************************************************************************* //
