/*--------------------------------*- C++ -*----------------------------------*\
| =========                 |                                                 |
| \\      /  F ield         | OpenFOAM: The Open Source CFD Toolbox           |
|  \\    /   O peration     | Version:  4.1                                   |
|   \\  /    A nd           | Web:      www.OpenFOAM.org                      |
|    \\/     M anipulation  |                                                 |
\*---------------------------------------------------------------------------*/
FoamFile
{
    version     2.0;
    format      ascii;
    class       volVectorField;
    location    "14.6";
    object      U;
}
// * * * * * * * * * * * * * * * * * * * * * * * * * * * * * * * * * * * * * //

dimensions      [0 1 -1 0 0 0 0];

internalField   nonuniform List<vector> 
2000
(
(-0.0264957 0.0241126 1.73222e-20)
(0.0107087 0.0204836 0)
(0.123673 0.00374242 2.43361e-20)
(0.2938 -0.0152496 1.01264e-20)
(0.500591 -0.02958 -1.87822e-20)
(0.71978 -0.0371086 -2.32129e-20)
(0.931115 -0.0375683 7.25762e-21)
(1.11558 -0.0359309 0)
(1.28704 -0.0266264 -5.06465e-21)
(1.39015 -0.023171 0)
(-0.0187199 0.016514 -8.51016e-21)
(0.0578132 -8.72912e-05 6.83302e-21)
(0.228804 -0.019924 -2.80429e-20)
(0.460528 -0.0344431 -3.49033e-20)
(0.714948 -0.0396282 -8.20253e-22)
(0.957441 -0.0367722 7.43841e-21)
(1.1664 -0.0290317 -7.78231e-21)
(1.33374 -0.02122 -6.05079e-21)
(1.46608 -0.0106983 5.06445e-21)
(1.54274 -0.0124151 7.90381e-21)
(-0.00372593 0.00722668 1.00303e-20)
(0.127806 -0.0213363 -9.39498e-21)
(0.3682 -0.0387067 1.41804e-20)
(0.657683 -0.0427895 -1.33765e-21)
(0.939025 -0.0359412 1.022e-20)
(1.17625 -0.0237309 8.63419e-21)
(1.35806 -0.0111332 7.24926e-21)
(1.48906 -0.00167715 6.0507e-21)
(1.58239 0.00563213 4.72002e-21)
(1.64784 0.00439663 -3.70629e-21)
(0.0208119 -0.00317872 -6.68949e-22)
(0.223645 -0.0398111 -1.07266e-20)
(0.536763 -0.0473044 0)
(0.865771 -0.0369177 1.18332e-20)
(1.14488 -0.019213 -1.23915e-20)
(1.35191 -0.00196175 0)
(1.49373 0.0108756 0)
(1.58843 0.0180187 0)
(1.65711 0.0222604 -4.72024e-21)
(1.70515 0.0190148 6.5862e-21)
(0.0569448 -0.0133679 2.77438e-20)
(0.344798 -0.0506493 -9.91554e-23)
(0.721093 -0.0415699 9.98193e-21)
(1.0615 -0.016994 6.75657e-21)
(1.31279 0.00693954 6.2877e-21)
(1.47792 0.0241979 4.78858e-21)
(1.58184 0.0339131 0)
(1.65106 0.0377606 2.55914e-21)
(1.7043 0.0383861 -8.58039e-21)
(1.7523 0.0336551 1.0693e-20)
(0.105806 -0.0212485 -4.49598e-20)
(0.485478 -0.0488788 1.61345e-21)
(0.902954 -0.0202805 -1.9711e-20)
(1.22743 0.0141959 1.71049e-20)
(1.43721 0.0388908 -1.77649e-20)
(1.56144 0.0525168 5.98629e-21)
(1.63671 0.0577764 0)
(1.69026 0.0578924 -2.55934e-21)
(1.73823 0.0553607 1.74929e-21)
(1.78645 0.0502636 1.58716e-21)
(0.167016 -0.0241977 0)
(0.634783 -0.0312295 0)
(1.06613 0.0150035 -1.02958e-20)
(1.3563 0.0534217 9.58469e-21)
(1.5222 0.0744586 -5.52989e-21)
(1.61272 0.0824183 5.19179e-21)
(1.66868 0.0826646 4.82795e-21)
(1.71437 0.0790733 -4.56351e-21)
(1.76066 0.0738093 -1.00314e-21)
(1.81115 0.0679562 4.67035e-22)
(0.238081 -0.0196265 9.39178e-21)
(0.779481 0.0026984 0)
(1.20081 0.0614275 -4.64273e-21)
(1.44837 0.0981228 1.71525e-20)
(1.57453 0.112447 -9.65464e-21)
(1.63986 0.113675 0)
(1.68409 0.108776 0)
(1.72636 0.101491 0)
(1.77332 0.0936908 8.92335e-22)
(1.82582 0.08693 -8.48211e-22)
(0.314425 -0.00568755 -4.93639e-21)
(0.907913 0.0507772 -3.5132e-22)
(1.30309 0.115909 -5.80558e-21)
(1.50716 0.146362 1.82661e-21)
(1.60044 0.152028 1.8057e-21)
(1.64824 0.146066 1.85059e-21)
(1.68596 0.135998 0)
(1.72738 0.125046 2.49745e-22)
(1.77543 0.114866 2.15377e-21)
(1.82953 0.106414 -1.57946e-21)
(0.390126 0.0182681 0)
(1.01233 0.109545 -3.82167e-21)
(1.37273 0.175482 0)
(1.5369 0.196552 -1.16837e-21)
(1.60468 0.192462 -1.07e-21)
(1.64102 0.179165 -5.74429e-22)
(1.67557 0.163939 0)
(1.71725 0.14931 -2.49769e-22)
(1.76648 0.136679 -4.92031e-22)
(1.82186 0.125868 -9.4733e-22)
(-0.0053353 0.00507722 0)
(-0.0214597 0.00946253 -8.88163e-22)
(-0.0440943 0.0107413 0)
(-0.0652604 0.0105161 -1.17247e-21)
(-0.0832556 0.00954169 -3.70794e-22)
(-0.097864 0.00823546 6.73989e-22)
(-0.109234 0.00686737 -6.34727e-22)
(-0.117764 0.00563593 5.89092e-22)
(-0.12406 0.00471661 1.08083e-23)
(-0.129089 0.00428076 5.05875e-22)
(-0.00655433 0.0148216 -2.78357e-21)
(-0.0230257 0.0276498 1.75e-21)
(-0.0445717 0.0314185 -1.71707e-21)
(-0.0639935 0.0307316 7.7983e-22)
(-0.0798562 0.0277927 3.7022e-21)
(-0.0920054 0.0238237 -1.38038e-21)
(-0.100594 0.0196172 0)
(-0.105975 0.0157783 -5.87122e-22)
(-0.108623 0.01286 -5.41648e-22)
(-0.109715 0.0114499 0)
(-0.00886139 0.0233763 1.85642e-21)
(-0.0259676 0.0437131 0)
(-0.0453574 0.0497215 5.22828e-21)
(-0.0613221 0.0485223 -6.54152e-21)
(-0.0729074 0.0435918 1.55848e-21)
(-0.0801034 0.0368513 0)
(-0.0830954 0.0295453 0)
(-0.0822152 0.0226808 0)
(-0.0776427 0.0172605 4.36386e-21)
(-0.0703057 0.0145519 -4.14741e-21)
(-0.0119882 0.0301462 0)
(-0.0298919 0.0564962 -3.98161e-21)
(-0.0460551 0.0642305 7.38735e-21)
(-0.0567672 0.0623858 -3.44361e-21)
(-0.0617446 0.0554514 3.18328e-21)
(-0.061213 0.0458779 -8.87106e-21)
(-0.0554358 0.035206 1.36761e-22)
(-0.0448798 0.0247159 5.10939e-21)
(-0.0295746 0.0160345 4.4028e-21)
(-0.00786761 0.0124067 -6.20426e-21)
(-0.0156123 0.0348192 4.29679e-21)
(-0.0342103 0.0651479 -8.63178e-21)
(-0.0458973 0.0737449 -1.42058e-22)
(-0.0492096 0.0709469 9.07909e-23)
(-0.0446543 0.0619892 3.22839e-21)
(-0.0327803 0.0496834 -9.44827e-21)
(-0.0139992 0.035684 0)
(0.0110663 0.0213046 -2.64199e-21)
(0.0425524 0.00869107 2.35031e-21)
(0.0835356 0.0031702 -8.34718e-21)
(-0.0194211 0.0373557 -2.11681e-22)
(-0.0381207 0.0691439 8.98523e-21)
(-0.0435698 0.0773051 4.06206e-21)
(-0.0365424 0.0729399 4.15698e-21)
(-0.0183448 0.0618137 3.45021e-21)
(0.0100966 0.0470371 3.17776e-21)
(0.0480931 0.0303291 0)
(0.0945085 0.0128234 2.64181e-21)
(0.148094 -0.00385758 6.54848e-21)
(0.220359 -0.0118911 -2.59698e-21)
(-0.0231387 0.0379247 3.06722e-23)
(-0.0405106 0.0682678 4.96381e-21)
(-0.036937 0.0742949 0)
(-0.0152412 0.0673699 -7.57931e-21)
(0.0225165 0.0537098 7.48506e-21)
(0.0748592 0.0367563 0)
(0.140431 0.018456 0)
(0.217279 0.000117377 0)
(0.298286 -0.0190534 -4.8962e-21)
(0.415077 -0.0277093 -8.37711e-21)
(-0.0264399 0.0367396 -5.77142e-21)
(-0.0397768 0.0626541 5.40625e-21)
(-0.0225799 0.0645848 9.8627e-21)
(0.0202628 0.053962 4.55713e-22)
(0.0858646 0.0374907 7.85633e-21)
(0.17143 0.0189221 7.05561e-21)
(0.273642 0.000514388 6.31305e-21)
(0.389023 -0.0154528 5.57976e-21)
(0.500481 -0.0338393 4.89557e-21)
(0.666926 -0.038437 -3.75349e-21)
(-0.0287468 0.0340565 -1.99751e-20)
(-0.0334585 0.052595 -5.37595e-21)
(0.0044963 0.0486337 -1.99545e-20)
(0.0778541 0.033749 -8.8348e-21)
(0.181805 0.0150551 3.79448e-22)
(0.310189 -0.00345558 -6.71392e-21)
(0.455485 -0.0194163 6.72531e-21)
(0.609557 -0.0304047 -5.57904e-21)
(0.752074 -0.0432785 4.99701e-21)
(0.94728 -0.0393287 -8.34194e-21)
(-0.0292223 0.0299071 1.36542e-20)
(-0.0180878 0.0383713 0)
(0.050869 0.0276715 1.06103e-20)
(0.16661 0.0093009 -1.22596e-23)
(0.319365 -0.00932003 4.89111e-22)
(0.495843 -0.0244377 7.11687e-21)
(0.68226 -0.0340196 -2.00622e-20)
(0.86217 -0.0388689 0)
(1.03102 -0.0410483 -4.99634e-21)
(1.20503 -0.0301706 0)
(-0.133925 0.00426268 0)
(-0.139044 0.00383513 -4.48566e-22)
(-0.143511 0.003292 8.81466e-22)
(-0.14728 0.00277095 -3.79665e-22)
(-0.150439 0.00228678 0)
(-0.153028 0.00183831 3.67686e-22)
(-0.155078 0.00142439 -3.69508e-22)
(-0.156615 0.00104506 0)
(-0.157661 0.000703362 0)
(-0.158284 0.000381791 3.52625e-23)
(-0.158553 0.000100175 0)
(-0.158499 -0.0001306 0)
(-0.158182 -0.00029897 0)
(-0.157683 -0.000392832 0)
(-0.157101 -0.000401634 -3.21732e-23)
(-0.156546 -0.000320962 3.23399e-23)
(-0.156146 -0.000158845 0)
(-0.156057 6.00742e-05 -6.30293e-24)
(-0.156363 0.000294711 6.33608e-24)
(-0.156755 0.000477735 0)
(-0.111826 0.0115923 0)
(-0.115805 0.0103202 1.17688e-22)
(-0.119077 0.00878813 0)
(-0.12168 0.00733029 1.60965e-21)
(-0.123806 0.00596951 -1.56759e-21)
(-0.125486 0.00470503 9.69409e-23)
(-0.126735 0.00353331 -6.93544e-22)
(-0.127567 0.00245912 1.4242e-21)
(-0.128027 0.00148975 -1.15812e-21)
(-0.128161 0.00058776 6.28907e-22)
(-0.127991 -0.000210452 4.79892e-22)
(-0.127555 -0.000871715 -8.48693e-22)
(-0.1269 -0.00136185 4.25425e-22)
(-0.126087 -0.00164393 1.97364e-22)
(-0.125196 -0.0016833 -1.55736e-22)
(-0.124322 -0.00145959 2.80959e-23)
(-0.12358 -0.000985736 2.12673e-23)
(-0.123124 -0.000326078 2.4184e-23)
(-0.123064 0.000395073 -2.43011e-23)
(-0.123208 0.000965297 2.89638e-24)
(-0.0673372 0.015819 -1.27211e-22)
(-0.0693977 0.0134714 -1.17893e-22)
(-0.0704301 0.0111947 -1.16022e-22)
(-0.0708853 0.00908136 0)
(-0.071098 0.00709191 -1.81759e-21)
(-0.0710827 0.0052407 1.42025e-21)
(-0.0708183 0.00354838 0)
(-0.0702899 0.00199481 -1.70415e-22)
(-0.0695857 0.000521987 -7.77252e-23)
(-0.068732 -0.00083137 9.39438e-22)
(-0.0676877 -0.00202657 -1.19962e-22)
(-0.0664773 -0.00302544 -1.08423e-21)
(-0.0651328 -0.003781 -4.96018e-23)
(-0.0636901 -0.00423604 -4.20963e-23)
(-0.0621955 -0.00432979 -3.45401e-23)
(-0.0607103 -0.00401257 6.86424e-23)
(-0.0593215 -0.00327398 -6.84185e-23)
(-0.0581614 -0.00218137 -7.01059e-23)
(-0.057364 -0.000923535 -1.30783e-23)
(-0.0569263 0.000112594 3.2591e-25)
(0.00209802 0.0139021 -3.93099e-21)
(0.00154225 0.0118212 2.23731e-22)
(0.00374425 0.0093261 3.00195e-22)
(0.00602647 0.00673635 3.68728e-21)
(0.00822446 0.00444303 3.20447e-22)
(0.0104449 0.00237611 9.89232e-23)
(0.0126923 0.000421816 -2.69144e-21)
(0.0148791 -0.00145277 1.64604e-21)
(0.017053 -0.00322178 1.33282e-21)
(0.0193011 -0.0048146 -1.16791e-21)
(0.0215932 -0.00621494 1.24646e-22)
(0.023908 -0.00739281 1.14661e-21)
(0.0262346 -0.00829683 4.91892e-23)
(0.0285627 -0.0088594 3.84534e-22)
(0.0308799 -0.00900178 -2.68413e-22)
(0.0331672 -0.00864346 -1.83965e-22)
(0.0353874 -0.00772795 1.66635e-22)
(0.0374611 -0.00626819 0)
(0.0392836 -0.00444205 2.06254e-23)
(0.0406834 -0.00279865 2.29629e-24)
(0.102145 0.00577044 8.26922e-21)
(0.105477 0.005372 -3.73865e-21)
(0.108698 0.00285265 4.00768e-21)
(0.113351 0.000207625 0)
(0.118064 -0.00213312 -2.15348e-22)
(0.122297 -0.0042944 -3.16451e-21)
(0.126198 -0.00638195 4.52146e-23)
(0.12997 -0.00836592 2.427e-22)
(0.133681 -0.0101644 2.70175e-21)
(0.137313 -0.0117755 1.44595e-22)
(0.140847 -0.0131895 0)
(0.144279 -0.014373 -1.1339e-22)
(0.14761 -0.0152746 0)
(0.150838 -0.0158274 -8.18236e-23)
(0.15397 -0.015952 0)
(0.157016 -0.0155565 0)
(0.159992 -0.0145531 3.72461e-23)
(0.162888 -0.0128744 -3.479e-23)
(0.165703 -0.0105856 2.92341e-23)
(0.168274 -0.00820221 -7.26839e-24)
(0.245135 -0.00632716 0)
(0.251137 -0.00553728 -2.63992e-22)
(0.254414 -0.00775877 -7.80592e-21)
(0.259628 -0.0103297 7.56762e-21)
(0.265355 -0.0125272 -2.24011e-22)
(0.270719 -0.0144724 0)
(0.275675 -0.0163477 -2.97822e-21)
(0.280414 -0.0181469 5.52532e-21)
(0.285009 -0.0198092 -2.88934e-21)
(0.289445 -0.021298 -1.46408e-22)
(0.293704 -0.0225871 -1.295e-22)
(0.297782 -0.0236391 -1.12405e-22)
(0.301676 -0.0244044 0)
(0.305385 -0.0248198 4.90399e-22)
(0.30892 -0.0248193 -1.07259e-21)
(0.312298 -0.0243178 4.41799e-22)
(0.315574 -0.0232436 -3.19754e-23)
(0.318772 -0.021485 -1.93027e-23)
(0.322002 -0.0190317 5.58989e-24)
(0.32544 -0.0159008 -5.59856e-24)
(0.440755 -0.0196577 8.28254e-21)
(0.447321 -0.0177993 0)
(0.448544 -0.0200672 -2.61803e-22)
(0.452284 -0.0225214 4.79736e-22)
(0.457571 -0.0242447 4.50542e-22)
(0.462656 -0.0257874 2.11956e-22)
(0.467287 -0.0274338 1.96068e-22)
(0.471745 -0.0290828 -2.55654e-21)
(0.476125 -0.030602 3.05322e-21)
(0.480363 -0.0319346 2.47928e-21)
(0.484404 -0.0330519 -2.05652e-21)
(0.488218 -0.0339104 2.20835e-22)
(0.491803 -0.0344648 -6.79008e-22)
(0.495138 -0.0346542 2.09593e-22)
(0.498253 -0.0344391 6.63482e-22)
(0.501133 -0.033737 4.33194e-23)
(0.503897 -0.0325433 -3.56376e-23)
(0.506519 -0.0306934 6.31033e-23)
(0.509189 -0.0284208 5.90146e-23)
(0.512408 -0.0247277 1.03186e-24)
(0.68647 -0.0287314 0)
(0.690523 -0.0271716 -8.93143e-21)
(0.688889 -0.0303405 9.15498e-21)
(0.689921 -0.032891 -2.42172e-22)
(0.693157 -0.034401 -4.53558e-22)
(0.696587 -0.0358994 -2.11769e-22)
(0.699784 -0.0375827 -3.90099e-22)
(0.702952 -0.0391975 0)
(0.706111 -0.0406006 -1.61033e-22)
(0.709127 -0.0417642 -1.43564e-22)
(0.711916 -0.0426741 -1.2424e-22)
(0.714426 -0.0432828 -2.14732e-22)
(0.716671 -0.0435627 0)
(0.718595 -0.0434498 0)
(0.720297 -0.0429575 -5.75326e-23)
(0.72167 -0.0419674 -3.58815e-22)
(0.723001 -0.0406292 2.46292e-22)
(0.72404 -0.0385596 -1.56964e-23)
(0.725307 -0.0366282 -2.1949e-23)
(0.72677 -0.032685 6.7362e-24)
(0.957536 -0.0292258 8.71305e-21)
(0.958279 -0.0300695 0)
(0.95562 -0.0349574 0)
(0.955564 -0.0379743 -7.53862e-21)
(0.957195 -0.0399194 6.94651e-22)
(0.958814 -0.0419998 1.34415e-20)
(0.960183 -0.0440997 -6.23446e-21)
(0.961431 -0.0458923 0)
(0.962516 -0.0473194 0)
(0.963304 -0.048399 0)
(0.963787 -0.049143 6.27908e-23)
(0.963915 -0.0495061 1.55751e-22)
(0.963797 -0.0495107 1.24782e-21)
(0.963309 -0.049076 -1.2051e-21)
(0.962727 -0.0483156 3.69818e-22)
(0.961726 -0.047007 -3.27796e-22)
(0.960979 -0.0455652 0)
(0.95965 -0.0432336 7.67362e-24)
(0.959227 -0.0415909 6.56127e-24)
(0.957846 -0.0376942 0)
(1.22069 -0.0272988 -1.50799e-22)
(1.22549 -0.033749 -9.02605e-21)
(1.22642 -0.0391155 8.93218e-21)
(1.22696 -0.0416505 0)
(1.22661 -0.0435305 6.95734e-21)
(1.22525 -0.0454265 -1.32317e-20)
(1.22329 -0.0470875 6.28113e-21)
(1.22099 -0.0483905 0)
(1.21841 -0.0493947 2.29297e-21)
(1.21554 -0.0501049 -4.2781e-21)
(1.21252 -0.050531 2.04701e-21)
(1.20927 -0.0505973 -5.01314e-23)
(1.20605 -0.0503683 0)
(1.2026 -0.0496993 -9.68943e-22)
(1.19946 -0.0488147 1.27849e-21)
(1.19592 -0.0473382 -3.48494e-22)
(1.19322 -0.0459456 -1.58373e-22)
(1.18963 -0.0435575 1.21017e-22)
(1.18796 -0.0421736 4.27902e-23)
(1.18412 -0.0385945 0)
(1.49307 -0.020025 0)
(1.47958 -0.0254108 0)
(1.46859 -0.0291545 0)
(1.45883 -0.0319882 0)
(1.44993 -0.0345456 0)
(1.44188 -0.0368274 0)
(1.43467 -0.0387736 0)
(1.4281 -0.0403904 0)
(1.42205 -0.0417309 0)
(1.41632 -0.0427635 0)
(1.41096 -0.0435291 0)
(1.40573 -0.0439356 0)
(1.40091 -0.0441002 0)
(1.39602 -0.043823 0)
(1.39179 -0.0434124 0)
(1.38713 -0.0423952 0)
(1.38371 -0.0415549 0)
(1.37909 -0.0397264 0)
(1.37702 -0.0388613 0)
(1.37194 -0.0360784 0)
(1.61755 -0.0119189 0)
(1.61213 -0.0153726 0)
(1.60655 -0.0188276 0)
(1.60064 -0.0224021 0)
(1.59463 -0.0258199 0)
(1.58873 -0.0288465 0)
(1.58308 -0.0314383 0)
(1.57758 -0.0336044 0)
(1.57231 -0.0354083 0)
(1.56711 -0.0368213 0)
(1.56217 -0.0379158 0)
(1.55723 -0.0385978 0)
(1.55268 -0.0390228 0)
(1.54797 -0.038978 0)
(1.54394 -0.0388141 0)
(1.53936 -0.0380457 0)
(1.5361 -0.0374662 0)
(1.53148 -0.0359671 0)
(1.52949 -0.035333 0)
(1.52423 -0.0330456 0)
(1.71562 -0.00676224 0)
(1.71279 -0.0110026 0)
(1.70905 -0.0147146 0)
(1.705 -0.0183314 0)
(1.70105 -0.0217318 0)
(1.69725 -0.0247354 0)
(1.69356 -0.0273156 0)
(1.68985 -0.0294732 0)
(1.68619 -0.0312801 0)
(1.68247 -0.0327043 0)
(1.67889 -0.0338347 0)
(1.67521 -0.0345653 0)
(1.67182 -0.0350697 0)
(1.66819 -0.0351196 0)
(1.66514 -0.0350823 0)
(1.66153 -0.0344682 0)
(1.65907 -0.0340532 0)
(1.65535 -0.0327872 0)
(1.65388 -0.0323039 0)
(1.6496 -0.0303528 0)
(1.80237 -0.00261499 0)
(1.80132 -0.00755981 0)
(1.79875 -0.0116979 0)
(1.79569 -0.0154081 0)
(1.79282 -0.0187821 0)
(1.79018 -0.021758 0)
(1.78766 -0.0243289 0)
(1.7851 -0.0264771 0)
(1.78255 -0.0282789 0)
(1.7799 -0.0296977 0)
(1.77736 -0.0308423 0)
(1.7747 -0.0315957 0)
(1.77227 -0.0321528 0)
(1.76961 -0.0322665 0)
(1.76743 -0.0323257 0)
(1.76476 -0.0318247 0)
(1.76302 -0.0315417 0)
(1.76024 -0.0304422 0)
(1.75922 -0.030083 0)
(1.75604 -0.0283492 0)
(1.88733 0.000118857 0)
(1.8874 -0.00514528 0)
(1.88578 -0.00954421 0)
(1.88347 -0.0133075 0)
(1.88125 -0.0166375 0)
(1.87924 -0.0195682 0)
(1.87736 -0.0221214 0)
(1.87542 -0.0242601 0)
(1.87347 -0.0260601 0)
(1.8714 -0.0274738 0)
(1.86942 -0.0286297 0)
(1.8673 -0.0293978 0)
(1.8654 -0.0299972 0)
(1.86328 -0.0301581 0)
(1.86157 -0.030296 0)
(1.85942 -0.0298792 0)
(1.85806 -0.0297031 0)
(1.85583 -0.0287235 0)
(1.85504 -0.0284627 0)
(1.85249 -0.0268778 0)
(1.97669 0.00168782 0)
(1.9772 -0.00356696 0)
(1.97612 -0.00799767 0)
(1.97418 -0.0117365 0)
(1.97219 -0.0149963 0)
(1.97036 -0.0178508 0)
(1.96866 -0.0203504 0)
(1.9669 -0.0224492 0)
(1.96511 -0.0242246 0)
(1.96319 -0.0256155 0)
(1.96134 -0.0267664 0)
(1.95935 -0.0275347 0)
(1.95756 -0.0281603 0)
(1.95554 -0.0283539 0)
(1.95393 -0.0285518 0)
(1.95186 -0.0282021 0)
(1.95057 -0.0281092 0)
(1.9484 -0.027229 0)
(1.94764 -0.0270427 0)
(1.94514 -0.025588 0)
(2.07136 0.00280268 0)
(2.07185 -0.00221336 0)
(2.07083 -0.00652093 0)
(2.06888 -0.0101819 0)
(2.06675 -0.0133605 0)
(2.06473 -0.0161267 0)
(2.06284 -0.0185521 0)
(2.06088 -0.0205925 0)
(2.05892 -0.0223293 0)
(2.05679 -0.0236908 0)
(2.05475 -0.0248295 0)
(2.05254 -0.0255951 0)
(2.05057 -0.0262383 0)
(2.04832 -0.0264625 0)
(2.04653 -0.0267079 0)
(2.04421 -0.0264235 0)
(2.04277 -0.0263965 0)
(2.04028 -0.0256158 0)
(2.03942 -0.0254867 0)
(2.03654 -0.0241704 0)
(2.16756 0.00404968 0)
(2.16773 -0.000643234 0)
(2.16649 -0.00476558 0)
(2.1643 -0.00831858 0)
(2.16186 -0.0114064 0)
(2.15946 -0.0140799 0)
(2.1572 -0.0164224 0)
(2.15487 -0.0183983 0)
(2.15254 -0.020092 0)
(2.15004 -0.0214274 0)
(2.14766 -0.0225544 0)
(2.14506 -0.0233244 0)
(2.14277 -0.0239839 0)
(2.14012 -0.0242465 0)
(2.13804 -0.0245338 0)
(2.1353 -0.0243245 0)
(2.13362 -0.0243531 0)
(2.13067 -0.0236853 0)
(2.12966 -0.0236026 0)
(2.12621 -0.0224456 0)
(2.25879 0.00563125 0)
(2.25864 0.00125861 0)
(2.25718 -0.0026681 0)
(2.25478 -0.00609424 0)
(2.2521 -0.00907583 0)
(2.24941 -0.0116485 0)
(2.24684 -0.0139013 0)
(2.24419 -0.0158102 0)
(2.24156 -0.0174581 0)
(2.23875 -0.018772 0)
(2.23608 -0.0198893 0)
(2.23317 -0.0206737 0)
(2.2306 -0.021351 0)
(2.22764 -0.0216648 0)
(2.22533 -0.0219928 0)
(2.22225 -0.0218736 0)
(2.22039 -0.0219533 0)
(2.21707 -0.0214176 0)
(2.21594 -0.0213755 0)
(2.21207 -0.0204022 0)
(2.33884 0.00735533 0)
(2.33863 0.00328762 0)
(2.33723 -0.000444172 0)
(2.33495 -0.00372231 0)
(2.33237 -0.00657271 0)
(2.32972 -0.00902852 0)
(2.32715 -0.0111804 0)
(2.32449 -0.0130177 0)
(2.32186 -0.0146154 0)
(2.31903 -0.0159097 0)
(2.31635 -0.017017 0)
(2.31342 -0.0178227 0)
(2.31085 -0.018519 0)
(2.30787 -0.0188937 0)
(2.30555 -0.0192623 0)
(2.30246 -0.0192453 0)
(2.30059 -0.019374 0)
(2.29727 -0.0189847 0)
(2.29614 -0.0189802 0)
(2.29227 -0.0182077 0)
(2.40504 0.00872002 0)
(2.40524 0.00496199 0)
(2.40442 0.00145236 0)
(2.40279 -0.00164484 0)
(2.40082 -0.00433343 0)
(2.39872 -0.00665013 0)
(2.39664 -0.0086848 0)
(2.39445 -0.0104379 0)
(2.39226 -0.0119738 0)
(2.38989 -0.0132399 0)
(2.38762 -0.0143291 0)
(2.38513 -0.0151518 0)
(2.38292 -0.0158615 0)
(2.38037 -0.0162949 0)
(2.37838 -0.0166992 0)
(2.37574 -0.0167827 0)
(2.37413 -0.0169562 0)
(2.37129 -0.0167113 0)
(2.37032 -0.0167415 0)
(2.36703 -0.016166 0)
(2.46132 0.00907553 0)
(2.46241 0.00566724 0)
(2.46267 0.00243565 0)
(2.46221 -0.000431299 0)
(2.46137 -0.0029186 0)
(2.46033 -0.00506268 0)
(2.45921 -0.0069515 0)
(2.45797 -0.0085927 0)
(2.45666 -0.0100413 0)
(2.45519 -0.0112534 0)
(2.45374 -0.0123032 0)
(2.45211 -0.0131198 0)
(2.45064 -0.0138257 0)
(2.44893 -0.0142954 0)
(2.44757 -0.0147211 0)
(2.44577 -0.0148814 0)
(2.44467 -0.0150889 0)
(2.44273 -0.0149617 0)
(2.44206 -0.0150207 0)
(2.43983 -0.0146095 0)
(2.51907 0.00791853 0)
(2.52126 0.00492231 0)
(2.52282 0.00203991 0)
(2.52375 -0.00052793 0)
(2.52426 -0.0027588 0)
(2.52449 -0.00468284 0)
(2.52455 -0.00638495 0)
(2.52444 -0.00787135 0)
(2.5242 -0.00919366 0)
(2.52381 -0.0103091 0)
(2.52334 -0.0112844 0)
(2.52273 -0.0120537 0)
(2.52213 -0.0127252 0)
(2.52139 -0.0131893 0)
(2.52078 -0.0136109 0)
(2.51994 -0.0138032 0)
(2.51941 -0.0140255 0)
(2.5185 -0.0139662 0)
(2.51817 -0.0140438 0)
(2.51711 -0.013738 0)
(2.59387 0.00527457 0)
(2.5968 0.00274611 0)
(2.59931 0.000287898 0)
(2.6013 -0.00191351 0)
(2.60284 -0.00383643 0)
(2.60403 -0.0054953 0)
(2.60497 -0.00696967 0)
(2.6057 -0.00825499 0)
(2.60626 -0.00940817 0)
(2.60664 -0.0103788 0)
(2.60689 -0.0112393 0)
(2.607 -0.0119133 0)
(2.60703 -0.0125147 0)
(2.60696 -0.0129241 0)
(2.60687 -0.0133111 0)
(2.60668 -0.0134837 0)
(2.60656 -0.0136979 0)
(2.60629 -0.0136497 0)
(2.60619 -0.0137333 0)
(2.60586 -0.0134676 0)
(2.69723 0.00190765 0)
(2.70003 -0.000133951 0)
(2.7026 -0.00212765 0)
(2.70475 -0.00392777 0)
(2.70648 -0.00551896 0)
(2.70781 -0.00689015 0)
(2.70888 -0.0081144 0)
(2.70969 -0.0091715 0)
(2.71034 -0.0101298 0)
(2.71078 -0.0109252 0)
(2.71112 -0.011645 0)
(2.71125 -0.0121921 0)
(2.71134 -0.012699 0)
(2.71124 -0.0130207 0)
(2.7112 -0.013351 0)
(2.71093 -0.0134687 0)
(2.71083 -0.0136571 0)
(2.71044 -0.0135821 0)
(2.71036 -0.0136608 0)
(2.70985 -0.0133927 0)
(2.82737 -0.000990136 0)
(2.82915 -0.00257567 0)
(2.83084 -0.00412361 0)
(2.83218 -0.00553637 0)
(2.83319 -0.00680854 0)
(2.83378 -0.00790409 0)
(2.83416 -0.00888865 0)
(2.83422 -0.00972598 0)
(2.83423 -0.0104946 0)
(2.83392 -0.0111178 0)
(2.83365 -0.011697 0)
(2.83303 -0.0121167 0)
(2.83258 -0.0125261 0)
(2.83169 -0.0127578 0)
(2.83117 -0.0130265 0)
(2.83004 -0.0130861 0)
(2.82957 -0.0132425 0)
(2.8282 -0.0131376 0)
(2.8279 -0.0132063 0)
(2.82625 -0.0129337 0)
(2.96746 -0.00258555 0)
(2.96787 -0.00377459 0)
(2.9683 -0.00493125 0)
(2.96839 -0.00599754 0)
(2.96826 -0.00697901 0)
(2.96766 -0.00782597 0)
(2.96696 -0.0085942 0)
(2.96583 -0.00923734 0)
(2.9648 -0.00983523 0)
(2.9633 -0.0103082 0)
(2.96208 -0.0107601 0)
(2.96024 -0.0110722 0)
(2.95893 -0.0113932 0)
(2.95678 -0.0115545 0)
(2.95551 -0.0117667 0)
(2.95302 -0.0117888 0)
(2.95197 -0.0119144 0)
(2.94909 -0.0118026 0)
(2.94846 -0.0118599 0)
(2.94504 -0.0116106 0)
(3.09472 -0.00286601 0)
(3.09402 -0.00370668 0)
(3.09337 -0.00451679 0)
(3.09234 -0.00526562 0)
(3.09117 -0.00596678 0)
(3.08946 -0.00657348 0)
(3.08776 -0.00712886 0)
(3.0855 -0.00758814 0)
(3.08349 -0.00801966 0)
(3.08082 -0.00835462 0)
(3.07867 -0.00868214 0)
(3.07562 -0.00890056 0)
(3.07346 -0.00913463 0)
(3.07002 -0.00924232 0)
(3.06802 -0.00939802 0)
(3.06414 -0.0094029 0)
(3.06251 -0.00949624 0)
(3.05807 -0.009402 0)
(3.05711 -0.0094454 0)
(3.05188 -0.00924896 0)
(3.1907 -0.00210959 0)
(3.18923 -0.00264018 0)
(3.18781 -0.00313754 0)
(3.18596 -0.0035905 0)
(3.18405 -0.00401482 0)
(3.18151 -0.00438128 0)
(3.17907 -0.00471709 0)
(3.17595 -0.00499258 0)
(3.17322 -0.00525198 0)
(3.16965 -0.00545163 0)
(3.16681 -0.00564851 0)
(3.16282 -0.005778 0)
(3.16002 -0.00591861 0)
(3.15558 -0.00598093 0)
(3.15302 -0.00607399 0)
(3.14804 -0.00607372 0)
(3.14599 -0.00612903 0)
(3.14032 -0.00606809 0)
(3.13911 -0.00609343 0)
(3.13245 -0.00596888 0)
(3.2426 -0.000620339 0)
(3.24068 -0.00083483 0)
(3.23882 -0.00102777 0)
(3.23651 -0.00119857 0)
(3.23416 -0.00135526 0)
(3.23115 -0.00148955 0)
(3.22829 -0.00161092 0)
(3.22469 -0.00171024 0)
(3.22155 -0.00180242 0)
(3.21748 -0.0018738 0)
(3.21426 -0.00194299 0)
(3.20974 -0.00198944 0)
(3.2066 -0.00203838 0)
(3.20159 -0.00206138 0)
(3.19874 -0.00209334 0)
(3.19315 -0.00209478 0)
(3.19087 -0.00211339 0)
(3.18451 -0.00209406 0)
(3.18317 -0.00210231 0)
(3.17572 -0.00206101 0)
(1.88329 0.112596 9.2562e-22)
(1.88942 0.099055 0)
(1.88402 0.0846533 -6.10639e-23)
(1.86918 0.069793 -1.57801e-21)
(1.84355 0.0545881 -2.18045e-21)
(1.81182 0.0402153 0)
(1.76966 0.0251491 -6.00336e-21)
(1.71594 0.0138842 0)
(1.66975 -0.00209861 -8.26774e-21)
(1.51108 -0.0154856 1.28979e-22)
(1.95535 0.103149 -1.22182e-21)
(1.95882 0.091474 1.67551e-22)
(1.95159 0.0787982 -1.6789e-22)
(1.93417 0.0668321 -1.27472e-21)
(1.90919 0.0534054 -1.34967e-21)
(1.87208 0.0424191 -5.19846e-24)
(1.84151 0.028776 0)
(1.77256 0.0191321 3.99725e-21)
(1.76513 0.00867505 0)
(1.62272 -0.00760477 7.13118e-21)
(2.03481 0.0936743 2.58244e-21)
(2.03472 0.083645 0)
(2.02788 0.0720524 -1.41129e-22)
(2.00533 0.0620036 -1.07596e-21)
(1.98473 0.0501363 1.35695e-21)
(1.93744 0.040914 0)
(1.91855 0.0304577 1.87356e-22)
(1.83681 0.0202201 -4.04267e-21)
(1.83828 0.0143659 0)
(1.71773 -0.000894162 -7.05805e-21)
(2.11709 0.0857727 -1.20336e-21)
(2.11327 0.076866 4.51099e-21)
(2.10933 0.0665935 0)
(2.08174 0.057511 4.15754e-21)
(2.06708 0.0476349 1.4999e-22)
(2.01225 0.0383893 -2.20191e-22)
(1.99847 0.0308518 -5.43226e-23)
(1.9138 0.0197914 6.17944e-25)
(1.90844 0.0154697 1.45315e-21)
(1.80218 0.00351492 0)
(2.1973 0.0792314 0)
(2.19067 0.0710373 -4.41507e-21)
(2.19042 0.062372 -4.59541e-21)
(2.1606 0.0536491 5.24227e-22)
(2.15076 0.0457683 -3.12732e-22)
(2.09485 0.0362116 -1.33688e-22)
(2.08114 0.030233 -3.95444e-21)
(2.00007 0.019697 -6.68887e-23)
(1.98747 0.0151115 -1.7616e-21)
(1.88603 0.00609051 -1.7578e-21)
(2.27054 0.0735738 1.70092e-21)
(2.26287 0.065916 3.05511e-22)
(2.2658 0.0587372 -1.00678e-21)
(2.23731 0.0503632 2.42387e-22)
(2.23104 0.0438774 -5.66418e-21)
(2.17916 0.0347322 0)
(2.16594 0.0292147 4.26315e-21)
(2.09027 0.0201556 -1.21607e-22)
(2.07618 0.0149596 2.32669e-21)
(1.97526 0.00749453 1.82038e-21)
(2.33287 0.0683434 -1.70929e-21)
(2.32578 0.0613016 -3.0199e-21)
(2.33146 0.0552405 4.60131e-21)
(2.30656 0.0475597 -7.7083e-21)
(2.30416 0.0418691 -1.31532e-21)
(2.25838 0.0337842 -5.03395e-21)
(2.2491 0.0283671 1.76858e-22)
(2.17916 0.0206879 -2.8966e-22)
(2.16877 0.0152185 -1.87775e-21)
(2.07022 0.00832866 -7.92175e-23)
(2.38243 0.0631131 0)
(2.37677 0.0568437 6.60552e-21)
(2.38524 0.0516213 -6.56947e-22)
(2.36447 0.0449156 3.9849e-21)
(2.36691 0.0398157 -8.0387e-22)
(2.32745 0.0329233 1.05753e-20)
(2.32478 0.0277897 -4.35267e-21)
(2.26184 0.0210172 0)
(2.25754 0.0158015 0)
(2.16684 0.0091679 0)
(2.42032 0.0575742 0)
(2.41635 0.0521262 -6.23047e-21)
(2.42745 0.0476628 -3.82029e-22)
(2.41043 0.0419683 4.49001e-21)
(2.4176 0.0375642 7.38028e-21)
(2.38424 0.0316936 -6.19828e-21)
(2.3881 0.0272063 5.27266e-21)
(2.33424 0.0211145 -2.75141e-22)
(2.33564 0.0165667 0)
(2.25845 0.0103075 2.31782e-21)
(2.45138 0.0515079 2.34891e-22)
(2.44914 0.0468158 3.57188e-21)
(2.46192 0.0431274 5.35518e-21)
(2.44804 0.0383299 -2.37568e-22)
(2.45801 0.0347646 5.761e-22)
(2.43046 0.0297691 -7.64638e-21)
(2.43809 0.0261703 6.74592e-21)
(2.39465 0.0208562 -3.18031e-22)
(2.39926 0.0171277 0)
(2.33859 0.011596 -5.26807e-21)
(2.48435 0.0446703 0)
(2.48379 0.0406978 3.68248e-21)
(2.49651 0.0377737 2.60866e-22)
(2.4851 0.0337852 0)
(2.49472 0.03105 0)
(2.47209 0.0269315 6.81145e-21)
(2.47943 0.0241955 -5.5863e-21)
(2.44549 0.0198987 -2.93749e-22)
(2.45 0.0169001 1.72371e-22)
(2.40445 0.0125194 3.05997e-21)
(2.5307 0.0370704 0)
(2.53141 0.0338397 -7.0654e-21)
(2.54223 0.0315557 -7.23043e-21)
(2.53225 0.0283666 1.03169e-21)
(2.53866 0.0262555 -6.47621e-22)
(2.51897 0.0230886 -4.7029e-22)
(2.52257 0.0209505 8.5788e-22)
(2.49448 0.0178562 5.19252e-21)
(2.49632 0.0153646 4.55407e-22)
(2.45991 0.0124167 -1.31446e-22)
(2.60091 0.0292071 0)
(2.60191 0.0267119 3.8235e-21)
(2.60981 0.0248394 -3.95864e-22)
(2.5998 0.0224367 3.92596e-22)
(2.60187 0.0206412 0)
(2.58237 0.0184151 0)
(2.58112 0.0165353 0)
(2.55364 0.0145993 -5.88011e-21)
(2.55212 0.0123855 5.35672e-21)
(2.51665 0.0107923 0)
(2.6992 0.0218608 0)
(2.69915 0.0200216 2.47338e-21)
(2.70442 0.0183612 3.06357e-21)
(2.69307 0.0166317 3.78524e-21)
(2.69194 0.014925 -7.02642e-22)
(2.6704 0.0134356 4.06311e-21)
(2.6659 0.0116059 -3.42905e-21)
(2.63502 0.0104784 0)
(2.63142 0.00842428 5.42748e-22)
(2.59077 0.00769124 -4.90525e-21)
(2.81918 0.0158464 -5.7724e-22)
(2.81721 0.0144776 -2.01494e-21)
(2.82114 0.0129635 -3.96368e-21)
(2.8082 0.0116651 -2.66585e-21)
(2.80642 0.0100252 0)
(2.78276 0.00890882 -5.13695e-21)
(2.77808 0.00715115 4.94577e-21)
(2.74368 0.00630749 -4.60043e-22)
(2.74014 0.00444488 -2.66417e-21)
(2.69432 0.00390059 7.22382e-21)
(2.94473 0.0115327 5.80202e-22)
(2.94128 0.0104053 -1.59633e-21)
(2.94525 0.00910461 1.35995e-21)
(2.93211 0.00797325 -3.23781e-21)
(2.93183 0.00654238 0)
(2.90862 0.00546955 0)
(2.9061 0.00394944 4.88882e-22)
(2.87237 0.00299184 -4.52376e-21)
(2.87032 0.00142236 -2.56872e-21)
(2.82554 0.000624639 -2.49497e-21)
(3.0577 0.0084973 0)
(3.05445 0.00748588 2.59535e-21)
(3.05905 0.00650875 -9.10545e-22)
(3.04816 0.00542964 2.90831e-21)
(3.04988 0.00435843 7.61357e-22)
(3.03093 0.00323394 -5.85337e-22)
(3.03084 0.00208529 1.0766e-21)
(3.00348 0.000958895 3.11955e-21)
(3.00289 -0.000257299 0)
(2.96699 -0.00131306 0)
(3.14772 0.00580127 0)
(3.14624 0.00499244 1.073e-21)
(3.15098 0.00442119 -1.88613e-21)
(3.14421 0.00350178 0)
(3.14689 0.00284889 -1.4698e-21)
(3.13471 0.00182551 -5.98775e-22)
(3.1358 0.00107344 -1.63306e-21)
(3.1182 -8.76444e-06 -4.44985e-22)
(3.11816 -0.000872988 2.41007e-22)
(3.09532 -0.00192715 1.84924e-22)
(3.21314 0.00303793 0)
(3.2134 0.00261508 -1.07813e-21)
(3.21721 0.00245386 -9.35375e-22)
(3.21442 0.0019066 1.24815e-21)
(3.21667 0.00164561 6.869e-22)
(3.21093 0.000968485 6.46574e-22)
(3.21179 0.000578275 2.73808e-21)
(3.20332 -0.000188878 -1.92987e-21)
(3.20294 -0.000717884 4.38399e-22)
(3.19204 -0.00149998 0)
(3.24992 0.000655315 0)
(3.25091 0.000640648 5.20011e-22)
(3.25356 0.000732096 -4.89661e-22)
(3.25296 0.000644962 4.5359e-22)
(3.25436 0.000659328 0)
(3.25234 0.000477639 -6.49753e-22)
(3.25255 0.000392229 5.33642e-22)
(3.24937 0.000128815 4.49734e-22)
(3.24844 -5.75596e-05 0)
(3.24441 -0.000368849 0)
(1.16463 0.22988 0)
(1.10119 0.251391 -5.18985e-20)
(1.05112 0.280548 0)
(1.0107 0.318541 -1.71445e-19)
(0.975461 0.364886 6.55349e-20)
(0.942873 0.421331 2.37815e-21)
(0.909893 0.488417 5.56781e-20)
(0.858803 0.55515 -7.42837e-21)
(0.730602 0.567337 0)
(0.408435 0.351613 5.66835e-20)
(1.25981 0.231518 9.44114e-20)
(1.19713 0.259637 5.18975e-20)
(1.14664 0.287492 -4.86656e-20)
(1.10468 0.324263 5.78349e-20)
(1.06913 0.370614 -4.81215e-20)
(1.03876 0.427155 7.8331e-21)
(1.00987 0.493884 -5.71951e-20)
(0.961796 0.559114 -1.12864e-19)
(0.826101 0.568073 -2.99147e-20)
(0.462752 0.346919 -8.25868e-20)
(1.35075 0.228908 -4.1078e-20)
(1.29157 0.259519 4.24352e-20)
(1.24165 0.286828 4.86641e-20)
(1.19809 0.322818 4.96526e-20)
(1.16182 0.368764 5.04593e-20)
(1.13326 0.424552 5.08e-20)
(1.10793 0.489566 9.35219e-21)
(1.06172 0.551194 4.81177e-20)
(0.916685 0.554916 1.76714e-20)
(0.51114 0.331669 -1.88637e-20)
(1.43996 0.223816 8.20318e-20)
(1.38261 0.254998 -4.24334e-20)
(1.33288 0.281473 0)
(1.28826 0.316096 0)
(1.25159 0.360506 0)
(1.22454 0.414225 3.61456e-20)
(1.20182 0.475928 -2.92439e-20)
(1.15558 0.531563 0)
(0.998503 0.528055 1.11276e-20)
(0.550273 0.306267 -2.2253e-20)
(1.52458 0.216041 -1.43854e-20)
(1.46756 0.246368 5.38166e-20)
(1.41769 0.271759 0)
(1.37268 0.304601 0)
(1.33619 0.346515 1.4322e-20)
(1.31049 0.396904 1.31176e-20)
(1.28921 0.453669 2.03339e-20)
(1.24026 0.501061 8.03027e-21)
(1.0678 0.488377 8.39989e-21)
(0.576221 0.271623 -4.69276e-21)
(1.60112 0.205968 4.1732e-20)
(1.54418 0.234036 1.56707e-20)
(1.49415 0.257902 0)
(1.44927 0.288569 0)
(1.41345 0.327248 -3.72296e-20)
(1.38892 0.37331 1.12823e-20)
(1.36764 0.423996 4.15738e-21)
(1.31297 0.460482 -5.49133e-22)
(1.11926 0.437243 -2.64484e-21)
(0.586598 0.230795 1.13144e-21)
(1.66826 0.193511 -2.26975e-20)
(1.6113 0.218338 2.38818e-20)
(1.56105 0.24035 2.06248e-20)
(1.51656 0.268489 -2.18197e-20)
(1.48168 0.303284 -7.94731e-21)
(1.45793 0.343961 8.46445e-21)
(1.43503 0.386808 -2.65261e-21)
(1.37025 0.412469 2.84899e-21)
(1.14908 0.37786 0)
(0.580507 0.185185 0)
(1.72451 0.179006 -1.78704e-20)
(1.6678 0.200098 1.88031e-20)
(1.61741 0.219908 0)
(1.57344 0.245084 0)
(1.53947 0.275461 0)
(1.51565 0.309866 1.14071e-21)
(1.48816 0.343803 -1.37164e-21)
(1.40744 0.358117 -3.65228e-21)
(1.15567 0.312712 0)
(0.556956 0.137899 -6.97036e-21)
(1.76935 0.16256 -6.7093e-21)
(1.71283 0.179686 5.67392e-21)
(1.66241 0.1974 -1.16789e-21)
(1.61914 0.219326 0)
(1.5858 0.244761 -9.70067e-22)
(1.56036 0.272403 2.12089e-21)
(1.5244 0.296752 0)
(1.42208 0.299082 5.09606e-22)
(1.13637 0.244152 -6.47183e-21)
(0.51589 0.0923083 1.04772e-20)
(1.80197 0.14475 0)
(1.74573 0.158469 1.38552e-21)
(1.69568 0.17365 1.16778e-21)
(1.65325 0.191976 0)
(1.61989 0.212336 -1.0428e-22)
(1.59056 0.232904 -1.8014e-22)
(1.54154 0.247181 4.11503e-22)
(1.4115 0.237409 1.94871e-21)
(1.08887 0.175248 3.18688e-21)
(0.459048 0.0515465 0)
(0.457634 0.0132929 -1.78289e-20)
(0.43849 0.0153348 1.88575e-20)
(0.415094 0.0177397 1.00508e-20)
(0.386496 0.020559 1.08344e-20)
(0.351349 0.0239256 -1.15045e-20)
(0.307773 0.0279737 -1.87419e-20)
(0.253291 0.0326638 6.72776e-21)
(0.183644 0.0371139 -1.46921e-20)
(0.0973405 0.0375917 -1.60485e-20)
(0.0267936 0.0233698 0)
(0.473353 0.0397525 0)
(0.453684 0.0458132 -9.41088e-21)
(0.429633 0.0529885 -1.00174e-20)
(0.400572 0.0613946 0)
(0.365243 0.0714243 2.30719e-20)
(0.321754 0.0834903 1.23994e-20)
(0.267583 0.0974988 0)
(0.198149 0.110829 -1.42691e-20)
(0.110607 0.112305 -5.26453e-23)
(0.0346155 0.0699594 -1.69881e-20)
(0.504317 0.0658234 7.06805e-20)
(0.483663 0.0757039 -7.43774e-20)
(0.458358 0.0875311 0)
(0.428405 0.10137 0)
(0.392733 0.117853 0)
(0.349451 0.137694 -7.37208e-20)
(0.295936 0.160796 1.05638e-19)
(0.226908 0.182909 -2.81525e-20)
(0.137036 0.18558 0)
(0.0503247 0.115922 3.40464e-20)
(0.549581 0.0911868 6.99119e-20)
(0.527605 0.104565 -7.35672e-20)
(0.500552 0.120853 -7.86124e-20)
(0.46935 0.139876 -6.73242e-22)
(0.433222 0.162473 1.33853e-19)
(0.390293 0.189686 -4.77902e-20)
(0.337807 0.221479 5.19199e-20)
(0.269467 0.252159 -1.11836e-19)
(0.176353 0.256376 6.05225e-20)
(0.0738591 0.160613 0)
(0.607795 0.115428 -1.71551e-19)
(0.584321 0.131927 3.58035e-20)
(0.555178 0.152466 0)
(0.522479 0.176366 0)
(0.485852 0.204618 4.4586e-20)
(0.443466 0.238639 -1.39262e-19)
(0.392417 0.278534 9.96104e-20)
(0.32515 0.317404 -1.06957e-19)
(0.228084 0.323506 1.70603e-21)
(0.105045 0.203271 -6.08864e-20)
(0.677362 0.137895 2.34965e-19)
(0.652358 0.157038 -1.77394e-19)
(0.62087 0.181519 0)
(0.586471 0.209905 0)
(0.549352 0.243301 4.29969e-20)
(0.50776 0.283516 4.59803e-20)
(0.458632 0.330838 4.49853e-20)
(0.392948 0.377374 5.29178e-20)
(0.29147 0.385607 1.33938e-21)
(0.143515 0.242916 1.20474e-19)
(0.756616 0.158476 -1.33811e-19)
(0.730208 0.180184 -6.71023e-20)
(0.696294 0.208479 0)
(0.660188 0.240807 0)
(0.62269 0.278466 0)
(0.582116 0.323839 -8.61701e-20)
(0.535295 0.377519 8.68987e-20)
(0.471666 0.430842 0)
(0.365445 0.441196 -5.18615e-20)
(0.188622 0.27836 1.10675e-19)
(0.844253 0.174851 -6.42577e-20)
(0.815771 0.198308 6.71033e-20)
(0.778701 0.230087 6.73055e-20)
(0.740802 0.266252 7.09847e-20)
(0.703385 0.308023 7.48087e-20)
(0.664475 0.358111 7.87928e-20)
(0.620638 0.417333 -6.18123e-21)
(0.55968 0.476467 8.67544e-20)
(0.448523 0.488688 -4.74678e-20)
(0.239342 0.308278 5.06687e-20)
(0.940042 0.193498 -1.21899e-19)
(0.908993 0.218651 6.01978e-20)
(0.868275 0.252446 -6.73058e-20)
(0.828423 0.290064 -7.30532e-20)
(0.79086 0.333669 6.75773e-20)
(0.7535 0.38661 -6.01404e-21)
(0.712883 0.449738 -2.36916e-19)
(0.655035 0.513143 -1.62018e-19)
(0.538736 0.526526 4.50603e-20)
(0.294204 0.331292 -3.81961e-20)
(1.04278 0.200773 0)
(1.0017 0.226502 -6.01979e-20)
(0.957302 0.264194 0)
(0.918101 0.305389 6.05868e-20)
(0.882193 0.351839 -2.04492e-19)
(0.847146 0.407474 -1.41229e-19)
(0.810122 0.473502 1.48968e-19)
(0.755609 0.53962 7.82787e-20)
(0.633718 0.553167 0)
(0.351332 0.34611 8.34854e-20)
(0.564812 0.00115604 0)
(0.564002 0.00115914 -1.12477e-21)
(0.562415 0.00119018 1.11889e-21)
(0.560634 0.00125965 0)
(0.558844 0.00136523 -2.22411e-21)
(0.556956 0.00150543 2.21264e-21)
(0.554864 0.00168239 0)
(0.552503 0.00190044 0)
(0.549814 0.00216429 0)
(0.546747 0.00248437 0)
(0.543256 0.00286707 1.08914e-21)
(0.539257 0.00332085 0)
(0.534651 0.00385733 0)
(0.529327 0.00449106 8.67098e-21)
(0.523159 0.00523989 -8.62821e-21)
(0.515999 0.00612547 0)
(0.50767 0.00717517 9.7267e-21)
(0.497965 0.00842087 -1.72578e-20)
(0.486612 0.00990604 8.60915e-21)
(0.473333 0.0117233 8.67313e-21)
(0.577439 0.00342817 2.34607e-21)
(0.576673 0.00344948 4.46237e-21)
(0.57519 0.00356391 -4.44086e-21)
(0.573527 0.00378589 2.21407e-21)
(0.571847 0.00410788 2.20649e-21)
(0.570063 0.00453083 8.80439e-21)
(0.568075 0.00506419 -6.57089e-21)
(0.565821 0.00572159 -1.75e-20)
(0.563245 0.0065163 3.70466e-20)
(0.5603 0.00747757 -1.73688e-20)
(0.556933 0.0086262 -1.62798e-20)
(0.553063 0.00998817 3.67682e-20)
(0.548595 0.0115983 -3.23807e-20)
(0.54342 0.0134998 1.72133e-20)
(0.537419 0.0157462 2.14984e-21)
(0.530448 0.0184017 3.66175e-20)
(0.522333 0.0215483 -3.53889e-20)
(0.512895 0.0252795 0)
(0.501817 0.0297256 2.14623e-21)
(0.489263 0.0351666 0)
(0.602176 0.00568633 -6.96635e-21)
(0.601546 0.00573717 -6.92112e-25)
(0.60028 0.00595051 8.80984e-21)
(0.598832 0.00633541 -4.37824e-21)
(0.597353 0.00687931 -1.09395e-20)
(0.595767 0.00758873 -2.1824e-21)
(0.593981 0.00848186 -2.17789e-21)
(0.591932 0.00958215 -2.17094e-21)
(0.589573 0.0109115 3.03682e-20)
(0.586863 0.0125169 6.53337e-23)
(0.583738 0.0144354 -3.88067e-20)
(0.580122 0.0167099 -2.15529e-21)
(0.575926 0.0193973 -4.30041e-21)
(0.571051 0.0225691 0)
(0.565384 0.0263136 -3.86819e-20)
(0.558795 0.0307358 2.99698e-20)
(0.551116 0.0359727 0)
(0.542226 0.0421725 -2.13876e-21)
(0.531696 0.0495469 -2.14999e-21)
(0.520589 0.0585881 -2.13924e-21)
(0.63825 0.00797789 2.28652e-21)
(0.637797 0.00805652 6.52434e-21)
(0.636817 0.00835775 0)
(0.635654 0.0088989 -1.95089e-20)
(0.634442 0.00966442 1.72924e-20)
(0.633122 0.0106633 1.94424e-20)
(0.631612 0.0119222 -1.29236e-20)
(0.629847 0.0134753 2.15289e-21)
(0.627794 0.0153444 -2.79622e-20)
(0.625419 0.0175929 -5.61375e-23)
(0.622643 0.0202792 3.2124e-20)
(0.619396 0.0234648 -3.4288e-20)
(0.6156 0.0272275 -3.21936e-20)
(0.611172 0.0316654 7.25892e-20)
(0.606006 0.0369004 2.13996e-21)
(0.600001 0.0430762 6.40022e-21)
(0.592983 0.0503837 -6.84683e-20)
(0.584949 0.059021 1.91629e-21)
(0.575238 0.0692529 -2.42451e-22)
(0.566262 0.0818873 7.04466e-20)
(0.684536 0.0102431 4.48352e-21)
(0.684265 0.0103507 -1.70666e-20)
(0.683602 0.0107323 8.52236e-21)
(0.682764 0.0114225 4.26149e-21)
(0.681859 0.0124049 0)
(0.680851 0.013686 0)
(0.679672 0.0152979 -4.25563e-21)
(0.678239 0.0172748 0)
(0.676543 0.0196963 -4.25309e-21)
(0.674567 0.0226021 0)
(0.672224 0.0260562 4.2521e-21)
(0.669445 0.0301448 -6.79921e-20)
(0.666169 0.0349695 -1.07276e-22)
(0.662327 0.0406564 -4.3692e-21)
(0.65783 0.0473572 6.78918e-20)
(0.652615 0.0552537 -4.25989e-21)
(0.646496 0.0645808 4.22909e-21)
(0.639652 0.0755968 -6.80715e-20)
(0.631048 0.0885332 7.21858e-20)
(0.62481 0.104784 1.35855e-19)
(0.739696 0.012379 4.37512e-21)
(0.739581 0.0125248 -4.16566e-21)
(0.739227 0.0129858 -4.16837e-21)
(0.738714 0.0138179 -4.17111e-21)
(0.738115 0.0150092 -3.34246e-20)
(0.737414 0.0165665 6.2706e-20)
(0.736548 0.0185246 -3.76371e-20)
(0.7355 0.0209377 0)
(0.734255 0.0238845 -4.18427e-21)
(0.732719 0.0274195 -4.18661e-21)
(0.730849 0.0316138 -4.18885e-21)
(0.728607 0.0365742 6.30695e-20)
(0.725947 0.0424198 -1.38779e-19)
(0.722818 0.0493113 6.73257e-20)
(0.719149 0.0574195 0)
(0.714926 0.0669817 -4.19292e-21)
(0.709939 0.078242 -1.43393e-19)
(0.704619 0.0915757 1.34975e-19)
(0.69744 0.106948 -4.24473e-21)
(0.694477 0.126769 0)
(0.80233 0.0142501 4.25154e-21)
(0.80232 0.0144571 -1.21645e-20)
(0.802218 0.0150062 4.06024e-21)
(0.801991 0.0159677 2.44385e-20)
(0.80167 0.0173477 4.08024e-21)
(0.801252 0.0191645 -2.45672e-20)
(0.800721 0.021461 4.0995e-21)
(0.800054 0.0243063 3.29015e-20)
(0.7992 0.0277367 8.24352e-21)
(0.798107 0.0318416 7.02527e-20)
(0.796754 0.0367099 -5.79738e-20)
(0.795109 0.0424763 -5.80894e-20)
(0.793155 0.0492535 7.0696e-20)
(0.790855 0.0572535 4.14434e-21)
(0.788182 0.0666152 4.14624e-21)
(0.785163 0.0776923 8.3417e-21)
(0.781568 0.0906211 8.34357e-21)
(0.778074 0.106165 -4.13263e-21)
(0.772524 0.123682 0)
(0.773283 0.14745 1.31987e-19)
(0.871115 0.0157188 -1.2355e-20)
(0.871143 0.016033 6.72118e-25)
(0.871182 0.0166992 -3.94568e-21)
(0.87115 0.0177684 -3.568e-20)
(0.871045 0.0192891 2.38899e-20)
(0.87088 0.0213125 -4.00214e-21)
(0.870647 0.0238904 0)
(0.8703 0.0270793 0)
(0.86982 0.0309275 -8.09032e-21)
(0.869167 0.0355481 -4.04937e-21)
(0.868355 0.0410158 -4.08736e-21)
(0.867335 0.0475179 -4.10307e-21)
(0.866159 0.0551161 0)
(0.864753 0.064149 -8.21843e-21)
(0.863216 0.0745948 -4.14292e-21)
(0.861529 0.0871266 -8.24073e-21)
(0.859639 0.101369 -4.15786e-21)
(0.858389 0.119016 -1.27111e-19)
(0.855268 0.137673 1.31864e-19)
(0.860463 0.165577 0)
(0.944947 0.0166438 0)
(0.944944 0.0170823 3.80199e-21)
(0.94496 0.0178729 1.91529e-21)
(0.944973 0.0190113 0)
(0.94501 0.020605 3.48359e-20)
(0.945053 0.0227756 -3.1172e-20)
(0.94508 0.0255688 6.4608e-20)
(0.945031 0.0290519 -6.3086e-20)
(0.944936 0.0332529 5.948e-21)
(0.944734 0.0383257 2.01061e-21)
(0.944526 0.044299 0)
(0.944181 0.0514736 0)
(0.943943 0.0597702 0)
(0.943528 0.0698314 1.33424e-19)
(0.943444 0.0812245 -2.5984e-19)
(0.943203 0.0954919 5.01419e-21)
(0.943509 0.111028 1.30529e-19)
(0.944545 0.131964 0)
(0.944536 0.151941 0)
(0.95499 0.185458 1.27067e-19)
(1.02283 0.0173599 0)
(1.02286 0.0177937 -1.46522e-20)
(1.0228 0.0185117 -1.29099e-20)
(1.02278 0.0195441 2.98231e-20)
(1.02297 0.021071 3.00261e-20)
(1.02326 0.0232734 -9.08313e-20)
(1.0236 0.0261785 5.91875e-20)
(1.0239 0.0298448 0)
(1.02431 0.0342389 -1.94178e-21)
(1.02467 0.0395754 -6.03238e-20)
(1.02533 0.045782 1.25548e-19)
(1.02588 0.0533278 -6.32763e-20)
(1.02711 0.0618353 0)
(1.02801 0.072397 -1.26838e-19)
(1.0305 0.0837259 2.55065e-19)
(1.03217 0.0986939 -1.28237e-19)
(1.03712 0.113211 0)
(1.04098 0.135738 -1.24897e-19)
(1.04797 0.153173 1.26204e-19)
(1.06522 0.195063 -1.95401e-21)
(1.1024 0.0181886 0)
(1.10241 0.0184175 0)
(1.1023 0.0188158 0)
(1.10242 0.0196354 0)
(1.10294 0.0211498 0)
(1.10361 0.0235034 0)
(1.10435 0.0266074 0)
(1.10496 0.0305181 0)
(1.10583 0.0351616 0)
(1.10657 0.0408771 0)
(1.10801 0.0474579 0)
(1.10899 0.0556473 0)
(1.11165 0.0646454 0)
(1.11282 0.0763456 0)
(1.11831 0.08811 0)
(1.11915 0.105404 0)
(1.13174 0.119297 0)
(1.12973 0.147583 0)
(1.16326 0.158163 0)
(1.14773 0.2147 0)
(1.18684 0.01865 0)
(1.18682 0.018398 0)
(1.18706 0.0181535 0)
(1.18791 0.0185962 0)
(1.1894 0.0200594 0)
(1.19094 0.0224973 0)
(1.1925 0.0256046 0)
(1.19378 0.0294369 0)
(1.19552 0.0338808 0)
(1.1969 0.0393914 0)
(1.19947 0.045581 0)
(1.20093 0.0533881 0)
(1.20524 0.0615932 0)
(1.20641 0.0725699 0)
(1.21482 0.0828025 0)
(1.21428 0.0986343 0)
(1.23262 0.109859 0)
(1.22552 0.133786 0)
(1.26804 0.14133 0)
(1.23899 0.177228 0)
(1.27821 0.0208313 0)
(1.27885 0.0194059 0)
(1.28036 0.0174463 0)
(1.28296 0.0169283 0)
(1.28613 0.0181892 0)
(1.28884 0.0207018 0)
(1.29137 0.0237919 0)
(1.29336 0.0275081 0)
(1.29607 0.0317273 0)
(1.29807 0.0370071 0)
(1.30179 0.0428148 0)
(1.30355 0.0501796 0)
(1.30939 0.0576657 0)
(1.31024 0.0677297 0)
(1.32098 0.0767434 0)
(1.3189 0.0905749 0)
(1.34065 0.100089 0)
(1.32969 0.119129 0)
(1.37547 0.125835 0)
(1.3402 0.151305 0)
(1.38755 0.0200648 0)
(1.38677 0.0177266 0)
(1.38905 0.0146213 0)
(1.39391 0.0137592 0)
(1.39905 0.0152466 0)
(1.40272 0.0180444 0)
(1.40586 0.0212067 0)
(1.40815 0.0248628 0)
(1.41155 0.0289303 0)
(1.41377 0.0340363 0)
(1.41835 0.0395526 0)
(1.41991 0.0465165 0)
(1.42691 0.0534401 0)
(1.42691 0.062655 0)
(1.43938 0.0707651 0)
(1.43528 0.0828646 0)
(1.45941 0.0912264 0)
(1.44459 0.106925 0)
(1.49293 0.113115 0)
(1.45174 0.133333 0)
(1.51951 0.0108759 0)
(1.51814 0.00889463 0)
(1.52165 0.00680452 0)
(1.52856 0.00757307 0)
(1.53493 0.010486 0)
(1.53852 0.0141045 0)
(1.54131 0.0176303 0)
(1.54299 0.0214712 0)
(1.54633 0.0256248 0)
(1.54788 0.0307116 0)
(1.55257 0.0360703 0)
(1.55305 0.0426865 0)
(1.56048 0.049168 0)
(1.55879 0.0575974 0)
(1.57224 0.064993 0)
(1.56545 0.0756093 0)
(1.59109 0.0831051 0)
(1.57218 0.0962799 0)
(1.62216 0.101967 0)
(1.57553 0.118292 0)
(1.6843 -0.00516121 0)
(1.68227 -0.00328352 0)
(1.68615 -4.88145e-06 0)
(1.69305 0.00430431 0)
(1.69796 0.00864081 0)
(1.69895 0.0123865 0)
(1.69949 0.0157042 0)
(1.69895 0.0194379 0)
(1.70081 0.0235747 0)
(1.70031 0.0285375 0)
(1.70389 0.0336793 0)
(1.70218 0.0398417 0)
(1.709 0.0458833 0)
(1.70485 0.0534864 0)
(1.71819 0.0602742 0)
(1.7084 0.0695042 0)
(1.73418 0.0763379 0)
(1.71176 0.0873064 0)
(1.76117 0.0926533 0)
(1.71156 0.105635 0)
(1.88219 -0.0356543 0)
(1.87791 -0.0281362 0)
(1.87642 -0.0123602 0)
(1.87594 0.00149457 0)
(1.87415 0.00933524 0)
(1.86977 0.0133095 0)
(1.86674 0.0162402 0)
(1.86317 0.0197513 0)
(1.86274 0.0238064 0)
(1.85954 0.028514 0)
(1.86127 0.0333371 0)
(1.85707 0.0388973 0)
(1.86258 0.0444412 0)
(1.85611 0.0511289 0)
(1.86836 0.0573287 0)
(1.85641 0.0652008 0)
(1.88062 0.0714553 0)
(1.85683 0.0804435 0)
(1.9025 0.0855301 0)
(1.8545 0.0957298 0)
(2.02862 -0.0377807 0)
(2.03771 -0.0286797 0)
(2.04246 -0.00960527 0)
(2.03588 0.00628658 0)
(2.02603 0.0142222 0)
(2.01736 0.0174126 0)
(2.01318 0.0196134 0)
(2.00906 0.0225577 0)
(2.00806 0.0261834 0)
(2.00378 0.0303426 0)
(2.00458 0.0346722 0)
(1.99934 0.0395171 0)
(2.0039 0.0445034 0)
(1.9967 0.0502611 0)
(2.00749 0.0558485 0)
(1.99555 0.0624739 0)
(2.01675 0.0681259 0)
(1.995 0.0754651 0)
(2.03391 0.0801886 0)
(1.99298 0.0882858 0)
(2.1686 -0.00195147 0)
(2.17892 0.00348234 0)
(2.18068 0.0128357 0)
(2.16664 0.0198442 0)
(2.15036 0.0230239 0)
(2.13826 0.0242374 0)
(2.13281 0.0254597 0)
(2.12823 0.0274972 0)
(2.12661 0.030232 0)
(2.12187 0.0334729 0)
(2.12184 0.0370456 0)
(2.1166 0.0410732 0)
(2.12013 0.0453843 0)
(2.11373 0.0502473 0)
(2.12255 0.0551194 0)
(2.11282 0.0606739 0)
(2.12984 0.0655947 0)
(2.11326 0.0716748 0)
(2.14338 0.0758013 0)
(2.11379 0.0824685 0)
(2.24495 0.0394539 0)
(2.25595 0.0377402 0)
(2.25741 0.033919 0)
(2.24239 0.030195 0)
(2.22551 0.0282335 0)
(2.21382 0.0281293 0)
(2.20906 0.0292516 0)
(2.20546 0.0310171 0)
(2.20429 0.0331596 0)
(2.20058 0.0357027 0)
(2.20068 0.0386245 0)
(2.19695 0.0420377 0)
(2.20003 0.0457166 0)
(2.19597 0.0498965 0)
(2.20307 0.0540098 0)
(2.19731 0.0587673 0)
(2.21014 0.0628381 0)
(2.20065 0.0680647 0)
(2.22197 0.0713731 0)
(2.20543 0.0771791 0)
(2.25579 0.0977155 0)
(2.26496 0.0894982 0)
(2.26735 0.0681827 0)
(2.25839 0.0486083 0)
(2.24863 0.0379762 0)
(2.24231 0.0345595 0)
(2.24049 0.0343529 0)
(2.23907 0.0350934 0)
(2.23932 0.0360868 0)
(2.2378 0.0376184 0)
(2.23907 0.0395938 0)
(2.23789 0.0423023 0)
(2.24141 0.0451616 0)
(2.24051 0.0487106 0)
(2.24686 0.0519124 0)
(2.24557 0.0560463 0)
(2.25561 0.0591134 0)
(2.25307 0.0637787 0)
(2.268 0.0660814 0)
(2.2629 0.0714186 0)
(2.26504 0.112495 0)
(2.25448 0.101418 0)
(2.2447 0.0766803 0)
(2.2411 0.0543152 0)
(2.24126 0.0418198 0)
(2.2415 0.0373685 0)
(2.24224 0.0364359 0)
(2.24209 0.036563 0)
(2.24336 0.0367856 0)
(2.24374 0.0376503 0)
(2.24664 0.0388166 0)
(2.24795 0.0409444 0)
(2.25291 0.042951 0)
(2.2549 0.0459556 0)
(2.26217 0.0481723 0)
(2.26448 0.0518127 0)
(2.2745 0.0537813 0)
(2.2767 0.0580787 0)
(2.28997 0.059247 0)
(2.29152 0.0643794 0)
(2.1772 0.0763286 0)
(2.16774 0.0673807 0)
(2.16482 0.0537899 0)
(2.17428 0.0419775 0)
(2.18852 0.0351044 0)
(2.19983 0.0327136 0)
(2.20851 0.0322931 0)
(2.21435 0.0326003 0)
(2.22117 0.032744 0)
(2.22676 0.0334993 0)
(2.23492 0.0342511 0)
(2.24079 0.0360608 0)
(2.25042 0.0374117 0)
(2.25606 0.0400267 0)
(2.26764 0.0414168 0)
(2.27272 0.0446971 0)
(2.28707 0.0457166 0)
(2.2909 0.0497673 0)
(2.30903 0.0499209 0)
(2.31046 0.0549695 0)
(2.1371 0.0446887 0)
(2.13033 0.0398656 0)
(2.13434 0.03276 0)
(2.1533 0.0269358 0)
(2.17782 0.0237044 0)
(2.19793 0.0228644 0)
(2.21404 0.022836 0)
(2.22567 0.0232314 0)
(2.23836 0.0233594 0)
(2.24869 0.0241036 0)
(2.26237 0.0246967 0)
(2.27184 0.0263384 0)
(2.28655 0.0273673 0)
(2.29424 0.0297282 0)
(2.311 0.0307257 0)
(2.31624 0.0337289 0)
(2.33678 0.0343236 0)
(2.33803 0.0380818 0)
(2.36475 0.0378135 0)
(2.35916 0.0425472 0)
(2.2628 0.0118801 0)
(2.2556 0.0102017 0)
(2.26085 0.00460863 0)
(2.28206 0.000777688 0)
(2.30876 0.000665577 0)
(2.32955 0.00275002 0)
(2.34609 0.004964 0)
(2.35718 0.0068638 0)
(2.3701 0.00814273 0)
(2.37963 0.00972476 0)
(2.39376 0.011001 0)
(2.40177 0.0129553 0)
(2.41714 0.0143137 0)
(2.42238 0.0166582 0)
(2.44043 0.0179114 0)
(2.44189 0.0206733 0)
(2.46504 0.021561 0)
(2.46038 0.0248022 0)
(2.49213 0.0249525 0)
(2.47721 0.0288153 0)
(2.57527 -0.0345656 0)
(2.56187 -0.0239223 0)
(2.55926 -0.0150445 0)
(2.57396 -0.00987372 0)
(2.59364 -0.00792073 0)
(2.60557 -0.00714471 0)
(2.61301 -0.00621675 0)
(2.61493 -0.00456812 0)
(2.61994 -0.00259976 0)
(2.62158 -0.000380685 0)
(2.62897 0.00152556 0)
(2.62985 0.00354702 0)
(2.63944 0.00517678 0)
(2.63823 0.00722844 0)
(2.65135 0.00876861 0)
(2.64688 0.0109869 0)
(2.6657 0.0122976 0)
(2.65569 0.0146522 0)
(2.68337 0.0154697 0)
(2.66398 0.0179898 0)
(2.95072 -0.117118 0)
(2.92856 -0.102279 0)
(2.90495 -0.0621628 0)
(2.89279 -0.0252413 0)
(2.88909 -0.00644518 0)
(2.88524 -0.00180326 0)
(2.88206 -0.00220841 0)
(2.87567 -0.00211334 0)
(2.87242 -0.000629498 0)
(2.8663 0.00128868 0)
(2.86579 0.00294501 0)
(2.8604 0.00423866 0)
(2.86314 0.00534306 0)
(2.85754 0.00645913 0)
(2.86411 0.00755671 0)
(2.85712 0.00876673 0)
(2.86863 0.00980856 0)
(2.85863 0.011042 0)
(2.87684 0.0118262 0)
(2.86147 0.0130613 0)
(2.96733 -0.091888 0)
(2.99038 -0.0877956 0)
(3.00633 -0.0576936 0)
(2.99602 -0.0245014 0)
(2.98018 -0.00472706 0)
(2.97101 0.00225143 0)
(2.97176 0.00343758 0)
(2.97437 0.0035204 0)
(2.97886 0.00407408 0)
(2.97978 0.00483336 0)
(2.9835 0.00559184 0)
(2.98353 0.00608485 0)
(2.98874 0.00657165 0)
(2.9884 0.00696078 0)
(2.9955 0.00746186 0)
(2.99404 0.00794311 0)
(3.00353 0.00844908 0)
(3.00027 0.00900217 0)
(3.01308 0.00934642 0)
(3.00715 0.00996402 0)
(3.01872 0.0698134 0)
(3.04715 0.0657904 0)
(3.07202 0.035888 0)
(3.06888 0.00622459 0)
(3.05703 -0.00702303 0)
(3.05134 -0.00761263 0)
(3.05455 -0.00447119 0)
(3.06021 -0.00251073 0)
(3.06709 -0.00191623 0)
(3.07154 -0.00177751 0)
(3.07706 -0.00132724 0)
(3.08027 -0.000695903 0)
(3.08605 7.94176e-05 0)
(3.08881 0.000736312 0)
(3.09527 0.00140007 0)
(3.09735 0.00199068 0)
(3.10473 0.00256438 0)
(3.10591 0.00315008 0)
(3.1147 0.00355128 0)
(3.11477 0.0041307 0)
(3.26242 0.0768229 0)
(3.23883 0.073452 0)
(3.21568 0.0430704 0)
(3.21105 0.0113116 0)
(3.21437 -0.00439587 0)
(3.21364 -0.0069881 0)
(3.20892 -0.00514511 0)
(3.20276 -0.00371467 0)
(3.19849 -0.00331488 0)
(3.19477 -0.00329527 0)
(3.19279 -0.00307748 0)
(3.19028 -0.00267277 0)
(3.18949 -0.0021659 0)
(3.18787 -0.0017189 0)
(3.18845 -0.00129347 0)
(3.18775 -0.000923931 0)
(3.18964 -0.000564094 0)
(3.18964 -0.000229354 0)
(3.19273 4.77985e-05 0)
(3.19339 0.000340864 0)
(1.24024 0.198185 -1.59328e-21)
(1.33226 0.185901 -9.50977e-20)
(1.42166 0.179325 0)
(1.50989 0.173843 -7.71315e-20)
(1.59477 0.167852 0)
(1.67102 0.161698 -5.64792e-20)
(1.73728 0.154652 2.44242e-20)
(1.79198 0.146422 -6.69421e-22)
(1.83492 0.136785 0)
(1.86542 0.125398 0)
(1.33014 0.168083 1.03668e-19)
(1.42858 0.161457 0)
(1.52225 0.159255 8.41643e-20)
(1.60871 0.157745 0)
(1.69052 0.15401 -1.92705e-21)
(1.76281 0.148884 3.03055e-20)
(1.82502 0.142331 2.02022e-22)
(1.87502 0.134664 -5.56881e-22)
(1.91389 0.125307 5.56064e-22)
(1.94031 0.114872 1.60173e-21)
(1.43087 0.149038 -1.02581e-19)
(1.52899 0.145413 0)
(1.62457 0.142772 -8.13232e-20)
(1.70964 0.141202 -2.45399e-21)
(1.78864 0.138058 6.54136e-20)
(1.85737 0.133501 -2.84342e-20)
(1.91674 0.127622 9.28902e-22)
(1.96264 0.121097 -6.9531e-22)
(1.99869 0.112823 0)
(2.02128 0.104035 -3.32698e-21)
(1.54383 0.132553 0)
(1.64086 0.130186 9.00287e-20)
(1.73634 0.1277 -2.42403e-21)
(1.81903 0.126517 4.58114e-21)
(1.89358 0.124631 -6.94843e-20)
(1.95651 0.121162 1.90821e-21)
(2.01154 0.116039 -2.44137e-20)
(2.05218 0.110229 0)
(2.08542 0.102843 -9.08443e-21)
(2.10373 0.0950907 1.97272e-21)
(1.66821 0.118256 -9.55705e-20)
(1.76191 0.117368 1.49538e-21)
(1.8535 0.11585 -5.02303e-21)
(1.93121 0.114984 4.51951e-21)
(1.99942 0.113805 -2.13798e-21)
(2.05491 0.111038 -1.66911e-21)
(2.10432 0.1065 2.39084e-21)
(2.1391 0.101064 9.42287e-21)
(2.16943 0.0944525 9.49345e-21)
(2.18353 0.0873767 0)
(1.80115 0.106524 1.87674e-19)
(1.88789 0.106928 -1.7409e-19)
(1.9714 0.10636 -2.34739e-21)
(2.04094 0.10564 2.34994e-21)
(2.10072 0.104699 0)
(2.14744 0.10232 2.86293e-20)
(2.19002 0.0982978 7.33667e-22)
(2.21869 0.0930955 -1.217e-20)
(2.24583 0.087162 6.33858e-22)
(2.25646 0.0805536 -2.02138e-21)
(1.93535 0.0974411 -9.21339e-20)
(2.01071 0.0987659 8.84194e-20)
(2.08222 0.0988586 -4.86995e-21)
(2.1408 0.0980952 2.32297e-21)
(2.19062 0.0969857 3.18409e-20)
(2.22811 0.0946362 -1.6573e-21)
(2.26341 0.0909429 2.72872e-20)
(2.28637 0.0859223 0)
(2.31036 0.0805308 4.90182e-21)
(2.3186 0.0743414 2.03136e-21)
(2.05985 0.0904138 0)
(2.12038 0.0921607 0)
(2.1775 0.0924835 0)
(2.22384 0.0914302 3.69214e-20)
(2.26348 0.0898546 -6.56758e-20)
(2.29242 0.0872718 5.35569e-23)
(2.32114 0.0837488 -1.19606e-20)
(2.33941 0.078955 -1.42795e-21)
(2.36083 0.0740302 -9.30291e-21)
(2.36777 0.0683202 0)
(2.16367 0.0845061 -4.31423e-20)
(2.20818 0.0861612 0)
(2.25083 0.0863154 -2.26061e-21)
(2.28568 0.0847905 -3.04263e-20)
(2.31658 0.0826153 2.96602e-20)
(2.33899 0.0796736 -2.88605e-20)
(2.36294 0.0762311 -1.29884e-20)
(2.37823 0.0717254 -6.83025e-22)
(2.39821 0.0672655 1.09376e-20)
(2.40489 0.0620947 0)
(2.23882 0.0786928 8.485e-20)
(2.26923 0.0798065 0)
(2.3001 0.0794768 -2.23809e-21)
(2.32654 0.0774061 -3.01382e-20)
(2.35192 0.0746599 -2.07935e-21)
(2.3711 0.0713801 1.72585e-21)
(2.39302 0.0680108 1.22742e-20)
(2.40762 0.0638624 -1.33861e-20)
(2.42753 0.0599001 -4.81457e-21)
(2.43504 0.0553689 3.09103e-22)
(2.28419 0.0721014 -4.04632e-20)
(2.30564 0.0723212 1.10305e-21)
(2.33017 0.0712889 -2.40973e-21)
(2.35335 0.0687148 3.64465e-20)
(2.37779 0.0655752 -2.07743e-21)
(2.39781 0.062117 0)
(2.42081 0.0589007 8.25294e-23)
(2.43715 0.0551751 -1.26406e-22)
(2.45822 0.0517673 -5.4097e-21)
(2.46751 0.0478655 0)
(2.30864 0.0640148 -1.23237e-21)
(2.32908 0.0631365 3.59721e-21)
(2.35468 0.0613353 -4.58264e-21)
(2.38079 0.0584381 4.28287e-21)
(2.40916 0.0552113 -2.07669e-21)
(2.43368 0.0518669 -1.74748e-21)
(2.46024 0.0489568 -1.0833e-20)
(2.47994 0.0457541 1.06031e-20)
(2.50269 0.0429462 1.1664e-20)
(2.51406 0.0396418 0)
(2.33406 0.0535947 0)
(2.36242 0.0518013 -3.8264e-20)
(2.39615 0.0495255 0)
(2.43 0.0467191 1.70449e-20)
(2.4652 0.0438485 0)
(2.49557 0.0410179 0)
(2.52616 0.0386181 8.04887e-22)
(2.54896 0.0360907 -8.11698e-22)
(2.57277 0.0338756 -5.53005e-21)
(2.58537 0.0312741 0)
(2.39641 0.0407776 3.79591e-20)
(2.43675 0.0388451 3.92303e-20)
(2.48014 0.0368201 0)
(2.52119 0.03468 2.00869e-21)
(2.56145 0.0326106 -1.79581e-20)
(2.59508 0.030618 -1.76307e-21)
(2.62722 0.0288881 -5.03038e-21)
(2.65055 0.0271067 -7.39129e-22)
(2.67362 0.0254417 -2.08538e-21)
(2.68552 0.0235514 0)
(2.52392 0.027672 -5.80598e-20)
(2.57026 0.0265714 -1.87183e-20)
(2.61659 0.0254968 -2.15565e-21)
(2.65808 0.024363 -1.27144e-20)
(2.69719 0.0232304 2.96822e-20)
(2.72854 0.022075 0)
(2.75793 0.0209771 7.6521e-21)
(2.77823 0.0198137 -8.24495e-22)
(2.79841 0.0185925 2.84286e-21)
(2.80766 0.0172517 6.4484e-22)
(2.70629 0.0179407 1.9104e-20)
(2.74637 0.0179267 2.08392e-20)
(2.78524 0.0178051 1.3316e-20)
(2.8189 0.0174238 2.1923e-21)
(2.85041 0.0168967 -1.58697e-20)
(2.87474 0.0162106 0)
(2.89801 0.0154902 6.87788e-21)
(2.91304 0.014652 -3.91857e-21)
(2.92914 0.0137264 7.58702e-22)
(2.93511 0.0126844 -6.48172e-22)
(2.8898 0.0133684 1.87677e-20)
(2.91667 0.0136525 0)
(2.94335 0.0137496 -1.98125e-20)
(2.96639 0.013463 1.25875e-20)
(2.98867 0.0130137 -2.06429e-21)
(3.00554 0.0123657 1.77627e-21)
(3.02259 0.0117584 -7.88063e-21)
(3.03301 0.0110034 -1.60003e-21)
(3.0455 0.01028 7.65065e-22)
(3.04938 0.00936923 0)
(3.02519 0.0099668 -8.1923e-21)
(3.04292 0.00997138 1.02918e-21)
(3.06129 0.0098808 -2.26713e-21)
(3.07748 0.00948254 1.99428e-21)
(3.0937 0.00903611 -2.06101e-21)
(3.10609 0.00844554 3.71347e-21)
(3.11903 0.00801395 0)
(3.12703 0.00742957 3.19894e-21)
(3.137 0.00700062 -1.46782e-21)
(3.14048 0.00630499 3.33303e-22)
(3.12616 0.00423183 -9.17626e-21)
(3.13775 0.0043011 2.17913e-21)
(3.15019 0.00431272 1.87957e-24)
(3.16138 0.00412239 -6.17731e-21)
(3.1728 0.00395651 -1.97487e-21)
(3.18167 0.00371144 -7.35869e-21)
(3.19096 0.00364367 2.64538e-21)
(3.197 0.00345112 -3.88871e-23)
(3.20433 0.00341977 1.47502e-21)
(3.20758 0.00313951 -3.35052e-22)
(3.19805 0.000493402 0)
(3.20337 0.000552963 0)
(3.21002 0.000537441 -6.4546e-21)
(3.21632 0.00043017 2.16846e-21)
(3.22324 0.000353898 1.98547e-21)
(3.2287 0.000284334 1.87164e-21)
(3.23464 0.000329081 8.36491e-22)
(3.23862 0.000361567 -2.43613e-21)
(3.24353 0.00048787 7.82839e-22)
(3.24607 0.000535893 0)
)
;

boundaryField
{
    bottom
    {
        type            symmetryPlane;
    }
    right
    {
        type            zeroGradient;
    }
    top
    {
        type            symmetryPlane;
    }
    left
    {
        type            zeroGradient;
    }
    cylinder
    {
        type            noSlip;
    }
    defaultFaces
    {
        type            empty;
    }
}


// ************************************************************************* //
