/*--------------------------------*- C++ -*----------------------------------*\
| =========                 |                                                 |
| \\      /  F ield         | OpenFOAM: The Open Source CFD Toolbox           |
|  \\    /   O peration     | Version:  4.1                                   |
|   \\  /    A nd           | Web:      www.OpenFOAM.org                      |
|    \\/     M anipulation  |                                                 |
\*---------------------------------------------------------------------------*/
FoamFile
{
    version     2.0;
    format      ascii;
    class       volVectorField;
    location    "12.6";
    object      U;
}
// * * * * * * * * * * * * * * * * * * * * * * * * * * * * * * * * * * * * * //

dimensions      [0 1 -1 0 0 0 0];

internalField   nonuniform List<vector> 
2000
(
(-0.0248391 0.0219162 -2.25453e-21)
(0.00372883 0.0208281 0)
(0.0982003 0.00845097 -8.97323e-21)
(0.24413 -0.0056447 -5.33921e-21)
(0.426165 -0.0154388 1.00678e-20)
(0.62513 -0.018938 1.71282e-20)
(0.823586 -0.0158686 -5.41816e-21)
(1.00342 -0.0105209 0)
(1.17681 0.00195776 5.93442e-21)
(1.2848 0.0103617 0)
(-0.0186251 0.0156893 1.2541e-21)
(0.0442587 0.00352241 -2.20043e-21)
(0.190693 -0.0115494 5.71747e-21)
(0.394372 -0.0218553 1.19129e-20)
(0.625389 -0.0235689 -7.0441e-22)
(0.853944 -0.0176255 -5.97311e-21)
(1.05888 -0.00687263 4.90148e-21)
(1.2296 0.00406942 5.7013e-21)
(1.36961 0.0173998 -5.9341e-21)
(1.45483 0.0186108 -1.2331e-20)
(-0.00592583 0.00774644 5.63112e-23)
(0.105552 -0.014906 -5.27452e-23)
(0.315473 -0.0279184 -2.76571e-21)
(0.576498 -0.0289185 -1.16521e-21)
(0.840486 -0.0194192 -4.34108e-21)
(1.07272 -0.00444183 -4.91136e-21)
(1.25822 0.011063 -5.36383e-21)
(1.39695 0.0234487 -5.70114e-21)
(1.4977 0.0329327 -6.16343e-21)
(1.56894 0.0342509 6.46853e-21)
(0.0154159 -0.00139819 -5.99512e-22)
(0.190686 -0.0314567 -1.22244e-21)
(0.469424 -0.0357808 0)
(0.774259 -0.0232264 -3.8537e-21)
(1.04476 -0.00299635 2.40076e-21)
(1.25438 0.0171584 0)
(1.40343 0.032838 0)
(1.50505 0.042362 0)
(1.57767 0.0481184 6.16367e-21)
(1.62711 0.0466119 -1.35498e-20)
(0.0473346 -0.0105013 6.94572e-21)
(0.299891 -0.041704 -8.59778e-23)
(0.64179 -0.0308512 1.18158e-21)
(0.965713 -0.00427635 -1.20796e-21)
(1.21621 0.0225354 -1.03504e-21)
(1.38767 0.042777 -1.92721e-21)
(1.49836 0.054944 0)
(1.57157 0.0604725 -3.17766e-21)
(1.62537 0.0621038 1.80572e-20)
(1.67106 0.0583839 -2.4642e-20)
(0.0909486 -0.0176839 -1.34547e-20)
(0.428795 -0.040943 1.46095e-21)
(0.816083 -0.0113642 -2.18263e-21)
(1.13211 0.0255856 9.5866e-22)
(1.34589 0.0534996 3.98314e-21)
(1.47697 0.069931 -8.40485e-22)
(1.55695 0.0771462 0)
(1.61171 0.078458 3.17789e-21)
(1.65761 0.076627 -3.58814e-21)
(1.70141 0.0721045 -1.79421e-20)
(0.14613 -0.0205837 0)
(0.568187 -0.0257108 0)
(0.975996 0.0216228 -1.59206e-21)
(1.26393 0.0631988 1.48209e-21)
(1.43586 0.0876102 1.58764e-21)
(1.53222 0.0981118 -1.49057e-21)
(1.59068 0.0999475 -7.15638e-21)
(1.63535 0.0972816 6.76441e-21)
(1.6778 0.0925764 9.31707e-21)
(1.72215 0.0870399 -4.43941e-21)
(0.21087 -0.0167799 4.06416e-21)
(0.705969 0.0049287 0)
(1.11051 0.0654971 -3.8563e-22)
(1.35988 0.105992 1.42421e-21)
(1.49244 0.123743 1.05408e-21)
(1.56205 0.127291 0)
(1.60687 0.123758 0)
(1.64655 0.117302 0)
(1.68841 0.110007 1.09629e-20)
(1.73364 0.103446 -1.04208e-20)
(0.281228 -0.00444965 -2.23454e-21)
(0.830639 0.0493877 -2.98692e-22)
(1.21461 0.117301 -1.45452e-21)
(1.42277 0.152064 -6.04417e-23)
(1.52194 0.161184 1.03876e-23)
(1.57249 0.1574 -1.33556e-21)
(1.60936 0.148621 0)
(1.64714 0.138524 1.55066e-21)
(1.68928 0.128861 8.23621e-21)
(1.73523 0.12065 -6.21384e-21)
(0.351892 0.0171711 0)
(0.933921 0.104523 -1.41497e-21)
(1.28731 0.17415 0)
(1.45662 0.199902 -1.90445e-22)
(1.52939 0.199305 -1.62041e-22)
(1.56718 0.188141 9.62185e-22)
(1.59991 0.174239 0)
(1.63733 0.160565 -1.55081e-21)
(1.68013 0.148509 -1.69864e-21)
(1.72679 0.138085 -2.03819e-21)
(-0.00452314 0.00446055 0)
(-0.0189007 0.00868809 1.17443e-21)
(-0.0399867 0.0103403 0)
(-0.0607634 0.0107059 1.4685e-21)
(-0.0795864 0.0104228 4.45933e-22)
(-0.0961696 0.00987314 -8.31464e-22)
(-0.110603 0.00930618 7.83031e-22)
(-0.123208 0.00888666 -7.21112e-22)
(-0.134475 0.0087439 -8.79325e-24)
(-0.1452 0.00900462 -6.30028e-22)
(-0.00549333 0.0129275 3.78537e-21)
(-0.0199982 0.0252321 -2.34547e-21)
(-0.0398071 0.030061 2.08612e-21)
(-0.0586023 0.0310784 -9.74268e-22)
(-0.0749664 0.0301417 -4.45037e-21)
(-0.0886666 0.0283734 1.66846e-21)
(-0.0998107 0.0265162 0)
(-0.108693 0.0250854 7.18698e-22)
(-0.115694 0.0244903 6.69924e-22)
(-0.121874 0.0251316 0)
(-0.00733158 0.0201261 -2.52583e-21)
(-0.0221527 0.0394446 0)
(-0.0396265 0.0470281 -6.19123e-21)
(-0.054741 0.0484484 7.60672e-21)
(-0.0664918 0.0466157 -1.76444e-21)
(-0.0747777 0.0433042 0)
(-0.0797576 0.0397116 0)
(-0.0817338 0.0367371 0)
(-0.0808511 0.0351509 -5.38228e-21)
(-0.0780559 0.0357649 5.11532e-21)
(-0.00984091 0.0255483 0)
(-0.0252354 0.0502518 4.33387e-21)
(-0.0396278 0.0598269 -8.00608e-21)
(-0.0496986 0.0612181 3.71584e-21)
(-0.0550384 0.0581439 -3.45139e-21)
(-0.0557766 0.0528699 9.71264e-21)
(-0.0521676 0.046926 2.40268e-24)
(-0.04464 0.0415325 -5.76625e-21)
(-0.0332428 0.0380361 -5.54048e-21)
(-0.0168951 0.038791 7.97421e-21)
(-0.0128142 0.0290857 -4.61562e-21)
(-0.0289685 0.0571136 8.22926e-21)
(-0.0396497 0.0675685 -8.99409e-23)
(-0.0433792 0.068311 4.8006e-23)
(-0.0404762 0.06362 -3.44469e-21)
(-0.0314038 0.0560635 9.57226e-21)
(-0.0165741 0.0473072 0)
(0.00349016 0.0386976 2.94421e-21)
(0.0290301 0.0322057 -2.87277e-21)
(0.0617398 0.0321068 1.07533e-20)
(-0.0160751 0.0309387 -1.52751e-22)
(-0.03282 0.0599613 -7.97979e-21)
(-0.0387918 0.069865 -3.77042e-21)
(-0.0343021 0.0691555 -3.31465e-21)
(-0.0204271 0.0624939 -3.35339e-21)
(0.00200132 0.0526367 -3.18962e-21)
(0.0323358 0.0412425 0)
(0.0696917 0.0294911 -2.94405e-21)
(0.11395 0.0192389 -9.13918e-21)
(0.172163 0.0173325 2.49617e-21)
(-0.0194605 0.0314417 2.39192e-23)
(-0.0358339 0.0589865 -3.65241e-21)
(-0.0350417 0.0667277 0)
(-0.0189701 0.0635984 7.10464e-21)
(0.0105986 0.054633 -6.40282e-21)
(0.0524321 0.0427938 0)
(0.105487 0.0298083 0)
(0.168121 0.0166768 0)
(0.236832 0.00347834 6.02024e-21)
(0.333487 0.000930899 1.13733e-20)
(-0.0227469 0.0308639 3.54334e-21)
(-0.0364512 0.0544833 -3.31915e-21)
(-0.024923 0.0583964 -6.33071e-21)
(0.00843919 0.0518907 3.11223e-22)
(0.0612342 0.0404637 -6.24186e-21)
(0.131358 0.0273127 -6.18306e-21)
(0.21652 0.0143876 -6.14001e-21)
(0.313699 0.00310582 -6.1279e-21)
(0.411973 -0.0101983 -6.01956e-21)
(0.556931 -0.00911773 6.43179e-21)
(-0.0254168 0.0292182 8.48376e-21)
(-0.0323842 0.0466163 3.38291e-21)
(-0.00350099 0.0453036 1.25608e-20)
(0.0558689 0.034981 6.29381e-21)
(0.142093 0.0216139 2.63127e-22)
(0.250732 0.00860005 6.46708e-21)
(0.376327 -0.002005 -5.87133e-21)
(0.512199 -0.00846676 6.12717e-21)
(0.642767 -0.0171749 -6.0882e-21)
(0.82382 -0.00788659 1.23733e-20)
(-0.0265371 0.0263399 -5.37663e-21)
(-0.0203352 0.0353879 0)
(0.0353497 0.0282103 -5.74176e-21)
(0.132048 0.0147688 5.01667e-23)
(0.262602 0.00137818 4.28385e-22)
(0.417167 -0.00872141 -6.26804e-21)
(0.584883 -0.0137889 1.76465e-20)
(0.751892 -0.0143313 0)
(0.91358 -0.0130156 6.08737e-21)
(1.08587 0.00325594 0)
(-0.156122 0.00956163 0)
(-0.167881 0.00950993 5.62814e-22)
(-0.179429 0.00924204 -1.10877e-21)
(-0.190661 0.00892181 4.78938e-22)
(-0.201577 0.00856564 0)
(-0.212127 0.00817068 -4.70938e-22)
(-0.222253 0.0077352 4.73272e-22)
(-0.231894 0.0072592 0)
(-0.240994 0.00674552 0)
(-0.249496 0.00620039 -4.58469e-23)
(-0.257353 0.00563375 0)
(-0.264529 0.00505931 0)
(-0.271013 0.00449455 0)
(-0.276811 0.00396035 0)
(-0.281954 0.00347945 4.30583e-23)
(-0.286492 0.00307403 -4.32813e-23)
(-0.29057 0.00276579 0)
(-0.294525 0.00257772 7.63758e-24)
(-0.298542 0.0025123 -7.67775e-24)
(-0.301434 0.00250114 0)
(-0.129562 0.0268544 0)
(-0.139655 0.0267959 -1.44194e-22)
(-0.149528 0.0261942 0)
(-0.159206 0.0254506 -2.02436e-21)
(-0.168814 0.0245922 1.97156e-21)
(-0.178302 0.0236124 -1.22767e-22)
(-0.187605 0.0225055 8.87687e-22)
(-0.196661 0.0212685 -1.8273e-21)
(-0.205406 0.0199065 1.49356e-21)
(-0.213776 0.0184337 -8.13401e-22)
(-0.221708 0.0168752 -6.27965e-22)
(-0.229145 0.0152673 1.11379e-21)
(-0.236045 0.0136582 -5.60354e-22)
(-0.242382 0.0121076 -2.6407e-22)
(-0.248145 0.0106838 2.08284e-22)
(-0.253337 0.00945737 -3.85642e-23)
(-0.258043 0.00849811 -2.946e-23)
(-0.262581 0.00788074 -3.02598e-23)
(-0.267231 0.00764146 3.04063e-23)
(-0.270749 0.00762289 -2.37132e-24)
(-0.0799747 0.0391459 1.48994e-22)
(-0.0869963 0.0390409 1.44446e-22)
(-0.0935812 0.0386046 1.42745e-22)
(-0.100139 0.037981 0)
(-0.106998 0.037159 2.28679e-21)
(-0.114127 0.0361357 -1.78541e-21)
(-0.121462 0.0348948 0)
(-0.128949 0.0334245 2.19167e-22)
(-0.13653 0.0317237 1.00268e-22)
(-0.144139 0.0298035 -1.22442e-21)
(-0.151707 0.0276901 1.468e-22)
(-0.159158 0.0254275 1.42532e-21)
(-0.166417 0.0230795 6.69879e-23)
(-0.173413 0.0207311 5.64109e-23)
(-0.180075 0.0184882 4.82365e-23)
(-0.186327 0.0164707 -9.69406e-23)
(-0.192144 0.0148036 9.62371e-23)
(-0.197757 0.0136335 9.88174e-23)
(-0.203564 0.0131276 1.66989e-23)
(-0.208293 0.0131851 -1.9954e-24)
(-0.0114295 0.0427832 4.62305e-21)
(-0.0151841 0.0436571 -9.55918e-23)
(-0.017108 0.0439515 -3.0579e-22)
(-0.0194167 0.0439111 -4.55805e-21)
(-0.0223189 0.0437281 -4.05782e-22)
(-0.0258225 0.0433241 -1.25441e-22)
(-0.0298985 0.0426326 3.47024e-21)
(-0.0345143 0.04163 -2.10808e-21)
(-0.0396418 0.0403058 -1.73519e-21)
(-0.0452475 0.0386561 1.55424e-21)
(-0.0512863 0.0366911 -1.51418e-22)
(-0.0576994 0.0344415 -1.54279e-21)
(-0.0644158 0.0319616 -6.64309e-23)
(-0.0713516 0.0293329 -5.44315e-22)
(-0.0784078 0.0266691 3.78409e-22)
(-0.0854573 0.0241143 2.74367e-22)
(-0.0923573 0.0218325 -2.43335e-22)
(-0.0991369 0.0200391 0)
(-0.106244 0.0191112 -3.25928e-23)
(-0.112834 0.0192778 -2.02765e-24)
(0.0755762 0.0374799 -1.04832e-20)
(0.076742 0.0402707 4.54793e-21)
(0.0776946 0.0412429 -4.86751e-21)
(0.0794535 0.0420029 0)
(0.0807901 0.0428209 2.73807e-22)
(0.0813212 0.0434714 4.14342e-21)
(0.0811029 0.0438107 -6.21451e-24)
(0.0801801 0.0438078 -2.71987e-22)
(0.0785355 0.0434529 -3.63787e-21)
(0.0761412 0.0427272 -1.94945e-22)
(0.0729839 0.0416183 0)
(0.0690662 0.0401324 1.57081e-22)
(0.0644052 0.0382973 0)
(0.0590366 0.0361656 1.17973e-22)
(0.0530191 0.03382 0)
(0.0464431 0.0313797 0)
(0.0394658 0.0289949 -6.0165e-23)
(0.0322877 0.026853 6.55512e-23)
(0.0246385 0.0252645 -5.68342e-23)
(0.015982 0.0247442 1.32377e-23)
(0.192085 0.0261513 0)
(0.195824 0.0304274 3.13418e-22)
(0.197662 0.0321429 9.95055e-21)
(0.201394 0.0336048 -9.63521e-21)
(0.205435 0.0353609 3.03383e-22)
(0.208794 0.0370516 0)
(0.211494 0.0384433 4.135e-21)
(0.213649 0.03952 -7.73739e-21)
(0.215217 0.0402927 4.10289e-21)
(0.216096 0.0407362 2.22318e-22)
(0.216206 0.0408196 2.02184e-22)
(0.215485 0.0405296 1.81208e-22)
(0.213879 0.0398707 0)
(0.211346 0.038866 -8.21214e-22)
(0.207865 0.0375587 1.86267e-21)
(0.203436 0.0360227 -7.88267e-22)
(0.198123 0.0343627 7.16223e-23)
(0.192041 0.0327103 4.99853e-23)
(0.185035 0.0311254 -1.55882e-23)
(0.176101 0.030092 1.57167e-23)
(0.354896 0.0128465 -1.17583e-20)
(0.358039 0.0186035 0)
(0.357318 0.0204988 3.33384e-22)
(0.359629 0.0223108 -6.45738e-22)
(0.363464 0.0247347 -6.22745e-22)
(0.367073 0.0270968 -3.05767e-22)
(0.370344 0.0291328 -2.91342e-22)
(0.373484 0.0309234 3.8651e-21)
(0.376442 0.032521 -4.61112e-21)
(0.379051 0.0338946 -3.95909e-21)
(0.381178 0.0350024 3.29366e-21)
(0.382719 0.0358232 -3.74329e-22)
(0.383572 0.036349 1.22939e-21)
(0.383638 0.0365854 -3.13482e-22)
(0.382832 0.0365475 -1.28644e-21)
(0.381072 0.0362811 -1.03284e-22)
(0.378343 0.0358373 1.03897e-22)
(0.374548 0.0353427 -1.3663e-22)
(0.370008 0.0347391 -1.98378e-22)
(0.362195 0.0345167 -9.29896e-24)
(0.573081 0.00448668 0)
(0.57266 0.0101825 1.08499e-20)
(0.56739 0.0109558 -1.1137e-20)
(0.566029 0.0126041 3.31386e-22)
(0.567096 0.0152104 6.53204e-22)
(0.568463 0.0176155 3.055e-22)
(0.569929 0.0196763 5.97191e-22)
(0.571714 0.0216432 0)
(0.573722 0.023584 2.55277e-22)
(0.575742 0.0254379 2.35435e-22)
(0.57763 0.0271508 2.31488e-22)
(0.579283 0.0286969 4.01838e-22)
(0.580601 0.0300578 0)
(0.581462 0.0312294 0)
(0.581793 0.0322058 1.24031e-22)
(0.581435 0.0330275 9.7589e-22)
(0.580468 0.0336974 -6.80879e-22)
(0.578412 0.0343724 6.30681e-23)
(0.576409 0.0349526 1.16463e-22)
(0.570745 0.0360208 -3.63719e-23)
(0.831363 0.00685716 -1.28837e-20)
(0.827675 0.00962247 0)
(0.820516 0.00788946 0)
(0.817143 0.00872522 1.11266e-20)
(0.815712 0.0107443 -6.38823e-22)
(0.81445 0.0124183 -2.09714e-20)
(0.813366 0.013894 9.92707e-21)
(0.812656 0.0155093 0)
(0.812193 0.0172684 0)
(0.81181 0.0190842 0)
(0.811447 0.0209056 -1.05901e-22)
(0.811059 0.0227045 -3.16881e-22)
(0.810626 0.0244446 -2.85694e-21)
(0.810039 0.0261111 2.75076e-21)
(0.809334 0.0276703 -1.03129e-21)
(0.808249 0.0291644 9.14175e-22)
(0.807153 0.0305377 0)
(0.805104 0.031998 -2.67271e-23)
(0.803982 0.033231 -3.69082e-23)
(0.79973 0.035396 0)
(1.09985 0.0103398 1.82476e-22)
(1.10092 0.00583052 1.15515e-20)
(1.09864 0.00381926 -1.14315e-20)
(1.09671 0.0056379 0)
(1.09376 0.00795541 -1.10815e-20)
(1.08966 0.00991767 2.16859e-20)
(1.08528 0.0119442 -1.0609e-20)
(1.081 0.0141289 0)
(1.07684 0.0163423 -4.53569e-21)
(1.0728 0.0185051 8.68298e-21)
(1.06892 0.0205941 -4.27171e-21)
(1.06522 0.0225999 1.09095e-22)
(1.06176 0.0244989 0)
(1.05843 0.0262982 2.71065e-21)
(1.05542 0.0279601 -3.70401e-21)
(1.05231 0.0295666 1.09246e-21)
(1.04981 0.0309874 6.7389e-22)
(1.0466 0.0325748 -4.73355e-22)
(1.045 0.0336796 -2.25509e-22)
(1.04107 0.0358901 0)
(1.39486 0.017807 0)
(1.37702 0.0144777 0)
(1.36384 0.0133502 0)
(1.35203 0.0135461 0)
(1.34099 0.01413 0)
(1.33097 0.0150444 0)
(1.32211 0.0162778 0)
(1.31429 0.0177191 0)
(1.30732 0.0192837 0)
(1.30101 0.0209243 0)
(1.29529 0.0226055 0)
(1.29003 0.0242981 0)
(1.28529 0.0259653 0)
(1.28082 0.027615 0)
(1.27692 0.0291831 0)
(1.27298 0.030782 0)
(1.26992 0.0321879 0)
(1.2662 0.0338711 0)
(1.26431 0.0349434 0)
(1.26032 0.0371545 0)
(1.53378 0.0274176 0)
(1.52641 0.0275002 0)
(1.5205 0.0268491 0)
(1.51464 0.025949 0)
(1.50849 0.0253574 0)
(1.50237 0.0252432 0)
(1.49659 0.0255406 0)
(1.49122 0.0261284 0)
(1.48626 0.0269306 0)
(1.48164 0.0278889 0)
(1.47736 0.028966 0)
(1.47334 0.0301175 0)
(1.46967 0.0313053 0)
(1.46614 0.0325202 0)
(1.46305 0.033697 0)
(1.45984 0.0349311 0)
(1.4574 0.0360017 0)
(1.45429 0.0373204 0)
(1.45278 0.0381124 0)
(1.44933 0.039718 0)
(1.63617 0.0317088 0)
(1.63266 0.0307991 0)
(1.62977 0.0301056 0)
(1.62731 0.0293101 0)
(1.62498 0.0287534 0)
(1.62272 0.0286147 0)
(1.62057 0.028861 0)
(1.61861 0.0293742 0)
(1.61682 0.0300813 0)
(1.61521 0.030918 0)
(1.61374 0.0318635 0)
(1.61241 0.0328715 0)
(1.6112 0.0339223 0)
(1.61009 0.0349936 0)
(1.60913 0.0360384 0)
(1.60818 0.0371227 0)
(1.60748 0.0380634 0)
(1.60662 0.0391871 0)
(1.60625 0.0398578 0)
(1.60537 0.0411361 0)
(1.7197 0.0345958 0)
(1.71873 0.0325981 0)
(1.71752 0.0313462 0)
(1.7167 0.0303623 0)
(1.7163 0.0296689 0)
(1.71617 0.0293536 0)
(1.71619 0.0294178 0)
(1.71642 0.0297684 0)
(1.71678 0.030338 0)
(1.71737 0.0310519 0)
(1.71804 0.0318886 0)
(1.71893 0.0328001 0)
(1.71979 0.0337673 0)
(1.72094 0.0347702 0)
(1.7219 0.0357512 0)
(1.72331 0.0367873 0)
(1.72424 0.0376691 0)
(1.72598 0.0387487 0)
(1.72666 0.0393598 0)
(1.72898 0.0405929 0)
(1.79511 0.0358351 0)
(1.79579 0.0331645 0)
(1.79585 0.0313848 0)
(1.7961 0.0301389 0)
(1.79674 0.0292678 0)
(1.79774 0.0287479 0)
(1.79891 0.0285825 0)
(1.80032 0.0287119 0)
(1.80182 0.0290817 0)
(1.80363 0.0296215 0)
(1.80544 0.0302987 0)
(1.80765 0.0310769 0)
(1.80967 0.0319172 0)
(1.81228 0.0328292 0)
(1.81435 0.0337105 0)
(1.81741 0.0346961 0)
(1.81929 0.0354936 0)
(1.82301 0.0365574 0)
(1.82428 0.0371018 0)
(1.8291 0.0383503 0)
(1.87017 0.0355914 0)
(1.87175 0.0326225 0)
(1.87267 0.0305153 0)
(1.87356 0.0290457 0)
(1.87473 0.0280118 0)
(1.87626 0.0273212 0)
(1.87795 0.0269567 0)
(1.87991 0.0268806 0)
(1.88189 0.0270487 0)
(1.88425 0.0274068 0)
(1.88652 0.0279063 0)
(1.88934 0.0285321 0)
(1.89181 0.0292155 0)
(1.89512 0.0300084 0)
(1.89762 0.0307541 0)
(1.90154 0.0316568 0)
(1.90378 0.0323396 0)
(1.90858 0.0333534 0)
(1.91007 0.0338162 0)
(1.91628 0.0350331 0)
(1.94819 0.0344701 0)
(1.95023 0.0314755 0)
(1.95162 0.0292207 0)
(1.95287 0.027584 0)
(1.95424 0.0264008 0)
(1.95596 0.025563 0)
(1.95779 0.0250299 0)
(1.95993 0.0247733 0)
(1.96203 0.0247522 0)
(1.96455 0.0249326 0)
(1.96691 0.0252523 0)
(1.9699 0.0257178 0)
(1.97243 0.0262337 0)
(1.97597 0.0268872 0)
(1.9785 0.0274823 0)
(1.98272 0.0282699 0)
(1.98497 0.0288262 0)
(1.99018 0.0297443 0)
(1.99164 0.0301217 0)
(1.99837 0.0312425 0)
(2.02863 0.0329637 0)
(2.03092 0.0300648 0)
(2.0326 0.0277612 0)
(2.03408 0.0260084 0)
(2.03556 0.0246975 0)
(2.03735 0.023732 0)
(2.0392 0.023056 0)
(2.04138 0.022643 0)
(2.04347 0.0224511 0)
(2.046 0.0224637 0)
(2.0483 0.0226116 0)
(2.05129 0.0229166 0)
(2.05372 0.0232688 0)
(2.05727 0.0237733 0)
(2.05968 0.0242194 0)
(2.06394 0.0248708 0)
(2.06606 0.0253034 0)
(2.07132 0.0260922 0)
(2.07268 0.0263895 0)
(2.07945 0.0273672 0)
(2.10893 0.0312144 0)
(2.11145 0.0284374 0)
(2.11342 0.0261356 0)
(2.11517 0.0243163 0)
(2.11684 0.0229131 0)
(2.11877 0.0218474 0)
(2.1207 0.0210565 0)
(2.12296 0.0205138 0)
(2.12508 0.0201762 0)
(2.12766 0.0200387 0)
(2.12992 0.0200321 0)
(2.13293 0.0201856 0)
(2.13529 0.0203878 0)
(2.13884 0.0207446 0)
(2.14115 0.0210535 0)
(2.14539 0.0215618 0)
(2.1474 0.0218816 0)
(2.15262 0.0225258 0)
(2.15389 0.022752 0)
(2.16057 0.0235653 0)
(2.1863 0.0291 0)
(2.1892 0.0264549 0)
(2.1916 0.0241949 0)
(2.19379 0.0223597 0)
(2.19583 0.0209092 0)
(2.19807 0.0197794 0)
(2.20025 0.0189068 0)
(2.20274 0.0182655 0)
(2.20504 0.017813 0)
(2.20781 0.0175507 0)
(2.21019 0.0174143 0)
(2.21333 0.0174346 0)
(2.21575 0.0175073 0)
(2.21939 0.0177291 0)
(2.22171 0.0179183 0)
(2.22602 0.0182908 0)
(2.22801 0.0185121 0)
(2.23326 0.0190151 0)
(2.2345 0.0191798 0)
(2.24116 0.0198315 0)
(2.25938 0.0263832 0)
(2.26285 0.0238974 0)
(2.26589 0.021723 0)
(2.26874 0.0199241 0)
(2.27135 0.0184759 0)
(2.27412 0.0173252 0)
(2.27674 0.0164102 0)
(2.27966 0.0157079 0)
(2.28231 0.0151771 0)
(2.28543 0.014824 0)
(2.28809 0.0145894 0)
(2.29153 0.014505 0)
(2.29415 0.014475 0)
(2.29803 0.014586 0)
(2.30048 0.0146778 0)
(2.30499 0.0149358 0)
(2.30705 0.015076 0)
(2.31247 0.0154577 0)
(2.31373 0.0155714 0)
(2.32051 0.0160839 0)
(2.32959 0.0228264 0)
(2.33376 0.0205454 0)
(2.33758 0.0185103 0)
(2.34121 0.0168046 0)
(2.34455 0.0154128 0)
(2.34797 0.014292 0)
(2.35115 0.0133815 0)
(2.35461 0.0126646 0)
(2.35772 0.0120994 0)
(2.3613 0.0116992 0)
(2.36433 0.0114057 0)
(2.36814 0.0112557 0)
(2.37104 0.0111563 0)
(2.37523 0.0111924 0)
(2.37788 0.0112145 0)
(2.38263 0.0113917 0)
(2.38481 0.0114715 0)
(2.39043 0.0117659 0)
(2.39175 0.0118406 0)
(2.39869 0.0122521 0)
(2.40159 0.0183337 0)
(2.40636 0.0163141 0)
(2.41087 0.0144834 0)
(2.4152 0.0129348 0)
(2.41918 0.011658 0)
(2.42316 0.0106232 0)
(2.42683 0.00977004 0)
(2.43073 0.0090919 0)
(2.43422 0.00854223 0)
(2.43815 0.00814553 0)
(2.44147 0.00783771 0)
(2.44555 0.00766878 0)
(2.44865 0.00753826 0)
(2.45303 0.0075428 0)
(2.4558 0.00752644 0)
(2.46067 0.00766456 0)
(2.46292 0.00770707 0)
(2.46858 0.00795628 0)
(2.46992 0.008005 0)
(2.47683 0.00836168 0)
(2.48175 0.0131578 0)
(2.48668 0.0114513 0)
(2.49142 0.00988744 0)
(2.49602 0.00855574 0)
(2.50022 0.00744658 0)
(2.50436 0.00654799 0)
(2.50815 0.00580024 0)
(2.5121 0.00520987 0)
(2.51563 0.00472185 0)
(2.51954 0.00437581 0)
(2.52283 0.00409523 0)
(2.52682 0.00395077 0)
(2.52984 0.00382475 0)
(2.53404 0.00383794 0)
(2.5367 0.0038122 0)
(2.54131 0.0039494 0)
(2.54343 0.00397607 0)
(2.54873 0.004218 0)
(2.54999 0.00425267 0)
(2.5564 0.00459521 0)
(2.57398 0.00799172 0)
(2.57833 0.00662127 0)
(2.58259 0.0053574 0)
(2.58673 0.0042747 0)
(2.59049 0.00336186 0)
(2.59415 0.00262669 0)
(2.59744 0.00201053 0)
(2.60085 0.00153539 0)
(2.60387 0.00113503 0)
(2.6072 0.000866781 0)
(2.60998 0.000639196 0)
(2.61333 0.000544595 0)
(2.61585 0.000445247 0)
(2.61935 0.000489808 0)
(2.62154 0.000473066 0)
(2.62536 0.000629781 0)
(2.62708 0.000654418 0)
(2.63145 0.000908192 0)
(2.63246 0.000936923 0)
(2.63771 0.00128487 0)
(2.67524 0.00372127 0)
(2.67837 0.00266697 0)
(2.68148 0.00169384 0)
(2.68451 0.000850686 0)
(2.6872 0.000128167 0)
(2.68977 -0.00044736 0)
(2.69203 -0.00093301 0)
(2.69435 -0.00129454 0)
(2.69635 -0.00160507 0)
(2.69859 -0.00179584 0)
(2.7004 -0.00196817 0)
(2.70263 -0.00201411 0)
(2.70424 -0.00208394 0)
(2.70656 -0.00201081 0)
(2.70795 -0.00201565 0)
(2.71048 -0.00184432 0)
(2.71157 -0.00181885 0)
(2.71448 -0.00156066 0)
(2.71511 -0.00153562 0)
(2.71862 -0.00119185 0)
(2.77528 0.000902286 0)
(2.77697 0.000120727 0)
(2.77869 -0.000598894 0)
(2.78034 -0.00122718 0)
(2.78172 -0.00177701 0)
(2.78295 -0.00221259 0)
(2.78394 -0.00258367 0)
(2.78492 -0.00285023 0)
(2.78571 -0.00308374 0)
(2.7866 -0.0032148 0)
(2.78726 -0.00334309 0)
(2.78812 -0.00335867 0)
(2.78867 -0.00340774 0)
(2.78958 -0.0033259 0)
(2.79003 -0.00332534 0)
(2.79104 -0.00316169 0)
(2.79139 -0.00313927 0)
(2.79259 -0.00290235 0)
(2.79278 -0.00288233 0)
(2.79425 -0.00257251 0)
(2.86167 -0.000499254 0)
(2.86214 -0.00104881 0)
(2.86264 -0.00154918 0)
(2.86305 -0.0019819 0)
(2.86326 -0.00236697 0)
(2.86328 -0.00267196 0)
(2.86312 -0.00293496 0)
(2.86288 -0.00311825 0)
(2.86256 -0.00328278 0)
(2.8622 -0.00336807 0)
(2.86181 -0.00345801 0)
(2.8614 -0.0034588 0)
(2.86097 -0.00349232 0)
(2.86054 -0.00342067 0)
(2.86014 -0.00341888 0)
(2.85971 -0.00328559 0)
(2.85938 -0.00326879 0)
(2.85896 -0.00307986 0)
(2.85877 -0.00306548 0)
(2.85833 -0.00282077 0)
(2.92477 -0.000724831 0)
(2.92437 -0.00108967 0)
(2.924 -0.00140563 0)
(2.92351 -0.00166838 0)
(2.92286 -0.00189954 0)
(2.92197 -0.00208018 0)
(2.92098 -0.00223638 0)
(2.91982 -0.00234263 0)
(2.91868 -0.00243948 0)
(2.91739 -0.00248634 0)
(2.91622 -0.00253857 0)
(2.91484 -0.00253417 0)
(2.9137 -0.00255266 0)
(2.91225 -0.00250388 0)
(2.91122 -0.00250124 0)
(2.90969 -0.0024145 0)
(2.90887 -0.00240315 0)
(2.90722 -0.00228192 0)
(2.90673 -0.00227253 0)
(2.90484 -0.00211612 0)
(2.95814 -0.000149135 0)
(2.95726 -0.000316922 0)
(2.95644 -0.00045457 0)
(2.95547 -0.000563953 0)
(2.95436 -0.000656652 0)
(2.95299 -0.000728519 0)
(2.95154 -0.00078986 0)
(2.94989 -0.000832346 0)
(2.94831 -0.000870371 0)
(2.94652 -0.000890198 0)
(2.94492 -0.000911128 0)
(2.94303 -0.000912054 0)
(2.94149 -0.000920278 0)
(2.9395 -0.000905179 0)
(2.93813 -0.000905392 0)
(2.93601 -0.00087685 0)
(2.93492 -0.000873547 0)
(2.9326 -0.000832971 0)
(2.93197 -0.000829968 0)
(2.92929 -0.000777166 0)
(1.77674 0.125501 1.99147e-21)
(1.78434 0.113503 0)
(1.78203 0.100983 -3.49695e-22)
(1.77133 0.0883498 -1.0568e-20)
(1.75084 0.075742 1.72214e-20)
(1.72457 0.0642429 0)
(1.68747 0.0522648 1.41493e-20)
(1.63842 0.0443463 0)
(1.59136 0.0302644 1.28917e-20)
(1.42084 0.0192384 -1.96298e-22)
(1.83379 0.115774 -2.25982e-21)
(1.83966 0.10572 4.43593e-22)
(1.83642 0.0949885 -4.44484e-22)
(1.82453 0.0852358 -1.06181e-21)
(1.80573 0.0743261 -1.00365e-20)
(1.77619 0.0662612 -5.99013e-22)
(1.75224 0.0555605 0)
(1.69054 0.0496594 -1.52952e-20)
(1.68936 0.0421494 0)
(1.54213 0.0279588 -1.26224e-20)
(1.89616 0.106025 4.65077e-21)
(1.89932 0.0976089 0)
(1.89694 0.0879335 -4.19525e-22)
(1.88114 0.0801596 -5.79516e-22)
(1.86758 0.0706869 1.06487e-20)
(1.82933 0.0644045 0)
(1.81918 0.0566901 1.81386e-20)
(1.7456 0.0497885 1.57524e-20)
(1.75696 0.0473161 0)
(1.6397 0.0346347 1.24926e-20)
(1.96095 0.0973674 -2.10393e-21)
(1.961 0.0901288 8.55626e-21)
(1.96167 0.0817168 0)
(1.94123 0.0749446 1.30915e-20)
(1.93418 0.0673611 7.12385e-22)
(1.88877 0.0609055 -1.3515e-21)
(1.88525 0.056063 -1.7411e-20)
(1.81025 0.0478698 -5.738e-22)
(1.81515 0.0468409 -1.68606e-20)
(1.71985 0.0381977 0)
(2.02551 0.089675 0)
(2.023 0.0831666 -8.34664e-21)
(2.02716 0.0763162 -9.32551e-21)
(2.00413 0.0698469 1.33599e-21)
(2.00158 0.0642405 -8.56753e-22)
(1.95496 0.0572838 -6.88112e-22)
(1.95113 0.0540397 -2.04273e-20)
(1.88208 0.0463371 -1.18474e-21)
(1.87824 0.044716 -7.19055e-22)
(1.79352 0.0394909 1.60117e-20)
(2.08748 0.0825585 2.68401e-21)
(2.0839 0.0765411 5.63422e-22)
(2.09044 0.0711453 -1.43394e-21)
(2.06799 0.0649171 5.04916e-22)
(2.06739 0.0607074 -1.41294e-20)
(2.0245 0.0541047 0)
(2.01872 0.0512768 2.23521e-20)
(1.95685 0.0453048 -6.63401e-22)
(1.9491 0.0427001 3.69786e-20)
(1.86799 0.0392666 -3.28842e-20)
(2.14517 0.0756699 -2.69722e-21)
(2.14203 0.070182 -5.00743e-21)
(2.14987 0.0658251 8.74011e-21)
(2.1302 0.0601949 -1.53988e-20)
(2.13068 0.0566794 -1.6357e-21)
(2.09321 0.0511936 -1.33517e-20)
(2.08761 0.0482478 7.03489e-22)
(2.03144 0.0439122 -1.33958e-21)
(2.02443 0.0407132 -1.83139e-20)
(1.94581 0.0380521 1.6864e-20)
(2.19794 0.0687144 0)
(2.19609 0.0639116 1.08099e-20)
(2.20492 0.0602116 -1.15924e-21)
(2.18859 0.0554884 8.44278e-21)
(2.19074 0.0522985 -6.17327e-22)
(2.15825 0.0480614 2.65002e-20)
(2.15526 0.0450353 -1.19297e-20)
(2.10397 0.0417638 0)
(2.10006 0.038534 0)
(2.02612 0.0363295 0)
(2.24658 0.0615046 0)
(2.24615 0.0574636 -9.8846e-21)
(2.25609 0.0542412 -6.27204e-22)
(2.24264 0.0504703 8.5322e-21)
(2.24703 0.04758 1.54962e-20)
(2.21871 0.0443539 -1.48211e-20)
(2.21921 0.0415323 1.43397e-20)
(2.17321 0.0389773 -7.69848e-22)
(2.17274 0.0360978 0)
(2.10624 0.0343421 9.93266e-21)
(2.29356 0.0539331 3.54029e-22)
(2.29435 0.0506067 5.6373e-21)
(2.30526 0.0478316 8.74218e-21)
(2.29402 0.0448826 -4.87309e-22)
(2.30026 0.0423936 1.06704e-21)
(2.27554 0.0399403 -1.59309e-20)
(2.27874 0.0375526 1.54344e-20)
(2.23864 0.0356366 -7.99489e-22)
(2.24065 0.0332129 0)
(2.1833 0.0320031 -2.01579e-20)
(2.34325 0.0460394 0)
(2.34494 0.0433102 5.5771e-21)
(2.35614 0.0409675 2.07006e-22)
(2.34647 0.0386788 0)
(2.3533 0.0366279 0)
(2.33162 0.0348178 1.41205e-20)
(2.33576 0.0328929 -1.28073e-20)
(2.30131 0.0316303 -7.61233e-22)
(2.30428 0.0295914 4.0464e-22)
(2.25586 0.0290473 1.05637e-20)
(2.40118 0.0378014 0)
(2.40332 0.0356416 -1.06128e-20)
(2.41387 0.033709 -1.15594e-20)
(2.4051 0.0319799 1.7527e-21)
(2.41106 0.0302949 -1.12524e-21)
(2.39152 0.0290585 -9.44911e-22)
(2.39481 0.0274641 1.7931e-21)
(2.36458 0.026839 1.1565e-20)
(2.36712 0.0250605 1.12863e-21)
(2.32541 0.0252155 -3.50685e-22)
(2.47223 0.029587 0)
(2.47416 0.0279747 5.71464e-21)
(2.48323 0.026379 -6.34694e-22)
(2.47467 0.025127 6.29453e-22)
(2.47888 0.0236675 0)
(2.46035 0.0229062 0)
(2.46188 0.0214674 0)
(2.43376 0.0213525 -1.31365e-20)
(2.4352 0.0197283 1.23325e-20)
(2.39683 0.0204152 0)
(2.55739 0.0221556 0)
(2.55842 0.0209653 3.64215e-21)
(2.56575 0.019594 4.71044e-21)
(2.55689 0.018685 6.14211e-21)
(2.55949 0.017332 -1.17099e-21)
(2.54119 0.0168603 7.28947e-21)
(2.5413 0.0154725 -6.59019e-21)
(2.51376 0.0155931 0)
(2.51432 0.0140786 6.72412e-22)
(2.47686 0.0149156 -1.17347e-20)
(2.65158 0.0160451 -8.05991e-22)
(2.65139 0.0151296 -2.95219e-21)
(2.65729 0.0139382 -6.08868e-21)
(2.64825 0.0132056 -4.32019e-21)
(2.65012 0.0119518 0)
(2.63234 0.0115351 -9.28308e-21)
(2.63215 0.0102237 9.45013e-21)
(2.60549 0.0102457 -8.9784e-22)
(2.60586 0.00887573 -6.09844e-21)
(2.56969 0.00943134 1.70269e-20)
(2.74453 0.0114729 8.10127e-22)
(2.74356 0.0106933 -2.29018e-21)
(2.74856 0.00970581 2.06087e-21)
(2.74027 0.00900602 -5.10128e-21)
(2.74227 0.00793371 0)
(2.72648 0.00739805 0)
(2.7269 0.00626898 9.30994e-22)
(2.70333 0.0059808 -8.81282e-21)
(2.70395 0.00482596 -5.48752e-21)
(2.67221 0.00486969 -5.70892e-21)
(2.82563 0.00811707 0)
(2.82488 0.00741847 3.76201e-21)
(2.82936 0.00668622 -1.38293e-21)
(2.8231 0.00598388 4.54236e-21)
(2.82547 0.00517948 1.22012e-21)
(2.81351 0.0045137 -1.03535e-21)
(2.81459 0.00365213 1.95362e-21)
(2.79675 0.00308052 6.10702e-21)
(2.79751 0.00218216 0)
(2.7737 0.00179225 0)
(2.88926 0.00535165 0)
(2.88952 0.00480779 1.53681e-21)
(2.89343 0.00437375 -2.82128e-21)
(2.88996 0.00376688 0)
(2.89232 0.00326462 -2.38269e-21)
(2.88508 0.00260928 -1.04561e-21)
(2.88629 0.00203289 -2.93176e-21)
(2.87533 0.00137447 -8.62124e-22)
(2.87585 0.000729981 4.45907e-22)
(2.86131 0.000154401 3.78587e-22)
(2.93454 0.00284247 0)
(2.93568 0.00257881 -1.54416e-21)
(2.93872 0.0024517 -1.40257e-21)
(2.93766 0.00210055 1.94312e-21)
(2.93948 0.00189241 1.14577e-21)
(2.93632 0.00144689 1.09152e-21)
(2.93713 0.00113985 4.89831e-21)
(2.93204 0.000631369 -3.58923e-21)
(2.93202 0.000225939 8.37793e-22)
(2.92528 -0.000280126 0)
(2.95928 0.000673946 0)
(2.96074 0.000702287 7.563e-22)
(2.96299 0.000786043 -7.24113e-22)
(2.96319 0.000759203 6.85901e-22)
(2.96445 0.000779081 0)
(2.96353 0.000673653 -1.09691e-21)
(2.96387 0.0006105 9.63463e-22)
(2.96205 0.000432525 8.63463e-22)
(2.96157 0.00028402 0)
(2.95914 5.74355e-05 0)
(1.12128 0.227892 0)
(1.06049 0.248442 -5.59481e-20)
(1.01219 0.276505 0)
(0.973 0.312993 -1.85444e-19)
(0.938763 0.357494 7.00042e-20)
(0.907051 0.411628 2.14253e-21)
(0.874477 0.475496 6.25671e-20)
(0.823132 0.537299 -6.75382e-21)
(0.696309 0.543558 0)
(0.384793 0.331656 6.64612e-20)
(1.21142 0.230731 1.02473e-19)
(1.15199 0.257219 5.5947e-20)
(1.10343 0.283965 -5.35714e-20)
(1.0628 0.319265 6.24292e-20)
(1.02831 0.363708 -5.43024e-20)
(0.998749 0.417846 7.07847e-21)
(0.969988 0.481221 -6.39978e-20)
(0.92111 0.541251 -1.28297e-19)
(0.786323 0.543892 -3.40841e-20)
(0.43501 0.326631 -9.74498e-20)
(1.29634 0.229697 -4.57385e-20)
(1.24114 0.258357 4.74351e-20)
(1.1936 0.284457 5.35698e-20)
(1.15173 0.318887 5.50524e-20)
(1.11674 0.362789 5.64211e-20)
(1.08897 0.41605 5.74226e-20)
(1.06346 0.477577 8.43827e-21)
(1.01584 0.533759 5.6604e-20)
(0.871197 0.530903 2.30771e-20)
(0.479265 0.31165 -2.46343e-20)
(1.37853 0.226123 9.13433e-20)
(1.32618 0.25522 -4.74331e-20)
(1.27956 0.28046 0)
(1.23717 0.313486 0)
(1.20211 0.355772 0)
(1.17589 0.40688 4.41902e-20)
(1.15269 0.464994 -3.87968e-20)
(1.10438 0.515038 0)
(0.947206 0.504794 1.71975e-20)
(0.514357 0.287121 -3.54041e-20)
(1.45564 0.219763 -1.73863e-20)
(1.40481 0.248009 6.23814e-20)
(1.35893 0.27219 0)
(1.31677 0.303448 0)
(1.28226 0.343231 1.8436e-20)
(1.25746 0.390995 1.7688e-20)
(1.23539 0.444164 2.44973e-20)
(1.18372 0.485864 1.38994e-20)
(1.01056 0.466469 2.20212e-20)
(0.536943 0.25419 -4.14154e-21)
(1.52491 0.210986 5.1018e-20)
(1.47526 0.237134 1.87834e-20)
(1.4301 0.259865 0)
(1.38868 0.289001 0)
(1.35519 0.325599 -5.01569e-20)
(1.3316 0.36903 1.60993e-20)
(1.30917 0.416022 3.74144e-21)
(1.25101 0.447231 -4.5512e-22)
(1.05643 0.417319 -1.6924e-20)
(0.544786 0.215254 -6.80735e-21)
(1.58553 0.199779 -2.94752e-20)
(1.53676 0.222941 3.10128e-20)
(1.49214 0.243935 2.85999e-20)
(1.45165 0.270628 -3.02569e-20)
(1.41936 0.303454 -1.27583e-20)
(1.39645 0.341567 1.35885e-20)
(1.37182 0.380756 -8.7124e-21)
(1.30279 0.401271 9.35743e-21)
(1.08154 0.36035 0)
(0.5369 0.172092 0)
(1.63639 0.18654 -2.52482e-20)
(1.58852 0.206308 2.65658e-20)
(1.54432 0.225216 0)
(1.50476 0.249072 0)
(1.47351 0.277662 0)
(1.45028 0.309644 4.01022e-21)
(1.42039 0.339934 -1.40931e-20)
(1.33491 0.349114 7.08768e-21)
(1.08397 0.297886 0)
(0.512525 0.127716 -2.20334e-21)
(1.67736 0.171425 -1.06794e-20)
(1.62992 0.187558 8.76207e-21)
(1.58602 0.204564 -2.34676e-21)
(1.54735 0.225278 0)
(1.5167 0.249129 -3.74761e-21)
(1.49145 0.274498 9.54711e-21)
(1.45235 0.295241 0)
(1.34485 0.292474 -1.24602e-21)
(1.0612 0.232322 -1.96671e-21)
(0.471954 0.085254 3.3097e-21)
(1.7077 0.155206 0)
(1.66045 0.168272 2.47462e-21)
(1.61701 0.1828 2.34654e-21)
(1.57915 0.200041 0)
(1.54819 0.21897 1.364e-21)
(1.51841 0.23737 -2.47907e-21)
(1.46535 0.248099 -4.59105e-22)
(1.32992 0.23338 -1.95214e-23)
(1.01132 0.166711 9.30372e-22)
(0.417166 0.047603 0)
(0.442571 0.0129832 -1.82017e-20)
(0.42387 0.0149661 1.92604e-20)
(0.401036 0.0172969 1.02705e-20)
(0.37316 0.0200286 1.10685e-20)
(0.338931 0.023289 -1.17531e-20)
(0.296528 0.0272024 -1.91423e-20)
(0.243559 0.0317089 6.86891e-21)
(0.175986 0.0359022 -1.49939e-20)
(0.0927256 0.0361292 -1.63694e-20)
(0.0252897 0.022208 0)
(0.457809 0.0388379 0)
(0.438572 0.0447239 -9.61405e-21)
(0.415093 0.0516766 -1.02363e-20)
(0.386763 0.059819 0)
(0.352352 0.0695302 2.35796e-20)
(0.310029 0.0811932 1.26797e-20)
(0.25735 0.0946519 0)
(0.189954 0.10721 -1.45968e-20)
(0.105443 0.10793 -5.44032e-23)
(0.032717 0.0664755 -1.73487e-20)
(0.487813 0.0643502 7.22757e-20)
(0.467568 0.073947 -7.60556e-20)
(0.442852 0.0854007 0)
(0.413649 0.0987974 0)
(0.378899 0.114751 0)
(0.336767 0.133923 -7.54078e-20)
(0.284703 0.156113 1.08056e-19)
(0.217641 0.176938 -2.88211e-20)
(0.130772 0.178336 0)
(0.0476301 0.11013 3.4749e-20)
(0.531642 0.0892355 7.15963e-20)
(0.51004 0.102232 -7.53392e-20)
(0.4836 0.117993 -8.05823e-20)
(0.453177 0.136392 -7.06893e-22)
(0.417977 0.158248 1.37237e-19)
(0.376177 0.184531 -4.90005e-20)
(0.32508 0.215055 5.32274e-20)
(0.258597 0.243932 -1.14651e-19)
(0.168435 0.246336 6.20452e-20)
(0.0699603 0.152545 0)
(0.587958 0.113118 -1.75933e-19)
(0.564804 0.129133 3.68191e-20)
(0.536299 0.148978 0)
(0.504417 0.172065 0)
(0.468729 0.199369 4.5769e-20)
(0.427446 0.23221 -1.43297e-19)
(0.377705 0.270495 1.02576e-19)
(0.312146 0.307053 -1.10172e-19)
(0.217957 0.310779 1.5893e-21)
(0.0995266 0.192982 -6.28667e-20)
(0.655145 0.135482 2.4186e-19)
(0.630401 0.154019 -1.82559e-19)
(0.599604 0.17762 0)
(0.566087 0.204991 0)
(0.529928 0.23722 4.42881e-20)
(0.489406 0.275998 4.73795e-20)
(0.441478 0.321365 4.68832e-20)
(0.377303 0.365079 5.45808e-20)
(0.278582 0.370344 1.20093e-21)
(0.135957 0.230493 1.2457e-19)
(0.731446 0.156059 -1.37685e-19)
(0.705234 0.176989 -6.96032e-20)
(0.672102 0.204173 0)
(0.636968 0.235296 0)
(0.600471 0.271624 0)
(0.560954 0.315363 -8.95176e-20)
(0.515228 0.366795 9.09388e-20)
(0.452876 0.416816 0)
(0.349253 0.423594 -5.41527e-20)
(0.178606 0.263936 1.15598e-19)
(0.8156 0.172948 -6.65131e-20)
(0.787394 0.195531 6.96042e-20)
(0.751296 0.225948 7.03688e-20)
(0.714481 0.260628 7.43066e-20)
(0.678061 0.3008 7.84384e-20)
(0.640136 0.348983 8.27862e-20)
(0.597239 0.405635 -5.63381e-21)
(0.537263 0.460983 9.17205e-20)
(0.428495 0.469 -5.01347e-20)
(0.226461 0.292034 5.35157e-20)
(0.907138 0.191218 -1.27056e-19)
(0.876488 0.215466 6.34042e-20)
(0.837061 0.247858 -7.03691e-20)
(0.798514 0.284011 -7.62003e-20)
(0.762036 0.326012 7.18599e-20)
(0.725639 0.37695 -5.46325e-21)
(0.685799 0.43729 -2.51238e-19)
(0.628572 0.496494 -1.72978e-19)
(0.514383 0.505057 4.78663e-20)
(0.278079 0.31347 -4.21975e-20)
(1.00536 0.199896 0)
(0.96521 0.224501 -6.34042e-20)
(0.922313 0.260371 0)
(0.884381 0.299718 6.49386e-20)
(0.84952 0.344282 -2.17208e-19)
(0.815409 0.397683 -1.50718e-19)
(0.779003 0.460662 1.59315e-19)
(0.724704 0.52218 8.39901e-20)
(0.604591 0.530306 0)
(0.331603 0.327011 9.08013e-20)
(0.546991 0.00114857 0)
(0.546178 0.0011497 -1.12756e-21)
(0.544614 0.00117783 1.12166e-21)
(0.542875 0.00124411 0)
(0.541129 0.00134612 -2.23759e-21)
(0.539288 0.00148209 2.22606e-21)
(0.537246 0.00165391 0)
(0.534942 0.00186579 0)
(0.532313 0.00212226 0)
(0.529318 0.00243328 0)
(0.525915 0.00280573 1.10269e-21)
(0.522024 0.00324786 0)
(0.517546 0.00377085 0)
(0.51237 0.00438886 8.80971e-21)
(0.506375 0.00511934 -8.76627e-21)
(0.499414 0.00598356 0)
(0.491313 0.00700843 9.90789e-21)
(0.481871 0.00822545 -1.75864e-20)
(0.470819 0.00967835 8.77631e-21)
(0.457889 0.0114489 8.85247e-21)
(0.559228 0.0033979 2.34548e-21)
(0.558459 0.00341428 4.47352e-21)
(0.557002 0.00352141 -4.45196e-21)
(0.555385 0.00373467 2.22371e-21)
(0.553753 0.00404653 2.21877e-21)
(0.552018 0.0044575 8.86872e-21)
(0.550082 0.0049764 -6.61745e-21)
(0.547884 0.00561628 -1.7669e-20)
(0.545368 0.00638911 3.7426e-20)
(0.542495 0.00732419 -1.75566e-20)
(0.539217 0.00844306 -1.64926e-20)
(0.535453 0.00977101 3.72685e-20)
(0.531109 0.0113416 -3.28551e-20)
(0.526079 0.0131971 1.74747e-20)
(0.520243 0.0153896 2.18617e-21)
(0.513463 0.0179823 3.72789e-20)
(0.505569 0.0210556 -3.60289e-20)
(0.496381 0.0247018 0)
(0.485594 0.0290528 2.19011e-21)
(0.473367 0.0343522 0)
(0.583202 0.00561981 -6.96591e-21)
(0.582574 0.00566324 -2.15563e-24)
(0.58134 0.00586522 8.84311e-21)
(0.579944 0.00623632 -4.38675e-21)
(0.578518 0.00676423 -1.09954e-20)
(0.576986 0.00745473 -2.1975e-21)
(0.575255 0.0083248 -2.19525e-21)
(0.573262 0.00939704 -2.19128e-21)
(0.570961 0.0106908 3.07053e-20)
(0.568322 0.0122561 1.06403e-22)
(0.565284 0.0141297 -3.92823e-20)
(0.561769 0.0163523 -2.18493e-21)
(0.55769 0.0189787 -4.36509e-21)
(0.552949 0.0220785 0)
(0.547434 0.0257381 -3.93609e-20)
(0.541019 0.0300604 3.04949e-20)
(0.53354 0.0351796 0)
(0.524875 0.0412413 -2.18242e-21)
(0.514617 0.0484633 -2.19394e-21)
(0.503788 0.0572644 -2.18666e-21)
(0.618192 0.00785715 2.28582e-21)
(0.617745 0.00792564 6.53725e-21)
(0.616805 0.00821139 0)
(0.615701 0.00873494 -1.9608e-20)
(0.614549 0.0094815 1.7381e-20)
(0.613287 0.0104588 1.95892e-20)
(0.611833 0.0116913 -1.30189e-20)
(0.61012 0.0132101 2.17306e-21)
(0.608123 0.0150335 -2.82827e-20)
(0.605818 0.0172318 -9.83537e-23)
(0.603125 0.0198631 3.25244e-20)
(0.599968 0.0229852 -3.47994e-20)
(0.596274 0.0266722 -3.2752e-20)
(0.591958 0.0310192 7.37596e-20)
(0.58692 0.0361453 2.17725e-21)
(0.581057 0.0421909 6.52213e-21)
(0.574206 0.049343 -6.98636e-20)
(0.566353 0.0577926 1.88788e-21)
(0.55688 0.0678232 -3.12496e-22)
(0.548108 0.0801097 7.20179e-20)
(0.663143 0.0100437 4.48512e-21)
(0.662881 0.0101395 -1.71039e-20)
(0.662268 0.0105035 8.54527e-21)
(0.661499 0.0111752 4.28097e-21)
(0.660663 0.0121389 0)
(0.659716 0.0133982 0)
(0.65859 0.0149824 -4.29135e-21)
(0.657196 0.0169141 0)
(0.655547 0.0192931 -4.29957e-21)
(0.653636 0.0221548 0)
(0.651364 0.0255569 4.30913e-21)
(0.648656 0.029581 -6.905e-20)
(0.645453 0.0343255 -1.93407e-22)
(0.641689 0.0399125 -4.52709e-21)
(0.637278 0.0464903 6.91158e-20)
(0.632156 0.0542357 -4.34227e-21)
(0.62615 0.0633815 4.32126e-21)
(0.619417 0.07417 -6.96222e-20)
(0.610993 0.0868781 7.3837e-20)
(0.604863 0.102668 1.39271e-19)
(0.716823 0.0120776 4.37671e-21)
(0.71672 0.0122139 -4.17151e-21)
(0.716421 0.0126592 -4.18316e-21)
(0.715985 0.0134766 -4.19164e-21)
(0.715457 0.0146576 -3.36535e-20)
(0.714811 0.0162049 6.31776e-20)
(0.713972 0.0181304 -3.79499e-20)
(0.712956 0.0205095 0)
(0.711766 0.0234312 -4.23414e-21)
(0.710281 0.0269399 -4.24239e-21)
(0.70845 0.0310979 -4.2506e-21)
(0.706238 0.0360055 6.41036e-20)
(0.703603 0.0417797 -1.4115e-19)
(0.700496 0.0485748 6.85206e-20)
(0.696849 0.0565594 0)
(0.692646 0.0659587 -4.28529e-21)
(0.687696 0.0770223 -1.46722e-19)
(0.682391 0.0900942 1.38113e-19)
(0.67531 0.105256 -4.34821e-21)
(0.672295 0.124556 0)
(0.777968 0.0138232 4.2501e-21)
(0.777964 0.0140301 -1.22027e-20)
(0.777915 0.0145758 4.05166e-21)
(0.777769 0.0155279 2.45499e-20)
(0.777521 0.0168965 4.10714e-21)
(0.77712 0.018706 -2.4784e-20)
(0.776592 0.0210156 4.08892e-21)
(0.775959 0.0238883 3.32322e-20)
(0.775137 0.0273382 8.34433e-21)
(0.774054 0.0314503 7.12603e-20)
(0.772686 0.0363161 -5.88026e-20)
(0.771009 0.0420639 -5.91062e-20)
(0.769008 0.0488083 7.19271e-20)
(0.766646 0.0567472 4.22907e-21)
(0.763897 0.0660294 4.238e-21)
(0.76079 0.0769742 8.53314e-21)
(0.757127 0.0897481 8.54896e-21)
(0.753544 0.10498 -4.24688e-21)
(0.748056 0.122229 0)
(0.748471 0.145209 1.36101e-19)
(0.845387 0.01514 -1.23568e-20)
(0.845413 0.0154484 -5.39341e-24)
(0.845483 0.0161188 -3.96085e-21)
(0.8455 0.0172279 -3.58908e-20)
(0.845432 0.0188165 2.40276e-20)
(0.845301 0.0209099 -4.03441e-21)
(0.845097 0.0235773 0)
(0.844743 0.0268523 0)
(0.844222 0.030774 -8.19454e-21)
(0.843505 0.0354512 -4.10967e-21)
(0.842599 0.0409709 -4.15119e-21)
(0.841463 0.0475082 -4.17361e-21)
(0.840138 0.0551414 0)
(0.838564 0.0641662 -8.39277e-21)
(0.836823 0.0745999 -4.23461e-21)
(0.834915 0.0870157 -8.44634e-21)
(0.832769 0.101159 -4.26472e-21)
(0.831165 0.118441 -1.30967e-19)
(0.827779 0.13693 1.35853e-19)
(0.832246 0.163698 0)
(0.918068 0.0159701 0)
(0.918066 0.016415 3.81085e-21)
(0.918159 0.0172498 1.92246e-21)
(0.918275 0.0185183 0)
(0.918352 0.0203014 3.5103e-20)
(0.918365 0.0226664 -3.14142e-20)
(0.918316 0.0256177 6.53203e-20)
(0.918161 0.0292275 -6.37827e-20)
(0.91792 0.0335454 6.02817e-21)
(0.917547 0.0387109 2.03868e-21)
(0.917124 0.0447649 0)
(0.916546 0.0519643 0)
(0.916002 0.0602738 0)
(0.915266 0.0702445 1.36597e-19)
(0.914756 0.0815589 -2.66318e-19)
(0.91408 0.0955331 4.83548e-21)
(0.913829 0.110877 1.34239e-19)
(0.914206 0.13115 0)
(0.913595 0.150967 0)
(0.922837 0.183083 1.32447e-19)
(0.995666 0.0165762 0)
(0.995661 0.0170683 -1.46989e-20)
(0.995651 0.017931 -1.29948e-20)
(0.99569 0.0192191 2.99638e-20)
(0.995782 0.0210553 3.02655e-20)
(0.995859 0.0235446 -9.16639e-20)
(0.995926 0.0266902 5.9764e-20)
(0.995932 0.0305543 0)
(0.995987 0.0351443 -1.96894e-21)
(0.995981 0.0406516 -6.13736e-20)
(0.996168 0.0470376 1.27858e-19)
(0.996241 0.0546908 -6.45065e-20)
(0.996845 0.0633328 0)
(0.997187 0.0738824 -1.30205e-19)
(0.998846 0.0853187 2.62193e-19)
(0.999862 0.100072 -1.32002e-19)
(1.00374 0.114734 0)
(1.00673 0.136623 -1.29943e-19)
(1.01269 0.154385 1.31302e-19)
(1.02824 0.194489 -2.04053e-21)
(1.07583 0.0168141 0)
(1.07566 0.0172406 0)
(1.07547 0.0179942 0)
(1.07544 0.0192087 0)
(1.07558 0.0210493 0)
(1.0757 0.0236194 0)
(1.07583 0.0268767 0)
(1.07586 0.0308991 0)
(1.07607 0.0356679 0)
(1.07619 0.0414688 0)
(1.07683 0.048168 0)
(1.07712 0.0563745 0)
(1.07877 0.0654912 0)
(1.07928 0.0770707 0)
(1.08339 0.089008 0)
(1.08374 0.105852 0)
(1.0942 0.120157 0)
(1.09222 0.147154 0)
(1.12198 0.158968 0)
(1.10748 0.212147 0)
(1.1608 0.0165461 0)
(1.16058 0.0168885 0)
(1.16045 0.017533 0)
(1.16066 0.0187099 0)
(1.16119 0.0206168 0)
(1.16167 0.02328 0)
(1.16217 0.0265557 0)
(1.16248 0.0305414 0)
(1.16316 0.0351866 0)
(1.16358 0.0408474 0)
(1.16492 0.0472505 0)
(1.16546 0.0551393 0)
(1.16829 0.0635944 0)
(1.16873 0.0745165 0)
(1.17513 0.0851062 0)
(1.17436 0.100565 0)
(1.18961 0.112421 0)
(1.18337 0.135333 0)
(1.22072 0.144155 0)
(1.19441 0.178145 0)
(1.25135 0.0179561 0)
(1.25162 0.0177323 0)
(1.25205 0.0174882 0)
(1.25296 0.0181927 0)
(1.25416 0.0200345 0)
(1.25507 0.0227464 0)
(1.25592 0.0259875 0)
(1.25648 0.0298735 0)
(1.2576 0.0343422 0)
(1.25827 0.0397985 0)
(1.26026 0.0458624 0)
(1.2609 0.0533238 0)
(1.26474 0.0611157 0)
(1.26492 0.0711534 0)
(1.27301 0.0805907 0)
(1.27112 0.0941345 0)
(1.28884 0.10431 0)
(1.27981 0.122619 0)
(1.31891 0.130424 0)
(1.28864 0.154628 0)
(1.35187 0.0187715 0)
(1.35119 0.0178986 0)
(1.35173 0.0168431 0)
(1.35355 0.0173005 0)
(1.35548 0.0192415 0)
(1.35657 0.022045 0)
(1.3575 0.0252358 0)
(1.35803 0.0289974 0)
(1.35941 0.033282 0)
(1.36009 0.0385137 0)
(1.36252 0.0442479 0)
(1.36301 0.0512581 0)
(1.36758 0.0584611 0)
(1.36729 0.0676255 0)
(1.37651 0.0761355 0)
(1.3735 0.0879839 0)
(1.39259 0.0969513 0)
(1.38144 0.112085 0)
(1.42115 0.119216 0)
(1.38836 0.138509 0)
(1.46129 0.0141816 0)
(1.45972 0.0133148 0)
(1.46056 0.0130984 0)
(1.46318 0.0147117 0)
(1.46543 0.0174892 0)
(1.46617 0.0206789 0)
(1.46674 0.023979 0)
(1.46687 0.0277472 0)
(1.4682 0.0319608 0)
(1.46853 0.0370254 0)
(1.47109 0.0424721 0)
(1.4711 0.0490336 0)
(1.47604 0.0556881 0)
(1.47502 0.0640142 0)
(1.4849 0.0716926 0)
(1.48069 0.0820864 0)
(1.50045 0.0900201 0)
(1.48757 0.102814 0)
(1.5271 0.109157 0)
(1.49277 0.125008 0)
(1.57867 0.00800287 0)
(1.57752 0.00921665 0)
(1.57937 0.0114929 0)
(1.58223 0.014754 0)
(1.58372 0.0180012 0)
(1.58322 0.0209569 0)
(1.58283 0.0238913 0)
(1.58207 0.0273823 0)
(1.58287 0.0313558 0)
(1.5824 0.0361084 0)
(1.58462 0.0411591 0)
(1.58377 0.0471733 0)
(1.58865 0.0532361 0)
(1.58666 0.060711 0)
(1.59666 0.0675935 0)
(1.59125 0.0766787 0)
(1.61096 0.0836787 0)
(1.59686 0.0945303 0)
(1.63509 0.100104 0)
(1.60067 0.113173 0)
(1.71599 -0.00886348 0)
(1.71249 -0.00415003 0)
(1.71079 0.00554206 0)
(1.7096 0.0139444 0)
(1.70734 0.0189246 0)
(1.70396 0.0219249 0)
(1.70179 0.0245808 0)
(1.69961 0.027846 0)
(1.69939 0.0315934 0)
(1.69769 0.0359921 0)
(1.69916 0.0405956 0)
(1.69724 0.0460002 0)
(1.70168 0.051438 0)
(1.69873 0.0580488 0)
(1.70835 0.0641536 0)
(1.70208 0.0720226 0)
(1.72093 0.0781581 0)
(1.70653 0.0873234 0)
(1.74217 0.0922073 0)
(1.70962 0.102994 0)
(1.81972 -0.0118647 0)
(1.82582 -0.00565303 0)
(1.82848 0.00678357 0)
(1.82368 0.0167351 0)
(1.81719 0.0217786 0)
(1.8118 0.0242641 0)
(1.80931 0.026426 0)
(1.80705 0.029281 0)
(1.80675 0.0326295 0)
(1.80464 0.0365386 0)
(1.80588 0.0406148 0)
(1.80357 0.0453685 0)
(1.80781 0.0501646 0)
(1.80457 0.055931 0)
(1.81371 0.0612765 0)
(1.80749 0.0680348 0)
(1.82492 0.073352 0)
(1.81165 0.0810797 0)
(1.84351 0.0853044 0)
(1.81515 0.0942619 0)
(1.92741 0.0106801 0)
(1.93411 0.0147635 0)
(1.93428 0.0212192 0)
(1.92437 0.0258579 0)
(1.91365 0.0278368 0)
(1.9062 0.0287905 0)
(1.90317 0.0300305 0)
(1.90075 0.0320747 0)
(1.9003 0.0346319 0)
(1.89802 0.0377581 0)
(1.89913 0.0411117 0)
(1.8969 0.0451192 0)
(1.901 0.0491982 0)
(1.89818 0.0541267 0)
(1.90673 0.0586805 0)
(1.90157 0.0644366 0)
(1.91721 0.0689219 0)
(1.90653 0.0754627 0)
(1.93386 0.0789708 0)
(1.9117 0.0865319 0)
(1.99608 0.0393077 0)
(2.00359 0.0381124 0)
(2.0036 0.0354733 0)
(1.99276 0.0327286 0)
(1.98174 0.03116 0)
(1.97484 0.0310908 0)
(1.97269 0.0320404 0)
(1.97114 0.0336802 0)
(1.9714 0.0356402 0)
(1.96994 0.0381222 0)
(1.97166 0.0408461 0)
(1.97045 0.044235 0)
(1.97494 0.0476531 0)
(1.97347 0.0518721 0)
(1.98177 0.0556495 0)
(1.97869 0.0605798 0)
(1.99273 0.0642167 0)
(1.98576 0.0698473 0)
(2.00875 0.0725556 0)
(1.99382 0.0791336 0)
(2.02071 0.0818875 0)
(2.02714 0.0750776 0)
(2.02833 0.0589395 0)
(2.02236 0.0446307 0)
(2.01704 0.0369892 0)
(2.01445 0.0345756 0)
(2.01505 0.0344482 0)
(2.01553 0.0351758 0)
(2.01751 0.0361741 0)
(2.01794 0.0377991 0)
(2.02125 0.0397285 0)
(2.022 0.0424483 0)
(2.02766 0.045126 0)
(2.02833 0.0486825 0)
(2.03713 0.0516347 0)
(2.03675 0.055875 0)
(2.05011 0.0586167 0)
(2.04713 0.0635697 0)
(2.06719 0.0653974 0)
(2.05894 0.0713282 0)
(2.04543 0.0927298 0)
(2.03757 0.083403 0)
(2.03144 0.0640003 0)
(2.03098 0.0471023 0)
(2.03399 0.0378978 0)
(2.03696 0.0346705 0)
(2.04036 0.0339748 0)
(2.04263 0.034146 0)
(2.04638 0.0344828 0)
(2.04892 0.0354915 0)
(2.05431 0.0367478 0)
(2.05736 0.0389016 0)
(2.06489 0.0408675 0)
(2.0679 0.0438508 0)
(2.0782 0.0459908 0)
(2.08042 0.0496661 0)
(2.09462 0.0515187 0)
(2.09477 0.0559686 0)
(2.11453 0.0568997 0)
(2.11049 0.0624139 0)
(2.01378 0.0645627 0)
(2.00644 0.0571307 0)
(2.00567 0.0455611 0)
(2.01558 0.0357024 0)
(2.02954 0.0301855 0)
(2.04101 0.0283705 0)
(2.05047 0.0281201 0)
(2.05741 0.0284291 0)
(2.06552 0.028692 0)
(2.07216 0.029544 0)
(2.0816 0.030465 0)
(2.08818 0.0322874 0)
(2.09922 0.033742 0)
(2.10507 0.0363099 0)
(2.11849 0.0378211 0)
(2.12292 0.0410656 0)
(2.14007 0.0422194 0)
(2.14167 0.0462732 0)
(2.1645 0.0465002 0)
(2.16082 0.0516709 0)
(2.02558 0.0370162 0)
(2.01986 0.0329227 0)
(2.02403 0.0263923 0)
(2.04126 0.0210239 0)
(2.063 0.0182504 0)
(2.08092 0.0176994 0)
(2.09549 0.0179082 0)
(2.10642 0.0184122 0)
(2.11843 0.0187782 0)
(2.12839 0.0196621 0)
(2.14137 0.0205118 0)
(2.15046 0.0221773 0)
(2.16454 0.0234055 0)
(2.17191 0.0257013 0)
(2.18821 0.0269336 0)
(2.19305 0.0298369 0)
(2.2134 0.030713 0)
(2.21388 0.034346 0)
(2.24101 0.0343651 0)
(2.23375 0.0389976 0)
(2.15938 0.00738508 0)
(2.15292 0.00636594 0)
(2.15737 0.00214178 0)
(2.17591 -0.000889559 0)
(2.19884 -0.00107552 0)
(2.21676 0.000423729 0)
(2.23081 0.00213955 0)
(2.2407 0.00378762 0)
(2.252 0.00512079 0)
(2.26081 0.00668305 0)
(2.27311 0.00807916 0)
(2.28071 0.00996819 0)
(2.29409 0.0114463 0)
(2.29952 0.0136763 0)
(2.31533 0.0150897 0)
(2.31764 0.0177045 0)
(2.33799 0.0188053 0)
(2.33507 0.0218786 0)
(2.36314 0.0222858 0)
(2.35108 0.0259968 0)
(2.42433 -0.0330071 0)
(2.4126 -0.02398 0)
(2.40977 -0.0158599 0)
(2.42198 -0.0108447 0)
(2.4382 -0.00871816 0)
(2.44844 -0.0078752 0)
(2.45479 -0.00703453 0)
(2.45724 -0.00558704 0)
(2.46163 -0.00383206 0)
(2.46389 -0.00190446 0)
(2.47007 -0.000190564 0)
(2.47186 0.00165013 0)
(2.4798 0.00325987 0)
(2.48019 0.0052077 0)
(2.491 0.00676851 0)
(2.48903 0.00888035 0)
(2.5045 0.0102394 0)
(2.49826 0.0125084 0)
(2.52103 0.0134099 0)
(2.50719 0.0159058 0)
(2.72441 -0.100651 0)
(2.70574 -0.0873191 0)
(2.68597 -0.0534399 0)
(2.67644 -0.0232545 0)
(2.6736 -0.00835345 0)
(2.67087 -0.00469966 0)
(2.66832 -0.0047025 0)
(2.66384 -0.00423503 0)
(2.66134 -0.00276104 0)
(2.6573 -0.00103101 0)
(2.65702 0.000419577 0)
(2.65382 0.00159576 0)
(2.65608 0.00266437 0)
(2.6529 0.00379071 0)
(2.65814 0.00490499 0)
(2.6541 0.00614855 0)
(2.66328 0.00721798 0)
(2.65704 0.00851431 0)
(2.67165 0.00934772 0)
(2.66119 0.0107051 0)
(2.75122 -0.0784921 0)
(2.76959 -0.0740124 0)
(2.78005 -0.0487144 0)
(2.76958 -0.0221253 0)
(2.75578 -0.00695466 0)
(2.74854 -0.00176095 0)
(2.74889 -0.000694471 0)
(2.75071 -0.000278358 0)
(2.75336 0.000497724 0)
(2.75374 0.00136189 0)
(2.75585 0.00215911 0)
(2.75586 0.00270986 0)
(2.75931 0.00324392 0)
(2.75927 0.00372878 0)
(2.76424 0.00431708 0)
(2.76354 0.00491203 0)
(2.7705 0.00552352 0)
(2.76858 0.00618716 0)
(2.77833 0.00666441 0)
(2.77441 0.00739648 0)
(2.79909 0.0552666 0)
(2.82161 0.0508487 0)
(2.8388 0.0258443 0)
(2.83347 0.00236882 0)
(2.82229 -0.00732999 0)
(2.81712 -0.0072596 0)
(2.81888 -0.00478119 0)
(2.82248 -0.00338987 0)
(2.82652 -0.00297308 0)
(2.82893 -0.00278462 0)
(2.83197 -0.00229786 0)
(2.83369 -0.00168133 0)
(2.83712 -0.000981194 0)
(2.83874 -0.00038367 0)
(2.84282 0.000241285 0)
(2.84411 0.000806879 0)
(2.84904 0.00138269 0)
(2.84983 0.00194931 0)
(2.85603 0.00239419 0)
(2.85616 0.00295302 0)
(2.9814 0.0622013 0)
(2.96092 0.0582256 0)
(2.9412 0.0326587 0)
(2.93688 0.00731683 0)
(2.93848 -0.00439181 0)
(2.93659 -0.00585972 0)
(2.93158 -0.00432464 0)
(2.92587 -0.00332979 0)
(2.92161 -0.00308596 0)
(2.91792 -0.00302445 0)
(2.9154 -0.00276435 0)
(2.91272 -0.00237452 0)
(2.91128 -0.001933 0)
(2.90952 -0.00155338 0)
(2.90932 -0.00118419 0)
(2.90843 -0.000864502 0)
(2.90937 -0.000543954 0)
(2.90919 -0.000250686 0)
(2.9112 4.39354e-06 0)
(2.91172 0.000261437 0)
(1.19341 0.198443 -1.71863e-21)
(1.27903 0.188437 -1.03239e-19)
(1.3611 0.183704 0)
(1.44082 0.179859 -8.69984e-20)
(1.51656 0.175238 0)
(1.58423 0.170088 -6.85035e-20)
(1.643 0.16386 3.11886e-20)
(1.6918 0.156347 -8.82012e-22)
(1.73072 0.147594 0)
(1.75911 0.137089 0)
(1.27737 0.171243 1.11216e-19)
(1.36657 0.166392 0)
(1.45025 0.165377 9.33354e-20)
(1.52618 0.164792 0)
(1.59721 0.161855 -2.28865e-21)
(1.65995 0.157322 3.67129e-20)
(1.71416 0.151294 1.96424e-22)
(1.75835 0.144198 -7.85749e-22)
(1.79343 0.135654 7.84584e-22)
(1.81829 0.126181 2.59398e-21)
(1.36838 0.153893 -1.1005e-19)
(1.45437 0.151787 0)
(1.53715 0.150203 -9.01534e-20)
(1.60986 0.149273 -2.75345e-21)
(1.67691 0.146585 7.64934e-20)
(1.73562 0.142355 -3.44919e-20)
(1.78687 0.136763 1.12876e-21)
(1.82735 0.130616 -9.08414e-22)
(1.86 0.122965 0)
(1.88174 0.115122 -5.30731e-21)
(1.46573 0.139023 0)
(1.54759 0.13785 9.83515e-20)
(1.62788 0.136049 -2.7269e-21)
(1.69708 0.135014 5.21512e-21)
(1.75949 0.133056 -8.12598e-20)
(1.81303 0.129552 2.27133e-21)
(1.86074 0.124512 -3.10081e-20)
(1.89711 0.119005 0)
(1.92782 0.112207 -1.29189e-20)
(1.94625 0.105418 3.08049e-21)
(1.56721 0.125811 -1.03039e-19)
(1.64378 0.125544 1.8038e-21)
(1.71945 0.124165 -5.6011e-21)
(1.78416 0.122995 5.15829e-21)
(1.84157 0.12136 -2.47241e-21)
(1.88955 0.118334 -2.06502e-21)
(1.9334 0.113786 2.99934e-21)
(1.96566 0.108669 1.24798e-20)
(1.99469 0.102647 1.34509e-20)
(2.00999 0.0965686 0)
(1.67074 0.114252 2.02526e-19)
(1.74086 0.114654 -1.90627e-19)
(1.81012 0.113728 -2.65349e-21)
(1.86918 0.112401 2.65633e-21)
(1.92106 0.110804 0)
(1.96331 0.10807 3.47287e-20)
(2.00289 0.104022 9.45101e-22)
(2.03125 0.0991958 -1.61145e-20)
(2.05852 0.0938908 8.5793e-22)
(2.07142 0.088302 -2.97231e-21)
(1.77327 0.104286 -9.95177e-20)
(1.8355 0.105094 9.69312e-20)
(1.89685 0.104493 -5.45251e-21)
(1.9492 0.103013 2.63135e-21)
(1.99516 0.101239 3.75124e-20)
(2.03188 0.0985813 -2.06548e-21)
(2.06709 0.094917 3.41822e-20)
(2.09208 0.090352 0)
(2.11752 0.0856362 6.70694e-21)
(2.12901 0.0804707 2.98698e-21)
(1.8704 0.0955738 0)
(1.92358 0.0964922 0)
(1.97618 0.0959771 0)
(2.02137 0.0942744 4.24804e-20)
(2.06152 0.0921729 -7.73641e-20)
(2.09336 0.0894346 2.81276e-23)
(2.12467 0.0860206 -1.50424e-20)
(2.14702 0.0817584 -1.85637e-21)
(2.17088 0.0775145 -1.26822e-20)
(2.18182 0.0728218 0)
(1.95734 0.0875997 -4.69542e-20)
(2.0012 0.0883162 0)
(2.04526 0.0876355 -2.56898e-21)
(2.08381 0.0856341 -3.49855e-20)
(2.11906 0.0831466 3.49943e-20)
(2.14723 0.080257 -3.49501e-20)
(2.17571 0.0770016 -1.62268e-20)
(2.19639 0.0730917 -9.00227e-22)
(2.21927 0.0692559 1.47176e-20)
(2.23027 0.0650882 0)
(2.03026 0.079702 9.24768e-20)
(2.06603 0.0799307 0)
(2.10321 0.0788803 -2.54608e-21)
(2.13688 0.0765506 -3.46851e-20)
(2.16904 0.0737244 -2.41993e-21)
(2.19534 0.0707111 2.11331e-21)
(2.22255 0.0675986 1.52748e-20)
(2.2427 0.0640883 -1.71616e-20)
(2.26536 0.060673 -6.48716e-21)
(2.27686 0.0570564 4.21566e-22)
(2.08873 0.0712072 -4.41521e-20)
(2.11947 0.0707385 1.25393e-21)
(2.15295 0.0692092 -2.69201e-21)
(2.18462 0.0666141 4.19662e-20)
(2.21618 0.0636105 -2.41641e-21)
(2.24274 0.060605 0)
(2.27029 0.0576938 5.45457e-23)
(2.29101 0.0546471 -9.24822e-23)
(2.31403 0.0516685 -7.15207e-21)
(2.32625 0.0487277 0)
(2.13832 0.0615183 -1.35845e-21)
(2.16862 0.0602989 4.00384e-21)
(2.20254 0.0583423 -5.17094e-21)
(2.23553 0.0556694 4.92538e-21)
(2.2689 0.0527618 -2.41367e-21)
(2.29741 0.04998 -2.12974e-21)
(2.32637 0.0474129 -1.34217e-20)
(2.34821 0.0448749 1.35343e-20)
(2.37171 0.0423999 1.53616e-20)
(2.38451 0.0400302 0)
(2.19258 0.0501607 0)
(2.22721 0.0484531 -4.25261e-20)
(2.26507 0.0463865 0)
(2.30151 0.0439841 1.95937e-20)
(2.33767 0.041525 0)
(2.36831 0.0392383 0)
(2.39837 0.0371856 1.0062e-21)
(2.42079 0.0352095 -1.01471e-21)
(2.44395 0.0332858 -7.27184e-21)
(2.4566 0.0313714 0)
(2.27254 0.0374338 4.16512e-20)
(2.31277 0.0358781 4.35907e-20)
(2.35439 0.0342559 0)
(2.39304 0.0325351 2.32505e-21)
(2.43006 0.0308245 -2.10355e-20)
(2.46071 0.0292366 -2.14162e-21)
(2.48981 0.0277883 -6.21442e-21)
(2.51101 0.0264035 -9.50093e-22)
(2.53234 0.0249785 -2.73572e-21)
(2.54362 0.0235823 0)
(2.39272 0.0251367 -6.37222e-20)
(2.4336 0.0244136 -2.08019e-20)
(2.47384 0.0236864 -2.45389e-21)
(2.50985 0.0228397 -1.46116e-20)
(2.54337 0.0219264 3.48293e-20)
(2.57037 0.0210019 0)
(2.5956 0.0200987 9.42449e-21)
(2.61338 0.0191918 -1.02696e-21)
(2.63134 0.0181818 3.70966e-21)
(2.64018 0.017181 8.67946e-22)
(2.54224 0.0159922 2.09689e-20)
(2.57563 0.0161822 2.31769e-20)
(2.60778 0.016251 1.50243e-20)
(2.63599 0.0160317 2.49529e-21)
(2.66207 0.0156261 -1.86045e-20)
(2.68266 0.015082 0)
(2.70208 0.0145086 8.44262e-21)
(2.71531 0.0138668 -4.95442e-21)
(2.72922 0.0131398 9.70872e-22)
(2.73545 0.0123643 -8.7243e-22)
(2.68418 0.0110997 2.06032e-20)
(2.70633 0.0115417 0)
(2.72811 0.0118058 -2.23757e-20)
(2.74738 0.011708 1.44587e-20)
(2.76563 0.01141 -2.39432e-21)
(2.78002 0.0109433 2.1526e-21)
(2.79401 0.0104958 -9.63269e-21)
(2.80342 0.00995678 -2.0101e-21)
(2.81386 0.00942186 9.77335e-22)
(2.81837 0.00877081 0)
(2.78863 0.00758445 -8.9848e-21)
(2.80292 0.00782206 1.17016e-21)
(2.81755 0.00795236 -2.53835e-21)
(2.83085 0.00780379 2.31303e-21)
(2.8438 0.00754393 -2.39032e-21)
(2.8542 0.00716392 4.44729e-21)
(2.8645 0.00687279 0)
(2.87161 0.00649299 4.02812e-21)
(2.87958 0.00619297 -1.89981e-21)
(2.88341 0.00572522 4.45025e-22)
(2.86463 0.00315801 -1.00763e-20)
(2.87359 0.00335927 2.44005e-21)
(2.88318 0.0034844 1.16885e-24)
(2.89216 0.00343562 -7.11807e-21)
(2.90109 0.0033541 -2.31405e-21)
(2.90844 0.00321643 -8.83716e-21)
(2.91574 0.00318329 3.2293e-21)
(2.92103 0.00308783 -3.47941e-23)
(2.92684 0.00307728 1.90913e-21)
(2.93013 0.00291857 -4.4736e-22)
(2.91512 0.000413095 0)
(2.91939 0.000487913 0)
(2.9247 0.000486967 -7.30386e-21)
(2.93006 0.000412244 2.46806e-21)
(2.93576 0.000348539 2.32642e-21)
(2.94059 0.000302037 2.24154e-21)
(2.94553 0.000337918 1.03863e-21)
(2.94927 0.000386401 -3.0643e-21)
(2.95338 0.000495645 9.98339e-22)
(2.95604 0.000568541 0)
)
;

boundaryField
{
    bottom
    {
        type            symmetryPlane;
    }
    right
    {
        type            zeroGradient;
    }
    top
    {
        type            symmetryPlane;
    }
    left
    {
        type            zeroGradient;
    }
    cylinder
    {
        type            noSlip;
    }
    defaultFaces
    {
        type            empty;
    }
}


// ************************************************************************* //
