/*--------------------------------*- C++ -*----------------------------------*\
| =========                 |                                                 |
| \\      /  F ield         | OpenFOAM: The Open Source CFD Toolbox           |
|  \\    /   O peration     | Version:  4.1                                   |
|   \\  /    A nd           | Web:      www.OpenFOAM.org                      |
|    \\/     M anipulation  |                                                 |
\*---------------------------------------------------------------------------*/
FoamFile
{
    version     2.0;
    format      ascii;
    class       volVectorField;
    location    "6";
    object      U;
}
// * * * * * * * * * * * * * * * * * * * * * * * * * * * * * * * * * * * * * //

dimensions      [0 1 -1 0 0 0 0];

internalField   nonuniform List<vector> 
2000
(
(-0.0279806 0.0259799 4.9615e-20)
(0.0214978 0.0165801 0)
(0.162099 -0.0116094 7.95596e-20)
(0.370934 -0.0461757 3.56427e-20)
(0.618692 -0.0780827 -6.63005e-20)
(0.870367 -0.103492 -8.83862e-20)
(1.09737 -0.121285 2.81884e-20)
(1.28107 -0.136185 0)
(1.42489 -0.139679 -2.11246e-20)
(1.50465 -0.160507 0)
(-0.0188153 0.0171533 -2.45975e-20)
(0.0746569 -0.00768595 2.18629e-20)
(0.278851 -0.0407469 -8.40427e-20)
(0.551627 -0.0710367 -1.12339e-19)
(0.841239 -0.0925021 -7.94274e-22)
(1.10234 -0.105206 2.90439e-20)
(1.30971 -0.111785 -2.72461e-20)
(1.45794 -0.116032 -2.32455e-20)
(1.55355 -0.115608 2.11244e-20)
(1.59891 -0.12674 3.41351e-20)
(-0.00225551 0.00678521 2.64623e-20)
(0.15103 -0.0317712 -2.47861e-20)
(0.429125 -0.062918 4.22771e-20)
(0.757927 -0.0816537 -1.45119e-21)
(1.06437 -0.0889522 3.39191e-20)
(1.306 -0.0895792 3.01361e-20)
(1.47313 -0.0878921 2.65666e-20)
(1.57525 -0.0872093 2.32457e-20)
(1.6296 -0.0856594 1.90727e-20)
(1.6544 -0.0939002 -1.62913e-20)
(0.0237877 -0.004548 -7.00748e-22)
(0.253051 -0.05213 -2.6337e-20)
(0.606562 -0.0725796 0)
(0.969844 -0.074708 3.73697e-20)
(1.26363 -0.0684594 -3.62418e-20)
(1.46467 -0.0609272 0)
(1.58411 -0.0557218 0)
(1.64504 -0.0539112 0)
(1.67073 -0.0533155 -1.90737e-20)
(1.67347 -0.0605812 3.06913e-20)
(0.0611391 -0.0155031 6.17128e-20)
(0.379957 -0.063723 -3.18391e-23)
(0.797625 -0.0653971 2.44247e-20)
(1.16646 -0.0503836 1.9826e-20)
(1.42442 -0.0347223 1.76072e-20)
(1.57657 -0.023995 1.46265e-20)
(1.65249 -0.0190434 0)
(1.68247 -0.0185881 9.94018e-21)
(1.68826 -0.0205605 -4.03065e-20)
(1.68418 -0.0280444 5.22437e-20)
(0.110894 -0.0240073 -9.63583e-20)
(0.526268 -0.0613244 1.7679e-21)
(0.985308 -0.0399518 -4.82872e-20)
(1.33332 -0.0114126 4.31552e-20)
(1.54364 0.00830131 -5.05603e-20)
(1.64887 0.0180344 1.63104e-20)
(1.69017 0.020232 0)
(1.69885 0.0178071 -9.9409e-21)
(1.69415 0.0129682 8.16682e-21)
(1.68472 0.00533566 2.21988e-20)
(0.17293 -0.0274531 0)
(0.681895 -0.0412911 0)
(1.15501 0.00239595 -2.43473e-20)
(1.4645 0.0387385 2.26657e-20)
(1.62514 0.0575682 -1.59279e-20)
(1.69047 0.0632591 1.49542e-20)
(1.70651 0.0611311 2.00425e-20)
(1.70201 0.0550628 -1.8945e-20)
(1.69133 0.0471908 -1.23898e-20)
(1.6805 0.038676 5.97755e-21)
(0.245349 -0.0231566 1.83501e-20)
(0.834511 -0.00277478 0)
(1.29767 0.0587667 -1.13526e-20)
(1.5601 0.0968728 4.20311e-20)
(1.67495 0.110856 -2.60092e-20)
(1.70899 0.110483 0)
(1.70791 0.103167 0)
(1.69572 0.0930331 0)
(1.68253 0.0821547 -1.00112e-20)
(1.67103 0.0724356 9.51616e-21)
(0.324377 -0.00895292 -9.42517e-21)
(0.972943 0.0524049 -3.77173e-22)
(1.40923 0.125728 -1.30373e-20)
(1.62303 0.160288 4.87192e-21)
(1.69889 0.166508 4.68512e-21)
(1.7099 0.158846 6.45031e-21)
(1.69801 0.145877 0)
(1.68197 0.131477 -1.3141e-21)
(1.66794 0.117578 -4.47813e-21)
(1.65666 0.105884 3.43345e-21)
(0.404839 0.0163066 0)
(1.08938 0.120854 -7.98192e-21)
(1.48884 0.199808 0)
(1.65705 0.226688 -2.78262e-21)
(1.70169 0.223167 -2.5688e-21)
(1.69677 0.207547 -2.81978e-21)
(1.67872 0.188689 0)
(1.66127 0.169877 1.31421e-21)
(1.64764 0.152888 8.65784e-22)
(1.63713 0.138737 1.87939e-22)
(-0.00986537 0.00919828 0)
(-0.037992 0.0163079 -4.3128e-21)
(-0.0762054 0.01809 0)
(-0.11131 0.0174507 -5.62912e-21)
(-0.140678 0.0155502 -1.77202e-21)
(-0.163886 0.0129269 3.27156e-21)
(-0.180833 0.00990677 -3.08099e-21)
(-0.191737 0.00676911 2.8858e-21)
(-0.197246 0.00384419 4.90052e-23)
(-0.19885 0.00154601 2.50465e-21)
(-0.0113586 0.0263495 -1.36843e-20)
(-0.0383966 0.046999 8.5454e-21)
(-0.072806 0.0523407 -8.10202e-21)
(-0.103145 0.0505187 3.73687e-21)
(-0.127184 0.0448954 1.76574e-20)
(-0.144543 0.0370459 -6.61288e-21)
(-0.155115 0.0279081 0)
(-0.159003 0.0183128 -2.87609e-21)
(-0.156471 0.00928602 -2.67726e-21)
(-0.149164 0.00216906 0)
(-0.0140638 0.0400311 9.13137e-21)
(-0.0392538 0.0722565 0)
(-0.0667337 0.0809708 2.44876e-20)
(-0.0882359 0.0781558 -3.05734e-20)
(-0.102258 0.0690338 7.21464e-21)
(-0.108581 0.0560774 0)
(-0.10716 0.0407073 0)
(-0.0980678 0.0241966 0)
(-0.0810033 0.00825312 2.17871e-20)
(-0.0567392 -0.00462866 -2.07063e-20)
(-0.0174729 0.0488897 0)
(-0.0405715 0.0895536 -1.79977e-20)
(-0.0591218 0.100933 3.3411e-20)
(-0.0687595 0.0971413 -1.55832e-20)
(-0.0690046 0.0847665 1.46542e-20)
(-0.0599536 0.0669853 -4.12439e-20)
(-0.0417131 0.0455391 1.54482e-22)
(-0.0146163 0.0218211 2.43313e-20)
(0.0214361 -0.00214021 2.22788e-20)
(0.0691673 -0.0216474 -3.16988e-20)
(-0.0210882 0.0527575 1.93332e-20)
(-0.0422058 0.0977655 -3.70477e-20)
(-0.0508533 0.110305 -1.66594e-22)
(-0.0465225 0.105028 1.53353e-22)
(-0.0298884 0.0893271 1.48206e-20)
(-0.00150715 0.066976 -4.21446e-20)
(0.0382639 0.0399592 0)
(0.0885851 0.00959359 -1.24172e-20)
(0.148327 -0.0222279 1.15853e-20)
(0.227281 -0.048969 -4.26418e-20)
(-0.0245768 0.0524672 -2.78398e-22)
(-0.0436726 0.0972405 3.75632e-20)
(-0.0417117 0.10855 1.72607e-20)
(-0.0214599 0.100496 1.65984e-20)
(0.0154163 0.0808518 1.50361e-20)
(0.0678326 0.053856 1.41121e-20)
(0.134897 0.0218639 0)
(0.215335 -0.0134273 1.2416e-20)
(0.302463 -0.0512697 3.41925e-20)
(0.422245 -0.0842963 -1.155e-20)
(-0.0277629 0.0493833 7.86575e-23)
(-0.0439074 0.0894414 1.94273e-20)
(-0.0296077 0.0965288 0)
(0.00994382 0.0838325 -3.23403e-20)
(0.0722869 0.0592696 3.07147e-20)
(0.155511 0.0274245 0)
(0.257151 -0.00885267 0)
(0.375102 -0.0466218 0)
(0.491985 -0.0872241 -2.34629e-20)
(0.657199 -0.121676 -4.30229e-20)
(-0.0304441 0.0447878 -2.13245e-20)
(-0.0409539 0.0762322 1.99751e-20)
(-0.0100767 0.0761613 3.6731e-20)
(0.0551878 0.0570382 5.70179e-22)
(0.151323 0.0269289 3.1212e-20)
(0.274195 -0.00916412 2.90199e-20)
(0.417421 -0.0478567 2.70207e-20)
(0.575607 -0.0849227 2.50845e-20)
(0.721495 -0.123664 2.346e-20)
(0.919673 -0.15215 -2.12983e-20)
(-0.032119 0.0394016 -6.72487e-20)
(-0.0317877 0.0591618 -1.98726e-20)
(0.0234566 0.0497762 -7.38086e-20)
(0.124524 0.0234278 -3.3878e-20)
(0.264989 -0.0113841 5.0966e-22)
(0.435021 -0.0491309 -2.8648e-20)
(0.621262 -0.0859025 2.73102e-20)
(0.810676 -0.118625 -2.50815e-20)
(0.978437 -0.149647 2.28693e-20)
(1.17513 -0.167147 -4.20623e-20)
(-0.0317953 0.0332646 4.52558e-20)
(-0.012466 0.0391198 0)
(0.0785314 0.0196905 3.76986e-20)
(0.227868 -0.0127077 -9.40661e-23)
(0.421503 -0.0489049 5.97093e-22)
(0.638696 -0.0833853 2.88993e-20)
(0.857187 -0.112545 -8.18961e-20)
(1.05636 -0.137638 0)
(1.22695 -0.155015 -2.28672e-20)
(1.37897 -0.166058 0)
(-0.198363 -9.52475e-05 0)
(-0.196539 -0.00272556 -2.22401e-21)
(-0.191177 -0.0056397 4.35978e-21)
(-0.182104 -0.00856692 -1.87267e-21)
(-0.169359 -0.0114768 0)
(-0.152969 -0.0142849 1.73628e-21)
(-0.133021 -0.0169841 -1.74488e-21)
(-0.109623 -0.0195445 0)
(-0.0829258 -0.0219397 0)
(-0.0530382 -0.0242555 1.47577e-22)
(-0.0202269 -0.0262102 0)
(0.015312 -0.0279408 0)
(0.0533329 -0.0295062 0)
(0.0934836 -0.0308729 0)
(0.135603 -0.0320638 -7.09166e-23)
(0.179504 -0.0331232 7.12842e-23)
(0.225062 -0.0341143 0)
(0.27231 -0.0351688 5.8049e-26)
(0.319013 -0.0362831 -5.83546e-26)
(0.386295 -0.0378783 0)
(-0.142049 -0.0025115 0)
(-0.137527 -0.0103068 5.894e-22)
(-0.129466 -0.0188171 0)
(-0.11788 -0.0273654 7.9551e-21)
(-0.102916 -0.0360429 -7.74589e-21)
(-0.0846166 -0.0441885 4.75e-22)
(-0.0631505 -0.05204 -3.25271e-21)
(-0.0385919 -0.059494 6.59398e-21)
(-0.0112461 -0.0664625 -5.16088e-21)
(0.0192009 -0.0728407 2.74879e-21)
(0.0524399 -0.0785913 1.87045e-21)
(0.0877769 -0.0836866 -3.18955e-21)
(0.125247 -0.0881796 1.53963e-21)
(0.164594 -0.0920592 5.92837e-22)
(0.205583 -0.0953968 -4.5515e-22)
(0.248019 -0.0983128 7.01454e-23)
(0.29167 -0.100971 4.20133e-23)
(0.336955 -0.103711 1.21524e-23)
(0.380086 -0.106595 -1.22113e-23)
(0.443625 -0.110685 -1.12257e-23)
(-0.0388216 -0.012268 -6.28273e-22)
(-0.0291247 -0.0241048 -5.90425e-22)
(-0.015932 -0.0373601 -5.88599e-22)
(-1.74631e-05 -0.0508711 0)
(0.0190498 -0.0641077 -9.04512e-21)
(0.0411376 -0.0769516 7.06582e-21)
(0.0652886 -0.0893906 0)
(0.0918728 -0.101175 -8.15394e-22)
(0.120767 -0.112123 -3.54558e-22)
(0.151881 -0.121975 4.09844e-21)
(0.185001 -0.130967 -7.28224e-22)
(0.219835 -0.13887 -4.50618e-21)
(0.256171 -0.145684 -1.97695e-22)
(0.293772 -0.151453 -1.38955e-22)
(0.332403 -0.15629 -1.18868e-22)
(0.371909 -0.16036 1.79375e-22)
(0.411813 -0.163903 -2.0232e-22)
(0.453291 -0.167301 -1.45331e-22)
(0.490399 -0.170815 -1.22459e-23)
(0.546878 -0.175767 1.57416e-23)
(0.100066 -0.0320015 -1.95487e-20)
(0.117659 -0.0464291 7.03329e-22)
(0.136768 -0.0631382 1.43769e-21)
(0.158865 -0.0803664 1.8811e-20)
(0.182974 -0.0970715 1.63712e-21)
(0.20877 -0.113627 4.96311e-22)
(0.236114 -0.12958 -1.34094e-20)
(0.264983 -0.144665 8.32206e-21)
(0.295266 -0.158637 6.52851e-21)
(0.326817 -0.171289 -5.45044e-21)
(0.35945 -0.182529 7.39313e-22)
(0.392944 -0.192265 5.12445e-21)
(0.427095 -0.200486 1.96049e-22)
(0.46169 -0.207234 1.51136e-21)
(0.49651 -0.212667 -1.04931e-21)
(0.531508 -0.216935 -6.15272e-22)
(0.565912 -0.220419 5.34087e-22)
(0.60172 -0.223296 0)
(0.631473 -0.226241 5.44733e-23)
(0.678189 -0.230094 -4.77295e-24)
(0.268779 -0.0607367 4.20151e-20)
(0.295382 -0.0769848 -1.89326e-20)
(0.320121 -0.0959595 2.02666e-20)
(0.347467 -0.115572 0)
(0.376325 -0.134902 -1.10656e-21)
(0.405794 -0.153743 -1.63069e-20)
(0.435697 -0.17186 3.42744e-22)
(0.466024 -0.188942 1.392e-21)
(0.496688 -0.204673 1.36835e-20)
(0.527527 -0.218794 6.97943e-22)
(0.558379 -0.231134 0)
(0.589052 -0.241576 -5.15123e-22)
(0.619409 -0.250122 0)
(0.649272 -0.256791 -3.43626e-22)
(0.678511 -0.261831 0)
(0.707156 -0.265284 0)
(0.73442 -0.267822 1.35488e-22)
(0.762485 -0.26913 -1.43351e-22)
(0.784371 -0.270723 1.30372e-22)
(0.81893 -0.271782 -2.77026e-23)
(0.469017 -0.0957019 0)
(0.501972 -0.113067 -1.30844e-21)
(0.530646 -0.133462 -3.98155e-20)
(0.560911 -0.154178 3.85926e-20)
(0.592171 -0.174475 -1.16048e-21)
(0.623158 -0.194251 0)
(0.653488 -0.213227 -1.54906e-20)
(0.683122 -0.230991 2.86681e-20)
(0.711979 -0.247171 -1.49576e-20)
(0.739885 -0.261463 -7.54824e-22)
(0.766719 -0.273666 -6.62233e-22)
(0.792307 -0.283632 -5.70248e-22)
(0.816648 -0.291405 0)
(0.839564 -0.296961 2.3699e-21)
(0.861204 -0.300709 -5.23521e-21)
(0.881439 -0.302489 2.15495e-21)
(0.900141 -0.303416 -1.75468e-22)
(0.918422 -0.302437 -1.16379e-22)
(0.932373 -0.302347 3.76767e-23)
(0.952959 -0.299769 -3.67306e-23)
(0.7016 -0.131723 4.30746e-20)
(0.734855 -0.149297 0)
(0.763506 -0.170044 -1.2772e-21)
(0.792892 -0.190663 2.44465e-21)
(0.822577 -0.210774 2.3216e-21)
(0.851269 -0.230375 1.09245e-21)
(0.87848 -0.249049 1.01677e-21)
(0.904044 -0.266297 -1.33617e-20)
(0.927833 -0.281734 1.5948e-20)
(0.949661 -0.295039 1.288e-20)
(0.969504 -0.306026 -1.06964e-20)
(0.987202 -0.314528 1.13799e-21)
(1.003 -0.320679 -3.5275e-21)
(1.01665 -0.324396 1.03999e-21)
(1.02884 -0.326299 3.49524e-21)
(1.03891 -0.325971 2.506e-22)
(1.04814 -0.325041 -2.43016e-22)
(1.05535 -0.321624 3.35818e-22)
(1.06167 -0.319937 4.43822e-22)
(1.06783 -0.313903 2.14598e-23)
(0.954179 -0.161451 0)
(0.981079 -0.178761 -4.18334e-20)
(1.00479 -0.198647 4.29315e-20)
(1.02882 -0.218305 -1.22559e-21)
(1.05251 -0.23765 -2.30303e-21)
(1.07472 -0.256395 -1.09142e-21)
(1.09487 -0.273953 -2.01173e-21)
(1.11259 -0.289842 0)
(1.12775 -0.303727 -8.40669e-22)
(1.14021 -0.315306 -7.49484e-22)
(1.15016 -0.324452 -6.5628e-22)
(1.15749 -0.33102 -1.13538e-21)
(1.1628 -0.335254 0)
(1.16568 -0.337015 0)
(1.16756 -0.337123 -3.1666e-22)
(1.16693 -0.3349 -2.2352e-21)
(1.16691 -0.33242 1.55103e-21)
(1.16332 -0.327047 -1.27691e-22)
(1.16298 -0.324194 -2.34556e-22)
(1.1562 -0.31565 6.99249e-23)
(1.19661 -0.17857 4.38389e-20)
(1.21445 -0.195989 0)
(1.2305 -0.21462 0)
(1.24597 -0.233385 -3.73045e-20)
(1.2603 -0.2519 3.04522e-21)
(1.27269 -0.269411 6.76852e-20)
(1.28248 -0.285391 -3.15736e-20)
(1.28927 -0.299515 0)
(1.29314 -0.311544 0)
(1.29411 -0.321231 0)
(1.2927 -0.32854 3.30392e-22)
(1.28885 -0.333356 8.34829e-22)
(1.28357 -0.336017 6.97565e-21)
(1.27621 -0.336323 -6.73234e-21)
(1.26885 -0.335214 2.28158e-21)
(1.25904 -0.331789 -2.01972e-21)
(1.25159 -0.328404 0)
(1.23941 -0.321871 5.99921e-23)
(1.23422 -0.318385 7.02385e-23)
(1.21767 -0.308322 0)
(1.39816 -0.184018 -6.73749e-22)
(1.4113 -0.200547 -4.02819e-20)
(1.41906 -0.21724 3.98624e-20)
(1.42325 -0.234459 0)
(1.42523 -0.251129 3.37046e-20)
(1.42506 -0.266538 -6.47491e-20)
(1.42241 -0.280475 3.10705e-20)
(1.41707 -0.292753 0)
(1.40941 -0.303177 1.18852e-20)
(1.39961 -0.311513 -2.23231e-20)
(1.38836 -0.317751 1.07643e-20)
(1.37555 -0.321753 -2.70591e-22)
(1.36237 -0.323865 0)
(1.34779 -0.32381 -5.71015e-21)
(1.33432 -0.322541 7.67262e-21)
(1.3186 -0.31902 -2.18533e-21)
(1.30665 -0.315665 -1.2208e-21)
(1.28914 -0.309045 8.77975e-22)
(1.28126 -0.305591 3.8957e-22)
(1.25858 -0.295087 0)
(1.56793 -0.166008 0)
(1.56313 -0.181287 0)
(1.55215 -0.195172 0)
(1.53939 -0.209701 0)
(1.52704 -0.224482 0)
(1.51492 -0.238653 0)
(1.50225 -0.251677 0)
(1.48845 -0.263282 0)
(1.47366 -0.273389 0)
(1.45782 -0.281838 0)
(1.44156 -0.288649 0)
(1.42443 -0.293604 0)
(1.40764 -0.297006 0)
(1.38978 -0.298451 0)
(1.37357 -0.298834 0)
(1.35509 -0.297007 0)
(1.34095 -0.295262 0)
(1.32082 -0.290247 0)
(1.31136 -0.287929 0)
(1.28573 -0.278854 0)
(1.61207 -0.151185 0)
(1.60908 -0.168155 0)
(1.59668 -0.183721 0)
(1.581 -0.198954 0)
(1.56572 -0.213772 0)
(1.55103 -0.227638 0)
(1.53606 -0.240161 0)
(1.52012 -0.251146 0)
(1.50337 -0.260574 0)
(1.48577 -0.268346 0)
(1.46801 -0.274535 0)
(1.44958 -0.278967 0)
(1.43169 -0.281959 0)
(1.41281 -0.283136 0)
(1.39574 -0.28336 0)
(1.37638 -0.281528 0)
(1.36153 -0.279811 0)
(1.34051 -0.274998 0)
(1.33053 -0.272746 0)
(1.30398 -0.263986 0)
(1.63239 -0.136968 0)
(1.62919 -0.154556 0)
(1.61631 -0.170751 0)
(1.59978 -0.185701 0)
(1.58361 -0.19959 0)
(1.56818 -0.212359 0)
(1.55263 -0.223865 0)
(1.53619 -0.23397 0)
(1.519 -0.24266 0)
(1.50104 -0.249852 0)
(1.483 -0.255638 0)
(1.46436 -0.259866 0)
(1.44632 -0.262836 0)
(1.4273 -0.264178 0)
(1.41013 -0.264682 0)
(1.3906 -0.263287 0)
(1.37565 -0.261997 0)
(1.35441 -0.257794 0)
(1.34437 -0.255902 0)
(1.3175 -0.24796 0)
(1.63745 -0.123697 0)
(1.63434 -0.141108 0)
(1.62209 -0.157156 0)
(1.60606 -0.171573 0)
(1.59012 -0.18464 0)
(1.57482 -0.196552 0)
(1.55945 -0.20732 0)
(1.54326 -0.216832 0)
(1.52639 -0.225052 0)
(1.50878 -0.231895 0)
(1.49112 -0.237454 0)
(1.47287 -0.241592 0)
(1.45523 -0.24459 0)
(1.43659 -0.246087 0)
(1.41976 -0.246818 0)
(1.40053 -0.245768 0)
(1.38584 -0.244804 0)
(1.3648 -0.241094 0)
(1.3549 -0.239489 0)
(1.32823 -0.232245 0)
(1.63502 -0.112175 0)
(1.63223 -0.128794 0)
(1.62109 -0.144197 0)
(1.60615 -0.15794 0)
(1.59098 -0.170256 0)
(1.57627 -0.181412 0)
(1.56146 -0.191496 0)
(1.54591 -0.200426 0)
(1.52971 -0.208167 0)
(1.51279 -0.214637 0)
(1.4958 -0.219929 0)
(1.47821 -0.22392 0)
(1.4612 -0.226878 0)
(1.44315 -0.228458 0)
(1.42686 -0.229341 0)
(1.40811 -0.228566 0)
(1.39383 -0.227868 0)
(1.37318 -0.224598 0)
(1.36352 -0.223246 0)
(1.33724 -0.216654 0)
(1.6307 -0.102213 0)
(1.62808 -0.117675 0)
(1.61799 -0.132152 0)
(1.60424 -0.145092 0)
(1.59 -0.156636 0)
(1.576 -0.167042 0)
(1.56187 -0.176432 0)
(1.54702 -0.184759 0)
(1.53157 -0.192 0)
(1.51539 -0.198078 0)
(1.49914 -0.203084 0)
(1.48224 -0.206903 0)
(1.46589 -0.209787 0)
(1.44846 -0.211407 0)
(1.43273 -0.212394 0)
(1.41451 -0.211841 0)
(1.40066 -0.211357 0)
(1.38045 -0.208471 0)
(1.37106 -0.207334 0)
(1.34523 -0.201342 0)
(1.6271 -0.0933373 0)
(1.62439 -0.107522 0)
(1.61512 -0.120941 0)
(1.60242 -0.132991 0)
(1.58906 -0.143731 0)
(1.57574 -0.153383 0)
(1.56223 -0.162081 0)
(1.54803 -0.169804 0)
(1.53326 -0.17654 0)
(1.51776 -0.182219 0)
(1.50216 -0.186925 0)
(1.4859 -0.190547 0)
(1.47015 -0.193322 0)
(1.45328 -0.194938 0)
(1.43808 -0.195981 0)
(1.42034 -0.195596 0)
(1.40689 -0.195274 0)
(1.3871 -0.192718 0)
(1.37796 -0.191758 0)
(1.3526 -0.186312 0)
(1.62493 -0.0852373 0)
(1.6219 -0.0981332 0)
(1.61322 -0.110434 0)
(1.60141 -0.12154 0)
(1.58881 -0.131449 0)
(1.57608 -0.140345 0)
(1.5631 -0.148357 0)
(1.54944 -0.155479 0)
(1.53523 -0.161708 0)
(1.52031 -0.166977 0)
(1.50527 -0.171365 0)
(1.48955 -0.174767 0)
(1.47431 -0.177401 0)
(1.45793 -0.178975 0)
(1.44317 -0.180032 0)
(1.42585 -0.179771 0)
(1.41276 -0.179571 0)
(1.39335 -0.177302 0)
(1.38443 -0.176488 0)
(1.35949 -0.171546 0)
(1.62409 -0.0776965 0)
(1.62065 -0.0893213 0)
(1.61236 -0.100485 0)
(1.60126 -0.110618 0)
(1.58929 -0.119682 0)
(1.57706 -0.127822 0)
(1.56451 -0.135153 0)
(1.55129 -0.141676 0)
(1.53754 -0.147394 0)
(1.52309 -0.152245 0)
(1.50852 -0.156301 0)
(1.49324 -0.159464 0)
(1.47844 -0.161934 0)
(1.46246 -0.163439 0)
(1.44807 -0.164478 0)
(1.43111 -0.164309 0)
(1.41832 -0.164197 0)
(1.39924 -0.162183 0)
(1.39052 -0.16149 0)
(1.36596 -0.15702 0)
(1.62429 -0.0705251 0)
(1.62036 -0.0809168 0)
(1.61233 -0.0909547 0)
(1.60178 -0.100112 0)
(1.59034 -0.108328 0)
(1.57852 -0.115713 0)
(1.56632 -0.122369 0)
(1.55346 -0.128297 0)
(1.54008 -0.133503 0)
(1.52602 -0.13793 0)
(1.51183 -0.141645 0)
(1.49692 -0.144555 0)
(1.48247 -0.146844 0)
(1.46683 -0.148259 0)
(1.45275 -0.149257 0)
(1.4361 -0.149153 0)
(1.42357 -0.149105 0)
(1.40477 -0.14732 0)
(1.39622 -0.14673 0)
(1.37199 -0.142706 0)
(1.62518 -0.063584 0)
(1.62075 -0.0727949 0)
(1.61288 -0.0817368 0)
(1.60277 -0.0899304 0)
(1.59175 -0.0973024 0)
(1.58027 -0.103939 0)
(1.56835 -0.109926 0)
(1.55577 -0.115263 0)
(1.54271 -0.119957 0)
(1.52896 -0.123959 0)
(1.51508 -0.127326 0)
(1.50048 -0.129974 0)
(1.48632 -0.132068 0)
(1.47097 -0.133377 0)
(1.45715 -0.134315 0)
(1.44076 -0.134259 0)
(1.42845 -0.134255 0)
(1.40989 -0.132679 0)
(1.40149 -0.132177 0)
(1.37755 -0.128579 0)
(1.6265 -0.0567865 0)
(1.62158 -0.0648709 0)
(1.61378 -0.0727519 0)
(1.60402 -0.0800007 0)
(1.59335 -0.0865396 0)
(1.58213 -0.0924357 0)
(1.57045 -0.0977595 0)
(1.55811 -0.102511 0)
(1.54529 -0.106697 0)
(1.53181 -0.110271 0)
(1.51819 -0.113286 0)
(1.50385 -0.115664 0)
(1.48993 -0.117555 0)
(1.47481 -0.118746 0)
(1.46122 -0.119611 0)
(1.44505 -0.119587 0)
(1.43292 -0.119613 0)
(1.41458 -0.118231 0)
(1.40629 -0.117805 0)
(1.38261 -0.114618 0)
(1.62804 -0.0500736 0)
(1.62265 -0.0570819 0)
(1.61488 -0.0639378 0)
(1.60539 -0.0702639 0)
(1.59499 -0.0759837 0)
(1.584 -0.081149 0)
(1.5725 -0.0858182 0)
(1.56035 -0.0899902 0)
(1.54774 -0.09367 0)
(1.53447 -0.0968175 0)
(1.52107 -0.0994782 0)
(1.50694 -0.101582 0)
(1.49323 -0.10326 0)
(1.47831 -0.104326 0)
(1.4649 -0.105106 0)
(1.44892 -0.105104 0)
(1.43694 -0.105148 0)
(1.41879 -0.103949 0)
(1.41061 -0.103591 0)
(1.38716 -0.100801 0)
(1.62964 -0.0434012 0)
(1.62382 -0.04938 0)
(1.61604 -0.055246 0)
(1.60676 -0.0606731 0)
(1.59659 -0.0655897 0)
(1.58577 -0.0700357 0)
(1.57443 -0.074059 0)
(1.56243 -0.0776576 0)
(1.54999 -0.0808355 0)
(1.53689 -0.0835573 0)
(1.52367 -0.0858622 0)
(1.50971 -0.0876884 0)
(1.49617 -0.08915 0)
(1.48142 -0.0900824 0)
(1.46817 -0.0907713 0)
(1.45234 -0.0907825 0)
(1.4405 -0.0908344 0)
(1.42251 -0.0898102 0)
(1.41442 -0.0895114 0)
(1.39116 -0.0871106 0)
(1.63119 -0.0367397 0)
(1.62498 -0.0417312 0)
(1.61718 -0.0466401 0)
(1.60805 -0.0511914 0)
(1.59806 -0.0553209 0)
(1.58738 -0.0590595 0)
(1.57616 -0.0624458 0)
(1.56428 -0.0654774 0)
(1.55197 -0.0681574 0)
(1.53902 -0.0704555 0)
(1.52595 -0.0724042 0)
(1.51214 -0.0739508 0)
(1.49873 -0.0751917 0)
(1.48412 -0.0759866 0)
(1.471 -0.0765776 0)
(1.4553 -0.0765956 0)
(1.44357 -0.0766493 0)
(1.42571 -0.0757923 0)
(1.41769 -0.0755477 0)
(1.3946 -0.0735276 0)
(1.63259 -0.0300712 0)
(1.62604 -0.034112 0)
(1.61821 -0.0380927 0)
(1.60921 -0.0417889 0)
(1.59936 -0.0451466 0)
(1.58879 -0.048189 0)
(1.57765 -0.0509471 0)
(1.56587 -0.0534182 0)
(1.55367 -0.0556044 0)
(1.54083 -0.0574809 0)
(1.52787 -0.0590738 0)
(1.51418 -0.0603398 0)
(1.50089 -0.0613574 0)
(1.48638 -0.0620115 0)
(1.47337 -0.0624999 0)
(1.45778 -0.0625203 0)
(1.44614 -0.0625703 0)
(1.42839 -0.0618755 0)
(1.42043 -0.0616805 0)
(1.39747 -0.0600352 0)
(1.63377 -0.023392 0)
(1.62695 -0.0265118 0)
(1.61909 -0.0295871 0)
(1.61018 -0.0324451 0)
(1.60043 -0.0350432 0)
(1.58994 -0.0373992 0)
(1.57887 -0.0395364 0)
(1.56716 -0.0414527 0)
(1.55505 -0.043149 0)
(1.5423 -0.0446061 0)
(1.52943 -0.0458439 0)
(1.51582 -0.0468291 0)
(1.50262 -0.0476215 0)
(1.4882 -0.0481329 0)
(1.47527 -0.0485151 0)
(1.45977 -0.0485348 0)
(1.44819 -0.0485767 0)
(1.43053 -0.0480407 0)
(1.42262 -0.0478916 0)
(1.39977 -0.0466168 0)
(1.63467 -0.0167139 0)
(1.62765 -0.0189347 0)
(1.61976 -0.021121 0)
(1.61091 -0.0231519 0)
(1.60124 -0.0249984 0)
(1.59081 -0.026674 0)
(1.57979 -0.0281951 0)
(1.56814 -0.0295602 0)
(1.55608 -0.030769 0)
(1.5434 -0.0318084 0)
(1.53059 -0.0326913 0)
(1.51705 -0.0333955 0)
(1.50391 -0.0339611 0)
(1.48956 -0.0343287 0)
(1.47669 -0.0346014 0)
(1.46125 -0.0346196 0)
(1.44973 -0.0346482 0)
(1.43213 -0.0342709 0)
(1.42426 -0.0341622 0)
(1.4015 -0.0332569 0)
(1.63525 -0.00998755 0)
(1.62811 -0.0113373 0)
(1.6202 -0.0126565 0)
(1.6114 -0.0138766 0)
(1.60178 -0.0149831 0)
(1.59139 -0.0159867 0)
(1.5804 -0.0168975 0)
(1.56878 -0.0177157 0)
(1.55677 -0.0184398 0)
(1.54413 -0.0190636 0)
(1.53137 -0.019592 0)
(1.51787 -0.0200159 0)
(1.50477 -0.0203533 0)
(1.49047 -0.0205776 0)
(1.47763 -0.0207371 0)
(1.46224 -0.0207554 0)
(1.45076 -0.0207641 0)
(1.4332 -0.0205504 0)
(1.42535 -0.0204722 0)
(1.40264 -0.0199421 0)
(1.63548 -0.00320112 0)
(1.6283 -0.00369284 0)
(1.6204 -0.00416049 0)
(1.61163 -0.0045854 0)
(1.60204 -0.00496605 0)
(1.59167 -0.00530844 0)
(1.58071 -0.00561727 0)
(1.56911 -0.00589376 0)
(1.55711 -0.00613743 0)
(1.54449 -0.00634731 0)
(1.53175 -0.00652414 0)
(1.51828 -0.00666691 0)
(1.5052 -0.00677892 0)
(1.49092 -0.00685564 0)
(1.4781 -0.00690688 0)
(1.46274 -0.00691655 0)
(1.45126 -0.00691512 0)
(1.43374 -0.00685015 0)
(1.4259 -0.00681719 0)
(1.40322 -0.00664712 0)
(1.62881 0.122701 -1.8363e-22)
(1.64733 0.0966689 0)
(1.66116 0.0694307 2.24841e-22)
(1.67112 0.0411018 7.11388e-21)
(1.67623 0.0119393 -2.28603e-20)
(1.67811 -0.0176204 0)
(1.67574 -0.0478976 -2.95129e-20)
(1.66062 -0.0782925 0)
(1.65597 -0.108435 -3.56964e-20)
(1.56627 -0.145041 5.46301e-22)
(1.62279 0.108645 -2.57664e-22)
(1.63939 0.0858327 -8.81357e-23)
(1.65261 0.0617944 8.83106e-23)
(1.66063 0.0371146 -2.00155e-21)
(1.66784 0.0111729 6.71643e-21)
(1.66552 -0.0149786 5.75932e-22)
(1.67346 -0.041692 0)
(1.6502 -0.0706584 2.38833e-20)
(1.67133 -0.0941971 0)
(1.60771 -0.132135 2.92999e-20)
(1.62052 0.0951733 7.01567e-22)
(1.63397 0.0748124 0)
(1.64688 0.0533689 1.04141e-22)
(1.65116 0.031215 -1.93855e-21)
(1.66125 0.00855662 -7.30022e-21)
(1.65341 -0.0156292 0)
(1.6678 -0.0375071 -1.63168e-20)
(1.64236 -0.065994 -2.44069e-20)
(1.66453 -0.0836479 0)
(1.62801 -0.119124 -2.90023e-20)
(1.6206 0.0834573 -3.98525e-22)
(1.63112 0.0650083 1.12947e-21)
(1.64385 0.0462563 0)
(1.64491 0.0259348 -3.55505e-21)
(1.65623 0.00684376 -3.32899e-22)
(1.64611 -0.0160998 7.6112e-22)
(1.66003 -0.0335615 1.59675e-20)
(1.63969 -0.0607771 5.15686e-22)
(1.65301 -0.075438 1.83579e-20)
(1.63361 -0.106685 0)
(1.62203 0.0731611 0)
(1.63055 0.0563678 -1.12078e-21)
(1.64248 0.0402326 -7.90136e-22)
(1.64218 0.0214227 -1.34635e-22)
(1.65222 0.00545128 1.2895e-22)
(1.64332 -0.0160679 3.26694e-22)
(1.65251 -0.0306868 9.5769e-21)
(1.63873 -0.0554571 8.94177e-22)
(1.64375 -0.0691157 -3.7103e-21)
(1.63182 -0.096135 -1.72504e-20)
(1.62425 0.0640288 8.92099e-22)
(1.63169 0.0487519 9.96122e-23)
(1.64205 0.0348085 -7.44455e-22)
(1.64196 0.0175245 3.55543e-23)
(1.6493 0.00375459 9.03259e-22)
(1.64293 -0.0158807 0)
(1.64711 -0.0290519 -1.06056e-20)
(1.63766 -0.0508696 3.14702e-22)
(1.63798 -0.0640425 -2.6814e-20)
(1.62821 -0.08743 3.10863e-20)
(1.62699 0.0558457 -8.96489e-22)
(1.63393 0.0420616 -1.46011e-21)
(1.64242 0.0298069 1.35292e-21)
(1.64309 0.0141986 -1.895e-21)
(1.64775 0.00187375 -1.23333e-21)
(1.64344 -0.0155988 1.19562e-21)
(1.64433 -0.027918 -2.28749e-22)
(1.63681 -0.0469156 5.24349e-22)
(1.63513 -0.0594246 1.15455e-20)
(1.62552 -0.0798832 -1.3869e-20)
(1.63016 0.0484892 0)
(1.63675 0.0361931 3.3291e-21)
(1.64357 0.0252532 -2.73002e-22)
(1.6448 0.0113906 5.55823e-22)
(1.64758 0.000141277 -1.07608e-21)
(1.64435 -0.0151909 -1.19438e-21)
(1.64363 -0.0267062 1.2323e-21)
(1.63673 -0.0432967 0)
(1.63424 -0.0549404 0)
(1.62437 -0.0730453 0)
(1.63365 0.0418942 0)
(1.63983 0.0310338 -3.4149e-21)
(1.64537 0.0212026 -1.9519e-22)
(1.64678 0.00901533 1.48945e-21)
(1.64845 -0.00126251 1.373e-21)
(1.64562 -0.0146752 8.65321e-23)
(1.64419 -0.0252951 -1.39945e-21)
(1.63746 -0.0398957 8.23552e-23)
(1.63454 -0.0505905 0)
(1.62456 -0.066706 -3.14713e-21)
(1.63731 0.0360046 1.42443e-22)
(1.64299 0.0264808 1.99574e-21)
(1.64762 0.0176656 2.85713e-21)
(1.64894 0.00700075 -6.0631e-23)
(1.64997 -0.00231119 2.22184e-22)
(1.64721 -0.0140655 -1.85887e-21)
(1.64543 -0.0237265 6.46669e-22)
(1.63882 -0.0366347 2.15642e-23)
(1.63555 -0.0463475 0)
(1.62573 -0.060694 5.26589e-21)
(1.64099 0.0307565 0)
(1.64615 0.0224533 2.26909e-21)
(1.6501 0.0146111 3.45132e-22)
(1.65122 0.00530662 0)
(1.65182 -0.00303277 0)
(1.64907 -0.0133362 1.70669e-21)
(1.64702 -0.0220125 -5.16872e-22)
(1.64062 -0.0334103 2.77371e-23)
(1.63701 -0.0421317 1.29413e-23)
(1.62756 -0.0548627 -2.16819e-21)
(1.64456 0.0260794 0)
(1.64921 0.018888 -4.43536e-21)
(1.65263 0.0119894 -4.08837e-21)
(1.65353 0.00391216 5.27221e-22)
(1.6538 -0.00345934 -3.15818e-22)
(1.65108 -0.0124523 -1.49291e-22)
(1.64878 -0.0201433 2.27598e-22)
(1.64266 -0.0301481 1.00221e-21)
(1.63873 -0.0378908 5.20513e-24)
(1.62974 -0.0491207 1.51011e-23)
(1.64792 0.0219021 0)
(1.65212 0.0157313 2.43278e-21)
(1.65509 0.00974747 -2.29124e-22)
(1.65581 0.002799 2.27227e-22)
(1.65579 -0.00362127 0)
(1.65314 -0.0113986 0)
(1.65061 -0.0181207 0)
(1.6448 -0.0268176 -1.09721e-21)
(1.64056 -0.0336041 8.68247e-22)
(1.63205 -0.0434142 0)
(1.65098 0.0181812 0)
(1.6548 0.0129454 1.63775e-21)
(1.6574 0.00784093 1.92256e-21)
(1.65797 0.00194575 2.19814e-21)
(1.65771 -0.00354878 -3.87945e-22)
(1.65513 -0.0101798 1.97477e-21)
(1.6524 -0.0159562 -1.40171e-21)
(1.64689 -0.0234085 0)
(1.64237 -0.0292601 5.56321e-22)
(1.63435 -0.0377056 -6.77622e-22)
(1.65368 0.014783 -4.07443e-22)
(1.65718 0.0104559 -1.34355e-21)
(1.65947 0.00621145 -2.49052e-21)
(1.65994 0.001317 -1.55284e-21)
(1.65947 -0.00327656 0)
(1.65698 -0.0088121 -2.45562e-21)
(1.65408 -0.0136648 2.05846e-21)
(1.64885 -0.019918 -1.83731e-22)
(1.64408 -0.0248522 -4.70544e-22)
(1.6365 -0.0319707 1.19521e-21)
(1.65602 0.0116601 4.09537e-22)
(1.65926 0.00821954 -1.10428e-21)
(1.66129 0.00481383 8.82595e-22)
(1.66167 0.000879109 -2.00072e-21)
(1.66103 -0.00283635 0)
(1.65861 -0.00731466 0)
(1.65557 -0.0112626 2.12605e-22)
(1.65059 -0.0163494 -1.87381e-21)
(1.64561 -0.0203811 -7.57228e-22)
(1.63841 -0.0261969 -5.42511e-22)
(1.65795 0.00882134 0)
(1.66097 0.00620996 1.77454e-21)
(1.66279 0.0036095 -5.86135e-22)
(1.66311 0.000597721 1.81828e-21)
(1.66233 -0.0022619 4.60021e-22)
(1.65999 -0.00571381 -3.00762e-22)
(1.65683 -0.00877392 5.26229e-22)
(1.65205 -0.0127185 1.27891e-21)
(1.6469 -0.0158601 0)
(1.64001 -0.020387 0)
(1.65943 0.00618454 0)
(1.66229 0.00437258 7.46696e-22)
(1.66395 0.00255684 -1.2473e-21)
(1.66422 0.000441487 0)
(1.66334 -0.00158102 -8.75837e-22)
(1.66105 -0.00403265 -3.1603e-22)
(1.65782 -0.00622106 -8.16384e-22)
(1.65318 -0.00904511 -1.88051e-22)
(1.6479 -0.011309 1.13476e-22)
(1.64124 -0.0145605 6.67536e-23)
(1.66043 0.00371088 0)
(1.66317 0.00268099 -7.50287e-22)
(1.66472 0.0016462 -6.19241e-22)
(1.66496 0.000419709 7.88005e-22)
(1.66402 -0.000768079 3.91302e-22)
(1.66177 -0.00223016 3.62416e-22)
(1.65848 -0.00355187 1.3794e-21)
(1.65394 -0.00526984 -8.96981e-22)
(1.64857 -0.0066661 1.9129e-22)
(1.64204 -0.0086607 0)
(1.66092 0.00116764 0)
(1.6636 0.000935398 3.56857e-22)
(1.6651 0.000691177 -3.301e-22)
(1.66532 0.000362192 2.97728e-22)
(1.66435 2.1846e-05 0)
(1.66211 -0.000436498 -3.64239e-22)
(1.65879 -0.000873078 2.64027e-22)
(1.65429 -0.00146589 1.94176e-22)
(1.64885 -0.0019728 0)
(1.64237 -0.00269488 0)
(1.15406 0.312975 0)
(1.12863 0.344173 -4.31779e-20)
(1.11055 0.383483 0)
(1.09662 0.432202 -1.41255e-19)
(1.08416 0.490225 5.60231e-20)
(1.07186 0.55958 2.68512e-21)
(1.0573 0.641047 3.83862e-20)
(1.0213 0.722351 -9.88025e-21)
(0.891189 0.736982 0)
(0.512701 0.459506 2.75334e-20)
(1.21425 0.313736 7.7639e-20)
(1.19337 0.351401 4.31762e-20)
(1.18237 0.389688 -3.8301e-20)
(1.17469 0.437144 4.76708e-20)
(1.16848 0.494574 -3.47402e-20)
(1.16375 0.563108 9.53118e-21)
(1.15773 0.642815 -4.17698e-20)
(1.12784 0.719589 -7.50632e-20)
(0.990833 0.725678 -1.96627e-20)
(0.566796 0.44108 -3.87472e-20)
(1.27414 0.30902 -3.19811e-20)
(1.25991 0.347871 3.24176e-20)
(1.25431 0.385419 3.82993e-20)
(1.25139 0.432158 3.81796e-20)
(1.25086 0.488822 3.75114e-20)
(1.2534 0.55576 3.58462e-20)
(1.25506 0.632182 1.10697e-20)
(1.22923 0.701813 2.64432e-20)
(1.08196 0.697437 2.46649e-21)
(0.610811 0.410339 -2.63296e-21)
(1.33542 0.300727 6.41618e-20)
(1.32653 0.33863 -3.2416e-20)
(1.32474 0.374578 0)
(1.32566 0.419588 0)
(1.33029 0.474214 0)
(1.3394 0.538233 1.82216e-20)
(1.3473 0.609692 -8.71746e-21)
(1.32252 0.6697 0)
(1.16092 0.653568 -5.16433e-21)
(0.641272 0.368986 1.33435e-20)
(1.39443 0.288341 -9.04739e-21)
(1.39002 0.324113 3.86651e-20)
(1.3915 0.358031 0)
(1.39604 0.40052 0)
(1.40542 0.451872 6.63191e-21)
(1.42015 0.511609 4.04703e-21)
(1.43224 0.576788 1.04497e-20)
(1.40508 0.624461 -5.36348e-21)
(1.22238 0.595252 -2.50925e-20)
(0.656138 0.32013 -5.56717e-21)
(1.44873 0.271643 2.80334e-20)
(1.44842 0.304367 1.03963e-20)
(1.453 0.335987 0)
(1.46106 0.375455 0)
(1.47478 0.422601 -1.30569e-20)
(1.49401 0.476687 2.79678e-21)
(1.50813 0.533515 5.19765e-21)
(1.4735 0.568988 -9.5645e-24)
(1.26283 0.52611 3.11712e-20)
(0.654835 0.265292 2.08657e-20)
(1.49785 0.251012 -1.29384e-20)
(1.5011 0.279854 1.3613e-20)
(1.50843 0.308904 8.18533e-21)
(1.51965 0.344904 -8.65957e-21)
(1.53699 0.387154 4.76095e-22)
(1.55918 0.434496 -5.07076e-22)
(1.57178 0.481712 9.58533e-21)
(1.52325 0.50449 -1.0295e-20)
(1.28108 0.449054 0)
(0.636353 0.207702 0)
(1.54118 0.226722 -8.17481e-21)
(1.54753 0.251568 8.6013e-21)
(1.55716 0.277855 0)
(1.57103 0.310026 0)
(1.59106 0.346708 0)
(1.61398 0.386549 -4.26514e-21)
(1.62066 0.423298 2.19914e-20)
(1.55218 0.432861 -2.40809e-20)
(1.27469 0.366603 0)
(0.600265 0.150866 -1.6537e-20)
(1.57938 0.19987 -1.8822e-21)
(1.58764 0.219824 1.91723e-21)
(1.59889 0.243598 3.42274e-22)
(1.61486 0.27163 0)
(1.63626 0.302496 3.36546e-21)
(1.65703 0.334459 -9.79493e-21)
(1.65279 0.36012 0)
(1.55791 0.35639 4.03622e-21)
(1.24126 0.281916 -1.50597e-20)
(0.547584 0.0981144 2.46915e-20)
(1.61184 0.170334 0)
(1.62106 0.187167 6.32134e-23)
(1.63361 0.207457 -3.42247e-22)
(1.65086 0.230864 0)
(1.67178 0.255739 -2.30628e-21)
(1.68688 0.279569 3.30506e-21)
(1.66587 0.293961 1.81995e-21)
(1.53768 0.277737 5.5256e-21)
(1.17946 0.19869 7.42149e-21)
(0.481025 0.0524639 0)
(0.663571 0.019973 -1.81468e-20)
(0.635268 0.0227487 1.92786e-20)
(0.601005 0.0260008 1.03714e-20)
(0.559547 0.0297449 1.13688e-20)
(0.509211 0.0341291 -1.20719e-20)
(0.447602 0.0393543 -1.99919e-20)
(0.371693 0.0455871 7.21487e-21)
(0.275323 0.0523236 -1.59671e-20)
(0.151705 0.0551558 -1.7583e-20)
(0.044083 0.037114 0)
(0.674403 0.0596046 0)
(0.646736 0.0678306 -9.62983e-21)
(0.612812 0.0775211 -1.03368e-20)
(0.571803 0.0886821 0)
(0.52221 0.101741 2.43584e-20)
(0.461654 0.117303 1.32049e-20)
(0.387109 0.135883 0)
(0.292247 0.155963 -1.5246e-20)
(0.168794 0.164306 -5.55143e-23)
(0.055461 0.110555 -1.8458e-20)
(0.695769 0.0982943 7.14436e-20)
(0.669349 0.111664 -7.51842e-20)
(0.636106 0.12759 0)
(0.596005 0.145951 0)
(0.547896 0.167404 0)
(0.489447 0.192955 -7.7893e-20)
(0.41764 0.223472 1.12168e-19)
(0.325684 0.256442 -2.97203e-20)
(0.202591 0.26993 0)
(0.0780039 0.181401 3.71442e-20)
(0.727051 0.135383 6.99489e-20)
(0.702444 0.153408 -7.36107e-20)
(0.670242 0.17523 -7.97425e-20)
(0.631532 0.200418 -1.40508e-21)
(0.58564 0.22979 1.37338e-19)
(0.530316 0.264755 -4.93234e-20)
(0.46256 0.306514 5.45004e-20)
(0.374856 0.351578 -1.17733e-19)
(0.252278 0.369709 6.38947e-20)
(0.111059 0.247781 0)
(0.767376 0.170162 -1.6857e-19)
(0.745086 0.192311 3.51201e-20)
(0.714308 0.219683 0)
(0.677509 0.251251 0)
(0.634575 0.287899 4.58139e-20)
(0.583351 0.331444 -1.40808e-19)
(0.520868 0.383428 1.01536e-19)
(0.438661 0.439423 -1.09196e-19)
(0.316636 0.461435 2.6965e-21)
(0.153638 0.307997 -6.15304e-20)
(0.815762 0.201736 2.27773e-19)
(0.796238 0.227196 -1.72643e-19)
(0.767198 0.259498 0)
(0.732746 0.296814 0)
(0.69344 0.34003 4.29679e-20)
(0.647244 0.391323 4.62482e-20)
(0.591187 0.452456 4.27874e-20)
(0.515613 0.518024 5.36988e-20)
(0.394035 0.542976 2.50445e-21)
(0.204415 0.360422 1.20654e-19)
(0.87095 0.230077 -1.28694e-19)
(0.854654 0.258911 -6.32301e-20)
(0.827708 0.295879 0)
(0.796051 0.338054 0)
(0.76094 0.386505 0)
(0.720497 0.444001 -8.32618e-20)
(0.671791 0.512572 8.08484e-20)
(0.603778 0.585794 0)
(0.482366 0.612377 -4.90978e-20)
(0.261715 0.403561 1.04479e-19)
(0.932764 0.251181 -6.05675e-20)
(0.919331 0.282337 6.32294e-20)
(0.894281 0.32363 6.18767e-20)
(0.865892 0.370589 6.52986e-20)
(0.835759 0.424097 6.87505e-20)
(0.801807 0.487197 7.21565e-20)
(0.761113 0.562001 -9.17035e-21)
(0.701163 0.641009 7.76031e-20)
(0.579264 0.66778 -4.22646e-20)
(0.323654 0.436131 4.51141e-20)
(1.00042 0.275309 -1.11234e-19)
(0.988601 0.308336 5.37624e-20)
(0.964493 0.351646 -6.18754e-20)
(0.939586 0.400169 -6.81062e-20)
(0.915106 0.45575 5.85615e-20)
(0.888432 0.521931 -8.40687e-21)
(0.8565 0.600599 -2.09221e-19)
(0.804995 0.682788 -1.38431e-19)
(0.681832 0.707697 3.96609e-20)
(0.387983 0.456887 -2.63534e-20)
(1.07729 0.2814 0)
(1.06192 0.317173 -5.37613e-20)
(1.03838 0.365366 0)
(1.01775 0.417849 5.12881e-20)
(0.998958 0.47658 -1.78759e-19)
(0.979325 0.54565 -1.21531e-19)
(0.956062 0.626918 1.27084e-19)
(0.912671 0.710044 6.55389e-20)
(0.786966 0.730977 0)
(0.452014 0.464832 6.35077e-20)
(0.811708 0.000741455 0)
(0.811497 0.000764355 -1.12048e-21)
(0.810648 0.000826725 1.11462e-21)
(0.809366 0.000951571 0)
(0.807873 0.00114185 -2.20436e-21)
(0.806152 0.0013953 2.193e-21)
(0.804084 0.00171322 0)
(0.801557 0.00210023 0)
(0.798474 0.00256455 0)
(0.794723 0.0031143 0)
(0.790196 0.00376895 1.07428e-21)
(0.784791 0.00453904 0)
(0.778366 0.00543807 0)
(0.770749 0.00648581 8.58631e-21)
(0.761753 0.00770556 -8.54398e-21)
(0.751156 0.00912897 0)
(0.73872 0.0107809 9.71161e-21)
(0.724115 0.0127321 -1.72739e-20)
(0.707072 0.014926 8.63557e-21)
(0.686955 0.0178267 8.79626e-21)
(0.817866 0.00212336 2.37178e-21)
(0.817631 0.00220645 4.44468e-21)
(0.816818 0.00242572 -4.42326e-21)
(0.81561 0.00282411 2.19825e-21)
(0.814191 0.00340607 2.18685e-21)
(0.812535 0.00417053 8.71e-21)
(0.810532 0.00512639 -6.50313e-21)
(0.808075 0.00628942 -1.72734e-20)
(0.805072 0.0076828 3.65519e-20)
(0.801423 0.00933318 -1.71315e-20)
(0.797023 0.0112903 -1.60542e-20)
(0.791757 0.0135902 3.62579e-20)
(0.785492 0.0162754 -3.19582e-20)
(0.778066 0.0194051 1.69948e-20)
(0.769303 0.0230478 2.12403e-21)
(0.758986 0.0272993 3.63664e-20)
(0.74689 0.0322318 -3.51557e-20)
(0.732701 0.038065 0)
(0.716153 0.0446119 2.14688e-21)
(0.696868 0.0533 0)
(0.829754 0.00339334 -7.03448e-21)
(0.829566 0.00355305 2.1013e-24)
(0.828868 0.00395656 8.75344e-21)
(0.827799 0.00464634 -4.3625e-21)
(0.826512 0.00562563 -1.08469e-20)
(0.824983 0.00690003 -2.15698e-21)
(0.823111 0.00849088 -2.15188e-21)
(0.820798 0.0104291 -2.13886e-21)
(0.817958 0.0127499 2.99041e-20)
(0.814508 0.0154984 4.35359e-23)
(0.810348 0.018741 -3.81895e-20)
(0.805357 0.0225442 -2.12292e-21)
(0.799411 0.0269839 -4.23142e-21)
(0.792369 0.0321596 0)
(0.784072 0.0381815 -3.81878e-20)
(0.774319 0.0452121 2.95891e-20)
(0.762912 0.0533604 0)
(0.749569 0.0630197 -2.11872e-21)
(0.734042 0.0738093 -2.15065e-21)
(0.716399 0.0882416 -2.13461e-21)
(0.847002 0.00461535 2.30709e-21)
(0.846877 0.0048543 6.5008e-21)
(0.84633 0.00543327 0)
(0.845436 0.00640286 -1.93264e-20)
(0.844319 0.00776843 1.71314e-20)
(0.842963 0.00954088 1.91886e-20)
(0.841281 0.0117524 -1.27611e-20)
(0.839179 0.0144498 2.12109e-21)
(0.836578 0.0176903 -2.74698e-20)
(0.833409 0.0215337 -2.36229e-23)
(0.829585 0.0260415 3.15403e-20)
(0.824991 0.0313092 -3.36238e-20)
(0.819524 0.0374501 -3.15775e-20)
(0.813058 0.0446092 7.11846e-20)
(0.805464 0.0529342 2.10596e-21)
(0.796564 0.0626624 6.28347e-21)
(0.786209 0.0739162 -6.75209e-20)
(0.774153 0.0873092 1.71607e-21)
(0.760214 0.102142 -4.5148e-22)
(0.744961 0.122245 6.98921e-20)
(0.868978 0.00574032 4.51056e-21)
(0.868916 0.00606161 -1.69937e-20)
(0.868529 0.006811 8.47668e-21)
(0.867828 0.00805018 4.22402e-21)
(0.866903 0.00978968 0)
(0.865748 0.0120445 0)
(0.864294 0.0148549 -4.19099e-21)
(0.862466 0.0182781 0)
(0.860191 0.0224078 -4.17423e-21)
(0.857376 0.027303 0)
(0.853951 0.0330413 4.16369e-21)
(0.849852 0.0397366 -6.63732e-20)
(0.845005 0.0475214 -7.85937e-23)
(0.839303 0.0565857 -4.27285e-21)
(0.832656 0.0671053 6.62482e-20)
(0.824904 0.0794117 -4.17373e-21)
(0.815991 0.0935966 4.11436e-21)
(0.805674 0.110574 -6.66917e-20)
(0.793944 0.129125 7.07022e-20)
(0.781741 0.154775 1.33654e-19)
(0.894901 0.00672508 4.39287e-21)
(0.894889 0.00713501 -4.15298e-21)
(0.894653 0.00805426 -4.13398e-21)
(0.894143 0.00955344 -4.12334e-21)
(0.893414 0.0116511 -3.29271e-20)
(0.89247 0.014371 6.16947e-20)
(0.891262 0.017753 -3.69654e-20)
(0.889756 0.0219026 0)
(0.887856 0.0268469 -4.07763e-21)
(0.885458 0.0326827 -4.07056e-21)
(0.882537 0.0395363 -4.06426e-21)
(0.879045 0.0475619 6.12374e-20)
(0.874949 0.0569038 -1.34641e-19)
(0.870175 0.0677883 6.52908e-20)
(0.864705 0.080381 0)
(0.858383 0.0951374 -4.04076e-21)
(0.851308 0.112039 -1.3886e-19)
(0.84317 0.132434 1.30712e-19)
(0.834318 0.154252 -4.13782e-21)
(0.82576 0.185223 0)
(0.92393 0.00753471 4.26652e-21)
(0.923948 0.00803667 -1.20732e-20)
(0.923836 0.00912362 4.08318e-21)
(0.923496 0.0108748 2.41669e-20)
(0.922957 0.0133167 4.01219e-21)
(0.922221 0.0164853 -2.40575e-20)
(0.921314 0.0204549 4.11537e-21)
(0.920126 0.025236 3.21356e-20)
(0.918538 0.0308936 8.01639e-21)
(0.916585 0.0375724 6.80804e-20)
(0.914269 0.0454121 -5.61803e-20)
(0.911533 0.0546042 -5.6028e-20)
(0.908376 0.0653009 6.82054e-20)
(0.904724 0.0778004 3.97003e-21)
(0.900683 0.0922075 3.96349e-21)
(0.896076 0.109162 7.99852e-21)
(0.891259 0.128369 7.98989e-21)
(0.885706 0.151896 -3.92506e-21)
(0.880317 0.176412 0)
(0.875791 0.21274 1.25734e-19)
(0.95525 0.00813454 -1.23584e-20)
(0.955276 0.00872543 1.6476e-23)
(0.955257 0.00996283 -3.90327e-21)
(0.955067 0.0119627 -3.5123e-20)
(0.954703 0.0147635 2.35252e-20)
(0.954229 0.0183522 -3.92155e-21)
(0.953543 0.0227549 0)
(0.952543 0.028035 0)
(0.95132 0.0343354 -7.8324e-21)
(0.949882 0.0418051 -3.89717e-21)
(0.948232 0.0505617 -3.94392e-21)
(0.946316 0.060823 -3.94886e-21)
(0.944217 0.0727047 0)
(0.941842 0.0866173 -7.83884e-21)
(0.939477 0.102523 -3.96035e-21)
(0.936827 0.121389 -7.81799e-21)
(0.934716 0.14232 -3.95851e-21)
(0.932227 0.168519 -1.19668e-19)
(0.931335 0.194368 1.2418e-19)
(0.931912 0.23549 0)
(0.98818 0.00856474 0)
(0.988197 0.00930489 3.77753e-21)
(0.98826 0.0107676 1.89766e-21)
(0.988241 0.0129542 0)
(0.988035 0.0159395 3.40634e-20)
(0.987611 0.0197962 -3.04688e-20)
(0.987028 0.024536 6.26282e-20)
(0.986347 0.0303123 -6.11529e-20)
(0.985584 0.0372365 5.73507e-21)
(0.98471 0.0454538 1.94632e-21)
(0.983786 0.0550582 0)
(0.982764 0.0663221 0)
(0.981854 0.0792892 0)
(0.980889 0.0945488 1.2592e-19)
(0.980459 0.111797 -2.44698e-19)
(0.979956 0.132633 5.2366e-21)
(0.98098 0.155208 1.2217e-19)
(0.98173 0.184906 0)
(0.98601 0.212459 0)
(0.99276 0.260179 1.15946e-19)
(1.02264 0.00875475 0)
(1.02263 0.0094815 -1.44975e-20)
(1.02257 0.0109164 -1.26223e-20)
(1.0224 0.013084 2.93523e-20)
(1.02218 0.0160777 2.9256e-20)
(1.02191 0.0200204 -8.82188e-20)
(1.02161 0.0250266 5.73934e-20)
(1.0213 0.0311795 0)
(1.02103 0.0385422 -1.86578e-21)
(1.0208 0.047275 -5.7389e-20)
(1.02075 0.0574396 1.19185e-19)
(1.02081 0.0693551 -5.99295e-20)
(1.02141 0.0829335 0)
(1.0222 0.0989174 -1.18424e-19)
(1.02441 0.116566 2.3752e-19)
(1.02676 0.138016 -1.191e-19)
(1.03263 0.160029 0)
(1.0381 0.190002 -1.13557e-19)
(1.05092 0.214957 1.14742e-19)
(1.06603 0.26617 -1.76413e-21)
(1.05612 0.00893586 0)
(1.05608 0.0097377 0)
(1.05602 0.0113161 0)
(1.05597 0.0137847 0)
(1.05593 0.0172145 0)
(1.05591 0.0216687 0)
(1.05593 0.027209 0)
(1.056 0.0339345 0)
(1.05624 0.0419094 0)
(1.05662 0.0513231 0)
(1.05742 0.0622003 0)
(1.05843 0.0749535 0)
(1.06044 0.0893342 0)
(1.0626 0.106455 0)
(1.06723 0.124864 0)
(1.07125 0.148274 0)
(1.0818 0.170114 0)
(1.08854 0.204949 0)
(1.11457 0.223464 0)
(1.12507 0.288363 0)
(1.09054 0.00898841 0)
(1.09051 0.00976328 0)
(1.09053 0.011331 0)
(1.09063 0.013778 0)
(1.09081 0.0171582 0)
(1.09105 0.0215198 0)
(1.0914 0.026904 0)
(1.09188 0.0334076 0)
(1.09264 0.0410702 0)
(1.09362 0.0500813 0)
(1.0952 0.0603869 0)
(1.09707 0.0724412 0)
(1.10024 0.085769 0)
(1.10356 0.101714 0)
(1.10991 0.118145 0)
(1.11534 0.139585 0)
(1.1283 0.157731 0)
(1.13621 0.188214 0)
(1.16303 0.201401 0)
(1.17089 0.24659 0)
(1.12627 0.00894756 0)
(1.12624 0.00968467 0)
(1.12631 0.0111905 0)
(1.12652 0.0135509 0)
(1.12687 0.0168135 0)
(1.12732 0.0210196 0)
(1.12794 0.0261941 0)
(1.12875 0.0324223 0)
(1.12993 0.0397149 0)
(1.1314 0.0482508 0)
(1.13358 0.0579118 0)
(1.13613 0.0691535 0)
(1.14012 0.0813638 0)
(1.14428 0.0959089 0)
(1.15159 0.110447 0)
(1.15794 0.129318 0)
(1.17145 0.144585 0)
(1.1799 0.169566 0)
(1.20484 0.180508 0)
(1.21287 0.213992 0)
(1.16258 0.00880995 0)
(1.16253 0.00951352 0)
(1.16264 0.0109482 0)
(1.16297 0.0132075 0)
(1.16347 0.0163389 0)
(1.1641 0.0203761 0)
(1.16495 0.0253275 0)
(1.16604 0.0312652 0)
(1.16756 0.0381747 0)
(1.16943 0.0462217 0)
(1.17208 0.0552459 0)
(1.17514 0.0656802 0)
(1.1797 0.0768605 0)
(1.18445 0.0900615 0)
(1.19226 0.103023 0)
(1.19912 0.119565 0)
(1.21255 0.132804 0)
(1.22114 0.153644 0)
(1.24446 0.163399 0)
(1.25221 0.190323 0)
(1.19888 0.00858042 0)
(1.19881 0.00925115 0)
(1.19896 0.0106095 0)
(1.19939 0.0127532 0)
(1.20003 0.0157292 0)
(1.20082 0.0195646 0)
(1.20186 0.0242531 0)
(1.20318 0.0298539 0)
(1.20497 0.0363332 0)
(1.20715 0.0438405 0)
(1.21015 0.0521909 0)
(1.21358 0.0617801 0)
(1.21851 0.0719434 0)
(1.22363 0.0838236 0)
(1.23167 0.0953519 0)
(1.23874 0.109821 0)
(1.25189 0.121364 0)
(1.26035 0.139017 0)
(1.2822 0.1475 0)
(1.28934 0.169807 0)
(1.23468 0.00826747 0)
(1.23457 0.00890355 0)
(1.23473 0.0101799 0)
(1.23525 0.0121936 0)
(1.23601 0.014991 0)
(1.23694 0.0185942 0)
(1.23814 0.0229852 0)
(1.23963 0.0282117 0)
(1.24163 0.0342251 0)
(1.24404 0.041157 0)
(1.24728 0.048811 0)
(1.25096 0.0575397 0)
(1.25611 0.0667063 0)
(1.26143 0.0773168 0)
(1.2695 0.087518 0)
(1.2766 0.100139 0)
(1.28931 0.110159 0)
(1.2975 0.125172 0)
(1.31784 0.13238 0)
(1.32445 0.151004 0)
(1.26952 0.00788239 0)
(1.26937 0.00848097 0)
(1.26954 0.00966997 0)
(1.27012 0.0115431 0)
(1.27099 0.0141458 0)
(1.27203 0.0174962 0)
(1.27334 0.0215681 0)
(1.27497 0.0263983 0)
(1.27711 0.0319282 0)
(1.27968 0.0382713 0)
(1.28307 0.0452295 0)
(1.28691 0.0531119 0)
(1.29214 0.0613246 0)
(1.29753 0.0707452 0)
(1.3055 0.0797305 0)
(1.3125 0.0907108 0)
(1.32461 0.0993742 0)
(1.3325 0.112153 0)
(1.35129 0.118253 0)
(1.35757 0.13386 0)
(1.30301 0.00743585 0)
(1.30283 0.00799433 0)
(1.30298 0.00909245 0)
(1.30362 0.0108186 0)
(1.30457 0.0132168 0)
(1.30569 0.0163021 0)
(1.3071 0.0200429 0)
(1.30881 0.024466 0)
(1.31105 0.0295074 0)
(1.31371 0.035263 0)
(1.31719 0.0415402 0)
(1.32109 0.0486071 0)
(1.32632 0.05592 0)
(1.33169 0.0642397 0)
(1.33943 0.0721195 0)
(1.34626 0.0816458 0)
(1.3577 0.0891179 0)
(1.36528 0.0999981 0)
(1.38253 0.105174 0)
(1.38864 0.118261 0)
(1.33484 0.00693763 0)
(1.3346 0.0074542 0)
(1.33473 0.00845983 0)
(1.33541 0.0100361 0)
(1.33642 0.012225 0)
(1.33761 0.0150391 0)
(1.33907 0.0184436 0)
(1.34085 0.0224572 0)
(1.34314 0.0270135 0)
(1.34585 0.0321927 0)
(1.34935 0.0378125 0)
(1.35325 0.044103 0)
(1.3584 0.0505742 0)
(1.36369 0.0578811 0)
(1.37113 0.0647609 0)
(1.37775 0.072997 0)
(1.38847 0.0794291 0)
(1.39576 0.0886791 0)
(1.41151 0.0930777 0)
(1.41755 0.104028 0)
(1.3647 0.00639753 0)
(1.36441 0.006871 0)
(1.36451 0.00778409 0)
(1.36521 0.00921031 0)
(1.36627 0.0111887 0)
(1.36751 0.01373 0)
(1.36901 0.0167986 0)
(1.37082 0.0204063 0)
(1.37312 0.0244874 0)
(1.37585 0.0291078 0)
(1.37931 0.034099 0)
(1.38318 0.0396562 0)
(1.3882 0.0453447 0)
(1.39336 0.051723 0)
(1.40046 0.0577003 0)
(1.40686 0.0647892 0)
(1.41684 0.0703112 0)
(1.42388 0.0781488 0)
(1.43816 0.0818877 0)
(1.44422 0.0910142 0)
(1.39237 0.00582516 0)
(1.39203 0.0062548 0)
(1.39209 0.00707638 0)
(1.39281 0.00835421 0)
(1.3939 0.0101237 0)
(1.39517 0.0123942 0)
(1.39669 0.0151309 0)
(1.3985 0.0183408 0)
(1.4008 0.0219608 0)
(1.40351 0.026044 0)
(1.40691 0.0304382 0)
(1.41071 0.0353068 0)
(1.41556 0.0402698 0)
(1.42058 0.0457981 0)
(1.4273 0.0509608 0)
(1.43348 0.0570269 0)
(1.44273 0.0617486 0)
(1.44954 0.0683562 0)
(1.46245 0.0715295 0)
(1.46856 0.0790963 0)
(1.41765 0.00522892 0)
(1.41727 0.00561464 0)
(1.41729 0.00634682 0)
(1.418 0.00747924 0)
(1.41911 0.00904304 0)
(1.42041 0.0110467 0)
(1.42192 0.0134586 0)
(1.42373 0.0162817 0)
(1.426 0.0194572 0)
(1.42867 0.0230271 0)
(1.432 0.0268565 0)
(1.43571 0.0310801 0)
(1.44037 0.0353715 0)
(1.44523 0.0401218 0)
(1.45158 0.0445472 0)
(1.45754 0.0496993 0)
(1.46609 0.0537126 0)
(1.4727 0.0592459 0)
(1.48434 0.0619292 0)
(1.49052 0.0681611 0)
(1.44039 0.00461508 0)
(1.43997 0.00495812 0)
(1.43995 0.0056044 0)
(1.44065 0.00659508 0)
(1.44178 0.007957 0)
(1.44307 0.00969939 0)
(1.44458 0.011795 0)
(1.44638 0.0142437 0)
(1.4486 0.0169925 0)
(1.45123 0.0200733 0)
(1.45446 0.0233692 0)
(1.45808 0.0269896 0)
(1.46254 0.0306584 0)
(1.46725 0.0346957 0)
(1.47323 0.0384512 0)
(1.47898 0.0427839 0)
(1.48688 0.0461657 0)
(1.49331 0.0507575 0)
(1.50379 0.0530108 0)
(1.51006 0.0580982 0)
(1.46049 0.00398999 0)
(1.46003 0.00429308 0)
(1.45996 0.00485764 0)
(1.46065 0.0057097 0)
(1.46177 0.00687308 0)
(1.46307 0.00835993 0)
(1.46457 0.0101484 0)
(1.46633 0.0122363 0)
(1.46852 0.014576 0)
(1.47109 0.0171913 0)
(1.47422 0.0199832 0)
(1.47774 0.0230386 0)
(1.48201 0.0261288 0)
(1.48657 0.0295108 0)
(1.49221 0.0326542 0)
(1.49777 0.0362491 0)
(1.50507 0.039063 0)
(1.51135 0.042826 0)
(1.52081 0.0446968 0)
(1.52716 0.0487998 0)
(1.47784 0.00336742 0)
(1.47736 0.00363326 0)
(1.47725 0.00411754 0)
(1.47791 0.00483066 0)
(1.47902 0.00579688 0)
(1.48032 0.00703353 0)
(1.4818 0.00852422 0)
(1.48354 0.0102641 0)
(1.48567 0.0122115 0)
(1.48819 0.0143832 0)
(1.49122 0.0166978 0)
(1.49465 0.0192227 0)
(1.49874 0.0217726 0)
(1.50316 0.0245494 0)
(1.5085 0.0271296 0)
(1.51389 0.0300563 0)
(1.52067 0.0323544 0)
(1.52681 0.0353832 0)
(1.53537 0.0369085 0)
(1.54181 0.0401608 0)
(1.4924 0.0027735 0)
(1.4919 0.0030013 0)
(1.49174 0.00339837 0)
(1.49237 0.00396582 0)
(1.49346 0.00473394 0)
(1.49475 0.0057253 0)
(1.49622 0.00692656 0)
(1.49793 0.00832971 0)
(1.50002 0.00989914 0)
(1.50248 0.0116465 0)
(1.50543 0.0135071 0)
(1.50877 0.0155312 0)
(1.51271 0.0175734 0)
(1.51701 0.0197876 0)
(1.52207 0.021845 0)
(1.52732 0.0241614 0)
(1.53365 0.0259859 0)
(1.53969 0.0283582 0)
(1.54749 0.0295667 0)
(1.554 0.0320779 0)
(1.50412 0.00223634 0)
(1.5036 0.00241229 0)
(1.50338 0.00269918 0)
(1.50397 0.00310671 0)
(1.50506 0.00367702 0)
(1.50635 0.00443157 0)
(1.5078 0.00535324 0)
(1.5095 0.00643016 0)
(1.51154 0.0076342 0)
(1.51396 0.00897381 0)
(1.51683 0.0103999 0)
(1.5201 0.0119483 0)
(1.52391 0.0135096 0)
(1.5281 0.0151961 0)
(1.53295 0.0167635 0)
(1.53807 0.0185169 0)
(1.54404 0.0199014 0)
(1.54999 0.0216796 0)
(1.55719 0.0225927 0)
(1.56374 0.0244486 0)
(1.51293 0.00177361 0)
(1.51238 0.00186283 0)
(1.51212 0.00198398 0)
(1.51269 0.00220499 0)
(1.5138 0.00258504 0)
(1.5151 0.0031219 0)
(1.51655 0.00378121 0)
(1.51823 0.00454687 0)
(1.52024 0.00540029 0)
(1.52263 0.00634877 0)
(1.52543 0.00735813 0)
(1.52865 0.00845219 0)
(1.53235 0.0095545 0)
(1.53646 0.0107415 0)
(1.54113 0.0118447 0)
(1.54616 0.0130722 0)
(1.55185 0.014043 0)
(1.55772 0.0152766 0)
(1.56445 0.015911 0)
(1.57104 0.017175 0)
(1.51882 0.00176952 0)
(1.51827 0.00170224 0)
(1.518 0.0014775 0)
(1.51862 0.00139668 0)
(1.51979 0.00154277 0)
(1.52111 0.0018471 0)
(1.52254 0.00223934 0)
(1.52419 0.00269575 0)
(1.52615 0.00320483 0)
(1.5285 0.00377143 0)
(1.53125 0.00437483 0)
(1.53441 0.00502826 0)
(1.53803 0.00568599 0)
(1.54207 0.00639278 0)
(1.54662 0.00704895 0)
(1.55158 0.00777704 0)
(1.55707 0.00835219 0)
(1.56288 0.0090791 0)
(1.5693 0.0094487 0)
(1.57589 0.0101751 0)
(1.52295 0.000988372 0)
(1.52181 0.000904005 0)
(1.52121 0.000670075 0)
(1.52185 0.00052983 0)
(1.52306 0.000531826 0)
(1.52436 0.000618779 0)
(1.52573 0.00074405 0)
(1.52731 0.000893031 0)
(1.52923 0.00106084 0)
(1.53153 0.00124875 0)
(1.53423 0.00144941 0)
(1.53735 0.00166691 0)
(1.54091 0.0018857 0)
(1.54492 0.00212082 0)
(1.5494 0.0023385 0)
(1.55431 0.00258067 0)
(1.5597 0.00277 0)
(1.56548 0.00301296 0)
(1.57172 0.00312851 0)
(1.57829 0.00337429 0)
(1.18869 0.271197 -1.3323e-21)
(1.24921 0.258685 -7.81962e-20)
(1.30361 0.25165 0)
(1.35815 0.243985 -5.90197e-20)
(1.41117 0.234123 0)
(1.45973 0.222004 -3.83088e-20)
(1.50347 0.207447 1.56432e-20)
(1.54252 0.190047 -3.99158e-22)
(1.57661 0.170825 0)
(1.60544 0.147656 0)
(1.22259 0.23728 8.72299e-20)
(1.2821 0.230058 0)
(1.3339 0.226604 6.68525e-20)
(1.38178 0.221645 0)
(1.4287 0.212771 -1.38803e-21)
(1.47207 0.200945 2.14317e-20)
(1.51116 0.186743 6.17164e-22)
(1.54577 0.170283 -3.03331e-22)
(1.57604 0.151493 3.02872e-22)
(1.60131 0.130753 6.38636e-22)
(1.25709 0.211643 -8.63101e-20)
(1.31183 0.207116 0)
(1.36179 0.202605 -6.46271e-20)
(1.40541 0.197195 -1.92265e-21)
(1.44739 0.188688 4.8974e-20)
(1.48649 0.17748 -2.00839e-20)
(1.52178 0.164376 1.07312e-21)
(1.55229 0.149517 -4.50469e-22)
(1.57929 0.132657 0)
(1.6011 0.114602 -1.44605e-21)
(1.29168 0.189433 0)
(1.34114 0.185914 7.30308e-20)
(1.3882 0.180925 -1.90253e-21)
(1.4282 0.175394 3.55157e-21)
(1.46552 0.16775 -5.20406e-20)
(1.50042 0.157519 1.41126e-21)
(1.53235 0.145515 -1.66328e-20)
(1.5595 0.131985 0)
(1.58387 0.116983 -5.43195e-21)
(1.60274 0.100705 9.42709e-22)
(1.32519 0.168964 -7.92079e-20)
(1.36954 0.166179 1.04477e-21)
(1.41292 0.161356 -3.99533e-21)
(1.4497 0.155745 3.52263e-21)
(1.48304 0.148733 -1.64752e-21)
(1.51411 0.139468 -1.20513e-21)
(1.54291 0.128597 1.70168e-21)
(1.56718 0.116295 6.38613e-21)
(1.5892 0.102979 5.71773e-21)
(1.60569 0.0882846 0)
(1.35714 0.15021 1.55348e-19)
(1.39683 0.147966 -1.40903e-19)
(1.43622 0.14356 -1.85541e-21)
(1.46989 0.138053 1.85733e-21)
(1.49982 0.131567 0)
(1.52747 0.123234 2.14964e-20)
(1.55331 0.113494 5.16227e-22)
(1.57512 0.10233 -8.24524e-21)
(1.59493 0.0905335 4.21565e-22)
(1.60959 0.0772587 -1.20808e-21)
(1.38731 0.13317 -7.61689e-20)
(1.42275 0.131287 7.15285e-20)
(1.45815 0.127345 -3.89128e-21)
(1.48878 0.122112 1.84381e-21)
(1.5157 0.116099 2.47913e-20)
(1.54035 0.108616 -9.85689e-22)
(1.56345 0.0999449 2.00773e-20)
(1.58313 0.0898802 0)
(1.60086 0.0794169 3.28721e-21)
(1.61412 0.067479 1.21405e-21)
(1.41553 0.117667 0)
(1.44708 0.116035 0)
(1.47869 0.112535 0)
(1.50638 0.107692 2.93457e-20)
(1.53061 0.10215 -5.13341e-20)
(1.55265 0.0954376 2.51017e-22)
(1.57325 0.0877461 -8.68522e-21)
(1.59102 0.0787483 -1.01849e-21)
(1.60686 0.0694527 -6.29909e-21)
(1.61896 0.0587928 0)
(1.4417 0.103525 -3.57309e-20)
(1.46971 0.102094 0)
(1.49779 0.0990041 -1.80926e-21)
(1.52268 0.09461 -2.41895e-20)
(1.54449 0.0895495 2.32443e-20)
(1.56423 0.0835454 -2.21278e-20)
(1.58261 0.0767387 -9.66442e-21)
(1.59866 0.0687614 -4.84405e-22)
(1.61282 0.060506 7.58778e-21)
(1.62387 0.0510583 0)
(1.46576 0.0906017 7.03639e-20)
(1.49054 0.0893489 0)
(1.5154 0.0866349 -1.79762e-21)
(1.53769 0.0827069 -2.41459e-20)
(1.5573 0.0781374 -1.65396e-21)
(1.57503 0.0727918 1.32176e-21)
(1.59145 0.0667859 9.28339e-21)
(1.60593 0.0597679 -9.85242e-21)
(1.61862 0.0524613 -3.34898e-21)
(1.62869 0.0441469 2.13246e-22)
(1.48767 0.078772 -3.36057e-20)
(1.50952 0.0776827 8.83357e-22)
(1.53148 0.0753129 -1.96147e-21)
(1.55139 0.071844 2.91844e-20)
(1.56902 0.0677662 -1.65759e-21)
(1.58496 0.0630396 0)
(1.59968 0.0577658 1.42004e-22)
(1.61274 0.051639 -1.87053e-22)
(1.62416 0.0452139 -3.89903e-21)
(1.63332 0.0379491 0)
(1.50739 0.0679173 -1.01942e-21)
(1.52661 0.0669791 2.9502e-21)
(1.54599 0.0649254 -3.7217e-21)
(1.56375 0.0618964 3.44323e-21)
(1.57962 0.0583026 -1.66119e-21)
(1.59399 0.0541618 -1.35557e-21)
(1.60723 0.0495656 -8.26304e-21)
(1.61904 0.0442638 7.88443e-21)
(1.62935 0.0386664 8.46873e-21)
(1.63769 0.0323724 0)
(1.5249 0.0579237 0)
(1.5418 0.0571248 -3.14832e-20)
(1.55892 0.0553621 0)
(1.57477 0.0527492 1.3746e-20)
(1.58908 0.0496256 0)
(1.60208 0.0460416 0)
(1.61406 0.0420791 6.14866e-22)
(1.62476 0.0375438 -6.20055e-22)
(1.63411 0.0327311 -4.03592e-21)
(1.64171 0.0273364 0)
(1.5402 0.0486813 3.16805e-20)
(1.55508 0.0480095 3.22833e-20)
(1.57024 0.0465158 0)
(1.58444 0.0442941 1.64747e-21)
(1.59739 0.0416243 -1.43985e-20)
(1.60921 0.0385713 -1.38242e-21)
(1.6201 0.0352064 -3.91091e-21)
(1.62987 0.0313878 -5.5561e-22)
(1.63839 0.027314 -1.54788e-21)
(1.64535 0.0228166 0)
(1.55329 0.0400839 -4.84584e-20)
(1.56645 0.039527 -1.54221e-20)
(1.57995 0.0382819 -1.75135e-21)
(1.59275 0.0364279 -1.0272e-20)
(1.60454 0.0341951 2.38197e-20)
(1.61536 0.0316495 0)
(1.62535 0.0288569 5.95809e-21)
(1.63432 0.0257039 -6.38234e-22)
(1.64218 0.0223378 2.11714e-21)
(1.64858 0.0186253 4.70879e-22)
(1.56417 0.0320289 1.59509e-20)
(1.57592 0.0315754 1.71607e-20)
(1.58805 0.0305606 1.08891e-20)
(1.59969 0.0290525 1.78493e-21)
(1.61052 0.0272398 -1.27583e-20)
(1.62053 0.0251825 0)
(1.62978 0.0229402 5.40755e-21)
(1.63808 0.0204143 -3.01774e-21)
(1.64536 0.0177282 5.78232e-22)
(1.65132 0.014715 -4.73309e-22)
(1.57287 0.024415 1.57027e-20)
(1.58348 0.0240558 0)
(1.59454 0.0232574 -1.61949e-20)
(1.60527 0.0220795 1.02401e-20)
(1.61535 0.0206734 -1.67237e-21)
(1.62471 0.0190898 1.40931e-21)
(1.63336 0.0173762 -6.21304e-21)
(1.64115 0.0154557 -1.24652e-21)
(1.64796 0.0134158 5.85732e-22)
(1.65356 0.0111391 0)
(1.57939 0.0171411 -6.85246e-21)
(1.58917 0.0168604 8.38208e-22)
(1.59943 0.0162656 -1.86726e-21)
(1.60948 0.0154136 1.62724e-21)
(1.619 0.0144146 -1.67238e-21)
(1.62789 0.0133024 2.97373e-21)
(1.6361 0.0121085 0)
(1.64349 0.0107765 2.47818e-21)
(1.64996 0.00936716 -1.11639e-21)
(1.65528 0.00778518 2.47383e-22)
(1.58372 0.010117 -7.68992e-21)
(1.59297 0.00986526 1.7966e-21)
(1.60273 0.00942787 -6.1937e-25)
(1.61236 0.00887727 -5.02475e-21)
(1.62152 0.00828183 -1.59741e-21)
(1.63008 0.00764858 -5.8851e-21)
(1.63799 0.00698373 2.09641e-21)
(1.6451 0.00625154 -3.57379e-23)
(1.65131 0.00547832 1.12183e-21)
(1.65644 0.00461562 -2.48679e-22)
(1.58583 0.00331318 0)
(1.59483 0.00308669 0)
(1.60439 0.00277488 -5.2914e-21)
(1.61387 0.00246215 1.77353e-21)
(1.62288 0.00219616 1.6058e-21)
(1.63128 0.00197956 1.49952e-21)
(1.63901 0.00180384 6.56571e-22)
(1.64597 0.00164792 -1.89552e-21)
(1.65204 0.00150318 6.03435e-22)
(1.65704 0.00135459 0)
)
;

boundaryField
{
    bottom
    {
        type            symmetryPlane;
    }
    right
    {
        type            zeroGradient;
    }
    top
    {
        type            symmetryPlane;
    }
    left
    {
        type            zeroGradient;
    }
    cylinder
    {
        type            noSlip;
    }
    defaultFaces
    {
        type            empty;
    }
}


// ************************************************************************* //
