/*--------------------------------*- C++ -*----------------------------------*\
| =========                 |                                                 |
| \\      /  F ield         | OpenFOAM: The Open Source CFD Toolbox           |
|  \\    /   O peration     | Version:  4.1                                   |
|   \\  /    A nd           | Web:      www.OpenFOAM.org                      |
|    \\/     M anipulation  |                                                 |
\*---------------------------------------------------------------------------*/
FoamFile
{
    version     2.0;
    format      ascii;
    class       volVectorField;
    location    "1";
    object      U;
}
// * * * * * * * * * * * * * * * * * * * * * * * * * * * * * * * * * * * * * //

dimensions      [0 1 -1 0 0 0 0];

internalField   nonuniform List<vector> 
2000
(
(0.0676042 -0.0577383 -3.32901e-20)
(0.150704 -0.117327 0)
(0.200595 -0.139866 -5.89803e-20)
(0.22718 -0.142601 -2.8135e-20)
(0.239854 -0.135422 5.19149e-20)
(0.245042 -0.124252 7.27864e-20)
(0.246567 -0.112333 -2.21315e-20)
(0.246455 -0.101186 0)
(0.245365 -0.0918022 2.04201e-20)
(0.244143 -0.0845676 0)
(0.0778153 -0.0570759 1.61742e-20)
(0.170854 -0.115008 -1.65049e-20)
(0.224062 -0.13642 6.03943e-20)
(0.250573 -0.138635 8.55778e-20)
(0.261631 -0.131362 1.24475e-21)
(0.264667 -0.120332 -2.40235e-20)
(0.264015 -0.108609 2.50014e-20)
(0.261945 -0.0976359 2.29569e-20)
(0.259196 -0.0885304 -2.04202e-20)
(0.256584 -0.081508 -3.95589e-20)
(0.0880014 -0.054966 -1.78688e-20)
(0.190618 -0.109734 1.67381e-20)
(0.246827 -0.12946 -3.10262e-20)
(0.273094 -0.131097 1.38647e-21)
(0.282507 -0.12392 -2.75273e-20)
(0.283481 -0.113325 -2.59184e-20)
(0.28082 -0.102152 -2.43945e-20)
(0.276989 -0.0917361 -2.29571e-20)
(0.272827 -0.0831527 -2.28615e-20)
(0.269009 -0.0764358 2.16121e-20)
(0.0979356 -0.0514104 -1.37127e-22)
(0.209531 -0.101588 1.75155e-20)
(0.268341 -0.119148 0)
(0.294186 -0.120202 -2.99783e-20)
(0.301947 -0.113335 2.94427e-20)
(0.300952 -0.103475 0)
(0.296411 -0.0931717 0)
(0.290932 -0.0836156 0)
(0.285434 -0.0757858 2.28617e-20)
(0.280544 -0.0695462 -4.32577e-20)
(0.107385 -0.046445 -3.95664e-20)
(0.227136 -0.090723 -5.94092e-22)
(0.288076 -0.105725 -1.78456e-20)
(0.313328 -0.106237 -1.5245e-20)
(0.319463 -0.0999135 -1.59613e-20)
(0.31663 -0.0910811 -1.51049e-20)
(0.310378 -0.0819385 0)
(0.303417 -0.0735039 -1.35358e-20)
(0.296722 -0.0666231 6.25651e-20)
(0.290851 -0.0610214 -8.23954e-20)
(0.116118 -0.0401415 6.10033e-20)
(0.242993 -0.0773617 -3.27924e-22)
(0.305545 -0.0895097 3.62698e-20)
(0.330049 -0.0895654 -3.40212e-20)
(0.334621 -0.0840201 4.88351e-20)
(0.330124 -0.0764864 -1.5759e-20)
(0.322371 -0.068764 0)
(0.314133 -0.0616782 1.35359e-20)
(0.306426 -0.0559205 -1.28192e-20)
(0.299713 -0.0511281 -5.09421e-20)
(0.123907 -0.0326082 0)
(0.256698 -0.0617939 0)
(0.320312 -0.0708935 1.93733e-20)
(0.343938 -0.0706095 -1.8037e-20)
(0.347055 -0.0660717 1.73102e-20)
(0.341108 -0.0600791 -1.62519e-20)
(0.332099 -0.053998 -3.10325e-20)
(0.322822 -0.0484492 2.93323e-20)
(0.314308 -0.043957 2.79178e-20)
(0.306913 -0.0401279 -1.36372e-20)
(0.130538 -0.0239906 -1.16258e-20)
(0.267889 -0.0443724 0)
(0.332005 -0.0503286 1.00091e-20)
(0.354658 -0.0498468 -3.82342e-20)
(0.356472 -0.0465293 2.73156e-20)
(0.349329 -0.0422838 0)
(0.339337 -0.0380215 0)
(0.329281 -0.0341557 0)
(0.32018 -0.0310357 2.95357e-20)
(0.312283 -0.0282979 -2.80717e-20)
(0.135819 -0.0144693 5.62976e-21)
(0.276263 -0.0255052 -1.78734e-22)
(0.340333 -0.0283196 1.03709e-20)
(0.361957 -0.0277962 -5.16116e-21)
(0.362659 -0.0258858 -4.60539e-21)
(0.354605 -0.0235492 -9.00652e-21)
(0.343927 -0.0212356 0)
(0.333365 -0.019153 4.1993e-21)
(0.323906 -0.0174737 1.96032e-20)
(0.3157 -0.0159232 -1.4829e-20)
(0.139585 -0.00425711 0)
(0.281586 -0.00564781 5.79539e-21)
(0.345087 -0.00541158 0)
(0.365666 -0.00500416 2.49749e-21)
(0.365484 -0.00465359 2.3401e-21)
(0.35683 -0.00433607 4.73636e-21)
(0.345776 -0.0040489 0)
(0.334993 -0.00380488 -4.19934e-21)
(0.325408 -0.00359727 -4.00006e-21)
(0.317101 -0.00329089 -3.92692e-21)
(0.00404791 -0.00416976 0)
(0.0185793 -0.00885694 3.17242e-21)
(0.0408962 -0.0108245 0)
(0.063166 -0.0112145 4.06831e-21)
(0.083335 -0.0107461 1.24891e-21)
(0.100883 -0.00988233 -2.27399e-21)
(0.1158 -0.00889892 2.1415e-21)
(0.12835 -0.00793762 -1.94638e-21)
(0.138889 -0.00705339 -3.86783e-23)
(0.147749 -0.00623795 -1.65848e-21)
(0.00536772 -0.0124372 9.99041e-21)
(0.0214465 -0.0263714 -6.27697e-21)
(0.0444659 -0.0322243 5.88478e-21)
(0.0668991 -0.0333753 -2.70527e-21)
(0.0869492 -0.0319714 -1.24868e-20)
(0.104246 -0.0293947 4.65562e-21)
(0.118867 -0.0264647 0)
(0.131125 -0.0236014 1.9399e-21)
(0.141412 -0.0209668 1.77893e-21)
(0.150034 -0.0185407 0)
(0.00800637 -0.020469 -6.65068e-21)
(0.0271375 -0.0433055 0)
(0.0515225 -0.0528768 -1.76737e-20)
(0.0742824 -0.0547281 2.18574e-20)
(0.094095 -0.0523961 -5.14465e-21)
(0.110894 -0.0481519 0)
(0.12493 -0.0433355 0)
(0.136612 -0.0386319 0)
(0.1464 -0.0342998 -1.42417e-20)
(0.154558 -0.0303197 1.35362e-20)
(0.0119251 -0.0280961 0)
(0.0355507 -0.0592946 1.28952e-20)
(0.0619226 -0.0722961 -2.3891e-20)
(0.0851491 -0.0747484 1.1121e-20)
(0.104603 -0.0715061 -1.01833e-20)
(0.120665 -0.0656719 2.83169e-20)
(0.133846 -0.0590693 -4.19363e-22)
(0.144684 -0.0526255 -1.63073e-20)
(0.153743 -0.046679 -1.45599e-20)
(0.161234 -0.0412272 2.07444e-20)
(0.017066 -0.0351639 -1.37045e-20)
(0.0465307 -0.073978 2.61681e-20)
(0.0754479 -0.0900221 1.42758e-22)
(0.0992485 -0.0929474 -1.1303e-22)
(0.118217 -0.0888269 -1.01906e-20)
(0.133321 -0.081516 2.93383e-20)
(0.1454 -0.0732682 0)
(0.155158 -0.0652207 8.38293e-21)
(0.163281 -0.0577677 -7.73833e-21)
(0.169937 -0.0509406 2.77373e-20)
(0.0233526 -0.041521 2.52663e-22)
(0.0598685 -0.0870113 -2.64239e-20)
(0.0918027 -0.105625 -1.22975e-20)
(0.116243 -0.108878 -1.19947e-20)
(0.134594 -0.103934 -1.06023e-20)
(0.148534 -0.0953013 -9.81685e-21)
(0.159298 -0.0855952 0)
(0.16778 -0.076117 -8.38294e-21)
(0.174793 -0.0672804 -2.32819e-20)
(0.180476 -0.059162 7.52244e-21)
(0.0306857 -0.0470192 1.20077e-22)
(0.075298 -0.0980731 -1.3532e-20)
(0.110614 -0.118714 0)
(0.135706 -0.122144 2.30016e-20)
(0.153297 -0.116464 -2.21405e-20)
(0.165887 -0.10672 0)
(0.17516 -0.0958007 0)
(0.182217 -0.0851121 0)
(0.187997 -0.0750271 1.67098e-20)
(0.19262 -0.0656575 2.90828e-20)
(0.0389411 -0.0515161 1.48424e-20)
(0.092495 -0.10687 -1.39031e-20)
(0.131431 -0.128946 -2.66237e-20)
(0.157128 -0.132409 -7.86612e-22)
(0.1738 -0.126125 -2.32366e-20)
(0.184864 -0.115546 -2.16661e-20)
(0.192506 -0.103751 -2.01773e-20)
(0.198042 -0.092166 -1.87764e-20)
(0.202503 -0.0810183 -1.67099e-20)
(0.205962 -0.0703648 1.54978e-20)
(0.0479668 -0.0548776 4.61909e-20)
(0.11108 -0.113145 1.47182e-20)
(0.153738 -0.136027 5.43568e-20)
(0.179922 -0.13939 2.54291e-20)
(0.195487 -0.132668 -8.9896e-22)
(0.204842 -0.121602 2.10773e-20)
(0.210724 -0.109385 -2.15894e-20)
(0.214711 -0.0974013 1.87765e-20)
(0.217915 -0.0856205 -1.83373e-20)
(0.220334 -0.0738221 3.27015e-20)
(0.057586 -0.0569839 -3.08863e-20)
(0.130629 -0.116682 0)
(0.176976 -0.13972 -2.75345e-20)
(0.203463 -0.142846 5.0671e-22)
(0.217688 -0.135844 -4.53764e-22)
(0.225077 -0.12463 -2.33369e-20)
(0.228943 -0.112462 6.43097e-20)
(0.231155 -0.100711 0)
(0.23291 -0.0892969 1.83374e-20)
(0.234644 -0.0775877 0)
(0.155193 -0.00545555 0)
(0.162041 -0.00475541 1.43102e-21)
(0.168082 -0.00412424 -2.80414e-21)
(0.173337 -0.0035722 1.20515e-21)
(0.177921 -0.00309507 0)
(0.18193 -0.00268313 -1.15762e-21)
(0.185437 -0.00232772 1.16336e-21)
(0.188503 -0.00202091 0)
(0.191182 -0.00175511 0)
(0.193521 -0.00152351 -1.12322e-22)
(0.195557 -0.00132023 0)
(0.197322 -0.00114031 0)
(0.198838 -0.000979433 0)
(0.200119 -0.000833014 0)
(0.201187 -0.000695208 1.10294e-22)
(0.202087 -0.000569941 -1.10865e-22)
(0.202847 -0.000456249 0)
(0.203468 -0.000353019 2.2486e-23)
(0.203969 -0.000262324 -2.26043e-23)
(0.204387 -0.000195917 0)
(0.156939 -0.0162496 0)
(0.16353 -0.0141628 -3.71869e-22)
(0.169364 -0.0122808 0)
(0.174425 -0.0106377 -5.05564e-21)
(0.178846 -0.00921655 4.92581e-21)
(0.182724 -0.00798781 -3.02841e-22)
(0.186125 -0.0069267 2.17696e-21)
(0.189105 -0.00600993 -4.47724e-21)
(0.191714 -0.00521502 3.65827e-21)
(0.193996 -0.00452182 -1.9928e-21)
(0.195986 -0.00391299 -1.55092e-21)
(0.197714 -0.00337369 2.76023e-21)
(0.199203 -0.00289089 -1.39405e-21)
(0.200468 -0.00245093 -6.70311e-22)
(0.20152 -0.00203973 5.29227e-22)
(0.202397 -0.00167136 -1.0058e-22)
(0.203138 -0.00133928 -7.86934e-23)
(0.203742 -0.00103769 -8.98939e-23)
(0.204229 -0.00077174 9.03292e-23)
(0.204634 -0.000575512 -1.16158e-23)
(0.160413 -0.0266826 3.96005e-22)
(0.166495 -0.0232494 3.72513e-22)
(0.171909 -0.0201566 3.62775e-22)
(0.176581 -0.0174698 0)
(0.18068 -0.0151445 5.6633e-21)
(0.184301 -0.0131316 -4.42425e-21)
(0.187493 -0.011393 0)
(0.190302 -0.00989088 5.34323e-22)
(0.192772 -0.00858831 2.45172e-22)
(0.194941 -0.00745236 -3.0066e-21)
(0.19684 -0.00645494 3.41489e-22)
(0.198495 -0.00557218 3.51861e-21)
(0.199929 -0.00478346 1.6674e-22)
(0.201159 -0.00406978 1.42677e-22)
(0.202167 -0.00341402 1.23555e-22)
(0.20299 -0.00279334 -2.57582e-22)
(0.203689 -0.00223201 2.46849e-22)
(0.204265 -0.00172494 2.7051e-22)
(0.204727 -0.00127776 5.71129e-23)
(0.205107 -0.000945225 1.5511e-25)
(0.165581 -0.0364993 1.21789e-20)
(0.170904 -0.0317857 -5.92118e-22)
(0.175666 -0.0275523 -9.75089e-22)
(0.179746 -0.023894 -1.14859e-20)
(0.183366 -0.02072 -9.97703e-22)
(0.186604 -0.0179655 -3.07923e-22)
(0.189484 -0.0155842 8.40957e-21)
(0.192039 -0.0135252 -5.11806e-21)
(0.194303 -0.0117383 -4.19072e-21)
(0.196305 -0.0101793 3.75855e-21)
(0.198068 -0.0088106 -3.46874e-22)
(0.199612 -0.0076 -3.76067e-21)
(0.200956 -0.00652001 -1.65351e-22)
(0.202117 -0.00554694 -1.36998e-21)
(0.203109 -0.00465483 9.56e-22)
(0.20391 -0.00379889 7.22175e-22)
(0.204544 -0.00303038 -6.42197e-22)
(0.205066 -0.00234001 0)
(0.205485 -0.00173064 -1.03261e-22)
(0.205826 -0.00127484 -1.14863e-23)
(0.172388 -0.0454595 -2.71752e-20)
(0.176713 -0.0395748 1.16281e-20)
(0.180583 -0.0343248 -1.24602e-20)
(0.183879 -0.0298107 0)
(0.186874 -0.02588 6.70756e-22)
(0.18961 -0.0224621 9.89842e-21)
(0.19208 -0.0195052 -9.06254e-23)
(0.194303 -0.0169456 -6.89136e-22)
(0.196297 -0.0147213 -8.57241e-21)
(0.198079 -0.0127783 -4.64743e-22)
(0.199662 -0.0110706 0)
(0.201061 -0.00955893 3.78751e-22)
(0.202288 -0.00820993 0)
(0.203361 -0.00699478 2.91292e-22)
(0.2043 -0.00588669 0)
(0.205034 -0.00486455 0)
(0.205581 -0.0038755 -1.57909e-22)
(0.206038 -0.00297879 1.83301e-22)
(0.206411 -0.00218899 -1.61515e-22)
(0.206707 -0.00159284 4.63963e-23)
(0.180707 -0.0533052 0)
(0.183792 -0.0463847 8.16304e-22)
(0.186521 -0.0402695 2.45845e-20)
(0.188846 -0.0350146 -2.38205e-20)
(0.191076 -0.0304055 7.19037e-22)
(0.193195 -0.0263843 0)
(0.195167 -0.0228988 9.52788e-21)
(0.196988 -0.0198764 -1.77586e-20)
(0.198658 -0.0172471 9.35414e-21)
(0.200177 -0.0149498 4.92881e-22)
(0.201547 -0.0129316 4.4661e-22)
(0.202772 -0.0111472 4.00106e-22)
(0.203857 -0.00955773 0)
(0.204811 -0.00813031 -1.91764e-21)
(0.205651 -0.00683873 4.33892e-21)
(0.206391 -0.00566112 -1.85517e-21)
(0.206944 -0.00452434 1.65219e-22)
(0.207315 -0.00345882 1.17965e-22)
(0.207613 -0.00252939 -4.64551e-23)
(0.20785 -0.00182961 4.677e-23)
(0.190404 -0.05981 -2.98124e-20)
(0.192031 -0.0520856 0)
(0.193423 -0.0453686 8.45202e-22)
(0.194644 -0.0395867 -1.56307e-21)
(0.195997 -0.0344803 -1.47037e-21)
(0.1974 -0.0300095 -7.02899e-22)
(0.198786 -0.0261174 -6.54704e-22)
(0.200128 -0.0227251 8.52733e-21)
(0.201408 -0.0197601 -1.01823e-20)
(0.202608 -0.0171586 -8.58229e-21)
(0.203719 -0.0148647 7.12736e-21)
(0.204732 -0.0128301 -8.06281e-22)
(0.205646 -0.0110131 2.64708e-21)
(0.206459 -0.00937746 -6.76997e-22)
(0.207181 -0.00789333 -2.78086e-21)
(0.20782 -0.00654091 -2.1672e-22)
(0.208332 -0.00530239 2.33418e-22)
(0.208655 -0.00408983 -3.02427e-22)
(0.208862 -0.0029565 -4.45426e-22)
(0.209032 -0.00209243 -2.4024e-23)
(0.201099 -0.0646886 0)
(0.200987 -0.0563693 2.87026e-20)
(0.200886 -0.0491952 -2.94254e-20)
(0.200921 -0.0429222 8.0137e-22)
(0.201331 -0.0373319 1.53832e-21)
(0.201971 -0.0324267 7.02293e-22)
(0.202741 -0.0281519 1.33451e-21)
(0.203584 -0.0244273 0)
(0.204456 -0.0211769 5.53323e-22)
(0.205324 -0.0183312 5.03843e-22)
(0.206161 -0.0158288 4.74459e-22)
(0.206951 -0.0136167 8.28545e-22)
(0.207682 -0.011649 0)
(0.208347 -0.0098861 0)
(0.208942 -0.00829455 2.59619e-22)
(0.209476 -0.00685038 1.97303e-21)
(0.209961 -0.00553875 -1.36998e-21)
(0.210342 -0.00431584 1.21672e-22)
(0.210537 -0.00315516 2.3711e-22)
(0.21061 -0.00222043 -7.17809e-23)
(0.212786 -0.0679527 -3.40939e-20)
(0.21066 -0.0598224 0)
(0.209122 -0.052919 0)
(0.208001 -0.0466867 2.67744e-20)
(0.207392 -0.040995 -2.3982e-21)
(0.207157 -0.0358923 -4.7977e-20)
(0.207198 -0.0313613 2.23388e-20)
(0.207441 -0.0273565 0)
(0.20782 -0.0238221 0)
(0.208285 -0.0206989 0)
(0.208793 -0.0179299 -2.21883e-22)
(0.209314 -0.0154636 -6.35448e-22)
(0.209825 -0.0132538 -5.56435e-21)
(0.21031 -0.01126 5.3607e-21)
(0.210756 -0.00944645 -1.96214e-21)
(0.211154 -0.00778379 1.73369e-21)
(0.211502 -0.00625531 0)
(0.211794 -0.00485886 -5.59296e-23)
(0.212002 -0.00357524 -7.026e-23)
(0.212072 -0.00249564 0)
(0.224918 -0.0688764 5.3715e-22)
(0.219679 -0.0599622 3.25996e-20)
(0.216776 -0.0524009 -3.226e-20)
(0.214834 -0.045739 0)
(0.213475 -0.0398215 -2.65706e-20)
(0.212558 -0.03459 5.09001e-20)
(0.211998 -0.0299858 -2.43516e-20)
(0.211719 -0.0259473 0)
(0.211655 -0.0224101 -9.42627e-21)
(0.211745 -0.0193106 1.78307e-20)
(0.211943 -0.0165894 -8.65693e-21)
(0.212209 -0.0141934 2.15269e-22)
(0.212512 -0.0120752 0)
(0.21283 -0.0101925 5.08772e-21)
(0.213144 -0.00850779 -6.91406e-21)
(0.213442 -0.00698786 2.01561e-21)
(0.213714 -0.00560441 1.19977e-21)
(0.213951 -0.00434192 -8.52193e-22)
(0.214145 -0.00321328 -3.92851e-22)
(0.214303 -0.00232908 0)
(0.240638 -0.0706538 0)
(0.231357 -0.0666765 0)
(0.225662 -0.0608626 0)
(0.222066 -0.0545631 0)
(0.219554 -0.0484227 0)
(0.217768 -0.0427402 0)
(0.216529 -0.0376029 0)
(0.215696 -0.0330006 0)
(0.215166 -0.0288867 0)
(0.21486 -0.0252054 0)
(0.214718 -0.021902 0)
(0.214694 -0.0189269 0)
(0.214749 -0.0162354 0)
(0.214855 -0.0137875 0)
(0.21499 -0.0115472 0)
(0.215138 -0.00948266 0)
(0.215284 -0.00756675 0)
(0.215417 -0.00578105 0)
(0.215528 -0.00413632 0)
(0.21563 -0.0027843 0)
(0.245998 -0.0595628 0)
(0.238465 -0.0566318 0)
(0.232424 -0.0525605 0)
(0.22804 -0.0479192 0)
(0.224785 -0.043132 0)
(0.222365 -0.0384998 0)
(0.220593 -0.0341803 0)
(0.219309 -0.0302256 0)
(0.21839 -0.0266323 0)
(0.217746 -0.0233741 0)
(0.217309 -0.0204181 0)
(0.217026 -0.0177306 0)
(0.216857 -0.0152794 0)
(0.21677 -0.0130341 0)
(0.21674 -0.0109664 0)
(0.216747 -0.00904986 0)
(0.216778 -0.00726146 0)
(0.216819 -0.00558553 0)
(0.216861 -0.00403474 0)
(0.216902 -0.00276195 0)
(0.249088 -0.0523622 0)
(0.242643 -0.0503318 0)
(0.237075 -0.0474108 0)
(0.232682 -0.043853 0)
(0.229191 -0.039994 0)
(0.226449 -0.0361078 0)
(0.224335 -0.0323677 0)
(0.22272 -0.0288583 0)
(0.221494 -0.0256068 0)
(0.220568 -0.0226117 0)
(0.219877 -0.0198582 0)
(0.219367 -0.0173261 0)
(0.218997 -0.0149934 0)
(0.218735 -0.0128377 0)
(0.218553 -0.0108367 0)
(0.218432 -0.00896919 0)
(0.218356 -0.00721568 0)
(0.218312 -0.00556361 0)
(0.218289 -0.00402836 0)
(0.218277 -0.00276365 0)
(0.251143 -0.0466239 0)
(0.245439 -0.0451538 0)
(0.240437 -0.0429218 0)
(0.236292 -0.0401114 0)
(0.232824 -0.0369747 0)
(0.229973 -0.0337248 0)
(0.227679 -0.0305128 0)
(0.225853 -0.0274275 0)
(0.224406 -0.0245118 0)
(0.223265 -0.0217805 0)
(0.222369 -0.0192332 0)
(0.22167 -0.0168618 0)
(0.221129 -0.0146535 0)
(0.220714 -0.0125933 0)
(0.2204 -0.0106649 0)
(0.220164 -0.00885176 0)
(0.219993 -0.00713832 0)
(0.219872 -0.00551498 0)
(0.219791 -0.00399935 0)
(0.219732 -0.00274537 0)
(0.252684 -0.041447 0)
(0.247535 -0.0403565 0)
(0.243009 -0.0386146 0)
(0.239142 -0.0363753 0)
(0.235795 -0.0338239 0)
(0.232952 -0.0311203 0)
(0.230587 -0.0283878 0)
(0.228642 -0.0257082 0)
(0.22705 -0.0231287 0)
(0.225754 -0.020673 0)
(0.224703 -0.0183508 0)
(0.223855 -0.0161625 0)
(0.223175 -0.014103 0)
(0.222633 -0.0121636 0)
(0.222205 -0.0103335 0)
(0.221872 -0.0086003 0)
(0.221618 -0.00695224 0)
(0.22143 -0.00538261 0)
(0.221298 -0.00391082 0)
(0.221197 -0.00268869 0)
(0.253821 -0.036746 0)
(0.249141 -0.0359723 0)
(0.245018 -0.0346263 0)
(0.24142 -0.032843 0)
(0.238232 -0.0307654 0)
(0.235457 -0.0285177 0)
(0.233088 -0.0262006 0)
(0.231089 -0.0238859 0)
(0.22941 -0.0216198 0)
(0.228009 -0.01943 0)
(0.226846 -0.0173316 0)
(0.225884 -0.0153311 0)
(0.225094 -0.013429 0)
(0.22445 -0.0116217 0)
(0.223929 -0.00990249 0)
(0.223514 -0.00826311 0)
(0.22319 -0.00669494 0)
(0.222946 -0.00519398 0)
(0.222769 -0.00378089 0)
(0.222632 -0.00260323 0)
(0.254619 -0.032495 0)
(0.250362 -0.0319789 0)
(0.246597 -0.0309534 0)
(0.243252 -0.0295377 0)
(0.240235 -0.0278465 0)
(0.237559 -0.0259792 0)
(0.235228 -0.0240185 0)
(0.233219 -0.0220265 0)
(0.231497 -0.0200462 0)
(0.230031 -0.0181057 0)
(0.228791 -0.0162231 0)
(0.227746 -0.0144085 0)
(0.226873 -0.0126663 0)
(0.226148 -0.0109964 0)
(0.225553 -0.00939593 0)
(0.225071 -0.00785961 0)
(0.224689 -0.00638169 0)
(0.224396 -0.00496042 0)
(0.224182 -0.00361723 0)
(0.224013 -0.0024938 0)
(0.255143 -0.0286468 0)
(0.251275 -0.0283308 0)
(0.247834 -0.0275616 0)
(0.244727 -0.0264435 0)
(0.241882 -0.0250699 0)
(0.239321 -0.0235212 0)
(0.237053 -0.0218663 0)
(0.235063 -0.0201585 0)
(0.233329 -0.0184362 0)
(0.231829 -0.016727 0)
(0.23054 -0.0150494 0)
(0.229438 -0.0134158 0)
(0.228503 -0.0118327 0)
(0.227717 -0.0103031 0)
(0.227063 -0.00882643 0)
(0.226528 -0.00740008 0)
(0.226099 -0.00602062 0)
(0.225767 -0.00468814 0)
(0.225522 -0.00342427 0)
(0.225327 -0.00236356 0)
(0.255456 -0.0251605 0)
(0.251944 -0.0249946 0)
(0.248796 -0.0244281 0)
(0.24591 -0.0235508 0)
(0.243234 -0.0224386 0)
(0.240793 -0.0211575 0)
(0.238602 -0.0197649 0)
(0.236652 -0.0183063 0)
(0.234929 -0.0168157 0)
(0.233418 -0.0153188 0)
(0.232101 -0.0138339 0)
(0.230962 -0.0123739 0)
(0.229985 -0.0109471 0)
(0.229154 -0.00955779 0)
(0.228455 -0.0082076 0)
(0.227878 -0.00689578 0)
(0.227411 -0.00562075 0)
(0.227048 -0.00438403 0)
(0.226778 -0.003207 0)
(0.226561 -0.00221595 0)
(0.255611 -0.0219976 0)
(0.252423 -0.0219406 0)
(0.249538 -0.0215321 0)
(0.246854 -0.0208487 0)
(0.244339 -0.0199518 0)
(0.24202 -0.0188955 0)
(0.239913 -0.0177278 0)
(0.238015 -0.0164873 0)
(0.236318 -0.015204 0)
(0.234811 -0.013901 0)
(0.233485 -0.0125956 0)
(0.232325 -0.0113008 0)
(0.231319 -0.0100253 0)
(0.230457 -0.00877461 0)
(0.229726 -0.00755157 0)
(0.229117 -0.00635687 0)
(0.228621 -0.00519032 0)
(0.228232 -0.00405448 0)
(0.227942 -0.00297003 0)
(0.227707 -0.00205417 0)
(0.255654 -0.01912 0)
(0.252754 -0.0191387 0)
(0.250104 -0.0188518 0)
(0.247605 -0.0183238 0)
(0.245239 -0.0176039 0)
(0.243039 -0.0167365 0)
(0.241018 -0.0157616 0)
(0.239178 -0.0147122 0)
(0.237516 -0.0136139 0)
(0.236026 -0.0124873 0)
(0.234701 -0.0113486 0)
(0.233533 -0.0102098 0)
(0.232511 -0.00907993 0)
(0.231627 -0.00796492 0)
(0.230873 -0.00686834 0)
(0.230241 -0.00579186 0)
(0.229724 -0.00473632 0)
(0.229316 -0.00370495 0)
(0.22901 -0.00271739 0)
(0.228761 -0.00188101 0)
(0.25562 -0.0164913 0)
(0.252975 -0.0165597 0)
(0.250532 -0.0163649 0)
(0.248197 -0.0159606 0)
(0.24597 -0.0153861 0)
(0.24388 -0.0146776 0)
(0.241944 -0.0138685 0)
(0.240165 -0.0129864 0)
(0.238543 -0.0120534 0)
(0.237077 -0.0110875 0)
(0.235762 -0.010103 0)
(0.234593 -0.0091113 0)
(0.233564 -0.00812088 0)
(0.232668 -0.0071378 0)
(0.231899 -0.00616601 0)
(0.23125 -0.00520778 0)
(0.230717 -0.00426459 0)
(0.230294 -0.00334009 0)
(0.229976 -0.00245254 0)
(0.229716 -0.00169891 0)
(0.255536 -0.0140773 0)
(0.253115 -0.0141754 0)
(0.25085 -0.0140491 0)
(0.248662 -0.0137428 0)
(0.246558 -0.0132877 0)
(0.244571 -0.0127133 0)
(0.242714 -0.012047 0)
(0.240995 -0.011312 0)
(0.239415 -0.010527 0)
(0.237977 -0.00970738 0)
(0.236678 -0.00886586 0)
(0.235515 -0.00801261 0)
(0.234484 -0.00715547 0)
(0.233582 -0.00630028 0)
(0.232804 -0.00545103 0)
(0.232144 -0.0046103 0)
(0.231599 -0.00377997 0)
(0.231166 -0.00296379 0)
(0.230839 -0.00217839 0)
(0.230571 -0.00150996 0)
(0.255425 -0.0118463 0)
(0.253196 -0.0119587 0)
(0.251085 -0.0118823 0)
(0.249023 -0.0116535 0)
(0.247029 -0.0112966 0)
(0.245133 -0.0108356 0)
(0.243349 -0.010293 0)
(0.241686 -0.00968791 0)
(0.240148 -0.00903595 0)
(0.238738 -0.00835017 0)
(0.237457 -0.00764147 0)
(0.236304 -0.00691872 0)
(0.235277 -0.00618897 0)
(0.234373 -0.00545756 0)
(0.233589 -0.00472832 0)
(0.232923 -0.0040039 0)
(0.232371 -0.0032863 0)
(0.23193 -0.00257919 0)
(0.231596 -0.00189733 0)
(0.231322 -0.00131586 0)
(0.255303 -0.00976885 0)
(0.253237 -0.00988434 0)
(0.251254 -0.00984345 0)
(0.2493 -0.00967544 0)
(0.2474 -0.0093996 0)
(0.245584 -0.00903512 0)
(0.243865 -0.00860038 0)
(0.242253 -0.00811086 0)
(0.240754 -0.00757936 0)
(0.239371 -0.00701667 0)
(0.238109 -0.0064319 0)
(0.236967 -0.0058326 0)
(0.235946 -0.00522483 0)
(0.235043 -0.00461329 0)
(0.234258 -0.00400149 0)
(0.233587 -0.00339191 0)
(0.23303 -0.00278655 0)
(0.232585 -0.00218876 0)
(0.232246 -0.0016113 0)
(0.231967 -0.001118 0)
(0.255183 -0.00781827 0)
(0.253251 -0.00792863 0)
(0.251375 -0.00791191 0)
(0.24951 -0.00779157 0)
(0.247689 -0.00758294 0)
(0.24594 -0.00730139 0)
(0.244277 -0.0069616 0)
(0.242708 -0.00657589 0)
(0.241243 -0.00615443 0)
(0.239886 -0.00570586 0)
(0.238641 -0.00523751 0)
(0.237511 -0.00475556 0)
(0.236496 -0.00426501 0)
(0.235596 -0.00376982 0)
(0.234811 -0.00327301 0)
(0.234139 -0.00277677 0)
(0.233579 -0.00228293 0)
(0.23313 -0.0017944 0)
(0.232788 -0.0013218 0)
(0.232506 -0.000917486 0)
(0.255075 -0.00597043 0)
(0.253251 -0.00606943 0)
(0.251459 -0.00606788 0)
(0.249665 -0.0059847 0)
(0.247907 -0.00583231 0)
(0.246212 -0.00562292 0)
(0.244594 -0.00536793 0)
(0.243061 -0.00507671 0)
(0.241624 -0.00475698 0)
(0.240289 -0.00441528 0)
(0.23906 -0.00405723 0)
(0.23794 -0.00368759 0)
(0.236932 -0.00331027 0)
(0.236035 -0.0029284 0)
(0.235251 -0.00254441 0)
(0.234579 -0.00216011 0)
(0.234017 -0.00177701 0)
(0.233566 -0.0013975 0)
(0.233222 -0.00102994 0)
(0.232939 -0.000715166 0)
(0.25499 -0.00420293 0)
(0.253248 -0.0042859 0)
(0.25152 -0.00429187 0)
(0.249777 -0.00423731 0)
(0.248066 -0.00413272 0)
(0.246411 -0.00398744 0)
(0.244825 -0.00380968 0)
(0.24332 -0.00360599 0)
(0.241905 -0.00338171 0)
(0.240586 -0.00314138 0)
(0.239369 -0.00288891 0)
(0.238259 -0.00262766 0)
(0.237256 -0.00236041 0)
(0.236363 -0.00208943 0)
(0.23558 -0.00181648 0)
(0.234908 -0.0015429 0)
(0.234345 -0.00126984 0)
(0.233893 -0.000999053 0)
(0.233548 -0.000736562 0)
(0.233263 -0.00051176 0)
(0.254938 -0.00250388 0)
(0.253254 -0.00255897 0)
(0.251566 -0.00256359 0)
(0.249855 -0.00253069 0)
(0.248172 -0.00246813 0)
(0.246542 -0.00238176 0)
(0.244978 -0.00227634 0)
(0.24349 -0.00215557 0)
(0.242089 -0.00202251 0)
(0.240782 -0.00187974 0)
(0.239574 -0.00172955 0)
(0.238469 -0.0015739 0)
(0.237471 -0.00141447 0)
(0.23658 -0.0012526 0)
(0.235799 -0.00108938 0)
(0.235127 -0.000925624 0)
(0.234564 -0.000762038 0)
(0.234111 -0.000599676 0)
(0.233765 -0.000442196 0)
(0.23348 -0.00030785 0)
(0.254957 -0.000807948 0)
(0.253285 -0.000845918 0)
(0.251604 -0.000852251 0)
(0.249901 -0.000842002 0)
(0.248228 -0.000821102 0)
(0.246608 -0.000792297 0)
(0.245054 -0.000757256 0)
(0.243575 -0.000717188 0)
(0.242181 -0.000673057 0)
(0.24088 -0.000625695 0)
(0.239676 -0.000575842 0)
(0.238574 -0.000524145 0)
(0.237578 -0.000471156 0)
(0.236688 -0.000417326 0)
(0.235908 -0.000363014 0)
(0.235236 -0.000308498 0)
(0.234673 -0.000254015 0)
(0.234221 -0.000199908 0)
(0.233874 -0.000147408 0)
(0.233588 -0.000102915 0)
(0.31023 -0.0024151 3.83616e-21)
(0.309166 -0.012208 0)
(0.306539 -0.0218612 -8.40383e-22)
(0.302398 -0.031179 -2.54939e-20)
(0.296832 -0.0399606 4.96126e-20)
(0.289963 -0.0480049 0)
(0.281952 -0.055113 4.47099e-20)
(0.272919 -0.0610723 0)
(0.263484 -0.0657361 4.12426e-20)
(0.250763 -0.0685319 -6.24507e-22)
(0.304077 -0.00212437 -3.88239e-21)
(0.303146 -0.010699 8.96636e-22)
(0.300847 -0.0191388 -8.98233e-22)
(0.297237 -0.0272822 -2.1333e-22)
(0.292405 -0.0349705 -2.37658e-20)
(0.28647 -0.0420482 -1.53735e-21)
(0.279589 -0.0483634 0)
(0.271841 -0.0537591 -4.34307e-20)
(0.264146 -0.0581565 0)
(0.251911 -0.0608387 -3.94143e-20)
(0.298843 -0.00192282 7.81375e-21)
(0.298022 -0.00929576 0)
(0.29603 -0.0165631 -8.596e-22)
(0.292918 -0.0235932 6.77707e-22)
(0.288768 -0.0302588 2.53353e-20)
(0.283686 -0.0364379 0)
(0.277818 -0.0420152 4.46536e-20)
(0.271181 -0.04688 4.46352e-20)
(0.264893 -0.0510027 0)
(0.253936 -0.0538309 3.90059e-20)
(0.294387 -0.00169997 -3.45137e-21)
(0.293663 -0.00805048 1.4537e-20)
(0.291932 -0.0143127 0)
(0.289242 -0.0203827 2.69828e-20)
(0.285667 -0.0261604 1.56152e-21)
(0.2813 -0.0315521 -3.04443e-21)
(0.276274 -0.0364731 -4.30615e-20)
(0.270553 -0.0408468 -1.40803e-21)
(0.265292 -0.0446362 -4.18209e-20)
(0.255642 -0.047584 0)
(0.290562 -0.00150831 0)
(0.289915 -0.00699951 -1.41643e-20)
(0.288395 -0.0124179 -1.6197e-20)
(0.286045 -0.0176806 2.53734e-21)
(0.282932 -0.0227084 -1.66183e-21)
(0.27914 -0.0274287 -1.4921e-21)
(0.274787 -0.0317773 -4.37614e-20)
(0.269817 -0.0357009 -2.75271e-21)
(0.265317 -0.0391364 9.20481e-22)
(0.256927 -0.0420192 3.96691e-20)
(0.28726 -0.00133606 3.99622e-21)
(0.286677 -0.00609154 9.28735e-22)
(0.285329 -0.0107866 -1.86436e-21)
(0.283255 -0.0153548 8.81889e-22)
(0.280517 -0.0197333 -2.61548e-20)
(0.27719 -0.0238654 0)
(0.273381 -0.0277011 4.79904e-20)
(0.269033 -0.0312044 -1.42027e-21)
(0.265107 -0.0342944 8.36464e-20)
(0.25783 -0.0370157 -7.89243e-20)
(0.284395 -0.00118019 -4.01591e-21)
(0.283866 -0.00530185 -7.67611e-21)
(0.282658 -0.00937317 1.45668e-20)
(0.280808 -0.0133408 -2.6077e-20)
(0.278373 -0.0171545 -1.8142e-21)
(0.275421 -0.0207695 -2.4921e-20)
(0.272048 -0.0241459 1.42892e-21)
(0.268207 -0.0272597 -2.77333e-21)
(0.264718 -0.0300242 -4.03635e-20)
(0.258392 -0.0325347 3.92585e-20)
(0.281904 -0.0010395 0)
(0.281419 -0.00461096 1.63823e-20)
(0.280325 -0.00814055 -1.83707e-21)
(0.278657 -0.0115851 1.47659e-20)
(0.276466 -0.0149044 -1.16757e-22)
(0.273815 -0.0180622 4.8444e-20)
(0.270791 -0.0210265 -2.21364e-20)
(0.267363 -0.0237806 0)
(0.264211 -0.0262414 0)
(0.258683 -0.028521 0)
(0.279737 -0.000912226 0)
(0.279289 -0.00400233 -1.45934e-20)
(0.278287 -0.00705775 -9.46583e-22)
(0.276766 -0.0100434 1.40153e-20)
(0.274772 -0.0129268 2.65255e-20)
(0.272364 -0.0156786 -2.65734e-20)
(0.269619 -0.0182726 2.65584e-20)
(0.266525 -0.0206963 -1.42939e-21)
(0.263635 -0.0228761 0)
(0.25877 -0.0249226 1.9693e-20)
(0.277854 -0.000796747 5.00877e-22)
(0.277436 -0.00346255 8.27069e-21)
(0.27651 -0.00609983 1.30427e-20)
(0.275108 -0.00868012 -8.19182e-22)
(0.273273 -0.0111769 1.71172e-21)
(0.271061 -0.0135662 -2.6797e-20)
(0.268539 -0.0158268 2.67508e-20)
(0.265713 -0.0179483 -1.4305e-21)
(0.263026 -0.0198689 0)
(0.258713 -0.0216896 -3.91164e-20)
(0.276224 -0.000691552 0)
(0.275831 -0.00298049 7.87656e-21)
(0.274967 -0.00524627 3.08559e-23)
(0.273661 -0.00746579 0)
(0.271955 -0.00961745 0)
(0.2699 -0.0116817 2.37151e-20)
(0.267557 -0.013641 -2.22079e-20)
(0.264945 -0.0154866 -1.3578e-21)
(0.262416 -0.0171684 7.0486e-22)
(0.258557 -0.0187747 2.00513e-20)
(0.27482 -0.000595246 0)
(0.274448 -0.00254682 -1.48694e-20)
(0.273634 -0.00447991 -1.69375e-20)
(0.272407 -0.00637595 2.65729e-21)
(0.270805 -0.00821743 -1.72708e-21)
(0.268876 -0.00998833 -1.54793e-21)
(0.266676 -0.0116745 2.97924e-21)
(0.264233 -0.0132679 1.95544e-20)
(0.261825 -0.0147291 1.96984e-21)
(0.258342 -0.0161336 -6.22558e-22)
(0.273622 -0.00050655 0)
(0.273267 -0.00215359 7.96136e-21)
(0.272494 -0.00378631 -9.25938e-22)
(0.27133 -0.00538996 9.18237e-22)
(0.269811 -0.00695051 0)
(0.267983 -0.00845499 0)
(0.265898 -0.009892 0)
(0.263588 -0.0112541 -2.22442e-20)
(0.261272 -0.0125111 2.07981e-20)
(0.258096 -0.013726 0)
(0.272612 -0.000424292 0)
(0.27227 -0.001794 4.98842e-21)
(0.271531 -0.00315311 6.65095e-21)
(0.270418 -0.00449015 8.98167e-21)
(0.268966 -0.00579412 -1.74055e-21)
(0.267218 -0.00705469 1.1226e-20)
(0.265222 -0.00826278 -1.04279e-20)
(0.263016 -0.00941164 0)
(0.260768 -0.0104786 6.97273e-22)
(0.257842 -0.0115152 -1.98109e-20)
(0.271774 -0.000347404 -1.05468e-21)
(0.271443 -0.00146216 -4.02741e-21)
(0.27073 -0.00256962 -8.59198e-21)
(0.269658 -0.00366123 -6.31415e-21)
(0.268259 -0.00472862 0)
(0.266574 -0.00576386 -1.43423e-20)
(0.264648 -0.00675987 1.49209e-20)
(0.262521 -0.00771075 -1.42564e-21)
(0.260323 -0.00859981 -1.02612e-20)
(0.257596 -0.00946802 2.85479e-20)
(0.271095 -0.00027486 1.06011e-21)
(0.270773 -0.00115295 -3.06187e-21)
(0.270081 -0.00202669 2.86865e-21)
(0.269041 -0.00289005 -7.28517e-21)
(0.267684 -0.00373706 0)
(0.266047 -0.0045619 0)
(0.264175 -0.00535941 1.45724e-21)
(0.262106 -0.00612475 -1.38829e-20)
(0.259942 -0.00684594 -8.93182e-21)
(0.257372 -0.0075544 -9.44437e-21)
(0.270563 -0.000205424 0)
(0.270247 -0.000861456 5.07016e-21)
(0.269572 -0.00151576 -1.93151e-21)
(0.268557 -0.00216458 6.45432e-21)
(0.267232 -0.00280409 1.75785e-21)
(0.265632 -0.00343049 -1.56747e-21)
(0.263799 -0.00404038 2.98879e-21)
(0.261774 -0.00463024 9.63974e-21)
(0.259633 -0.00519197 0)
(0.25718 -0.00574827 0)
(0.270165 -0.000139544 0)
(0.269854 -0.000584429 2.04878e-21)
(0.269191 -0.00102971 -3.88768e-21)
(0.268195 -0.0014736 0)
(0.266895 -0.00191428 -3.44757e-21)
(0.265323 -0.00234995 -1.56997e-21)
(0.26352 -0.00277921 -4.44761e-21)
(0.261525 -0.00320061 -1.3455e-21)
(0.259399 -0.00360984 6.86207e-22)
(0.257031 -0.00402263 5.98523e-22)
(0.269891 -7.32127e-05 0)
(0.269583 -0.000326407 -2.05869e-21)
(0.268929 -0.000581348 -1.93365e-21)
(0.267947 -0.000837595 2.74427e-21)
(0.266665 -0.00109445 1.68521e-21)
(0.265114 -0.0013511 1.61119e-21)
(0.263333 -0.00160698 7.42155e-21)
(0.261358 -0.00186186 -5.50919e-21)
(0.259244 -0.00211522 1.29793e-21)
(0.256931 -0.00238058 0)
(0.269715 -1.15247e-06 0)
(0.26941 -2.01083e-05 1.02016e-21)
(0.268764 -4.47313e-05 -9.88419e-22)
(0.267795 -7.82509e-05 9.51305e-22)
(0.266529 -0.000123958 0)
(0.265001 -0.000185426 -1.61945e-21)
(0.263245 -0.000266871 1.46223e-21)
(0.2613 -0.000373528 1.34113e-21)
(0.259206 -0.000512039 0)
(0.256931 -0.000694772 0)
(0.240139 0.0777067 0)
(0.239986 0.0859873 -4.88309e-20)
(0.241134 0.0956707 0)
(0.241614 0.107333 -1.62243e-19)
(0.241129 0.12064 5.86964e-20)
(0.238826 0.134959 7.13094e-22)
(0.23198 0.148057 6.29347e-20)
(0.214239 0.154049 -1.37062e-21)
(0.173187 0.139626 0)
(0.0883556 0.0765851 7.7362e-20)
(0.250565 0.0768817 9.21089e-20)
(0.252159 0.0852671 4.88305e-20)
(0.255128 0.0945295 -4.95404e-20)
(0.257534 0.105965 5.43183e-20)
(0.259268 0.118983 -5.4094e-20)
(0.259261 0.132868 1.92039e-21)
(0.254325 0.145427 -6.25991e-20)
(0.237204 0.150856 -1.33361e-19)
(0.193617 0.136155 -3.58746e-20)
(0.0992535 0.0741637 -1.15374e-19)
(0.262581 0.0740208 -4.38378e-20)
(0.265397 0.0818344 4.57823e-20)
(0.269434 0.0905817 4.954e-20)
(0.273362 0.101575 5.1998e-20)
(0.277033 0.114075 5.47527e-20)
(0.279092 0.127305 5.78388e-20)
(0.275866 0.139114 2.16774e-21)
(0.259187 0.143899 6.52821e-20)
(0.212978 0.129303 3.42969e-20)
(0.109399 0.0698902 -3.66129e-20)
(0.274417 0.0691237 8.77215e-20)
(0.278302 0.0762798 -4.57819e-20)
(0.283345 0.0843476 0)
(0.28867 0.0945933 0)
(0.294051 0.106251 0)
(0.29791 0.118522 5.45518e-20)
(0.296131 0.129329 -5.61068e-20)
(0.279667 0.133394 0)
(0.230782 0.1193 3.29519e-20)
(0.118526 0.0639329 -7.03075e-20)
(0.285212 0.0623451 -2.005e-20)
(0.290159 0.068739 6.56906e-20)
(0.296245 0.0759947 0)
(0.3029 0.0852518 0)
(0.309815 0.0957777 2.45063e-20)
(0.315227 0.106797 2.58423e-20)
(0.314617 0.116366 2.95935e-20)
(0.298134 0.119653 2.90027e-20)
(0.246582 0.106461 6.25525e-20)
(0.126401 0.0565045 -8.01279e-22)
(0.294728 0.0539484 5.93644e-20)
(0.300655 0.0594569 2.12256e-20)
(0.307729 0.0657596 0)
(0.315602 0.0738096 0)
(0.32386 0.0829435 -7.22794e-20)
(0.33057 0.0924505 2.50417e-20)
(0.330841 0.100577 7.38112e-22)
(0.314115 0.103058 -4.43937e-22)
(0.259978 0.0911689 -6.11795e-20)
(0.13283 0.047849 -3.28429e-20)
(0.302782 0.0441897 -3.80031e-20)
(0.309548 0.048695 3.99832e-20)
(0.317489 0.0539064 4.15354e-20)
(0.326413 0.060554 -4.3943e-20)
(0.335793 0.0680712 -2.2885e-20)
(0.343523 0.0758459 2.4375e-20)
(0.344377 0.0823724 -2.54392e-20)
(0.327196 0.0840528 2.73236e-20)
(0.270633 0.0738538 0)
(0.137658 0.0382339 0)
(0.309187 0.0333237 -3.63167e-20)
(0.316625 0.0367197 3.82114e-20)
(0.325274 0.0407128 0)
(0.335042 0.0457929 0)
(0.345283 0.0515115 0)
(0.353732 0.0573853 1.17048e-20)
(0.354866 0.0622096 -4.89239e-20)
(0.337052 0.0631338 3.87491e-20)
(0.278258 0.054986 0)
(0.140778 0.0279401 1.4272e-20)
(0.31378 0.0216089 -1.73135e-20)
(0.32171 0.0238104 1.37859e-20)
(0.330883 0.0264785 -4.64442e-21)
(0.341256 0.0298626 0)
(0.352069 0.0336478 -1.04435e-20)
(0.360923 0.0375042 2.78504e-20)
(0.362046 0.0405722 0)
(0.343431 0.0408545 -6.62612e-21)
(0.282628 0.0350837 1.29526e-20)
(0.142127 0.0172372 -2.1257e-20)
(0.316449 0.00931011 0)
(0.324666 0.0102594 4.43163e-21)
(0.334154 0.0115233 4.64437e-21)
(0.344871 0.0131276 0)
(0.355964 0.0148896 4.9764e-21)
(0.36489 0.0166474 -8.08401e-21)
(0.365696 0.0179727 -2.79878e-21)
(0.346139 0.0178308 -6.02689e-21)
(0.283723 0.0147113 -6.40954e-21)
(0.141713 0.00640333 0)
(0.152826 0.00551425 -1.38273e-20)
(0.145038 0.00623314 1.44647e-20)
(0.135727 0.00704081 7.56367e-21)
(0.12457 0.00796256 7.95072e-21)
(0.111153 0.00901524 -8.44251e-21)
(0.0949621 0.0101652 -1.33937e-20)
(0.0754618 0.0112574 4.77782e-21)
(0.0521945 0.0118645 -1.02288e-20)
(0.0262483 0.0109576 -1.10576e-20)
(0.00681145 0.00618142 0)
(0.154765 0.016415 0)
(0.147221 0.0185505 -7.19299e-21)
(0.1381 0.0209595 -7.53846e-21)
(0.127189 0.0237068 0)
(0.114068 0.0268424 1.66934e-20)
(0.0981986 0.0302675 8.80045e-21)
(0.0790025 0.0335203 0)
(0.0559004 0.0353211 -1.00687e-20)
(0.029637 0.0326006 -9.82266e-24)
(0.00872278 0.0184005 -1.17052e-20)
(0.158615 0.0269316 5.45233e-20)
(0.151539 0.0304215 -5.73698e-20)
(0.142796 0.0343884 0)
(0.132375 0.038905 0)
(0.119839 0.0440547 0)
(0.104607 0.0496772 -5.29294e-20)
(0.0860086 0.0550122 7.5266e-20)
(0.0632124 0.057949 -2.01407e-20)
(0.0363381 0.0534431 0)
(0.0125161 0.0301567 2.34311e-20)
(0.164306 0.03679 5.40931e-20)
(0.157896 0.0415481 -5.69138e-20)
(0.149714 0.0470064 -5.92338e-20)
(0.140018 0.0532014 3.50024e-22)
(0.128342 0.0602523 9.90526e-20)
(0.114044 0.0679425 -3.50559e-20)
(0.0963183 0.0752256 3.72458e-20)
(0.073958 0.0792052 -7.99604e-20)
(0.0461832 0.0729848 4.31289e-20)
(0.0180837 0.0411319 0)
(0.171776 0.0457491 -1.34669e-19)
(0.166179 0.0516635 2.78553e-20)
(0.15872 0.0585212 0)
(0.149964 0.0662686 0)
(0.139398 0.075066 3.26918e-20)
(0.126303 0.0846467 -1.03643e-19)
(0.109696 0.0936945 7.33606e-20)
(0.0878828 0.0985896 -7.86813e-20)
(0.0589222 0.0907495 4.3097e-22)
(0.0252688 0.0510468 -4.51624e-20)
(0.180851 0.0535286 1.84932e-19)
(0.176197 0.0605004 -1.38972e-19)
(0.169623 0.0686572 0)
(0.162006 0.0778056 0)
(0.152769 0.0881597 3.23854e-20)
(0.141109 0.0994096 3.43293e-20)
(0.125832 0.109992 3.53733e-20)
(0.10465 0.115642 3.91631e-20)
(0.0742286 0.106299 2.62015e-22)
(0.0338699 0.0596468 9.00537e-20)
(0.191534 0.0599585 -1.05897e-19)
(0.187851 0.0678685 -5.39186e-20)
(0.182258 0.0772 0)
(0.17592 0.0875666 0)
(0.168177 0.0992499 0)
(0.158132 0.111903 -6.68265e-20)
(0.144345 0.123745 7.00739e-20)
(0.123847 0.129958 0)
(0.0917037 0.119248 -4.11498e-20)
(0.0436428 0.0667087 8.79247e-20)
(0.203367 0.0646524 -5.17112e-20)
(0.200765 0.0735148 5.39184e-20)
(0.196288 0.0839451 5.53291e-20)
(0.19137 0.0953515 5.81337e-20)
(0.185253 0.108112 6.12926e-20)
(0.176959 0.121862 6.48838e-20)
(0.164781 0.134641 -1.56272e-21)
(0.144985 0.141195 7.37328e-20)
(0.110882 0.129273 -4.02217e-20)
(0.0543046 0.072048 4.29373e-20)
(0.217267 0.0680021 -1.00994e-19)
(0.215244 0.0775875 5.15899e-20)
(0.211679 0.0889317 -5.53289e-20)
(0.20812 0.101121 -5.86535e-20)
(0.203625 0.114632 5.934e-20)
(0.197133 0.1291 -1.57863e-21)
(0.186622 0.142441 -2.04241e-19)
(0.167515 0.149081 -1.45226e-19)
(0.131241 0.136119 3.92633e-20)
(0.0655395 0.0755248 -4.06987e-20)
(0.23083 0.0696028 0)
(0.229311 0.0805944 -5.15896e-20)
(0.227253 0.0926027 0)
(0.22534 0.105126 5.49302e-20)
(0.222598 0.118868 -1.78379e-19)
(0.218021 0.133534 -1.25573e-19)
(0.209252 0.146976 1.33852e-19)
(0.190818 0.153419 7.1827e-20)
(0.152207 0.139607 0)
(0.0770066 0.0770489 8.25355e-20)
(0.202106 0.000101183 0)
(0.201908 0.00013327 -1.10148e-21)
(0.201597 0.000195176 1.09571e-21)
(0.201193 0.000281251 0)
(0.200664 0.000386243 -2.10554e-21)
(0.199988 0.000506904 2.09469e-21)
(0.199156 0.000642486 0)
(0.198153 0.000794214 0)
(0.19693 0.000954985 0)
(0.195447 0.00112987 0)
(0.193694 0.00132408 9.65953e-22)
(0.191652 0.00154199 0)
(0.189291 0.00178854 0)
(0.186574 0.00206969 7.35998e-21)
(0.183455 0.00239257 -7.32368e-21)
(0.179879 0.00276559 0)
(0.175782 0.00319839 7.93744e-21)
(0.171087 0.00370153 -1.39755e-20)
(0.165682 0.00428307 6.9234e-21)
(0.159481 0.00492162 6.77752e-21)
(0.202398 0.000296432 2.2918e-21)
(0.202206 0.000392228 4.36932e-21)
(0.201906 0.000575613 -4.34826e-21)
(0.201514 0.000829301 2.13119e-21)
(0.200999 0.00113843 2.09977e-21)
(0.20034 0.0014939 8.23734e-21)
(0.199532 0.00189355 -6.16021e-21)
(0.198547 0.00234132 -1.5993e-20)
(0.197336 0.00281985 3.36539e-20)
(0.195877 0.00334188 -1.56842e-20)
(0.19416 0.00392206 -1.43411e-20)
(0.192164 0.00457335 3.21984e-20)
(0.189859 0.00531038 -2.80035e-20)
(0.18721 0.00615076 1.47917e-20)
(0.184175 0.00711559 1.81097e-21)
(0.180701 0.00822989 3.02636e-20)
(0.176731 0.00952218 -2.92318e-20)
(0.172191 0.0110237 0)
(0.166958 0.0127622 1.71277e-21)
(0.160927 0.0146808 0)
(0.202961 0.000483303 -6.78635e-21)
(0.202784 0.000645729 1.12578e-23)
(0.202503 0.000954057 8.52706e-21)
(0.202131 0.00137804 -4.31001e-21)
(0.201641 0.00189226 -1.04564e-20)
(0.201018 0.00248132 -2.05171e-21)
(0.200258 0.00314195 -2.02516e-21)
(0.199311 0.00387697 -1.99327e-21)
(0.198132 0.00466537 2.73761e-20)
(0.196726 0.00552419 -3.198e-22)
(0.195082 0.00647673 -3.45646e-20)
(0.193177 0.00754521 -1.88657e-21)
(0.190984 0.00875413 -3.7149e-21)
(0.188472 0.0101325 0)
(0.185605 0.011715 -3.23779e-20)
(0.182337 0.0135428 2.50911e-20)
(0.178617 0.0156631 0)
(0.174389 0.0181265 -1.72936e-21)
(0.16951 0.0209894 -1.71576e-21)
(0.163821 0.0241882 -1.68338e-21)
(0.203797 0.000649585 2.22822e-21)
(0.203643 0.000873049 6.41974e-21)
(0.203391 0.00129681 0)
(0.203049 0.00187917 -1.86668e-20)
(0.202596 0.00258728 1.65369e-20)
(0.202022 0.00340602 1.81764e-20)
(0.201324 0.00433131 -1.20995e-20)
(0.200425 0.00530865 1.97668e-21)
(0.19929 0.00637006 -2.51641e-20)
(0.197958 0.00754034 3.26925e-22)
(0.196417 0.00884324 2.86114e-20)
(0.194644 0.0103068 -2.97694e-20)
(0.192615 0.0119643 -2.72105e-20)
(0.190306 0.0138553 6.22017e-20)
(0.187688 0.0160267 1.80054e-21)
(0.184725 0.0185353 5.31131e-21)
(0.181383 0.0214455 -5.57127e-20)
(0.177627 0.0248229 2.28304e-21)
(0.17331 0.028758 5.33019e-22)
(0.168144 0.0332398 5.58052e-20)
(0.204841 0.000805288 4.33713e-21)
(0.204713 0.00109779 -1.67643e-20)
(0.204494 0.00164857 8.33559e-21)
(0.204194 0.00240091 4.09765e-21)
(0.203805 0.00330931 0)
(0.203323 0.00435114 0)
(0.202653 0.00551322 -3.95012e-21)
(0.201766 0.00672996 0)
(0.200726 0.00805055 -3.8536e-21)
(0.199521 0.00951058 0)
(0.198129 0.0111384 3.75906e-21)
(0.196536 0.0129675 -5.89483e-20)
(0.194729 0.0150384 6.47866e-22)
(0.192692 0.0173996 -2.98375e-21)
(0.190407 0.0201087 5.73865e-20)
(0.187855 0.0232354 -3.53387e-21)
(0.185015 0.026861 3.46274e-21)
(0.181892 0.0310605 -5.46804e-20)
(0.178361 0.0359522 5.79679e-20)
(0.173901 0.0416785 1.0667e-19)
(0.20614 0.000920063 4.2231e-21)
(0.206047 0.00126093 -4.11906e-21)
(0.205874 0.00190317 -4.05015e-21)
(0.205623 0.00278017 -4.00512e-21)
(0.205293 0.00384983 -3.15357e-20)
(0.204866 0.00509729 5.88093e-20)
(0.204235 0.00639645 -3.50586e-20)
(0.203404 0.00781436 0)
(0.202462 0.00937096 -3.78111e-21)
(0.20139 0.011091 -3.73686e-21)
(0.20017 0.0130093 -3.69285e-21)
(0.198791 0.015167 5.45802e-20)
(0.197249 0.017612 -1.19398e-19)
(0.195538 0.0204016 5.75626e-20)
(0.193657 0.0236034 0)
(0.191605 0.0272991 -3.47727e-21)
(0.189384 0.0315859 -1.16778e-19)
(0.187041 0.0365431 1.0988e-19)
(0.18453 0.0422851 -3.39244e-21)
(0.180974 0.0492432 0)
(0.207527 0.0010483 4.118e-21)
(0.207459 0.00147256 -1.18635e-20)
(0.20732 0.00226029 4.1314e-21)
(0.207133 0.00333484 2.35509e-20)
(0.206926 0.00464162 3.86733e-21)
(0.206522 0.00601812 -2.28314e-20)
(0.205888 0.00747289 4.16711e-21)
(0.205181 0.00907971 3.02666e-20)
(0.20439 0.0108553 7.4442e-21)
(0.203493 0.0128223 6.23094e-20)
(0.202485 0.015017 -5.14442e-20)
(0.201368 0.0174835 -5.02052e-20)
(0.20015 0.0202736 6.11327e-20)
(0.198841 0.0234477 3.51987e-21)
(0.197457 0.0270766 3.48127e-21)
(0.196023 0.0312436 6.92253e-21)
(0.194563 0.0360516 6.84845e-21)
(0.193163 0.0415809 -3.36486e-21)
(0.191912 0.0478983 0)
(0.18945 0.0558923 1.05241e-19)
(0.209269 0.00108984 -1.18952e-20)
(0.209242 0.00152416 4.61175e-23)
(0.209181 0.00237898 -3.82928e-21)
(0.209101 0.00354559 -3.40307e-20)
(0.208824 0.00484884 2.28138e-20)
(0.20833 0.0062381 -3.74706e-21)
(0.207804 0.00780362 0)
(0.207237 0.00954165 0)
(0.206601 0.01146 -7.29762e-21)
(0.205892 0.0135884 -3.60671e-21)
(0.205117 0.0159674 -3.59884e-21)
(0.20429 0.018645 -3.56887e-21)
(0.203428 0.0216773 0)
(0.202554 0.0251301 -6.98362e-21)
(0.201705 0.0290819 -3.47837e-21)
(0.200929 0.0336267 -6.85504e-21)
(0.200283 0.0388864 -3.41721e-21)
(0.199893 0.0449685 -1.03427e-19)
(0.200043 0.0518649 1.07293e-19)
(0.198888 0.0610039 0)
(0.210879 0.0012858 0)
(0.210922 0.00187938 3.73451e-21)
(0.210945 0.00288069 1.86001e-21)
(0.210785 0.00414157 0)
(0.210476 0.00554776 3.2805e-20)
(0.210146 0.007171 -2.93341e-20)
(0.209778 0.00898167 5.93323e-20)
(0.20936 0.0109648 -5.79256e-20)
(0.208899 0.0131399 5.36049e-21)
(0.208407 0.0155425 1.79263e-21)
(0.207902 0.018216 0)
(0.207408 0.0212109 0)
(0.206959 0.0245849 0)
(0.206603 0.0284031 1.13019e-19)
(0.206405 0.032737 -2.19052e-19)
(0.206455 0.0376613 5.07322e-21)
(0.206862 0.0432572 1.08624e-19)
(0.207791 0.0495829 0)
(0.209683 0.0564539 0)
(0.210194 0.0656014 1.05287e-19)
(0.213439 0.0011764 0)
(0.213388 0.00159385 -1.42911e-20)
(0.213254 0.00237162 -1.22413e-20)
(0.213067 0.00342188 2.87241e-20)
(0.212854 0.00474621 2.82027e-20)
(0.212615 0.00626835 -8.46125e-20)
(0.212352 0.0079576 5.49149e-20)
(0.212075 0.00982304 0)
(0.211798 0.011892 -1.74851e-21)
(0.21154 0.014201 -5.32924e-20)
(0.211327 0.0167924 1.10314e-19)
(0.211197 0.0197137 -5.52825e-20)
(0.211197 0.023017 0)
(0.211391 0.0267587 -1.07599e-19)
(0.211858 0.0310002 2.15609e-19)
(0.212698 0.0358098 -1.08012e-19)
(0.214021 0.0412768 0)
(0.215974 0.0475332 -1.04602e-19)
(0.218874 0.0546972 1.05699e-19)
(0.221166 0.0646777 -1.63448e-21)
(0.214892 0.00143495 0)
(0.214878 0.00212077 0)
(0.214837 0.00333381 0)
(0.214765 0.00493574 0)
(0.214669 0.00680505 0)
(0.214562 0.0088741 0)
(0.214458 0.0111224 0)
(0.214373 0.0135578 0)
(0.214325 0.0162049 0)
(0.21434 0.0190979 0)
(0.214449 0.0222771 0)
(0.214698 0.025787 0)
(0.215141 0.0296759 0)
(0.215852 0.0339955 0)
(0.216922 0.0388027 0)
(0.218475 0.044163 0)
(0.220668 0.050159 0)
(0.223732 0.0569012 0)
(0.228235 0.0644033 0)
(0.235113 0.0717435 0)
(0.216397 0.00141157 0)
(0.216396 0.00205029 0)
(0.216394 0.00319684 0)
(0.216388 0.00470371 0)
(0.216383 0.00645883 0)
(0.216393 0.0083982 0)
(0.216432 0.0104978 0)
(0.216517 0.0127605 0)
(0.216669 0.0152046 0)
(0.216916 0.0178559 0)
(0.217294 0.0207441 0)
(0.217849 0.0239003 0)
(0.218637 0.0273555 0)
(0.219733 0.0311399 0)
(0.221232 0.0352809 0)
(0.223255 0.0398012 0)
(0.225968 0.0447123 0)
(0.229579 0.0499902 0)
(0.234473 0.0554159 0)
(0.241799 0.059753 0)
(0.217997 0.00139211 0)
(0.218014 0.00202019 0)
(0.218045 0.00315167 0)
(0.218091 0.0046371 0)
(0.218163 0.00636066 0)
(0.218272 0.00825432 0)
(0.218433 0.0102905 0)
(0.218663 0.0124679 0)
(0.218986 0.0147992 0)
(0.219428 0.0173034 0)
(0.220026 0.0200011 0)
(0.220823 0.0229122 0)
(0.221876 0.0260541 0)
(0.223254 0.029439 0)
(0.225042 0.0330711 0)
(0.227348 0.0369409 0)
(0.230313 0.0410125 0)
(0.234088 0.0451922 0)
(0.238886 0.0492199 0)
(0.245817 0.0522151 0)
(0.21967 0.00137185 0)
(0.219705 0.0019905 0)
(0.219765 0.00310522 0)
(0.219859 0.00456678 0)
(0.219997 0.00625678 0)
(0.220192 0.0081043 0)
(0.220458 0.0100786 0)
(0.220813 0.0121745 0)
(0.221279 0.0143997 0)
(0.221884 0.0167671 0)
(0.222661 0.0192898 0)
(0.22365 0.0219789 0)
(0.224903 0.0248406 0)
(0.226479 0.0278741 0)
(0.228451 0.0310673 0)
(0.230907 0.0343907 0)
(0.233949 0.0377857 0)
(0.237673 0.0411405 0)
(0.242163 0.0442296 0)
(0.248383 0.0464617 0)
(0.221352 0.00133573 0)
(0.221401 0.00193441 0)
(0.221489 0.00301404 0)
(0.221621 0.00442831 0)
(0.221814 0.00605914 0)
(0.222081 0.00783432 0)
(0.222436 0.00972054 0)
(0.222895 0.011709 0)
(0.223479 0.0138031 0)
(0.224214 0.0160103 0)
(0.225129 0.0183374 0)
(0.226262 0.0207881 0)
(0.227655 0.0233606 0)
(0.229359 0.0260446 0)
(0.231432 0.028818 0)
(0.233939 0.0316417 0)
(0.236951 0.0344512 0)
(0.240518 0.0371418 0)
(0.244656 0.0395402 0)
(0.250195 0.0412534 0)
(0.222997 0.00128573 0)
(0.22306 0.00185806 0)
(0.223169 0.00289104 0)
(0.223334 0.00424335 0)
(0.223573 0.00579917 0)
(0.223898 0.00748609 0)
(0.224325 0.00926892 0)
(0.224867 0.0111359 0)
(0.225544 0.0130865 0)
(0.226378 0.0151238 0)
(0.227396 0.0172497 0)
(0.228629 0.0194626 0)
(0.230113 0.0217546 0)
(0.231888 0.0241099 0)
(0.233999 0.0265014 0)
(0.23649 0.0288875 0)
(0.23941 0.0312067 0)
(0.242781 0.0333698 0)
(0.246584 0.0352475 0)
(0.251545 0.0365678 0)
(0.22458 0.00122479 0)
(0.224654 0.00176643 0)
(0.224781 0.00274464 0)
(0.224972 0.00402461 0)
(0.225247 0.00549422 0)
(0.22562 0.00708199 0)
(0.226102 0.00875163 0)
(0.226709 0.0104891 0)
(0.227456 0.0122908 0)
(0.228363 0.0141563 0)
(0.229453 0.016084 0)
(0.230751 0.0180682 0)
(0.232286 0.0200978 0)
(0.234089 0.0221539 0)
(0.236193 0.0242082 0)
(0.238627 0.0262205 0)
(0.241423 0.0281356 0)
(0.244586 0.02988 0)
(0.248083 0.0313557 0)
(0.252543 0.0323618 0)
(0.226083 0.00115467 0)
(0.226165 0.00166212 0)
(0.226307 0.00257905 0)
(0.226519 0.00377832 0)
(0.226822 0.00515277 0)
(0.227231 0.00663287 0)
(0.227757 0.0081821 0)
(0.228411 0.00978476 0)
(0.22921 0.0114351 0)
(0.230167 0.01313 0)
(0.231304 0.0148653 0)
(0.232638 0.016633 0)
(0.234194 0.0184199 0)
(0.235994 0.0202065 0)
(0.23806 0.0219651 0)
(0.240413 0.0236586 0)
(0.243069 0.0252394 0)
(0.246027 0.0266473 0)
(0.249246 0.027806 0)
(0.253263 0.0285608 0)
(0.227493 0.00107705 0)
(0.227582 0.00154762 0)
(0.227736 0.0023983 0)
(0.227964 0.0035105 0)
(0.228288 0.00478309 0)
(0.228724 0.00614942 0)
(0.229281 0.00757345 0)
(0.22997 0.00903861 0)
(0.230803 0.0105375 0)
(0.231793 0.0120654 0)
(0.232955 0.0136163 0)
(0.234305 0.0151808 0)
(0.235859 0.0167454 0)
(0.237633 0.0182905 0)
(0.239643 0.0197905 0)
(0.241901 0.0212125 0)
(0.244414 0.0225156 0)
(0.247175 0.0236505 0)
(0.250142 0.024557 0)
(0.253766 0.0251129 0)
(0.228802 0.000993558 0)
(0.228897 0.00142531 0)
(0.229059 0.00220614 0)
(0.229298 0.00322671 0)
(0.229638 0.00439273 0)
(0.230093 0.00564125 0)
(0.230672 0.00693745 0)
(0.231384 0.00826445 0)
(0.232239 0.00961394 0)
(0.233247 0.01098 0)
(0.234419 0.0123556 0)
(0.235767 0.0137311 0)
(0.237303 0.0150929 0)
(0.239038 0.0164227 0)
(0.240981 0.0176971 0)
(0.243138 0.0188875 0)
(0.24551 0.0199594 0)
(0.248087 0.0208721 0)
(0.250827 0.0215774 0)
(0.2541 0.0219781 0)
(0.230002 0.000905622 0)
(0.230101 0.00129723 0)
(0.230269 0.00200575 0)
(0.230517 0.00293153 0)
(0.230868 0.00398788 0)
(0.231336 0.00511622 0)
(0.231929 0.00628355 0)
(0.232655 0.00747323 0)
(0.233521 0.00867651 0)
(0.234536 0.00988687 0)
(0.235706 0.011097 0)
(0.237042 0.0122972 0)
(0.23855 0.0134746 0)
(0.240237 0.0146125 0)
(0.242108 0.0156902 0)
(0.244163 0.0166829 0)
(0.246401 0.0175616 0)
(0.248808 0.018293 0)
(0.251345 0.0188381 0)
(0.254308 0.0191193 0)
(0.23109 0.000814454 0)
(0.231192 0.0011651 0)
(0.231364 0.0017997 0)
(0.231617 0.00262871 0)
(0.231975 0.00357355 0)
(0.232451 0.0045806 0)
(0.233052 0.00561918 0)
(0.233785 0.00667338 0)
(0.234655 0.00773444 0)
(0.235668 0.0087957 0)
(0.236829 0.0098499 0)
(0.238145 0.0108878 0)
(0.239619 0.0118976 0)
(0.241254 0.0128643 0)
(0.243052 0.0137699 0)
(0.24501 0.0145934 0)
(0.247122 0.0153104 0)
(0.249375 0.0158935 0)
(0.251733 0.0163115 0)
(0.254422 0.0165023 0)
(0.232062 0.000721044 0)
(0.232165 0.00103025 0)
(0.23234 0.00159004 0)
(0.232596 0.00232118 0)
(0.232958 0.00315363 0)
(0.233438 0.00403921 0)
(0.234043 0.00494999 0)
(0.234778 0.00587117 0)
(0.235646 0.00679435 0)
(0.236652 0.00771306 0)
(0.237799 0.00862041 0)
(0.23909 0.00950791 0)
(0.240527 0.0103649 0)
(0.24211 0.0111785 0)
(0.243837 0.0119331 0)
(0.245704 0.012611 0)
(0.247703 0.0131921 0)
(0.249819 0.013654 0)
(0.252019 0.0139713 0)
(0.25447 0.0140951 0)
(0.232914 0.00062618 0)
(0.233018 0.000893773 0)
(0.233195 0.00137835 0)
(0.233453 0.00201117 0)
(0.233816 0.00273104 0)
(0.234298 0.0034956 0)
(0.234903 0.00428002 0)
(0.235636 0.00507096 0)
(0.236499 0.00586062 0)
(0.237495 0.00664301 0)
(0.238624 0.00741185 0)
(0.239889 0.00815956 0)
(0.241289 0.00887689 0)
(0.242822 0.00955271 0)
(0.244484 0.010174 0)
(0.246269 0.010726 0)
(0.248167 0.0111922 0)
(0.250163 0.0115545 0)
(0.252226 0.0117927 0)
(0.254474 0.0118679 0)
(0.233646 0.000530451 0)
(0.233751 0.000756435 0)
(0.233928 0.00116577 0)
(0.234186 0.00170025 0)
(0.23455 0.00230782 0)
(0.235031 0.0029522 0)
(0.235635 0.00361199 0)
(0.236364 0.00427548 0)
(0.23722 0.00493579 0)
(0.238203 0.00558757 0)
(0.239315 0.00622529 0)
(0.240555 0.00684243 0)
(0.24192 0.00743117 0)
(0.243407 0.00798221 0)
(0.24501 0.00848483 0)
(0.246722 0.00892699 0)
(0.248532 0.00929549 0)
(0.250426 0.00957573 0)
(0.252374 0.00975165 0)
(0.254451 0.00979287 0)
(0.234256 0.000434277 0)
(0.234361 0.000618771 0)
(0.234539 0.000953028 0)
(0.234797 0.00138945 0)
(0.23516 0.00188527 0)
(0.235639 0.00241051 0)
(0.236241 0.00294741 0)
(0.236965 0.00348614 0)
(0.237813 0.00402087 0)
(0.238784 0.00454703 0)
(0.239879 0.00506 0)
(0.241095 0.00555439 0)
(0.242429 0.00602379 0)
(0.243876 0.00646071 0)
(0.245429 0.0068566 0)
(0.24708 0.00720194 0)
(0.248816 0.00748635 0)
(0.250624 0.00769842 0)
(0.252477 0.00782557 0)
(0.254412 0.00784414 0)
(0.234745 0.000337947 0)
(0.23485 0.000481103 0)
(0.235027 0.000740564 0)
(0.235284 0.00107935 0)
(0.235646 0.00146406 0)
(0.236124 0.00187124 0)
(0.236722 0.00228688 0)
(0.237441 0.00270323 0)
(0.238282 0.00311561 0)
(0.239243 0.00352037 0)
(0.240323 0.00391386 0)
(0.241519 0.00429184 0)
(0.242826 0.00464936 0)
(0.24424 0.00498068 0)
(0.245752 0.00527928 0)
(0.247352 0.00553799 0)
(0.24903 0.00574902 0)
(0.250769 0.00590381 0)
(0.252547 0.0059928 0)
(0.25437 0.00599764 0)
(0.235111 0.000241707 0)
(0.235216 0.000343603 0)
(0.235393 0.000528529 0)
(0.235649 0.000770124 0)
(0.23601 0.00104438 0)
(0.236486 0.00133445 0)
(0.237081 0.00163025 0)
(0.237796 0.00192617 0)
(0.238631 0.0022188 0)
(0.239583 0.0025055 0)
(0.240651 0.00278362 0)
(0.241831 0.00305012 0)
(0.243118 0.00330149 0)
(0.244506 0.00353366 0)
(0.245986 0.00374209 0)
(0.247549 0.00392181 0)
(0.249182 0.00406747 0)
(0.250871 0.00417324 0)
(0.252592 0.00423246 0)
(0.254332 0.00423107 0)
(0.235355 0.000145711 0)
(0.235459 0.00020631 0)
(0.235636 0.000316884 0)
(0.235892 0.000461663 0)
(0.236252 0.000625998 0)
(0.236727 0.000799702 0)
(0.23732 0.000976724 0)
(0.238032 0.00115367 0)
(0.238862 0.00132846 0)
(0.239808 0.00149951 0)
(0.240867 0.00166519 0)
(0.242036 0.0018237 0)
(0.243309 0.00197293 0)
(0.24468 0.00211047 0)
(0.246139 0.00223365 0)
(0.247677 0.00233956 0)
(0.249281 0.00242519 0)
(0.250937 0.00248734 0)
(0.252622 0.00252246 0)
(0.254307 0.00252157 0)
(0.235477 4.88897e-05 0)
(0.235581 6.88552e-05 0)
(0.235758 0.000105572 0)
(0.236014 0.000153797 0)
(0.236373 0.000208539 0)
(0.236847 0.000266379 0)
(0.237439 0.000325304 0)
(0.238149 0.000384178 0)
(0.238977 0.000442309 0)
(0.23992 0.000499157 0)
(0.240975 0.000554185 0)
(0.242138 0.000606788 0)
(0.243404 0.000656266 0)
(0.244766 0.000701822 0)
(0.246215 0.000742576 0)
(0.247741 0.000777582 0)
(0.24933 0.000805879 0)
(0.25097 0.000826519 0)
(0.252641 0.000838418 0)
(0.25431 0.000836832 0)
(0.24667 0.0635927 -1.52258e-21)
(0.258032 0.0606539 -9.30027e-20)
(0.267627 0.0579874 0)
(0.27689 0.0539049 -8.63314e-20)
(0.28535 0.0484867 0)
(0.292778 0.0418894 -7.86994e-20)
(0.299058 0.0342828 3.86604e-20)
(0.30405 0.0258611 -1.14427e-21)
(0.30763 0.0168154 0)
(0.309711 0.0073345 0)
(0.248915 0.0566967 9.73602e-20)
(0.259646 0.0547162 0)
(0.267454 0.0521633 8.93412e-20)
(0.275025 0.0481998 0)
(0.282282 0.043118 -2.52047e-21)
(0.288751 0.0371032 4.1789e-20)
(0.294253 0.0302747 -7.79386e-23)
(0.298644 0.0227814 -1.09678e-21)
(0.301798 0.0147794 1.09492e-21)
(0.303623 0.00642625 4.07877e-21)
(0.25126 0.0507486 -9.63444e-20)
(0.261194 0.0486248 0)
(0.267962 0.0457802 -8.62166e-20)
(0.274271 0.0419564 -2.71119e-21)
(0.280411 0.0373101 8.17933e-20)
(0.285888 0.0319669 -3.93451e-20)
(0.290541 0.0259999 1.09384e-21)
(0.294261 0.0195087 -1.15018e-21)
(0.296934 0.0126082 0)
(0.298476 0.00542026 -8.20402e-21)
(0.253118 0.04532 0)
(0.262062 0.0431856 9.09762e-20)
(0.267965 0.040361 -2.70479e-21)
(0.273329 0.036799 5.29934e-21)
(0.278606 0.0325682 -8.6894e-20)
(0.283316 0.027782 2.5011e-21)
(0.287306 0.0225123 -3.77298e-20)
(0.290492 0.0168374 0)
(0.292778 0.0108462 -1.78209e-20)
(0.294089 0.00463337 4.65364e-21)
(0.254551 0.0402601 -9.29566e-20)
(0.262511 0.0382083 2.4089e-21)
(0.267693 0.0355129 -5.45092e-21)
(0.272333 0.0322496 5.27049e-21)
(0.276921 0.028439 -2.58967e-21)
(0.281014 0.0241771 -2.4066e-21)
(0.28447 0.0195332 3.56339e-21)
(0.287225 0.0145702 1.58588e-20)
(0.289196 0.0093578 1.84813e-20)
(0.29032 0.00397118 0)
(0.255606 0.0356566 1.83653e-19)
(0.262649 0.0337153 -1.7831e-19)
(0.267223 0.0312021 -2.66242e-21)
(0.271295 0.028244 2.66478e-21)
(0.275328 0.0248347 0)
(0.278927 0.0210538 3.91981e-20)
(0.281957 0.016967 1.15888e-21)
(0.284367 0.0126264 -2.04701e-20)
(0.286087 0.00808802 1.11464e-21)
(0.287061 0.00341218 -4.18124e-21)
(0.256343 0.0314923 -9.07168e-20)
(0.262567 0.0296716 9.10797e-20)
(0.266634 0.0273624 -5.36778e-21)
(0.270252 0.0247024 2.65158e-21)
(0.273834 0.0216698 4.04749e-20)
(0.277032 0.0183295 -2.47241e-21)
(0.279721 0.0147412 4.02824e-20)
(0.281855 0.0109488 0)
(0.283375 0.00699778 8.77167e-21)
(0.28423 0.00293727 4.20186e-21)
(0.256819 0.0277277 0)
(0.26233 0.0260382 0)
(0.265981 0.0239393 0)
(0.269233 0.0215625 4.40792e-20)
(0.272447 0.0188783 -8.34348e-20)
(0.275319 0.0159388 -5.99639e-23)
(0.277732 0.0127968 -1.78462e-20)
(0.279645 0.00948924 -2.2895e-21)
(0.281004 0.00605345 -1.65007e-20)
(0.281765 0.00252962 0)
(0.257089 0.0243238 -4.40456e-20)
(0.261989 0.022772 0)
(0.265301 0.0208808 -2.60703e-21)
(0.268259 0.0187696 -3.62635e-20)
(0.271173 0.0164053 3.78256e-20)
(0.273778 0.0138293 -3.92606e-20)
(0.275968 0.0110873 -1.90261e-20)
(0.277703 0.00821035 -1.1262e-21)
(0.278932 0.0052291 1.88377e-20)
(0.279617 0.00217661 0)
(0.257204 0.0212414 8.71198e-20)
(0.261582 0.0198303 0)
(0.264622 0.0181394 -2.59022e-21)
(0.267345 0.0162755 -3.60359e-20)
(0.270014 0.0142041 -2.55933e-21)
(0.272402 0.0119575 2.4093e-21)
(0.274411 0.00957481 1.77891e-20)
(0.276001 0.00708192 -2.07443e-20)
(0.277126 0.00450405 -8.30585e-21)
(0.27775 0.00186833 5.45739e-22)
(0.257206 0.0184423 -4.17563e-20)
(0.261142 0.0171719 1.27046e-21)
(0.263965 0.015672 -2.65165e-21)
(0.266502 0.0140375 4.36283e-20)
(0.268972 0.0122343 -2.5548e-21)
(0.271184 0.0102867 0)
(0.273045 0.00822775 -1.66083e-23)
(0.274517 0.00607916 8.91359e-24)
(0.275557 0.00386147 -8.93677e-21)
(0.276132 0.00159686 0)
(0.257131 0.0158901 -1.31122e-21)
(0.260694 0.014759 3.92768e-21)
(0.263346 0.01344 -5.194e-21)
(0.265736 0.0120184 5.11365e-21)
(0.268046 0.0104609 -2.55064e-21)
(0.270114 0.00878538 -2.41187e-21)
(0.271856 0.00701959 -1.55329e-20)
(0.273232 0.00518142 1.6256e-20)
(0.274203 0.00328751 1.91013e-20)
(0.274738 0.00135576 0)
(0.257007 0.0135509 0)
(0.260257 0.0125565 -4.17118e-20)
(0.262776 0.011409 0)
(0.265053 0.010185 2.03713e-20)
(0.267234 0.0088533 0)
(0.269187 0.00742657 0)
(0.270831 0.00592768 1.17686e-21)
(0.27213 0.00437128 -1.18674e-21)
(0.273046 0.00277058 -9.02044e-21)
(0.273548 0.00113976 0)
(0.256858 0.0113931 4.02923e-20)
(0.259849 0.0105324 4.27384e-20)
(0.262264 0.00954767 0)
(0.264455 0.00850776 2.4743e-21)
(0.266534 0.00738464 -2.25547e-20)
(0.268394 0.00618668 -2.415e-21)
(0.269961 0.00493252 -7.1603e-21)
(0.271198 0.00363387 -1.14729e-21)
(0.272068 0.00230089 -3.37582e-21)
(0.272544 0.000944438 0)
(0.256702 0.00938773 -6.17476e-20)
(0.25948 0.00865744 -2.05238e-20)
(0.261817 0.00782781 -2.51506e-21)
(0.263943 0.00696028 -1.51988e-20)
(0.265944 0.00603093 3.74566e-20)
(0.26773 0.00504496 0)
(0.269236 0.00401711 1.08161e-20)
(0.270423 0.00295635 -1.19485e-21)
(0.271256 0.00187006 4.55203e-21)
(0.271711 0.000766088 1.09822e-21)
(0.256552 0.00750821 2.0374e-20)
(0.259161 0.00690503 2.28956e-20)
(0.26144 0.00622374 1.52264e-20)
(0.26352 0.00551875 2.56162e-21)
(0.265461 0.00477102 -1.99851e-20)
(0.26719 0.00398339 0)
(0.268647 0.00316691 9.64883e-21)
(0.269794 0.00232787 -5.86455e-21)
(0.270599 0.00147107 1.16492e-21)
(0.271037 0.000601674 -1.10388e-21)
(0.256419 0.00572991 2.01517e-20)
(0.258899 0.00525014 0)
(0.261139 0.00471137 -2.27048e-20)
(0.263187 0.0041612 1.5086e-20)
(0.265084 0.00358571 -2.53413e-21)
(0.26677 0.00298586 2.42054e-21)
(0.268189 0.00236904 -1.09503e-20)
(0.269304 0.00173892 -2.36112e-21)
(0.270084 0.00109792 1.17012e-21)
(0.270508 0.000448789 0)
(0.256314 0.00403028 -8.75724e-21)
(0.258704 0.00366869 1.20062e-21)
(0.260919 0.00326632 -2.54989e-21)
(0.262948 0.00286442 2.46036e-21)
(0.264813 0.00245406 -2.53151e-21)
(0.266465 0.00203442 4.92641e-21)
(0.267853 0.00160894 0)
(0.268942 0.00117842 4.74496e-21)
(0.269702 0.00074301 -2.30707e-21)
(0.270114 0.000303331 5.57777e-22)
(0.256245 0.00239176 -9.88496e-21)
(0.258581 0.0021539 2.45463e-21)
(0.260785 0.00189947 -1.1375e-24)
(0.262802 0.0016551 -7.46668e-21)
(0.264643 0.00141169 -2.4883e-21)
(0.266267 0.00116674 -9.82399e-21)
(0.26763 0.000921307 3.66592e-21)
(0.268697 0.000675081 -2.17405e-23)
(0.269442 0.000427447 2.31826e-21)
(0.269844 0.000178084 -5.60694e-22)
(0.256248 0.000738733 0)
(0.258575 0.000557594 0)
(0.260775 0.000398148 -7.4625e-21)
(0.26277 0.000279523 2.54405e-21)
(0.264577 0.00019272 2.50114e-21)
(0.266168 0.000130055 2.48286e-21)
(0.267503 8.59463e-05 1.20366e-21)
(0.268548 5.51393e-05 -3.60557e-21)
(0.269278 3.29942e-05 1.1932e-21)
(0.269671 1.54822e-05 0)
)
;

boundaryField
{
    bottom
    {
        type            symmetryPlane;
    }
    right
    {
        type            zeroGradient;
    }
    top
    {
        type            symmetryPlane;
    }
    left
    {
        type            zeroGradient;
    }
    cylinder
    {
        type            noSlip;
    }
    defaultFaces
    {
        type            empty;
    }
}


// ************************************************************************* //
