/*--------------------------------*- C++ -*----------------------------------*\
| =========                 |                                                 |
| \\      /  F ield         | OpenFOAM: The Open Source CFD Toolbox           |
|  \\    /   O peration     | Version:  4.1                                   |
|   \\  /    A nd           | Web:      www.OpenFOAM.org                      |
|    \\/     M anipulation  |                                                 |
\*---------------------------------------------------------------------------*/
FoamFile
{
    version     2.0;
    format      ascii;
    class       volVectorField;
    location    "7.9";
    object      U;
}
// * * * * * * * * * * * * * * * * * * * * * * * * * * * * * * * * * * * * * //

dimensions      [0 1 -1 0 0 0 0];

internalField   nonuniform List<vector> 
2000
(
(-0.0418754 0.0356968 5.08642e-20)
(-0.0171125 0.04126 0)
(0.101938 0.0244423 8.16662e-20)
(0.299853 0.000336905 3.66576e-20)
(0.553896 -0.0210968 -6.83049e-20)
(0.830114 -0.0362563 -9.24936e-20)
(1.09656 -0.0436281 2.91765e-20)
(1.32501 -0.0506147 0)
(1.52483 -0.0461327 -2.36612e-20)
(1.64226 -0.0593649 0)
(-0.0369336 0.0281945 -2.51998e-20)
(0.0298727 0.0179987 2.24355e-20)
(0.218921 -0.00470934 -8.62413e-20)
(0.497228 -0.0250268 -1.15376e-19)
(0.814644 -0.0357984 -9.7994e-22)
(1.11881 -0.0378109 3.04339e-20)
(1.37475 -0.0346255 -2.90885e-20)
(1.57063 -0.0319274 -2.56029e-20)
(1.70826 -0.0259733 2.36604e-20)
(1.78079 -0.035629 4.07795e-20)
(-0.0244254 0.0185167 2.72024e-20)
(0.103824 -0.00682033 -2.54794e-20)
(0.380671 -0.0282789 4.33839e-20)
(0.736705 -0.0361227 -1.71119e-21)
(1.08858 -0.0315594 3.51585e-20)
(1.37989 -0.0213926 3.16897e-20)
(1.59195 -0.0113883 2.85121e-20)
(1.7304 -0.00590307 2.56027e-20)
(1.81199 -0.00207746 2.19824e-20)
(1.86093 -0.0100334 -1.94422e-20)
(-0.00154339 0.00698364 -7.48453e-22)
(0.20994 -0.0296602 -2.72066e-20)
(0.582927 -0.0394734 0)
(0.992321 -0.0285301 3.86287e-20)
(1.33732 -0.00979844 -3.78222e-20)
(1.58214 0.0071074 0)
(1.73483 0.0178946 0)
(1.82029 0.0216248 0)
(1.86684 0.0224787 -2.19837e-20)
(1.886 0.0137989 3.73769e-20)
(0.0346063 -0.00525918 6.45249e-20)
(0.34995 -0.0445081 6.21541e-23)
(0.80913 -0.0325065 2.55726e-20)
(1.23221 -0.0027199 2.04226e-20)
(1.53545 0.0242084 1.88594e-20)
(1.71991 0.0415179 1.59853e-20)
(1.81875 0.0491382 0)
(1.86735 0.0497202 1.14834e-20)
(1.88993 0.046829 -4.84845e-20)
(1.90373 0.0372812 6.33763e-20)
(0.0864218 -0.015907 -1.01422e-19)
(0.518868 -0.0442176 2.08313e-21)
(1.03454 -0.00567186 -5.08074e-20)
(1.4334 0.0372959 4.56013e-20)
(1.67791 0.0655326 -5.47492e-20)
(1.80537 0.0789133 1.77084e-20)
(1.86362 0.0817697 0)
(1.88818 0.0784474 -1.14844e-20)
(1.9006 0.072113 9.76666e-21)
(1.90928 0.0626771 2.90125e-20)
(0.15476 -0.0216492 0)
(0.703522 -0.0237205 0)
(1.23724 0.0387591 -2.60945e-20)
(1.58777 0.0872115 2.42916e-20)
(1.77193 0.111403 -1.76101e-20)
(1.85281 0.118423 1.65336e-20)
(1.88304 0.11572 2.34382e-20)
(1.89432 0.108337 -2.21548e-20)
(1.90109 0.0989493 -1.57551e-20)
(1.90902 0.0888864 7.53594e-21)
(0.237993 -0.018872 1.99935e-20)
(0.886152 0.0178098 0)
(1.40493 0.0970355 -1.23041e-20)
(1.69708 0.143837 4.5924e-20)
(1.8273 0.160284 -2.87602e-20)
(1.87326 0.159617 0)
(1.88581 0.151128 0)
(1.8899 0.139599 0)
(1.89495 0.127306 -1.32932e-20)
(1.9026 0.116438 1.26362e-20)
(0.331499 -0.00465274 -1.02258e-20)
(1.05088 0.077515 -3.73535e-22)
(1.53341 0.165361 -1.41864e-20)
(1.76677 0.204844 5.42036e-21)
(1.85262 0.211145 5.14642e-21)
(1.87412 0.202204 7.3567e-21)
(1.8762 0.187834 0)
(1.87718 0.172109 -1.70649e-21)
(1.88172 0.157055 -6.39712e-21)
(1.88951 0.144389 4.9059e-21)
(0.428318 0.0224976 0)
(1.18764 0.150928 -8.7747e-21)
(1.62293 0.240189 0)
(1.80278 0.268401 -3.05942e-21)
(1.85435 0.263135 -2.82912e-21)
(1.85971 0.245685 -3.27178e-21)
(1.85627 0.225375 0)
(1.8563 0.205347 1.70667e-21)
(1.86133 0.187401 1.23573e-21)
(1.86972 0.172302 5.1714e-22)
(-0.0100705 0.009567 0)
(-0.0397112 0.0174447 -4.53653e-21)
(-0.0811849 0.0200056 0)
(-0.120898 0.0202936 -5.96987e-21)
(-0.156393 0.0195932 -1.89439e-21)
(-0.187588 0.0185154 3.55188e-21)
(-0.214708 0.0173811 -3.345e-21)
(-0.238174 0.0163792 3.20401e-21)
(-0.258662 0.0156777 8.97231e-24)
(-0.277389 0.0154638 2.88542e-21)
(-0.0116745 0.0274491 -1.43676e-20)
(-0.0405015 0.0504003 8.98446e-21)
(-0.0785059 0.0580537 -8.53077e-21)
(-0.113808 0.0589329 3.9575e-21)
(-0.144285 0.0567546 1.88358e-20)
(-0.16981 0.0533223 -7.07777e-21)
(-0.190531 0.049602 0)
(-0.206714 0.0462045 -3.19323e-21)
(-0.218733 0.0436697 -3.03694e-21)
(-0.22819 0.0426279 0)
(-0.0146053 0.0418464 9.58297e-21)
(-0.0421582 0.0779186 0)
(-0.0739529 0.0904355 2.57983e-20)
(-0.101247 0.091919 -3.22927e-20)
(-0.122556 0.0881128 7.60365e-21)
(-0.137789 0.0818796 0)
(-0.147037 0.0747816 0)
(-0.150437 0.0678953 0)
(-0.147724 0.0622275 2.47117e-20)
(-0.139988 0.0591022 -2.34855e-20)
(-0.018357 0.0514034 0)
(-0.044728 0.0975079 -1.88747e-20)
(-0.06875 0.114178 3.50791e-20)
(-0.0855872 0.116157 -1.63798e-20)
(-0.0947313 0.110608 1.55436e-20)
(-0.0963035 0.101205 -4.39814e-20)
(-0.090422 0.0899132 -1.46464e-22)
(-0.0774011 0.0780678 2.63103e-20)
(-0.0567591 0.0673242 2.49136e-20)
(-0.0246581 0.0614485 -3.55028e-20)
(-0.022443 0.0559497 2.02265e-20)
(-0.0481426 0.10806 -3.86996e-20)
(-0.0639026 0.127427 -1.32513e-22)
(-0.0687846 0.129405 1.54167e-22)
(-0.063471 0.121952 1.57137e-20)
(-0.0484501 0.109279 -4.44871e-20)
(-0.023931 0.0935114 0)
(0.00968032 0.0759703 -1.33338e-20)
(0.0525338 0.0586481 1.26154e-20)
(0.112638 0.047197 -4.80471e-20)
(-0.0265886 0.0563277 -2.85581e-22)
(-0.0520946 0.109865 3.91894e-20)
(-0.0595151 0.129628 1.80532e-20)
(-0.0510733 0.130393 1.7287e-20)
(-0.0285823 0.120487 1.58018e-20)
(0.00714036 0.104456 1.4897e-20)
(0.0558836 0.0845743 0)
(0.117288 0.0621829 1.33327e-20)
(0.187157 0.0381485 3.74387e-20)
(0.290779 0.0191141 -1.2347e-20)
(-0.0307871 0.0539598 5.32416e-23)
(-0.0558367 0.104416 2.01869e-20)
(-0.0539386 0.1215 0)
(-0.0295018 0.119075 -3.38846e-20)
(0.0151234 0.105612 3.20609e-20)
(0.0788614 0.0858313 0)
(0.161088 0.0623166 0)
(0.262237 0.0373883 0)
(0.364424 0.00897892 -2.52924e-20)
(0.529503 -0.0149145 -4.77993e-20)
(-0.0350374 0.0502605 -2.20843e-20)
(-0.0578272 0.0936505 2.06869e-20)
(-0.0430486 0.104756 3.80586e-20)
(0.00357221 0.0969652 4.41315e-22)
(0.0796145 0.0788036 3.23783e-20)
(0.183267 0.055201 3.02058e-20)
(0.311343 0.028943 2.83245e-20)
(0.463927 0.00445591 2.6569e-20)
(0.60313 -0.0241117 2.52888e-20)
(0.833153 -0.0453184 -2.32286e-20)
(-0.0390308 0.0460615 -6.92489e-20)
(-0.0551405 0.0791438 -2.05838e-20)
(-0.0197686 0.0816257 -7.63299e-20)
(0.0604225 0.0670007 -3.50293e-20)
(0.182131 0.0441529 3.9501e-22)
(0.339836 0.01835 -2.99565e-20)
(0.523983 -0.00722406 2.84931e-20)
(0.72668 -0.02837 -2.65651e-20)
(0.905948 -0.0512126 2.48977e-20)
(1.16532 -0.0621429 -4.70003e-20)
(-0.0418452 0.0414032 4.65539e-20)
(-0.0434001 0.0616688 0)
(0.0252442 0.0541868 3.89063e-20)
(0.155327 0.0331264 -5.31014e-23)
(0.338541 0.0081462 5.30505e-22)
(0.558952 -0.0155054 3.03122e-20)
(0.796543 -0.0341713 -8.55946e-20)
(1.02765 -0.0495006 0)
(1.23734 -0.0595135 -2.4894e-20)
(1.45513 -0.0625788 0)
(-0.295416 0.0155593 0)
(-0.314215 0.0143215 -2.82633e-21)
(-0.331081 0.0128132 5.66032e-21)
(-0.34607 0.011198 -2.47892e-21)
(-0.359053 0.00945994 0)
(-0.369809 0.00759217 2.72462e-21)
(-0.378101 0.00559278 -2.73813e-21)
(-0.383695 0.00347392 0)
(-0.386408 0.00124059 0)
(-0.38616 -0.00118816 3.05782e-22)
(-0.382805 -0.00378126 0)
(-0.376062 -0.0065393 0)
(-0.365676 -0.00947932 0)
(-0.351345 -0.0126351 0)
(-0.33267 -0.0160655 -3.37531e-22)
(-0.309313 -0.0198432 3.39281e-22)
(-0.281291 -0.0239392 0)
(-0.247845 -0.0280633 -6.10783e-23)
(-0.204075 -0.0319806 6.13997e-23)
(-0.149542 -0.0358335 0)
(-0.238511 0.0428883 0)
(-0.253313 0.0392294 7.22335e-22)
(-0.265957 0.0348663 0)
(-0.276792 0.0301756 1.09888e-20)
(-0.285832 0.0251123 -1.06788e-20)
(-0.292846 0.0196702 7.07298e-22)
(-0.297578 0.0138591 -5.39741e-21)
(-0.299785 0.00767235 1.13325e-20)
(-0.299483 0.00107716 -9.63085e-21)
(-0.296502 -0.00601911 5.37377e-21)
(-0.290605 -0.0135437 4.48241e-21)
(-0.281612 -0.0214858 -8.08792e-21)
(-0.269354 -0.029868 4.15749e-21)
(-0.253664 -0.0387506 2.10577e-21)
(-0.23434 -0.0482551 -1.65838e-21)
(-0.21119 -0.0585763 3.32122e-22)
(-0.184341 -0.0697743 2.6208e-22)
(-0.153923 -0.0812027 2.70591e-22)
(-0.116376 -0.0915833 -2.71903e-22)
(-0.0647771 -0.100417 1.68208e-23)
(-0.137938 0.0601197 -7.35767e-22)
(-0.145428 0.0538729 -7.23604e-22)
(-0.150392 0.0472473 -7.37244e-22)
(-0.153809 0.0399394 0)
(-0.155833 0.0319782 -1.29384e-20)
(-0.15619 0.0233986 1.01049e-20)
(-0.15465 0.0142242 0)
(-0.151101 0.00447274 -1.37111e-21)
(-0.145567 -0.00609395 -6.52769e-22)
(-0.137756 -0.0173181 8.61163e-21)
(-0.127444 -0.0291338 -6.22038e-22)
(-0.114557 -0.041504 -1.04637e-20)
(-0.0990156 -0.0544027 -5.29403e-22)
(-0.0807822 -0.0678294 -4.52359e-22)
(-0.0598751 -0.0818343 -4.18601e-22)
(-0.0363672 -0.096558 8.94764e-22)
(-0.0104215 -0.112197 -8.40287e-22)
(0.0175238 -0.128591 -9.35147e-22)
(0.0482558 -0.14407 -1.89099e-22)
(0.0924125 -0.156602 2.26922e-23)
(-0.00852253 0.0606963 -2.30611e-20)
(-0.00788328 0.0543262 9.19489e-23)
(-0.00263028 0.0465254 8.07303e-22)
(0.00315691 0.0372441 2.38617e-20)
(0.00994197 0.0271233 2.22335e-21)
(0.0179481 0.0162503 7.2324e-22)
(0.0273866 0.00452653 -2.12894e-20)
(0.0380023 -0.00829521 1.24306e-20)
(0.0500323 -0.0220782 1.11069e-20)
(0.0639444 -0.0366116 -1.08924e-20)
(0.0796967 -0.0518669 6.06627e-22)
(0.0973202 -0.0677551 1.14157e-20)
(0.116833 -0.0841755 5.25001e-22)
(0.138188 -0.101025 4.63198e-21)
(0.161271 -0.118224 -3.23818e-21)
(0.185891 -0.135706 -2.60081e-21)
(0.211613 -0.153417 2.29194e-21)
(0.238317 -0.171533 0)
(0.264176 -0.189014 3.86437e-22)
(0.3019 -0.206032 2.89237e-23)
(0.143263 0.0453842 4.74804e-20)
(0.156395 0.0405795 -2.26833e-20)
(0.169056 0.0318837 2.42416e-20)
(0.183842 0.0214707 0)
(0.199911 0.0100996 -1.49149e-21)
(0.21663 -0.00231565 -2.36364e-20)
(0.233779 -0.0160366 -9.82898e-22)
(0.251656 -0.0310571 6.35e-22)
(0.27074 -0.0470135 2.26424e-20)
(0.290968 -0.0638944 1.32058e-21)
(0.312311 -0.0815949 0)
(0.334735 -0.0999432 -1.17518e-21)
(0.358195 -0.118763 0)
(0.382548 -0.137832 -9.78268e-22)
(0.407608 -0.15696 0)
(0.433201 -0.175924 0)
(0.458548 -0.194439 5.85834e-22)
(0.484701 -0.21259 -7.15008e-22)
(0.506233 -0.228841 6.32942e-22)
(0.539602 -0.247172 -1.77473e-22)
(0.330166 0.0190243 0)
(0.352689 0.014213 -1.52756e-21)
(0.371558 0.00536346 -4.88388e-20)
(0.393006 -0.00556711 4.7313e-20)
(0.416134 -0.0177361 -1.51504e-21)
(0.439574 -0.0312002 0)
(0.463334 -0.0460965 -2.34119e-20)
(0.487627 -0.0622063 4.47752e-20)
(0.512501 -0.0794749 -2.42179e-20)
(0.53788 -0.0977603 -1.35248e-21)
(0.563705 -0.116883 -1.28621e-21)
(0.589792 -0.13658 -1.20676e-21)
(0.616055 -0.156618 0)
(0.642186 -0.176635 6.55631e-21)
(0.667995 -0.196385 -1.49957e-20)
(0.693291 -0.215466 6.54677e-21)
(0.717007 -0.233504 -6.04801e-22)
(0.741125 -0.250532 -4.44705e-22)
(0.758647 -0.264512 1.82122e-22)
(0.786271 -0.2804 -1.78809e-22)
(0.56991 -0.0133982 4.77052e-20)
(0.597048 -0.0177469 0)
(0.61832 -0.027398 -1.53001e-21)
(0.641756 -0.0390874 3.04465e-21)
(0.667834 -0.0516743 3.02325e-21)
(0.694774 -0.0655305 1.49171e-21)
(0.721926 -0.080884 1.46753e-21)
(0.749297 -0.0976029 -2.13007e-20)
(0.77691 -0.115498 2.54787e-20)
(0.804498 -0.13434 2.36191e-20)
(0.831946 -0.153928 -1.96301e-20)
(0.858795 -0.173888 2.37466e-21)
(0.885062 -0.19398 -8.36487e-21)
(0.910041 -0.213664 1.88688e-21)
(0.933922 -0.232774 9.1642e-21)
(0.955902 -0.250626 7.2801e-22)
(0.975819 -0.267062 -8.75252e-22)
(0.994362 -0.2817 1.07813e-21)
(1.00742 -0.293089 1.65938e-21)
(1.02533 -0.304603 8.5001e-23)
(0.865974 -0.0420854 0)
(0.889797 -0.0470643 -4.93688e-20)
(0.908608 -0.0583058 5.06875e-20)
(0.930188 -0.0705794 -1.52367e-21)
(0.954708 -0.0834831 -2.99294e-21)
(0.980283 -0.0978778 -1.49034e-21)
(1.00623 -0.113767 -2.89813e-21)
(1.03227 -0.130807 0)
(1.05825 -0.148809 -1.37812e-21)
(1.08358 -0.167512 -1.31962e-21)
(1.10825 -0.186724 -1.22192e-21)
(1.13135 -0.205961 -2.30595e-21)
(1.15335 -0.225052 0)
(1.17273 -0.243277 0)
(1.19087 -0.260679 -8.42732e-22)
(1.20519 -0.276216 -6.46436e-21)
(1.21851 -0.29027 4.47439e-21)
(1.22705 -0.301607 -4.00674e-22)
(1.2346 -0.310396 -8.32531e-22)
(1.23842 -0.317002 2.39488e-22)
(1.18624 -0.0603531 4.90148e-20)
(1.20222 -0.0682823 0)
(1.21658 -0.0805771 0)
(1.23385 -0.0932643 -4.75587e-20)
(1.25341 -0.106977 1.88843e-21)
(1.27377 -0.122121 9.23647e-20)
(1.29438 -0.138364 -4.41277e-20)
(1.31456 -0.155377 0)
(1.33413 -0.173039 0)
(1.35223 -0.191047 0)
(1.3692 -0.209222 6.26393e-22)
(1.38364 -0.227032 1.65929e-21)
(1.39686 -0.244398 1.53305e-20)
(1.40621 -0.260509 -1.47866e-20)
(1.41501 -0.275612 5.78929e-21)
(1.41807 -0.288412 -5.07864e-21)
(1.42258 -0.299828 0)
(1.41839 -0.307794 2.03885e-22)
(1.41975 -0.31421 2.3612e-22)
(1.40767 -0.316384 0)
(1.47759 -0.069296 -7.72281e-22)
(1.49293 -0.0806811 -4.83741e-20)
(1.50502 -0.092784 4.7871e-20)
(1.51648 -0.105307 0)
(1.52789 -0.118928 4.51774e-20)
(1.53902 -0.133531 -8.87263e-20)
(1.54977 -0.148902 4.35641e-20)
(1.5594 -0.164907 0)
(1.56806 -0.181448 1.95884e-20)
(1.57477 -0.198189 -3.78853e-20)
(1.58041 -0.214924 1.88798e-20)
(1.58316 -0.231125 -5.28668e-22)
(1.58522 -0.246699 0)
(1.58298 -0.260876 -1.29455e-20)
(1.58149 -0.273904 1.77273e-20)
(1.57331 -0.284553 -5.27958e-21)
(1.56934 -0.293836 -3.30758e-21)
(1.55407 -0.299555 2.33815e-21)
(1.55028 -0.304279 1.1069e-21)
(1.52563 -0.303835 0)
(1.74453 -0.062706 0)
(1.74024 -0.0754208 0)
(1.73453 -0.0866196 0)
(1.72923 -0.0985815 0)
(1.7256 -0.111786 0)
(1.72325 -0.1258 0)
(1.72179 -0.140284 0)
(1.71998 -0.155028 0)
(1.718 -0.169991 0)
(1.71456 -0.184952 0)
(1.71083 -0.199834 0)
(1.70457 -0.214216 0)
(1.69853 -0.228073 0)
(1.68845 -0.240775 0)
(1.68024 -0.252544 0)
(1.66539 -0.262416 0)
(1.65627 -0.271116 0)
(1.63535 -0.27707 0)
(1.62834 -0.281877 0)
(1.59841 -0.28295 0)
(1.83088 -0.0541594 0)
(1.83346 -0.0676129 0)
(1.83035 -0.0801735 0)
(1.8247 -0.0933344 0)
(1.81936 -0.107353 0)
(1.81458 -0.121861 0)
(1.81014 -0.136549 0)
(1.80484 -0.151198 0)
(1.79903 -0.165779 0)
(1.79152 -0.180101 0)
(1.78373 -0.194122 0)
(1.77346 -0.207469 0)
(1.76369 -0.220148 0)
(1.75005 -0.2316 0)
(1.73875 -0.24206 0)
(1.72103 -0.250668 0)
(1.70964 -0.258138 0)
(1.68664 -0.262997 0)
(1.67826 -0.266912 0)
(1.64727 -0.267108 0)
(1.88107 -0.0479871 0)
(1.88489 -0.0623512 0)
(1.88189 -0.0760602 0)
(1.87564 -0.0897307 0)
(1.86944 -0.1036 0)
(1.86369 -0.117572 0)
(1.85818 -0.131515 0)
(1.85161 -0.145269 0)
(1.84441 -0.1588 0)
(1.83538 -0.171939 0)
(1.8261 -0.18466 0)
(1.81437 -0.196657 0)
(1.80331 -0.207946 0)
(1.78851 -0.218072 0)
(1.77628 -0.227231 0)
(1.75782 -0.234736 0)
(1.74595 -0.241154 0)
(1.7227 -0.245335 0)
(1.71431 -0.248578 0)
(1.68356 -0.248782 0)
(1.9109 -0.0428548 0)
(1.91517 -0.0576608 0)
(1.91252 -0.0718319 0)
(1.90629 -0.0854343 0)
(1.89983 -0.0987524 0)
(1.89367 -0.111919 0)
(1.8877 -0.124956 0)
(1.88064 -0.137744 0)
(1.87295 -0.150241 0)
(1.86343 -0.162286 0)
(1.85373 -0.173863 0)
(1.84167 -0.184719 0)
(1.83039 -0.194877 0)
(1.81551 -0.203963 0)
(1.80333 -0.212139 0)
(1.78513 -0.218845 0)
(1.77354 -0.224532 0)
(1.75096 -0.228304 0)
(1.7429 -0.231158 0)
(1.71332 -0.231566 0)
(1.93134 -0.0391842 0)
(1.93578 -0.0537635 0)
(1.93373 -0.0677427 0)
(1.92799 -0.0809318 0)
(1.92167 -0.0935922 0)
(1.91545 -0.105949 0)
(1.90936 -0.118104 0)
(1.9022 -0.129972 0)
(1.89444 -0.141506 0)
(1.88491 -0.152553 0)
(1.87527 -0.163103 0)
(1.86335 -0.172945 0)
(1.8523 -0.182111 0)
(1.8378 -0.190285 0)
(1.82605 -0.19761 0)
(1.80849 -0.20362 0)
(1.79747 -0.20869 0)
(1.77583 -0.212099 0)
(1.76826 -0.214649 0)
(1.74006 -0.215147 0)
(1.94998 -0.0367507 0)
(1.95429 -0.0505831 0)
(1.9527 -0.0639527 0)
(1.94745 -0.0765289 0)
(1.94137 -0.088482 0)
(1.93517 -0.100035 0)
(1.92904 -0.11132 0)
(1.92187 -0.122283 0)
(1.91419 -0.132885 0)
(1.90478 -0.142985 0)
(1.89534 -0.15258 0)
(1.88368 -0.161488 0)
(1.87299 -0.169752 0)
(1.85894 -0.177099 0)
(1.8477 -0.183664 0)
(1.8308 -0.18905 0)
(1.82037 -0.193582 0)
(1.79962 -0.196664 0)
(1.79253 -0.198948 0)
(1.76558 -0.199493 0)
(1.97017 -0.0349175 0)
(1.974 -0.0477646 0)
(1.9726 -0.0603262 0)
(1.96768 -0.0721764 0)
(1.96179 -0.0833835 0)
(1.95558 -0.0941305 0)
(1.94938 -0.104559 0)
(1.94217 -0.114639 0)
(1.93452 -0.124347 0)
(1.9252 -0.133554 0)
(1.91592 -0.142264 0)
(1.90448 -0.150317 0)
(1.89409 -0.157762 0)
(1.88041 -0.164363 0)
(1.8696 -0.17025 0)
(1.85324 -0.175076 0)
(1.8433 -0.179132 0)
(1.82329 -0.181909 0)
(1.81659 -0.183959 0)
(1.79065 -0.184508 0)
(1.9924 -0.0332659 0)
(1.9955 -0.045076 0)
(1.99403 -0.056742 0)
(1.9893 -0.067792 0)
(1.98352 -0.0782169 0)
(1.97725 -0.0881555 0)
(1.97093 -0.0977454 0)
(1.96361 -0.106973 0)
(1.95592 -0.115829 0)
(1.94662 -0.124198 0)
(1.93742 -0.132087 0)
(1.9261 -0.139354 0)
(1.91591 -0.146054 0)
(1.90248 -0.151976 0)
(1.89198 -0.15725 0)
(1.876 -0.161566 0)
(1.86643 -0.165194 0)
(1.84694 -0.167681 0)
(1.84054 -0.169518 0)
(1.81535 -0.170037 0)
(2.01594 -0.0316337 0)
(2.0182 -0.0424046 0)
(2.01653 -0.0531242 0)
(2.01188 -0.0633186 0)
(2.00614 -0.072929 0)
(1.99978 -0.0820552 0)
(1.99331 -0.0908227 0)
(1.98582 -0.0992271 0)
(1.97803 -0.107269 0)
(1.96867 -0.114845 0)
(1.95947 -0.121967 0)
(1.94819 -0.128505 0)
(1.9381 -0.134517 0)
(1.92481 -0.139816 0)
(1.91451 -0.144529 0)
(1.89877 -0.148377 0)
(1.88946 -0.151612 0)
(1.87032 -0.153827 0)
(1.86415 -0.155466 0)
(1.83947 -0.155934 0)
(2.03992 -0.0299317 0)
(2.0413 -0.0396627 0)
(2.03935 -0.0494061 0)
(2.03469 -0.058709 0)
(2.02894 -0.0674824 0)
(2.02247 -0.0757933 0)
(2.01582 -0.0837519 0)
(2.00815 -0.091357 0)
(2.00022 -0.0986163 0)
(1.99074 -0.105437 0)
(1.9815 -0.111833 0)
(1.97019 -0.117686 0)
(1.96014 -0.123059 0)
(1.94689 -0.127779 0)
(1.93671 -0.131975 0)
(1.9211 -0.135389 0)
(1.91196 -0.138263 0)
(1.89304 -0.140222 0)
(1.88702 -0.141678 0)
(1.86268 -0.142086 0)
(2.06353 -0.0280718 0)
(2.06406 -0.0367716 0)
(2.06176 -0.0455318 0)
(2.05704 -0.0539277 0)
(2.05125 -0.0618526 0)
(2.04464 -0.0693483 0)
(2.03781 -0.0765091 0)
(2.02994 -0.0833347 0)
(2.02185 -0.0898368 0)
(2.01224 -0.0959318 0)
(2.00292 -0.101637 0)
(1.99153 -0.106843 0)
(1.98147 -0.111614 0)
(1.9682 -0.115794 0)
(1.95809 -0.119506 0)
(1.94253 -0.122517 0)
(1.9335 -0.125056 0)
(1.91469 -0.126774 0)
(1.90878 -0.12806 0)
(1.88466 -0.128405 0)
(2.08614 -0.0259932 0)
(2.08585 -0.0336843 0)
(2.08318 -0.0414695 0)
(2.07835 -0.048956 0)
(2.0725 -0.0560292 0)
(2.06576 -0.062712 0)
(2.05874 -0.0690851 0)
(2.05066 -0.0751477 0)
(2.04241 -0.0809137 0)
(2.03264 -0.0863081 0)
(2.02323 -0.0913495 0)
(2.01174 -0.0959395 0)
(2.00164 -0.10014 0)
(1.98832 -0.10381 0)
(1.97823 -0.107068 0)
(1.96266 -0.109701 0)
(1.9537 -0.111924 0)
(1.93494 -0.113419 0)
(1.9291 -0.114543 0)
(1.9051 -0.114829 0)
(2.10725 -0.0236744 0)
(2.10618 -0.0303849 0)
(2.10313 -0.0372085 0)
(2.09818 -0.0437891 0)
(2.09224 -0.0500115 0)
(2.08536 -0.0558858 0)
(2.07817 -0.0614804 0)
(2.0699 -0.066794 0)
(2.06148 -0.0718415 0)
(2.05156 -0.0765561 0)
(2.04204 -0.0809566 0)
(2.03044 -0.0849551 0)
(2.02028 -0.0886102 0)
(2.00689 -0.0917954 0)
(1.99679 -0.0946229 0)
(1.98119 -0.0968999 0)
(1.97227 -0.0988252 0)
(1.9535 -0.100109 0)
(1.94771 -0.101081 0)
(1.92376 -0.101312 0)
(2.12645 -0.0211153 0)
(2.12467 -0.0268723 0)
(2.12126 -0.0327489 0)
(2.11617 -0.0384299 0)
(2.11015 -0.0438053 0)
(2.10313 -0.0488767 0)
(2.09578 -0.0537017 0)
(2.08732 -0.058279 0)
(2.07875 -0.0626228 0)
(2.06868 -0.0666749 0)
(2.05905 -0.0704533 0)
(2.04734 -0.0738804 0)
(2.03712 -0.0770105 0)
(2.02364 -0.0797321 0)
(2.01352 -0.0821477 0)
(1.99786 -0.0840865 0)
(1.98895 -0.0857283 0)
(1.97016 -0.0868136 0)
(1.9644 -0.087642 0)
(1.94046 -0.0878235 0)
(2.14345 -0.0183247 0)
(2.14103 -0.0231531 0)
(2.13729 -0.0280976 0)
(2.13205 -0.0328868 0)
(2.12595 -0.037421 0)
(2.11881 -0.0416963 0)
(2.11131 -0.0457606 0)
(2.10268 -0.0496127 0)
(2.09396 -0.0532656 0)
(2.08376 -0.0566697 0)
(2.07403 -0.0598412 0)
(2.0622 -0.0627137 0)
(2.05191 -0.0653354 0)
(2.03835 -0.0676105 0)
(2.02819 -0.0696296 0)
(2.01247 -0.0712449 0)
(2.00357 -0.072615 0)
(1.98473 -0.0735133 0)
(1.97898 -0.0742035 0)
(1.95503 -0.0743422 0)
(2.15801 -0.0153173 0)
(2.15504 -0.0192399 0)
(2.151 -0.0232666 0)
(2.14563 -0.0271726 0)
(2.13944 -0.0308719 0)
(2.13219 -0.0343584 0)
(2.12456 -0.0376706 0)
(2.11578 -0.0408076 0)
(2.10694 -0.0437807 0)
(2.0966 -0.046549 0)
(2.08678 -0.0491264 0)
(2.07485 -0.051458 0)
(2.0645 -0.0535847 0)
(2.05085 -0.0554273 0)
(2.04066 -0.0570624 0)
(2.02487 -0.0583668 0)
(2.01596 -0.0594746 0)
(1.99707 -0.0601954 0)
(1.99133 -0.0607527 0)
(1.96735 -0.0608551 0)
(2.16995 -0.0121245 0)
(2.16653 -0.0151606 0)
(2.16224 -0.0182812 0)
(2.15675 -0.0213106 0)
(2.15048 -0.0241797 0)
(2.14313 -0.0268831 0)
(2.13538 -0.0294501 0)
(2.12647 -0.0318805 0)
(2.11752 -0.0341827 0)
(2.10708 -0.0363254 0)
(2.09717 -0.0383186 0)
(2.08515 -0.0401207 0)
(2.07474 -0.0417629 0)
(2.06102 -0.0431847 0)
(2.05079 -0.0444453 0)
(2.03494 -0.0454495 0)
(2.02602 -0.0463024 0)
(2.00707 -0.0468542 0)
(2.00134 -0.0472826 0)
(1.97732 -0.0473548 0)
(2.17911 -0.00879096 0)
(2.17534 -0.0109575 0)
(2.17084 -0.0131811 0)
(2.16525 -0.015338 0)
(2.15891 -0.0173792 0)
(2.15148 -0.0193025 0)
(2.14363 -0.021128 0)
(2.13462 -0.0228573 0)
(2.12558 -0.0244941 0)
(2.11505 -0.0260185 0)
(2.10507 -0.0274342 0)
(2.09299 -0.0287158 0)
(2.08253 -0.0298803 0)
(2.06874 -0.030891 0)
(2.05848 -0.0317831 0)
(2.04257 -0.0324969 0)
(2.03364 -0.0330985 0)
(2.01465 -0.0334903 0)
(2.00892 -0.0337908 0)
(1.98486 -0.0338394 0)
(2.18531 -0.0052683 0)
(2.1813 -0.0065949 0)
(2.17667 -0.00794298 0)
(2.17101 -0.00924299 0)
(2.16462 -0.0104679 0)
(2.15712 -0.011621 0)
(2.14921 -0.0127132 0)
(2.14013 -0.0137495 0)
(2.13102 -0.0147276 0)
(2.12042 -0.0156416 0)
(2.1104 -0.0164858 0)
(2.09826 -0.0172551 0)
(2.08776 -0.0179467 0)
(2.07393 -0.0185557 0)
(2.06365 -0.0190818 0)
(2.0477 -0.0195157 0)
(2.03876 -0.0198653 0)
(2.01973 -0.0201086 0)
(2.014 -0.0202777 0)
(1.98991 -0.0203122 0)
(2.18838 -0.00159642 0)
(2.18428 -0.00208535 0)
(2.17959 -0.00256774 0)
(2.1739 -0.00302445 0)
(2.16749 -0.00344889 0)
(2.15997 -0.00384523 0)
(2.15202 -0.00421739 0)
(2.1429 -0.0045696 0)
(2.13375 -0.00489953 0)
(2.12313 -0.00520843 0)
(2.11308 -0.00549093 0)
(2.10092 -0.00575055 0)
(2.0904 -0.00598009 0)
(2.07654 -0.0061864 0)
(2.06625 -0.00635887 0)
(2.05028 -0.00650782 0)
(2.04133 -0.00661966 0)
(2.02229 -0.00670615 0)
(2.01655 -0.00675735 0)
(1.99245 -0.00677269 0)
(1.88043 0.154053 -5.053e-22)
(1.89952 0.133177 0)
(1.91176 0.111522 3.2661e-22)
(1.91947 0.0892768 1.0422e-20)
(1.91955 0.0666477 -2.96082e-20)
(1.91778 0.0446417 0)
(1.90798 0.0218531 -3.63255e-20)
(1.88628 0.00175857 0)
(1.87916 -0.0213706 -4.26773e-20)
(1.74784 -0.0468519 6.66346e-22)
(1.89486 0.138869 6.72052e-23)
(1.91203 0.120812 -1.84877e-22)
(1.92366 0.101685 1.85251e-22)
(1.92936 0.0830731 -1.92794e-21)
(1.9325 0.0628198 1.0169e-20)
(1.92433 0.0444767 8.09816e-22)
(1.9304 0.0239853 0)
(1.89184 0.00509104 3.22991e-20)
(1.92367 -0.0118127 0)
(1.82529 -0.0385736 3.82362e-20)
(1.91427 0.123713 4.91156e-23)
(1.92738 0.107907 0)
(1.94006 0.0905893 2.10246e-22)
(1.93983 0.0742356 -2.02241e-21)
(1.94928 0.0563408 -1.09909e-20)
(1.93052 0.039495 0)
(1.94913 0.0230294 -2.42297e-20)
(1.90253 0.00336147 -3.30455e-20)
(1.936 -0.00877573 0)
(1.87336 -0.0327953 -3.78476e-20)
(1.93633 0.110421 -1.14644e-22)
(1.94507 0.0960999 -3.11211e-22)
(1.95988 0.0809313 0)
(1.95372 0.0657388 -7.0935e-21)
(1.96781 0.0508534 -5.73513e-22)
(1.94336 0.0341404 1.25374e-21)
(1.96328 0.0214194 2.36089e-20)
(1.92216 0.00191886 7.78175e-22)
(1.94224 -0.00852501 2.71719e-20)
(1.90251 -0.0282923 0)
(1.95937 0.0985638 0)
(1.96503 0.0853413 2.72972e-22)
(1.98075 0.0725719 1.03622e-21)
(1.97209 0.0580985 -4.68143e-22)
(1.98618 0.0460374 3.56296e-22)
(1.96314 0.0298154 5.78332e-22)
(1.97672 0.019258 1.7266e-20)
(1.94548 0.00169428 1.42817e-21)
(1.95369 -0.00876775 -3.83898e-21)
(1.92338 -0.0252274 -2.65394e-20)
(1.98236 0.0878583 5.6763e-22)
(1.98685 0.0756091 2.65095e-24)
(2.00142 0.0648642 -5.57502e-22)
(1.99367 0.0512888 -7.01154e-23)
(2.00454 0.0410739 4.6148e-21)
(1.98629 0.02623 0)
(1.99287 0.0164237 -1.90526e-20)
(1.96876 0.00137822 5.77235e-22)
(1.97086 -0.00935626 -4.45064e-20)
(1.9428 -0.023614 4.95067e-20)
(2.00493 0.0780394 -5.70423e-22)
(2.00957 0.066875 -7.29597e-22)
(2.02185 0.057531 -2.66668e-22)
(2.0164 0.0452282 1.35359e-21)
(2.02371 0.0359667 -1.0425e-21)
(2.0098 0.0229384 5.09833e-21)
(2.0122 0.0133375 -4.90186e-22)
(1.99155 0.000410237 1.0561e-21)
(1.9916 -0.0101492 2.00761e-20)
(1.96395 -0.0228239 -2.30017e-20)
(2.02705 0.0689807 0)
(2.03217 0.0590233 1.77532e-21)
(2.04226 0.0506176 -7.34092e-23)
(2.03883 0.039768 -1.31392e-21)
(2.04382 0.0310814 -1.12256e-21)
(2.03257 0.0197775 -8.69878e-21)
(2.03345 0.0105022 4.98588e-21)
(2.01444 -0.000845135 0)
(2.01421 -0.0107677 0)
(1.98729 -0.0222336 0)
(2.04859 0.0606541 0)
(2.05398 0.0519039 -2.06463e-21)
(2.06255 0.0442401 -1.00741e-22)
(2.06033 0.0347715 -2.33441e-22)
(2.06429 0.0266607 -2.27459e-21)
(2.05455 0.0167824 4.18016e-21)
(2.05522 0.00811911 -5.8864e-21)
(2.03758 -0.00201268 3.33865e-22)
(2.03744 -0.0111066 0)
(2.01201 -0.0215993 -7.46962e-21)
(2.06931 0.0530379 1.00136e-22)
(2.07468 0.045394 1.22359e-21)
(2.08231 0.0384445 1.50203e-21)
(2.08077 0.0301713 5.57638e-23)
(2.08438 0.0227483 5.9249e-24)
(2.07575 0.0140238 2.10404e-21)
(2.07656 0.00614071 -3.69535e-21)
(2.06052 -0.00299091 2.67877e-22)
(2.06038 -0.0112411 0)
(2.03712 -0.0208654 1.37469e-20)
(2.0889 0.0460834 0)
(2.0941 0.0394166 1.56666e-21)
(2.10111 0.0332024 3.69933e-22)
(2.10007 0.02595 0)
(2.10352 0.0192913 0)
(2.09602 0.011542 -1.7795e-21)
(2.0969 0.0044806 3.09658e-21)
(2.08272 -0.00376244 2.7814e-22)
(2.08244 -0.0111823 -1.06043e-22)
(2.0618 -0.0199667 -6.45434e-21)
(2.10708 0.0397208 0)
(2.11211 0.0339224 -3.12618e-21)
(2.11861 0.0284533 -2.36016e-21)
(2.11808 0.0221012 2.17102e-22)
(2.12136 0.0162266 -1.06247e-22)
(2.11508 0.00935565 8.22577e-23)
(2.1159 0.00310795 -2.39717e-22)
(2.10375 -0.00428796 -2.32804e-21)
(2.10323 -0.0108819 -3.59891e-22)
(2.08541 -0.0188309 1.37461e-22)
(2.12365 0.0338745 0)
(2.12857 0.0288686 1.73438e-21)
(2.13459 0.0241337 -1.3107e-22)
(2.13462 0.0186104 1.29986e-22)
(2.13767 0.0135081 0)
(2.13266 0.00747118 0)
(2.13334 0.0020199 0)
(2.12322 -0.00453765 2.69538e-21)
(2.12243 -0.0103158 -2.90202e-21)
(2.10743 -0.0174243 0)
(2.13846 0.0284717 0)
(2.14335 0.0242092 1.20662e-21)
(2.14891 0.0201856 1.27122e-21)
(2.14951 0.0154514 1.20056e-21)
(2.1523 0.0110988 -1.84644e-22)
(2.14853 0.00587809 4.65062e-22)
(2.14902 0.00120316 1.58759e-22)
(2.14086 -0.00451509 0)
(2.13977 -0.0094953 5.06841e-22)
(2.12745 -0.0157476 3.14868e-21)
(2.15144 0.0234475 -3.31145e-22)
(2.15632 0.019896 -1.00064e-21)
(2.16146 0.0165568 -1.65101e-21)
(2.16261 0.0125891 -8.53701e-22)
(2.16514 0.00896173 0)
(2.16251 0.00454961 -5.03387e-22)
(2.1628 0.000629521 -1.57617e-22)
(2.15643 -0.00424407 3.61594e-23)
(2.15506 -0.00844368 1.38474e-21)
(2.14517 -0.0138149 -4.28563e-21)
(2.1625 0.018748 3.32845e-22)
(2.1674 0.0158846 -8.55995e-22)
(2.17216 0.0132041 6.06001e-22)
(2.17381 0.00998784 -1.22496e-21)
(2.1761 0.00706192 0)
(2.17447 0.00345424 0)
(2.17457 0.000268821 -8.19005e-24)
(2.16975 -0.00375074 3.11707e-22)
(2.16813 -0.00718341 8.06931e-22)
(2.16035 -0.0116444 1.24492e-21)
(2.17161 0.0142991 0)
(2.17651 0.0121144 1.34823e-21)
(2.18096 0.0100752 -4.01091e-22)
(2.18301 0.00760095 1.1465e-21)
(2.18509 0.00535573 2.63763e-22)
(2.18429 0.00255041 -8.70737e-23)
(2.18422 8.22739e-05 9.99925e-23)
(2.18069 -0.00307212 -2.48028e-22)
(2.17884 -0.00574949 0)
(2.1728 -0.00927073 0)
(2.17869 0.010057 0)
(2.18358 0.00855177 5.79267e-22)
(2.18777 0.00714363 -8.83381e-22)
(2.19012 0.00540469 0)
(2.19203 0.00382234 -4.75708e-22)
(2.19185 0.00181505 -1.04538e-22)
(2.19165 4.68867e-05 -1.82885e-22)
(2.18909 -0.0022388 2.78719e-23)
(2.18706 -0.00417509 1.18057e-23)
(2.18236 -0.00674151 -3.76592e-23)
(2.1836 0.00601775 0)
(2.18845 0.00518199 -5.82047e-22)
(2.19244 0.00440435 -4.34933e-22)
(2.19498 0.00340925 4.97893e-22)
(2.19676 0.00249242 1.84405e-22)
(2.197 0.00129334 1.57435e-22)
(2.19669 0.000223319 3.29023e-22)
(2.1948 -0.00118454 -5.86167e-23)
(2.19263 -0.00239022 -1.49741e-23)
(2.18884 -0.00399495 0)
(2.18612 0.00188468 0)
(2.19094 0.00172995 2.68332e-22)
(2.19482 0.0015881 -2.39244e-22)
(2.19744 0.00135228 2.04598e-22)
(2.19915 0.00111728 0)
(2.19959 0.000757821 -1.58221e-22)
(2.19923 0.000414055 5.18076e-23)
(2.19765 -7.1168e-05 -1.95431e-23)
(2.19541 -0.000511812 0)
(2.19205 -0.00110648 0)
(1.29067 0.32162 0)
(1.25027 0.352296 -4.69336e-20)
(1.21938 0.391983 0)
(1.19477 0.442091 -1.54471e-19)
(1.17307 0.502044 6.13383e-20)
(1.15255 0.574112 3.06811e-21)
(1.13164 0.660239 4.22352e-20)
(1.0924 0.751 -1.08961e-20)
(0.957951 0.779755 0)
(0.558606 0.498131 2.96083e-20)
(1.36749 0.323359 8.37822e-20)
(1.33045 0.362017 4.69317e-20)
(1.30508 0.400515 -4.15991e-20)
(1.28532 0.448938 5.22009e-20)
(1.26867 0.508205 -3.76765e-20)
(1.25485 0.579533 1.06378e-20)
(1.24221 0.664143 -4.57187e-20)
(1.20966 0.750968 -8.23689e-20)
(1.06907 0.77156 -2.17235e-20)
(0.621136 0.481411 -4.16582e-20)
(1.4415 0.319532 -3.43122e-20)
(1.41114 0.360265 3.49206e-20)
(1.39057 0.398107 4.15972e-20)
(1.37431 0.445666 4.1504e-20)
(1.36203 0.504178 4.08217e-20)
(1.35462 0.574002 3.90741e-20)
(1.34957 0.655519 1.24098e-20)
(1.3218 0.735606 2.88736e-20)
(1.17167 0.74553 2.25442e-21)
(0.673193 0.450883 -2.40655e-21)
(1.51583 0.312566 6.86866e-20)
(1.49086 0.352804 -3.49187e-20)
(1.47368 0.389104 0)
(1.4602 0.434859 0)
(1.45188 0.491321 0)
(1.45027 0.558249 1.94037e-20)
(1.45148 0.63492 -8.63531e-21)
(1.42548 0.705643 0)
(1.26136 0.702482 -6.35747e-21)
(0.709711 0.40739 1.63588e-20)
(1.58716 0.301952 -9.43771e-21)
(1.56635 0.340233 4.0791e-20)
(1.55195 0.374551 0)
(1.54115 0.417755 0)
(1.53657 0.47089 6.69041e-21)
(1.54 0.533516 3.89221e-21)
(1.54563 0.603855 1.12526e-20)
(1.51785 0.66188 -6.41836e-21)
(1.33292 0.644446 -2.92596e-20)
(0.728233 0.355453 -6.3952e-21)
(1.65236 0.287593 2.83623e-20)
(1.63526 0.322718 1.0804e-20)
(1.62345 0.354731 0)
(1.61539 0.394926 0)
(1.61439 0.443748 -1.24958e-20)
(1.622 0.50059 2.29168e-21)
(1.62988 0.562738 5.75628e-21)
(1.59521 0.607358 -8.55863e-23)
(1.38105 0.574049 3.61018e-20)
(0.72768 0.29666 2.43295e-20)
(1.71083 0.26965 -1.2555e-20)
(1.69685 0.300601 1.32098e-20)
(1.68724 0.330107 7.35716e-21)
(1.68173 0.366914 -7.78339e-21)
(1.68379 0.410746 1.26172e-21)
(1.69425 0.460722 -1.34382e-21)
(1.70107 0.513018 1.11871e-20)
(1.65286 0.543715 -1.20153e-20)
(1.40376 0.494785 0)
(0.706588 0.234005 0)
(1.76177 0.248505 -7.07848e-21)
(1.75049 0.275071 7.4478e-21)
(1.74262 0.301798 0)
(1.73924 0.33495 0)
(1.74373 0.373186 0)
(1.75513 0.415427 -5.01879e-21)
(1.7565 0.456802 2.56352e-20)
(1.68758 0.472773 -2.7537e-20)
(1.39835 0.409407 0)
(0.664063 0.171428 -1.87392e-20)
(1.80582 0.224955 -1.01795e-21)
(1.796 0.246425 1.27637e-21)
(1.7892 0.270827 6.42478e-22)
(1.78758 0.299905 0)
(1.79354 0.332263 4.11458e-21)
(1.80318 0.366478 -1.1799e-20)
(1.79382 0.39612 0)
(1.69646 0.396795 4.63301e-21)
(1.36174 0.321077 -1.69433e-20)
(0.600992 0.112958 2.79372e-20)
(1.84225 0.199428 0)
(1.83294 0.217408 -2.05275e-22)
(1.82706 0.238485 -6.42416e-22)
(1.82665 0.263016 0)
(1.83244 0.289351 -2.73265e-21)
(1.8369 0.315285 3.95623e-21)
(1.81037 0.332744 2.08518e-21)
(1.67613 0.318341 6.21079e-21)
(1.29175 0.233553 8.3277e-21)
(0.520575 0.0623113 0)
(0.673371 0.0197644 -1.94137e-20)
(0.64527 0.022586 2.06563e-20)
(0.611136 0.0259104 1.11361e-20)
(0.569704 0.0297543 1.22233e-20)
(0.519235 0.0342719 -1.29793e-20)
(0.457239 0.0396768 -2.15304e-20)
(0.380584 0.0461637 7.76956e-21)
(0.28287 0.0532841 -1.72153e-20)
(0.156415 0.056553 -1.89631e-20)
(0.0455806 0.0382723 0)
(0.687328 0.0590288 0)
(0.659513 0.0673902 -1.03246e-20)
(0.625386 0.0772972 -1.1099e-20)
(0.584092 0.0887557 0)
(0.534084 0.102211 2.62348e-20)
(0.472896 0.118308 1.42547e-20)
(0.397402 0.137649 0)
(0.301027 0.158896 -1.64785e-20)
(0.174512 0.16859 -6.39158e-23)
(0.0575309 0.114142 -1.99347e-20)
(0.714799 0.0975015 7.66914e-20)
(0.68757 0.111086 -8.07073e-20)
(0.653484 0.127371 0)
(0.61249 0.146224 0)
(0.563418 0.168329 0)
(0.503862 0.19476 -8.4056e-20)
(0.430716 0.226543 1.21121e-19)
(0.336932 0.261502 -3.21206e-20)
(0.210362 0.277367 0)
(0.0812747 0.187729 4.00918e-20)
(0.754889 0.134616 7.52568e-20)
(0.72857 0.152915 -7.91972e-20)
(0.694625 0.175228 -8.60451e-20)
(0.654151 0.201085 -1.61965e-21)
(0.606508 0.231342 1.48404e-19)
(0.549396 0.267514 -5.33293e-20)
(0.479752 0.311044 5.90012e-20)
(0.389798 0.35898 -1.27481e-19)
(0.263204 0.380688 6.91982e-20)
(0.116258 0.257309 0)
(0.806349 0.169715 -1.81611e-19)
(0.781275 0.19217 3.79684e-20)
(0.747641 0.220186 0)
(0.707993 0.25263 0)
(0.662333 0.290396 4.96239e-20)
(0.608485 0.335445 -1.52753e-19)
(0.543449 0.389669 1.10296e-19)
(0.458522 0.449454 -1.18651e-19)
(0.331897 0.476427 2.81837e-21)
(0.161615 0.321253 -6.69177e-20)
(0.867753 0.201989 2.46361e-19)
(0.844318 0.227653 -1.86742e-19)
(0.811183 0.260647 0)
(0.772617 0.298973 0)
(0.72944 0.343516 4.66309e-20)
(0.67966 0.39663 5.02344e-20)
(0.620326 0.460525 4.68199e-20)
(0.541593 0.530905 5.84016e-20)
(0.414882 0.562421 2.64297e-21)
(0.216142 0.377915 1.31306e-19)
(0.937239 0.231429 -1.39214e-19)
(0.915898 0.260481 -6.87043e-20)
(0.883604 0.298365 0)
(0.84652 0.341753 0)
(0.806332 0.391643 0)
(0.761271 0.451095 -9.08911e-20)
(0.708529 0.522792 8.85465e-20)
(0.637001 0.601788 0)
(0.510073 0.636646 -5.36532e-20)
(0.278271 0.425705 1.14149e-19)
(1.01435 0.253672 -6.57333e-20)
(0.994852 0.284621 6.87041e-20)
(0.963015 0.326777 6.74466e-20)
(0.927734 0.375186 7.13111e-20)
(0.891326 0.430474 7.52015e-20)
(0.851794 0.495909 7.90283e-20)
(0.806369 0.574362 -9.80971e-21)
(0.742684 0.660198 8.5188e-20)
(0.615121 0.697018 -4.63162e-20)
(0.346186 0.463078 4.94382e-20)
(1.09765 0.27952 -1.21058e-19)
(1.07909 0.312787 5.85391e-20)
(1.0469 0.357146 -6.74455e-20)
(1.01364 0.406994 -7.44124e-20)
(0.981599 0.464168 6.41675e-20)
(0.948312 0.532668 -9.09388e-21)
(0.910988 0.615289 -2.29701e-19)
(0.85571 0.70525 -1.52166e-19)
(0.727049 0.741854 4.3648e-20)
(0.417561 0.488435 -2.8804e-20)
(1.19125 0.286431 0)
(1.16666 0.321762 -5.85382e-20)
(1.13345 0.371512 0)
(1.10364 0.425947 5.62495e-20)
(1.07657 0.48665 -1.9577e-19)
(1.04952 0.558293 -1.33412e-19)
(1.02032 0.643896 1.39617e-19)
(0.973311 0.735696 7.21025e-20)
(0.842569 0.769728 0)
(0.489492 0.500396 6.95975e-20)
(0.820439 0.00102813 0)
(0.820221 0.00103515 -1.12903e-21)
(0.819208 0.00107156 1.12312e-21)
(0.817672 0.00117159 0)
(0.815946 0.00133975 -2.24754e-21)
(0.814051 0.00157107 2.23596e-21)
(0.811854 0.00186528 0)
(0.809224 0.0022267 0)
(0.806058 0.00266392 0)
(0.802235 0.00318301 0)
(0.797667 0.00380593 1.11817e-21)
(0.792283 0.00454471 0)
(0.785942 0.00541247 0)
(0.778465 0.00642843 9.03903e-21)
(0.769656 0.00761565 -8.99446e-21)
(0.759294 0.00900644 0)
(0.747134 0.0106258 1.03092e-20)
(0.73286 0.0125471 -1.83614e-20)
(0.716157 0.0147133 9.19045e-21)
(0.696487 0.0175973 9.40173e-21)
(0.829914 0.0029315 2.3779e-21)
(0.829657 0.002976 4.47903e-21)
(0.828692 0.00313875 -4.45745e-21)
(0.827265 0.00347986 2.22878e-21)
(0.825648 0.00400438 2.22612e-21)
(0.823846 0.00470651 8.91683e-21)
(0.821739 0.00559324 -6.65278e-21)
(0.819201 0.00668057 -1.78183e-20)
(0.816131 0.00799452 3.7776e-20)
(0.812423 0.00955384 -1.77379e-20)
(0.807999 0.0114192 -1.67436e-20)
(0.802769 0.0136295 3.7879e-20)
(0.796597 0.0162256 -3.3498e-20)
(0.789311 0.019265 1.78437e-20)
(0.780727 0.0228156 2.2419e-21)
(0.770633 0.0269754 3.85293e-20)
(0.758786 0.0318157 -3.72495e-20)
(0.744915 0.0375655 0)
(0.728632 0.0440313 2.291e-21)
(0.709901 0.0526717 0)
(0.848196 0.0046939 -7.05959e-21)
(0.848012 0.00480084 -2.42659e-24)
(0.847219 0.00513236 8.85823e-21)
(0.845994 0.00574562 -4.38805e-21)
(0.844567 0.00664165 -1.10254e-20)
(0.842944 0.00782131 -2.20544e-21)
(0.841013 0.00930453 -2.20773e-21)
(0.838662 0.011122 -2.20424e-21)
(0.835786 0.0133165 3.09905e-20)
(0.832304 0.0159178 1.76963e-22)
(0.828158 0.0190166 -3.9723e-20)
(0.823233 0.0226845 -2.21875e-21)
(0.817395 0.0269913 -4.43997e-21)
(0.810494 0.0320328 0)
(0.80236 0.0379179 -4.03841e-20)
(0.792808 0.0448138 3.12885e-20)
(0.781595 0.0528258 0)
(0.768547 0.0623657 -2.25917e-21)
(0.753129 0.0730279 -2.29502e-21)
(0.736241 0.0873928 -2.28761e-21)
(0.874761 0.00642928 2.31489e-21)
(0.874666 0.00660164 6.54074e-21)
(0.874091 0.00708661 0)
(0.873119 0.00795805 -1.96421e-20)
(0.871934 0.00921996 1.7414e-20)
(0.870546 0.0108761 1.96597e-20)
(0.868856 0.0129529 -1.30672e-20)
(0.866766 0.015496 2.18592e-21)
(0.864159 0.0185557 -2.84979e-20)
(0.860996 0.0222017 -1.58609e-22)
(0.857242 0.0265295 3.28252e-20)
(0.852757 0.0316374 -3.52598e-20)
(0.847413 0.0376258 -3.33591e-20)
(0.841085 0.0446335 7.49219e-20)
(0.83363 0.0528023 2.22572e-21)
(0.824896 0.0623797 6.66965e-21)
(0.814656 0.0734752 -7.19639e-20)
(0.802863 0.0867429 1.63023e-21)
(0.788795 0.101413 -6.7177e-22)
(0.774571 0.12146 7.48924e-20)
(0.908656 0.00805414 4.53827e-21)
(0.908645 0.00829663 -1.71099e-20)
(0.908298 0.00893018 8.54836e-21)
(0.907605 0.0100543 4.28584e-21)
(0.906688 0.0116802 0)
(0.905557 0.0138118 0)
(0.904138 0.0164775 -4.3054e-21)
(0.902337 0.019742 0)
(0.900069 0.0236318 -4.32282e-21)
(0.897328 0.0283107 0)
(0.894055 0.0338547 4.34546e-21)
(0.890114 0.0403736 -6.97063e-20)
(0.885403 0.0479942 -3.3654e-22)
(0.879824 0.0569087 -4.75575e-21)
(0.873275 0.0672774 7.0076e-20)
(0.865641 0.0794521 -4.43297e-21)
(0.856732 0.0934861 4.39355e-21)
(0.84664 0.110382 -7.14514e-20)
(0.834473 0.128751 7.57604e-20)
(0.823609 0.15442 1.43925e-19)
(0.948725 0.00947602 4.4233e-21)
(0.948762 0.0098025 -4.17131e-21)
(0.948617 0.0105945 -4.18033e-21)
(0.948195 0.0119725 -4.18797e-21)
(0.947541 0.0139574 -3.36525e-20)
(0.946663 0.0165502 6.31885e-20)
(0.945526 0.0197927 -3.79544e-20)
(0.944004 0.0237206 0)
(0.942122 0.0284731 -4.23341e-21)
(0.939895 0.0341591 -4.24355e-21)
(0.937172 0.0408619 -4.25422e-21)
(0.933854 0.0487276 6.44279e-20)
(0.929903 0.0578969 -1.41918e-19)
(0.925242 0.0686295 6.89471e-20)
(0.919831 0.0810695 0)
(0.913573 0.0957288 -4.31071e-21)
(0.906375 0.112497 -1.48688e-19)
(0.898411 0.132914 1.39977e-19)
(0.888764 0.154568 -4.44549e-21)
(0.881827 0.185785 0)
(0.993719 0.0105799 4.28977e-21)
(0.993752 0.0110232 -1.21925e-20)
(0.99375 0.0120031 4.05598e-21)
(0.99355 0.0136416 2.4516e-20)
(0.993114 0.0159718 4.09591e-21)
(0.992464 0.019003 -2.47349e-20)
(0.991537 0.0227795 4.08589e-21)
(0.990356 0.0274029 3.31657e-20)
(0.988966 0.0329889 8.32763e-21)
(0.987221 0.0396132 7.11577e-20)
(0.985064 0.0473767 -5.87119e-20)
(0.982444 0.0564892 -5.90675e-20)
(0.979384 0.0670758 7.18891e-20)
(0.975804 0.0794959 4.21292e-21)
(0.971777 0.0937945 4.22216e-21)
(0.96718 0.110745 8.54242e-21)
(0.962129 0.129861 8.56308e-21)
(0.956731 0.15355 -4.22635e-21)
(0.950252 0.177864 0)
(0.947484 0.214592 1.36182e-19)
(1.04243 0.0112733 -1.24537e-20)
(1.04242 0.011871 -1.86432e-24)
(1.04247 0.0130803 -3.94995e-21)
(1.04239 0.0149845 -3.57753e-20)
(1.04211 0.0176402 2.39505e-20)
(1.04161 0.0211029 -4.02183e-21)
(1.04096 0.0254002 0)
(1.04016 0.0306802 0)
(1.03914 0.0369731 -8.14581e-21)
(1.03785 0.0444248 -4.07332e-21)
(1.03631 0.0531323 -4.1345e-21)
(1.03447 0.0633842 -4.15696e-21)
(1.03242 0.0752203 0)
(1.03006 0.0891879 -8.32563e-21)
(1.02764 0.105061 -4.21883e-21)
(1.02491 0.124123 -8.36702e-21)
(1.02241 0.145006 -4.24762e-21)
(1.01997 0.171652 -1.29225e-19)
(1.0175 0.197184 1.34084e-19)
(1.01983 0.238973 0)
(1.09374 0.0115155 0)
(1.09369 0.0122857 3.80458e-21)
(1.0937 0.0137634 1.91967e-21)
(1.09364 0.0159241 0)
(1.09345 0.0188441 3.48843e-20)
(1.09311 0.0226331 -3.12127e-20)
(1.09269 0.0273625 6.47542e-20)
(1.09215 0.0331161 -6.32322e-20)
(1.09152 0.0399586 5.97029e-21)
(1.09072 0.0481107 2.03149e-21)
(1.08989 0.0575994 0)
(1.08888 0.0688361 0)
(1.08802 0.0816634 0)
(1.08697 0.0969922 1.34217e-19)
(1.08647 0.114049 -2.61349e-19)
(1.08571 0.135204 5.1193e-21)
(1.0862 0.157541 1.3123e-19)
(1.08666 0.188203 0)
(1.08878 0.215579 0)
(1.09717 0.265021 1.26185e-19)
(1.14674 0.011864 0)
(1.1468 0.0126594 -1.46433e-20)
(1.14677 0.0141741 -1.2892e-20)
(1.14662 0.0164067 2.97958e-20)
(1.14644 0.0194322 2.99939e-20)
(1.14623 0.023384 -9.07385e-20)
(1.14603 0.0283285 5.91256e-20)
(1.14579 0.0344007 0)
(1.14564 0.0416209 -1.94394e-21)
(1.14543 0.0502693 -6.0263e-20)
(1.14549 0.0602571 1.25425e-19)
(1.14547 0.0721575 -6.32112e-20)
(1.14618 0.0854995 0)
(1.14672 0.10163 -1.26532e-19)
(1.14901 0.118914 2.54285e-19)
(1.15087 0.1409 -1.27761e-19)
(1.15656 0.162336 0)
(1.16168 0.19381 -1.23111e-19)
(1.17255 0.218042 1.24397e-19)
(1.19039 0.273012 -1.92025e-21)
(1.20017 0.0122382 0)
(1.20008 0.0130313 0)
(1.19993 0.0145428 0)
(1.19974 0.016836 0)
(1.19962 0.01999 0)
(1.19953 0.0241397 0)
(1.19956 0.0293267 0)
(1.19959 0.0357291 0)
(1.19989 0.0433124 0)
(1.20015 0.0524568 0)
(1.20106 0.0629225 0)
(1.20175 0.0755933 0)
(1.20402 0.0895139 0)
(1.20547 0.106996 0)
(1.21078 0.124737 0)
(1.21324 0.149536 0)
(1.2256 0.170058 0)
(1.22891 0.208542 0)
(1.26027 0.224559 0)
(1.2624 0.296193 0)
(1.25547 0.0123672 0)
(1.25542 0.0131426 0)
(1.25529 0.0146232 0)
(1.25519 0.01687 0)
(1.25526 0.01996 0)
(1.25543 0.0240317 0)
(1.25582 0.0290898 0)
(1.25624 0.0353318 0)
(1.25709 0.0426483 0)
(1.25788 0.0514873 0)
(1.25966 0.0614176 0)
(1.26105 0.0735368 0)
(1.26473 0.0864007 0)
(1.26693 0.102926 0)
(1.27459 0.11862 0)
(1.27756 0.141655 0)
(1.29386 0.158516 0)
(1.29638 0.192139 0)
(1.33133 0.203728 0)
(1.32746 0.252429 0)
(1.31354 0.0126814 0)
(1.31351 0.0133792 0)
(1.3134 0.0147024 0)
(1.31339 0.0167832 0)
(1.31364 0.0197095 0)
(1.31404 0.0236149 0)
(1.31475 0.0284624 0)
(1.31549 0.0344541 0)
(1.31682 0.0414185 0)
(1.31806 0.0498345 0)
(1.32056 0.0591475 0)
(1.32251 0.0705228 0)
(1.32722 0.082308 0)
(1.33003 0.0974671 0)
(1.33904 0.111375 0)
(1.34246 0.131645 0)
(1.35997 0.145986 0)
(1.36224 0.173205 0)
(1.39592 0.183274 0)
(1.3913 0.218778 0)
(1.37365 0.01297 0)
(1.37349 0.0135854 0)
(1.37333 0.0147088 0)
(1.37339 0.0165674 0)
(1.37384 0.0192796 0)
(1.37445 0.0229745 0)
(1.37544 0.027576 0)
(1.37647 0.0332766 0)
(1.3782 0.0398613 0)
(1.37981 0.0478077 0)
(1.38287 0.0565077 0)
(1.38528 0.0670918 0)
(1.39071 0.077904 0)
(1.39399 0.091672 0)
(1.40375 0.104142 0)
(1.40745 0.121841 0)
(1.42516 0.134442 0)
(1.42728 0.15698 0)
(1.45945 0.166254 0)
(1.45439 0.194749 0)
(1.43484 0.0130037 0)
(1.43448 0.0135808 0)
(1.43418 0.0145483 0)
(1.43431 0.0161882 0)
(1.43495 0.0186645 0)
(1.43577 0.0221163 0)
(1.43701 0.0264379 0)
(1.43827 0.0318036 0)
(1.44033 0.0379691 0)
(1.44224 0.0453908 0)
(1.44573 0.0534496 0)
(1.44848 0.0631952 0)
(1.45441 0.0730551 0)
(1.45799 0.085457 0)
(1.46813 0.0966115 0)
(1.47196 0.112081 0)
(1.48952 0.123171 0)
(1.49147 0.142271 0)
(1.52212 0.150469 0)
(1.51666 0.174196 0)
(1.49623 0.0129021 0)
(1.49564 0.0134509 0)
(1.49515 0.0142695 0)
(1.49531 0.0156784 0)
(1.49613 0.0178932 0)
(1.49715 0.0210698 0)
(1.4986 0.0250815 0)
(1.50006 0.0300767 0)
(1.50236 0.0357916 0)
(1.5045 0.0426509 0)
(1.5083 0.0500478 0)
(1.51129 0.0589383 0)
(1.51752 0.0678612 0)
(1.52127 0.0789633 0)
(1.53155 0.0888837 0)
(1.53541 0.102414 0)
(1.55254 0.112109 0)
(1.55437 0.128434 0)
(1.58329 0.135472 0)
(1.57783 0.155419 0)
(1.55716 0.0127334 0)
(1.55628 0.0132487 0)
(1.5555 0.0139013 0)
(1.55563 0.0150562 0)
(1.55662 0.0169865 0)
(1.55784 0.0198658 0)
(1.55947 0.0235491 0)
(1.56107 0.0281532 0)
(1.56355 0.0334019 0)
(1.56584 0.039683 0)
(1.56985 0.0464161 0)
(1.57298 0.0544647 0)
(1.57935 0.0624848 0)
(1.58319 0.072376 0)
(1.59338 0.0811535 0)
(1.59723 0.0929807 0)
(1.6137 0.101413 0)
(1.61551 0.115404 0)
(1.64248 0.121414 0)
(1.63748 0.138264 0)
(1.61699 0.0124862 0)
(1.61574 0.0129661 0)
(1.61457 0.0134412 0)
(1.61463 0.0143277 0)
(1.61577 0.0159634 0)
(1.61716 0.0185375 0)
(1.61895 0.0218873 0)
(1.62064 0.0260933 0)
(1.62322 0.0308724 0)
(1.6256 0.0365754 0)
(1.6297 0.042657 0)
(1.63291 0.0498924 0)
(1.63928 0.0570562 0)
(1.64315 0.0658272 0)
(1.65307 0.0735584 0)
(1.65692 0.0838768 0)
(1.67252 0.0911916 0)
(1.67445 0.103195 0)
(1.69933 0.108346 0)
(1.69512 0.122608 0)
(1.67508 0.0121584 0)
(1.67339 0.0126011 0)
(1.67173 0.0128916 0)
(1.67167 0.0135043 0)
(1.67295 0.0148486 0)
(1.67452 0.0171239 0)
(1.67641 0.0201464 0)
(1.67815 0.0239566 0)
(1.68076 0.0282716 0)
(1.68316 0.0334063 0)
(1.68726 0.0388575 0)
(1.69049 0.0453156 0)
(1.69674 0.0516743 0)
(1.70061 0.0594099 0)
(1.71012 0.0661893 0)
(1.71398 0.075162 0)
(1.72856 0.0814972 0)
(1.73073 0.0917841 0)
(1.75343 0.0962139 0)
(1.75027 0.108274 0)
(1.73082 0.0117628 0)
(1.72862 0.0121571 0)
(1.72637 0.0122492 0)
(1.72616 0.0125908 0)
(1.72759 0.0136644 0)
(1.72931 0.0156636 0)
(1.73128 0.0183751 0)
(1.73302 0.0217984 0)
(1.73558 0.0256606 0)
(1.73798 0.0302433 0)
(1.74198 0.0350906 0)
(1.7452 0.0408101 0)
(1.75122 0.0464156 0)
(1.75507 0.0531936 0)
(1.76406 0.0591084 0)
(1.76796 0.0668736 0)
(1.78143 0.0723475 0)
(1.78392 0.0811338 0)
(1.80441 0.0849474 0)
(1.80245 0.095111 0)
(1.7836 0.0113243 0)
(1.78081 0.0116321 0)
(1.7779 0.0114936 0)
(1.77755 0.0115792 0)
(1.77913 0.0124287 0)
(1.78102 0.0141937 0)
(1.78302 0.0166179 0)
(1.78472 0.0196668 0)
(1.78718 0.0230911 0)
(1.78952 0.027143 0)
(1.79337 0.0314157 0)
(1.79654 0.0364356 0)
(1.80226 0.041337 0)
(1.80607 0.0472281 0)
(1.81446 0.0523552 0)
(1.81843 0.0590307 0)
(1.83074 0.06374 0)
(1.83363 0.0712024 0)
(1.85192 0.0744799 0)
(1.85123 0.0829994 0)
(1.83277 0.0108403 0)
(1.82932 0.0109823 0)
(1.82574 0.0105724 0)
(1.82531 0.0104511 0)
(1.8271 0.0111614 0)
(1.82915 0.0127519 0)
(1.83113 0.0149148 0)
(1.83275 0.0176024 0)
(1.83506 0.020607 0)
(1.83732 0.024152 0)
(1.84097 0.0278794 0)
(1.84406 0.0322366 0)
(1.84943 0.0364781 0)
(1.8532 0.0415456 0)
(1.86094 0.0459505 0)
(1.86499 0.0516371 0)
(1.87613 0.0556594 0)
(1.87945 0.0619461 0)
(1.89563 0.064748 0)
(1.89622 0.0718353 0)
(1.87773 0.0101024 0)
(1.87355 0.00999176 0)
(1.86938 0.0093441 0)
(1.86903 0.00916725 0)
(1.87108 0.00988347 0)
(1.87326 0.0113686 0)
(1.87515 0.0132909 0)
(1.87664 0.0156325 0)
(1.87878 0.0182408 0)
(1.88093 0.0213061 0)
(1.88434 0.0245154 0)
(1.88734 0.0282433 0)
(1.89232 0.0318628 0)
(1.89605 0.0361625 0)
(1.90313 0.0398994 0)
(1.90728 0.0446835 0)
(1.91728 0.0480802 0)
(1.92105 0.0533161 0)
(1.93522 0.0556867 0)
(1.93706 0.0615204 0)
(1.91794 0.00835066 0)
(1.91301 0.00806052 0)
(1.90848 0.00750828 0)
(1.90838 0.00766249 0)
(1.91068 0.00861287 0)
(1.91285 0.0100557 0)
(1.91457 0.0117497 0)
(1.91591 0.01377 0)
(1.91784 0.0160151 0)
(1.91988 0.0186295 0)
(1.92301 0.0213433 0)
(1.92592 0.0244705 0)
(1.9305 0.0274992 0)
(1.9342 0.0310795 0)
(1.94065 0.0341918 0)
(1.94491 0.0381467 0)
(1.95384 0.0409649 0)
(1.95805 0.0452558 0)
(1.97039 0.0472255 0)
(1.9734 0.0519562 0)
(1.95269 0.00461382 0)
(1.94732 0.00467604 0)
(1.94282 0.00512949 0)
(1.94302 0.0062867 0)
(1.94528 0.00764626 0)
(1.9472 0.00898555 0)
(1.94865 0.0103984 0)
(1.94984 0.0120978 0)
(1.95158 0.0139929 0)
(1.95349 0.0161642 0)
(1.95637 0.0183866 0)
(1.9592 0.0209272 0)
(1.96344 0.0233837 0)
(1.96713 0.0262806 0)
(1.97303 0.028799 0)
(1.97742 0.0319842 0)
(1.98541 0.0342578 0)
(1.99007 0.0376921 0)
(2.00081 0.0392799 0)
(2.00491 0.0430362 0)
(1.98177 -0.00352842 0)
(1.97632 -0.00198381 0)
(1.97192 0.00150975 0)
(1.97174 0.0048144 0)
(1.97323 0.00680477 0)
(1.97463 0.00798718 0)
(1.9759 0.0091021 0)
(1.97711 0.010499 0)
(1.97879 0.0120551 0)
(1.98071 0.0137885 0)
(1.98347 0.0155282 0)
(1.98637 0.0175038 0)
(1.99042 0.0194111 0)
(1.99424 0.0216623 0)
(1.99975 0.0236172 0)
(2.00437 0.0260888 0)
(2.01164 0.0278496 0)
(2.01675 0.0305066 0)
(2.0262 0.0317294 0)
(2.03129 0.0346229 0)
(1.99727 -0.0107159 0)
(1.99528 -0.00792021 0)
(1.99253 -0.000789244 0)
(1.99125 0.00449865 0)
(1.99143 0.0066684 0)
(1.99262 0.00745248 0)
(1.99437 0.00814628 0)
(1.9962 0.00911472 0)
(1.99831 0.0102108 0)
(2.00063 0.0114296 0)
(2.00364 0.0126543 0)
(2.00691 0.0140656 0)
(2.01108 0.0154366 0)
(2.01524 0.017073 0)
(2.02063 0.0184946 0)
(2.0256 0.0203068 0)
(2.03242 0.0215916 0)
(2.03803 0.0235457 0)
(2.04652 0.0244289 0)
(2.05247 0.0265546 0)
(1.99935 -0.00300698 0)
(2.00382 -0.0026528 0)
(2.00447 0.000600166 0)
(2.00165 0.00343746 0)
(2.00067 0.00489281 0)
(2.00241 0.005626 0)
(2.00538 0.00622878 0)
(2.00837 0.00689237 0)
(2.01135 0.00758465 0)
(2.01443 0.00836914 0)
(2.01801 0.00918246 0)
(2.02186 0.0101397 0)
(2.02636 0.0110739 0)
(2.03097 0.012193 0)
(2.03641 0.0131657 0)
(2.04177 0.0144098 0)
(2.04832 0.0152908 0)
(2.05436 0.0166319 0)
(2.06219 0.0172292 0)
(2.0688 0.0186751 0)
(1.99838 0.0223334 0)
(2.00445 0.018796 0)
(2.00826 0.0100039 0)
(2.00863 0.00376277 0)
(2.00954 0.00189583 0)
(2.0122 0.00226794 0)
(2.01573 0.00297702 0)
(2.01919 0.00350491 0)
(2.02256 0.00393711 0)
(2.02601 0.00444329 0)
(2.02982 0.00500048 0)
(2.0339 0.00564795 0)
(2.03843 0.00627071 0)
(2.04318 0.00698884 0)
(2.0485 0.0076105 0)
(2.05397 0.00838269 0)
(2.06021 0.00893456 0)
(2.06643 0.00974794 0)
(2.07367 0.0101168 0)
(2.08064 0.0109644 0)
(2.03356 0.0191978 0)
(2.02595 0.0167769 0)
(2.0212 0.00904714 0)
(2.02303 0.0029212 0)
(2.02673 0.000571918 0)
(2.02946 0.000421825 0)
(2.03122 0.000717996 0)
(2.03282 0.000912195 0)
(2.03479 0.00104563 0)
(2.03722 0.0012222 0)
(2.04016 0.00143504 0)
(2.04355 0.00168298 0)
(2.04744 0.00191978 0)
(2.05172 0.00218428 0)
(2.05655 0.00241219 0)
(2.06174 0.0026877 0)
(2.06753 0.00288483 0)
(2.07362 0.00316943 0)
(2.08037 0.00329653 0)
(2.08736 0.00358827 0)
(1.34133 0.278802 -1.4385e-21)
(1.41698 0.265322 -8.4355e-20)
(1.4859 0.258396 0)
(1.55408 0.25181 -6.28043e-20)
(1.62044 0.243536 0)
(1.68076 0.233795 -3.90308e-20)
(1.73451 0.222231 1.51727e-20)
(1.78148 0.208376 -3.77175e-22)
(1.82174 0.19306 0)
(1.85491 0.174308 0)
(1.39516 0.243008 9.41902e-20)
(1.4709 0.235681 0)
(1.53881 0.233149 7.10991e-20)
(1.60054 0.23028 0)
(1.66056 0.22362 -1.42145e-21)
(1.71526 0.214253 2.15757e-20)
(1.76411 0.20272 5.13136e-22)
(1.80616 0.189434 -2.59324e-22)
(1.84227 0.174035 2.58941e-22)
(1.87141 0.157074 3.65987e-22)
(1.45166 0.216908 -9.31969e-20)
(1.52214 0.212934 0)
(1.58849 0.209302 -6.87485e-20)
(1.64602 0.205749 -2.0285e-21)
(1.70092 0.199383 5.02948e-20)
(1.75097 0.190455 -2.01948e-20)
(1.7963 0.179729 9.64402e-22)
(1.83393 0.16789 -4.2258e-22)
(1.86711 0.154028 0)
(1.89227 0.139646 -8.97132e-22)
(1.50985 0.194568 0)
(1.5745 0.191822 7.80246e-20)
(1.63785 0.187741 -1.99689e-21)
(1.69174 0.183873 3.70059e-21)
(1.74164 0.178404 -5.3433e-20)
(1.7867 0.170418 1.42799e-21)
(1.82862 0.160612 -1.59944e-20)
(1.86227 0.149777 0)
(1.8933 0.13749 -4.51827e-21)
(1.91465 0.124573 6.3542e-22)
(1.56803 0.174105 -8.47528e-20)
(1.62687 0.172205 8.38131e-22)
(1.68594 0.168392 -4.20621e-21)
(1.73635 0.16423 3.65017e-21)
(1.78186 0.159257 -1.6917e-21)
(1.8223 0.152102 -1.17726e-21)
(1.86083 0.143299 1.64201e-21)
(1.89099 0.133334 5.80939e-21)
(1.92001 0.122524 4.7829e-21)
(1.93817 0.110789 0)
(1.6253 0.155367 1.65902e-19)
(1.67865 0.154052 -1.4974e-19)
(1.73284 0.150729 -1.92899e-21)
(1.77965 0.146499 1.93106e-21)
(1.8212 0.141855 0)
(1.8575 0.13546 2.11947e-20)
(1.8925 0.127708 4.82947e-22)
(1.91976 0.118549 -7.50367e-21)
(1.94652 0.109078 3.72529e-22)
(1.96252 0.0983303 -9.29503e-22)
(1.68102 0.138303 -8.11832e-20)
(1.72918 0.137374 7.58494e-20)
(1.7783 0.134554 -4.06229e-21)
(1.82134 0.13048 1.90865e-21)
(1.85919 0.126089 2.48758e-20)
(1.89188 0.120339 -1.03908e-21)
(1.92335 0.11355 1.91634e-20)
(1.94816 0.105227 0)
(1.97245 0.0968887 2.83256e-21)
(1.98716 0.0871122 9.34093e-22)
(1.73469 0.12273 0)
(1.7779 0.122058 0)
(1.82202 0.11968 0)
(1.86119 0.115902 2.98812e-20)
(1.89555 0.111765 -5.14183e-20)
(1.92502 0.106576 1.698e-22)
(1.95315 0.100618 -8.30384e-21)
(1.97577 0.0931716 -9.32669e-22)
(1.9976 0.0857728 -5.43656e-21)
(2.01142 0.0769979 0)
(1.78584 0.108464 -3.76038e-20)
(1.82435 0.10798 0)
(1.86366 0.105981 -1.85782e-21)
(1.89898 0.102572 -2.46442e-20)
(1.93001 0.0987205 2.32125e-20)
(1.95657 0.0940353 -2.16528e-20)
(1.98166 0.0887813 -9.20122e-21)
(2.00223 0.0822045 -4.34011e-22)
(2.0218 0.0756135 6.62291e-21)
(2.0348 0.0678331 0)
(1.83407 0.0953585 7.38934e-20)
(1.86813 0.0950214 0)
(1.9029 0.0933504 -1.83908e-21)
(1.93448 0.0903295 -2.44233e-20)
(1.96237 0.0867951 -1.66114e-21)
(1.98625 0.0825747 1.27306e-21)
(2.00863 0.0779287 8.79265e-21)
(2.02724 0.072171 -9.05403e-21)
(2.04483 0.0663151 -2.90983e-21)
(2.05695 0.0594739 1.81642e-22)
(1.87904 0.0832937 -3.52194e-20)
(1.90892 0.0830728 9.04667e-22)
(1.93946 0.0816827 -2.02896e-21)
(1.96748 0.0790404 2.95133e-20)
(1.99242 0.0758456 -1.66006e-21)
(2.01383 0.0720628 0)
(2.03381 0.067959 1.27274e-22)
(2.0506 0.0629479 -1.83883e-22)
(2.06646 0.0577868 -3.44399e-21)
(2.07766 0.0518074 0)
(1.9204 0.07216 -1.05905e-21)
(1.94642 0.0720272 3.04857e-21)
(1.97307 0.0708761 -3.80985e-21)
(1.99776 0.0685888 3.47113e-21)
(2.01996 0.0657427 -1.6596e-21)
(2.03914 0.062378 -1.30193e-21)
(2.057 0.058772 -7.83615e-21)
(2.07212 0.054435 7.25543e-21)
(2.08645 0.0499379 7.50633e-21)
(2.0968 0.0447464 0)
(1.95786 0.0618536 0)
(1.98035 0.0617806 -3.24335e-20)
(2.00348 0.0608293 0)
(2.02515 0.0588673 1.3803e-20)
(2.04484 0.0563685 0)
(2.06201 0.053408 0)
(2.078 0.0502688 5.75581e-22)
(2.09167 0.046545 -5.80445e-22)
(2.10463 0.042681 -3.57964e-21)
(2.11422 0.0382179 0)
(1.99113 0.0522713 3.27057e-20)
(2.01048 0.0522289 3.32603e-20)
(2.03048 0.0514393 0)
(2.04946 0.0497715 1.61234e-21)
(2.06692 0.0476117 -1.42109e-20)
(2.08232 0.0450461 -1.32567e-21)
(2.09668 0.0423524 -3.69295e-21)
(2.1091 0.0391965 -5.04644e-22)
(2.12086 0.035934 -1.37299e-21)
(2.12981 0.0321548 0)
(2.01994 0.0433029 -4.99751e-20)
(2.03657 0.0432615 -1.57895e-20)
(2.0539 0.0425987 -1.76626e-21)
(2.07055 0.0411958 -1.02976e-20)
(2.08608 0.0393642 2.34584e-20)
(2.09997 0.0371884 0)
(2.11296 0.0349267 5.64196e-21)
(2.12433 0.0323085 -5.97819e-22)
(2.13505 0.0296203 1.8899e-21)
(2.14346 0.0264934 4.04099e-22)
(2.04409 0.034816 1.64184e-20)
(2.05849 0.0347545 1.75593e-20)
(2.07362 0.0341938 1.10169e-20)
(2.08837 0.0330347 1.7967e-21)
(2.10229 0.0315236 -1.25662e-20)
(2.11494 0.0297375 0)
(2.12679 0.0278997 5.1258e-21)
(2.1373 0.0258014 -2.78249e-21)
(2.14715 0.0236613 5.26728e-22)
(2.15511 0.0211779 -4.06185e-22)
(2.06358 0.0266642 1.60953e-20)
(2.07625 0.0265772 0)
(2.08968 0.0261121 -1.63765e-20)
(2.10293 0.0251921 1.0222e-20)
(2.11558 0.0240071 -1.65815e-21)
(2.12723 0.0226175 1.35004e-21)
(2.13816 0.021205 -5.91083e-21)
(2.14799 0.0196105 -1.15375e-21)
(2.15713 0.0179965 5.33995e-22)
(2.16473 0.0161332 0)
(2.07867 0.0187173 -7.03679e-21)
(2.09008 0.0186113 8.42896e-22)
(2.10223 0.0182435 -1.89394e-21)
(2.11433 0.0175717 1.60603e-21)
(2.12599 0.0167342 -1.65681e-21)
(2.13686 0.0157637 2.87402e-21)
(2.14707 0.0147942 0)
(2.15635 0.0136985 2.29219e-21)
(2.16492 0.0126068 -1.00227e-21)
(2.17222 0.0113039 2.13926e-22)
(2.08955 0.0109622 -7.87128e-21)
(2.10001 0.0108175 1.82054e-21)
(2.11123 0.0105069 -1.19806e-26)
(2.12252 0.0100526 -5.00077e-21)
(2.13345 0.00955109 -1.5695e-21)
(2.14373 0.00901158 -5.67415e-21)
(2.1534 0.00849786 1.99334e-21)
(2.16225 0.00792899 -4.09923e-23)
(2.17037 0.00736851 1.00717e-21)
(2.17742 0.00669393 -2.15047e-22)
(2.09559 0.00356171 0)
(2.10543 0.0033851 0)
(2.11612 0.00311212 -5.32677e-21)
(2.12697 0.00281282 1.77839e-21)
(2.13752 0.00255484 1.5778e-21)
(2.14748 0.00235191 1.44868e-21)
(2.15683 0.0022155 6.14686e-22)
(2.16541 0.0021148 -1.75266e-21)
(2.17329 0.00204423 5.50153e-22)
(2.18016 0.00198334 0)
)
;

boundaryField
{
    bottom
    {
        type            symmetryPlane;
    }
    right
    {
        type            zeroGradient;
    }
    top
    {
        type            symmetryPlane;
    }
    left
    {
        type            zeroGradient;
    }
    cylinder
    {
        type            noSlip;
    }
    defaultFaces
    {
        type            empty;
    }
}


// ************************************************************************* //
