/*--------------------------------*- C++ -*----------------------------------*\
| =========                 |                                                 |
| \\      /  F ield         | OpenFOAM: The Open Source CFD Toolbox           |
|  \\    /   O peration     | Version:  4.1                                   |
|   \\  /    A nd           | Web:      www.OpenFOAM.org                      |
|    \\/     M anipulation  |                                                 |
\*---------------------------------------------------------------------------*/
FoamFile
{
    version     2.0;
    format      ascii;
    class       volVectorField;
    location    "7.5";
    object      U;
}
// * * * * * * * * * * * * * * * * * * * * * * * * * * * * * * * * * * * * * //

dimensions      [0 1 -1 0 0 0 0];

internalField   nonuniform List<vector> 
2000
(
(-0.0399999 0.034425 5.46787e-20)
(-0.0105857 0.0372747 0)
(0.114069 0.0179845 8.82185e-20)
(0.317319 -0.00857885 3.96811e-20)
(0.574687 -0.0324946 -7.39306e-20)
(0.850958 -0.0500932 -1.00074e-19)
(1.11381 -0.0599176 3.16382e-20)
(1.3365 -0.0691106 0)
(1.52665 -0.0665035 -2.53987e-20)
(1.63714 -0.082666 0)
(-0.0342979 0.0266382 -2.71056e-20)
(0.0381148 0.0135825 2.42109e-20)
(0.232884 -0.0115377 -9.28433e-20)
(0.51491 -0.0342061 -1.24526e-19)
(0.832236 -0.0473954 -9.49895e-22)
(1.13238 -0.051807 3.29479e-20)
(1.3816 -0.0508937 -3.13109e-20)
(1.56933 -0.0500088 -2.75145e-20)
(1.69848 -0.0455665 2.5398e-20)
(1.76503 -0.0561532 4.34542e-20)
(-0.0209603 0.0167329 2.91181e-20)
(0.113534 -0.0114417 -2.72737e-20)
(0.3951 -0.0351795 4.66885e-20)
(0.75175 -0.045371 -1.68207e-21)
(1.09977 -0.0432857 3.79296e-20)
(1.38441 -0.0354526 3.41735e-20)
(1.58887 -0.0273768 3.07059e-20)
(1.72008 -0.0232512 2.75143e-20)
(1.79561 -0.0201274 2.35442e-20)
(1.83905 -0.0287114 -2.07852e-20)
(0.00273617 0.00507956 -7.49353e-22)
(0.220454 -0.034169 -2.89964e-20)
(0.595785 -0.0462285 0)
(1.00226 -0.0378109 4.16186e-20)
(1.34109 -0.021572 -4.05561e-20)
(1.57892 -0.00669018 0)
(1.72521 0.00271723 0)
(1.80527 0.00576451 0)
(1.84691 0.0063347 -2.35456e-20)
(1.862 -0.00248558 3.99152e-20)
(0.0395364 -0.00711425 6.82742e-20)
(0.360125 -0.0486213 4.78737e-23)
(0.81842 -0.0390952 2.71701e-20)
(1.23622 -0.0119885 2.19486e-20)
(1.53309 0.0127141 2.01069e-20)
(1.71173 0.0285505 1.70687e-20)
(1.80563 0.0354041 0)
(1.84977 0.0357087 1.22951e-20)
(1.86818 0.0327866 -5.19506e-20)
(1.87772 0.0233228 6.78975e-20)
(0.0916403 -0.0175509 -1.06966e-19)
(0.527275 -0.0478946 2.05735e-21)
(1.0393 -0.0121534 -5.39407e-20)
(1.43237 0.0282767 4.84544e-20)
(1.67151 0.0548082 -5.8335e-20)
(1.79441 0.0672845 1.88203e-20)
(1.84856 0.0697762 0)
(1.8691 0.0663974 -1.22962e-20)
(1.87732 0.060146 1.04712e-20)
(1.88166 0.0508123 3.1278e-20)
(0.159748 -0.0229929 0)
(0.708995 -0.0271388 0)
(1.23776 0.0324516 -2.75605e-20)
(1.58322 0.0788059 2.56565e-20)
(1.76318 0.101856 -1.87149e-20)
(1.84035 0.10839 1.75709e-20)
(1.86685 0.105556 2.50947e-20)
(1.87412 0.0982039 -2.37206e-20)
(1.87664 0.0889027 -1.70195e-20)
(1.88016 0.0789429 8.14957e-21)
(0.242148 -0.0199397 2.08184e-20)
(0.888273 0.0144481 0)
(1.40219 0.091089 -1.29969e-20)
(1.69036 0.136368 4.84269e-20)
(1.8173 0.152151 -3.04194e-20)
(1.85999 0.151269 0)
(1.86887 0.14275 0)
(1.86887 0.13126 0)
(1.86955 0.119033 -1.45168e-20)
(1.8727 0.108224 1.37992e-20)
(0.3343 -0.00555969 -1.06469e-20)
(1.04998 0.074136 -3.82209e-22)
(1.52844 0.159978 -1.48843e-20)
(1.75889 0.19853 5.71003e-21)
(1.84205 0.204524 5.43101e-21)
(1.86041 0.195508 7.8233e-21)
(1.85876 0.181131 0)
(1.85554 0.165419 -1.87802e-21)
(1.85567 0.150376 -7.1489e-21)
(1.859 0.137747 5.47485e-21)
(0.429472 0.0216042 0)
(1.18441 0.147592 -9.14415e-21)
(1.61666 0.235543 0)
(1.7944 0.263348 -3.2125e-21)
(1.84359 0.258013 -2.97064e-21)
(1.84581 0.240542 -3.49562e-21)
(1.83854 0.220208 0)
(1.83432 0.200151 1.87821e-21)
(1.83496 0.182168 1.3889e-21)
(1.83893 0.167102 6.51069e-22)
(-0.0101014 0.00956868 0)
(-0.0396778 0.0173704 -4.95871e-21)
(-0.0808832 0.0198298 0)
(-0.120125 0.0199856 -6.50784e-21)
(-0.154908 0.0191056 -2.0598e-21)
(-0.185089 0.01779 3.85452e-21)
(-0.210837 0.0163606 -3.63001e-21)
(-0.23253 0.0150202 3.46282e-21)
(-0.250829 0.0139574 1.57433e-23)
(-0.266992 0.0133871 3.10285e-21)
(-0.0116889 0.0274403 -1.57142e-20)
(-0.040382 0.0501571 9.82325e-21)
(-0.0780178 0.0575084 -9.30572e-21)
(-0.112737 0.0580013 4.31495e-21)
(-0.142388 0.0553035 2.04876e-20)
(-0.166792 0.0511822 -7.69477e-21)
(-0.186043 0.0465993 0)
(-0.200368 0.0422034 -3.45117e-21)
(-0.210103 0.0385987 -3.27186e-21)
(-0.216851 0.0364861 0)
(-0.0145865 0.041791 1.04815e-20)
(-0.0418746 0.0774484 0)
(-0.0731091 0.0894627 2.81208e-20)
(-0.0995962 0.0903291 -3.51637e-20)
(-0.119839 0.0857143 8.27714e-21)
(-0.13371 0.0784155 0)
(-0.14125 0.069967 0)
(-0.142575 0.0614856 0)
(-0.137423 0.0540712 2.6584e-20)
(-0.12679 0.0491077 -2.5265e-20)
(-0.0182886 0.0512582 0)
(-0.0442162 0.0967291 -2.05583e-20)
(-0.0674104 0.112677 3.81921e-20)
(-0.0831078 0.113818 -1.7826e-20)
(-0.0907956 0.107221 1.68752e-20)
(-0.0905743 0.0964725 -4.76968e-20)
(-0.0825059 0.0834714 -9.97224e-23)
(-0.0668839 0.0695508 2.84615e-20)
(-0.0434617 0.0563692 2.68446e-20)
(-0.00872987 0.0478178 -3.82433e-20)
(-0.0223107 0.0556847 2.2032e-20)
(-0.0473496 0.106893 -4.20902e-20)
(-0.0619507 0.125271 -1.38049e-22)
(-0.0652615 0.126165 1.53799e-22)
(-0.0579474 0.117421 1.70452e-20)
(-0.0404853 0.103159 -4.82606e-20)
(-0.0130506 0.0854446 0)
(0.0239675 0.0655203 -1.44182e-20)
(0.0704525 0.0453068 1.36179e-20)
(0.135097 0.0307392 -5.15931e-20)
(-0.0263751 0.0559348 -2.86257e-22)
(-0.0509469 0.108245 4.25873e-20)
(-0.0568099 0.126721 1.96175e-20)
(-0.0462511 0.126092 1.87504e-20)
(-0.0210658 0.114582 1.7151e-20)
(0.017977 0.0966702 1.61537e-20)
(0.0706102 0.0746112 0)
(0.136483 0.0497621 1.44169e-20)
(0.210604 0.0228424 4.04006e-20)
(0.319929 0.000474723 -1.3342e-20)
(-0.0304683 0.0534454 5.79391e-23)
(-0.0541885 0.102341 2.18975e-20)
(-0.0501946 0.117806 0)
(-0.0229451 0.11362 -3.6781e-20)
(0.0252555 0.0981844 3.47867e-20)
(0.0933246 0.0761777 0)
(0.180422 0.0501873 0)
(0.286822 0.0226901 0)
(0.393469 -0.008418 -2.73256e-20)
(0.563188 -0.0353441 -5.13754e-20)
(-0.0345414 0.049627 -2.39232e-20)
(-0.055445 0.0911367 2.24095e-20)
(-0.0378096 0.100287 4.12444e-20)
(0.0125508 0.0903919 4.68151e-22)
(0.093194 0.0699197 3.51361e-20)
(0.202052 0.0437884 3.27759e-20)
(0.335351 0.014846 3.07121e-20)
(0.492491 -0.0124097 2.87786e-20)
(0.635693 -0.043407 2.73216e-20)
(0.865574 -0.067037 -2.51183e-20)
(-0.0382361 0.0452769 -7.48483e-20)
(-0.0516893 0.0761727 -2.23055e-20)
(-0.0124966 0.0764279 -8.27271e-20)
(0.0724602 0.0594371 -3.80033e-20)
(0.19953 0.0340478 4.2259e-22)
(0.36244 0.00557515 -3.25016e-20)
(0.550658 -0.02263 3.08978e-20)
(0.755083 -0.0466143 -2.87745e-20)
(0.935915 -0.0716428 2.68531e-20)
(1.18809 -0.0847818 -5.05612e-20)
(-0.0405937 0.0404044 5.02976e-20)
(-0.0385352 0.0581986 0)
(0.0349448 0.0483112 4.21247e-20)
(0.170521 0.0247605 -6.19225e-23)
(0.358892 -0.00280033 5.51327e-22)
(0.58282 -0.029042 3.28333e-20)
(0.82117 -0.0502227 -9.27847e-20)
(1.05015 -0.0681901 0)
(1.25568 -0.0801528 -2.68494e-20)
(1.46283 -0.0858545 0)
(-0.28222 0.0131544 0)
(-0.29786 0.0116298 -2.99826e-21)
(-0.311175 0.00979901 5.9873e-21)
(-0.322142 0.00785816 -2.61557e-21)
(-0.330614 0.00580414 0)
(-0.33636 0.00365309 2.80988e-21)
(-0.339179 0.00141177 -2.82381e-21)
(-0.339051 -0.00100613 0)
(-0.335902 -0.00353918 0)
(-0.329498 -0.0061633 3.05158e-22)
(-0.31967 -0.00886376 0)
(-0.306273 -0.0116323 0)
(-0.289175 -0.0144743 0)
(-0.268239 -0.0174138 0)
(-0.243267 -0.0204815 -3.12919e-22)
(-0.213888 -0.0237632 3.14541e-22)
(-0.179998 -0.0273918 0)
(-0.142764 -0.0311814 -5.46827e-23)
(-0.100087 -0.0339184 5.49705e-23)
(-0.0311235 -0.0353027 0)
(-0.224336 0.0357543 0)
(-0.236038 0.0313345 7.68672e-22)
(-0.24525 0.0260255 0)
(-0.252185 0.0203811 1.15161e-20)
(-0.25684 0.014399 -1.11949e-20)
(-0.258971 0.00809203 7.33063e-22)
(-0.258577 0.00146658 -5.52233e-21)
(-0.255518 -0.00560558 1.15426e-20)
(-0.249573 -0.0130039 -9.71418e-21)
(-0.240604 -0.0206649 5.3911e-21)
(-0.228477 -0.0285375 4.39639e-21)
(-0.21308 -0.0365838 -7.88459e-21)
(-0.194332 -0.044803 4.02604e-21)
(-0.172132 -0.0532388 1.98607e-21)
(-0.146414 -0.0618969 -1.56158e-21)
(-0.117075 -0.0709423 3.05232e-22)
(-0.0840205 -0.0807746 2.36707e-22)
(-0.0479172 -0.0914709 2.43188e-22)
(-0.0096593 -0.101068 -2.44367e-22)
(0.051959 -0.10536 7.04226e-24)
(-0.121637 0.0482177 -7.85248e-22)
(-0.125979 0.0412201 -7.7002e-22)
(-0.127792 0.0330046 -7.80873e-22)
(-0.12749 0.0241836 0)
(-0.125353 0.0147979 -1.34717e-20)
(-0.121186 0.0048941 1.05217e-20)
(-0.115063 -0.00575907 0)
(-0.106735 -0.0169917 -1.39842e-21)
(-0.095912 -0.0287054 -6.58796e-22)
(-0.0825255 -0.0408231 8.54687e-21)
(-0.0664911 -0.0532542 -7.28005e-22)
(-0.0477689 -0.0659099 -1.02631e-20)
(-0.0263832 -0.0787169 -5.09808e-22)
(-0.00219401 -0.0916094 -4.29147e-22)
(0.0248776 -0.104616 -3.91323e-22)
(0.0545003 -0.117864 8.13828e-22)
(0.0863336 -0.131613 -7.75172e-22)
(0.119957 -0.146282 -8.39996e-22)
(0.155017 -0.160978 -1.64388e-22)
(0.20639 -0.171565 2.77141e-23)
(0.0111637 0.0455033 -2.45817e-20)
(0.0157704 0.0375894 1.7154e-22)
(0.023412 0.0275657 1.00925e-21)
(0.0328439 0.0163744 2.52079e-20)
(0.0436313 0.00440543 2.32665e-21)
(0.0555096 -0.00852463 7.50605e-22)
(0.0687308 -0.0223821 -2.18347e-20)
(0.0838114 -0.036929 1.28604e-20)
(0.100726 -0.0521182 1.12838e-20)
(0.119524 -0.0678325 -1.08384e-20)
(0.140254 -0.083932 7.17332e-22)
(0.162919 -0.100264 1.12081e-20)
(0.187484 -0.116664 5.05567e-22)
(0.213878 -0.132907 4.37782e-21)
(0.242024 -0.149003 -3.05894e-21)
(0.2717 -0.164988 -2.381e-21)
(0.302376 -0.180811 2.09908e-21)
(0.334312 -0.196725 0)
(0.363862 -0.211877 3.40901e-22)
(0.407973 -0.228131 2.33456e-23)
(0.168394 0.0273798 5.09738e-20)
(0.184779 0.0199696 -2.41226e-20)
(0.200577 0.00909449 2.57851e-20)
(0.218817 -0.00367441 0)
(0.238091 -0.0176382 -1.56158e-21)
(0.25797 -0.0326781 -2.44749e-20)
(0.278838 -0.0485956 -8.00749e-22)
(0.300784 -0.065442 8.62314e-22)
(0.323855 -0.0830904 2.30295e-20)
(0.348052 -0.101344 1.32166e-21)
(0.373357 -0.12 0)
(0.399682 -0.138822 -1.1483e-21)
(0.426954 -0.157589 0)
(0.454992 -0.176022 -9.30327e-22)
(0.483634 -0.193972 0)
(0.512706 -0.211243 0)
(0.541302 -0.227697 5.32782e-22)
(0.570976 -0.243455 -6.38825e-22)
(0.59491 -0.257248 5.655e-22)
(0.632349 -0.27336 -1.55546e-22)
(0.361669 -0.00205806 0)
(0.387544 -0.0094426 -1.62977e-21)
(0.409399 -0.0210002 -5.17325e-20)
(0.43342 -0.0347548 5.01211e-20)
(0.459379 -0.0496231 -1.58928e-21)
(0.485974 -0.065514 0)
(0.512861 -0.0826106 -2.40633e-20)
(0.540162 -0.100807 4.58081e-20)
(0.567946 -0.119877 -2.46515e-20)
(0.596092 -0.139556 -1.35565e-21)
(0.624508 -0.159593 -1.27453e-21)
(0.652948 -0.179643 -1.18134e-21)
(0.681339 -0.199446 0)
(0.709296 -0.218583 6.20346e-21)
(0.736738 -0.236907 -1.4113e-20)
(0.76336 -0.253965 6.116e-21)
(0.788293 -0.269716 -5.53694e-22)
(0.813391 -0.283951 -4.01867e-22)
(0.831815 -0.295548 1.61438e-22)
(0.860192 -0.308204 -1.58002e-22)
(0.605657 -0.0362291 5.13181e-20)
(0.635465 -0.0435997 0)
(0.659566 -0.0563454 -1.6233e-21)
(0.685785 -0.0706615 3.21449e-21)
(0.714306 -0.0857445 3.17092e-21)
(0.743462 -0.102098 1.55246e-21)
(0.772693 -0.119794 1.51458e-21)
(0.801935 -0.138552 -2.16822e-20)
(0.831127 -0.158111 2.59286e-20)
(0.859933 -0.178155 2.35579e-20)
(0.888233 -0.198409 -1.95748e-20)
(0.915503 -0.218411 2.32456e-21)
(0.941842 -0.237925 -8.03638e-21)
(0.966412 -0.256344 1.89934e-21)
(0.989708 -0.273674 8.67767e-21)
(1.01055 -0.289094 6.77041e-22)
(1.02959 -0.303003 -7.92508e-22)
(1.04639 -0.314427 9.94636e-22)
(1.05889 -0.323507 1.49426e-21)
(1.07432 -0.33125 7.55729e-23)
(0.899863 -0.0664356 0)
(0.925388 -0.074664 -5.2469e-20)
(0.946873 -0.0883638 5.38677e-20)
(0.970805 -0.102984 -1.60828e-21)
(0.997034 -0.118424 -3.13682e-21)
(1.02393 -0.135218 -1.55102e-21)
(1.05087 -0.153187 -2.9895e-21)
(1.07743 -0.171952 0)
(1.10341 -0.191274 -1.39559e-21)
(1.1282 -0.210795 -1.32219e-21)
(1.1518 -0.230252 -1.21003e-21)
(1.17328 -0.249091 -2.25726e-21)
(1.19325 -0.267173 0)
(1.21006 -0.283721 0)
(1.22555 -0.299004 -7.93878e-22)
(1.23664 -0.311802 -5.99301e-21)
(1.24733 -0.323177 4.14726e-21)
(1.25218 -0.331124 -3.65597e-22)
(1.25801 -0.337697 -7.4849e-22)
(1.25741 -0.340497 2.15577e-22)
(1.20994 -0.0864671 5.27205e-20)
(1.22728 -0.0970045 0)
(1.24357 -0.111049 0)
(1.26215 -0.125819 -4.99472e-20)
(1.28236 -0.141749 2.32963e-21)
(1.30291 -0.158845 9.59406e-20)
(1.32318 -0.176701 -4.56616e-20)
(1.34239 -0.194973 0)
(1.36035 -0.21347 0)
(1.37625 -0.231802 0)
(1.39046 -0.249748 6.20074e-22)
(1.40167 -0.266731 1.62479e-21)
(1.41128 -0.282725 1.47554e-20)
(1.41673 -0.296882 -1.4234e-20)
(1.42161 -0.309689 5.4449e-21)
(1.42054 -0.319685 -4.78169e-21)
(1.42157 -0.328457 0)
(1.4133 -0.333194 1.84835e-22)
(1.41248 -0.33757 2.13131e-22)
(1.39603 -0.336326 0)
(1.48534 -0.0958339 -8.2501e-22)
(1.50134 -0.108621 -5.12539e-20)
(1.51372 -0.12221 5.07207e-20)
(1.52483 -0.136651 0)
(1.5355 -0.152095 4.70371e-20)
(1.54554 -0.168214 -9.20429e-20)
(1.5547 -0.184796 4.50251e-20)
(1.5622 -0.201663 0)
(1.56819 -0.218647 1.97156e-20)
(1.57182 -0.235346 -3.7945e-20)
(1.57395 -0.251539 1.88089e-20)
(1.57299 -0.26667 -5.18023e-22)
(1.57112 -0.280724 0)
(1.56499 -0.292903 -1.23609e-20)
(1.55965 -0.303705 1.6872e-20)
(1.54788 -0.311739 -4.98813e-21)
(1.54075 -0.318634 -3.06597e-21)
(1.5224 -0.321519 2.17415e-21)
(1.51671 -0.324494 1.01789e-21)
(1.4891 -0.321194 0)
(1.73139 -0.0870052 0)
(1.72796 -0.100802 0)
(1.72189 -0.113147 0)
(1.71565 -0.126389 0)
(1.71078 -0.14084 0)
(1.70694 -0.155952 0)
(1.70358 -0.171315 0)
(1.69952 -0.186657 0)
(1.69489 -0.201907 0)
(1.68858 -0.216798 0)
(1.68171 -0.231259 0)
(1.67232 -0.24482 0)
(1.66302 -0.257547 0)
(1.64992 -0.26873 0)
(1.6387 -0.278848 0)
(1.62128 -0.286695 0)
(1.60977 -0.293606 0)
(1.58685 -0.297265 0)
(1.57841 -0.300732 0)
(1.54669 -0.299318 0)
(1.8072 -0.0773132 0)
(1.80937 -0.0921809 0)
(1.80471 -0.106041 0)
(1.79714 -0.120394 0)
(1.78983 -0.135473 0)
(1.78308 -0.150856 0)
(1.77648 -0.166187 0)
(1.76885 -0.181208 0)
(1.76047 -0.195875 0)
(1.75035 -0.209963 0)
(1.7398 -0.22345 0)
(1.72692 -0.235919 0)
(1.71446 -0.247476 0)
(1.69847 -0.257476 0)
(1.68479 -0.26641 0)
(1.66519 -0.273167 0)
(1.65197 -0.279043 0)
(1.62759 -0.281842 0)
(1.61814 -0.284587 0)
(1.58585 -0.28255 0)
(1.84982 -0.0695567 0)
(1.85277 -0.0852921 0)
(1.84792 -0.100259 0)
(1.83946 -0.114981 0)
(1.83103 -0.129703 0)
(1.82311 -0.144333 0)
(1.81532 -0.158727 0)
(1.8064 -0.172693 0)
(1.79668 -0.186194 0)
(1.78519 -0.19903 0)
(1.77336 -0.211208 0)
(1.7593 -0.22238 0)
(1.74585 -0.232668 0)
(1.72902 -0.241523 0)
(1.71471 -0.249391 0)
(1.69467 -0.255319 0)
(1.68119 -0.26043 0)
(1.65676 -0.26286 0)
(1.64741 -0.265166 0)
(1.61548 -0.263428 0)
(1.87332 -0.0627572 0)
(1.87653 -0.0787748 0)
(1.87199 -0.0940596 0)
(1.86355 -0.108578 0)
(1.85485 -0.122618 0)
(1.84652 -0.136327 0)
(1.8383 -0.14973 0)
(1.82896 -0.162681 0)
(1.81886 -0.175138 0)
(1.80703 -0.18691 0)
(1.79494 -0.198018 0)
(1.78072 -0.208167 0)
(1.76722 -0.217486 0)
(1.7505 -0.225494 0)
(1.73639 -0.232596 0)
(1.71672 -0.237956 0)
(1.70362 -0.242559 0)
(1.67989 -0.2448 0)
(1.6709 -0.246878 0)
(1.64008 -0.245512 0)
(1.88793 -0.0574344 0)
(1.89124 -0.073061 0)
(1.88735 -0.0880141 0)
(1.87948 -0.102013 0)
(1.87101 -0.11531 0)
(1.86269 -0.128141 0)
(1.85443 -0.140612 0)
(1.84511 -0.152619 0)
(1.83508 -0.164117 0)
(1.82337 -0.174927 0)
(1.81149 -0.185077 0)
(1.79755 -0.194311 0)
(1.78443 -0.202766 0)
(1.76818 -0.210015 0)
(1.75461 -0.216433 0)
(1.73562 -0.221278 0)
(1.72313 -0.225433 0)
(1.7003 -0.227491 0)
(1.6918 -0.229382 0)
(1.66224 -0.228267 0)
(1.90077 -0.0533873 0)
(1.90393 -0.0681284 0)
(1.90058 -0.0823524 0)
(1.89332 -0.0956452 0)
(1.88521 -0.108162 0)
(1.87702 -0.12013 0)
(1.86884 -0.131691 0)
(1.85964 -0.142773 0)
(1.84981 -0.153343 0)
(1.83837 -0.163238 0)
(1.82681 -0.17249 0)
(1.81327 -0.180877 0)
(1.8006 -0.188537 0)
(1.78489 -0.195091 0)
(1.7719 -0.20089 0)
(1.7536 -0.205268 0)
(1.74172 -0.209025 0)
(1.71974 -0.210915 0)
(1.71172 -0.212638 0)
(1.6833 -0.211727 0)
(1.915 -0.0500075 0)
(1.91768 -0.0636517 0)
(1.9146 -0.0769625 0)
(1.90781 -0.0894414 0)
(1.9 -0.101143 0)
(1.89193 -0.112252 0)
(1.88381 -0.122919 0)
(1.87469 -0.133101 0)
(1.86503 -0.142782 0)
(1.85381 -0.151813 0)
(1.84254 -0.160232 0)
(1.82933 -0.167838 0)
(1.81706 -0.174772 0)
(1.80181 -0.180691 0)
(1.7893 -0.185928 0)
(1.77157 -0.18988 0)
(1.76022 -0.193278 0)
(1.73894 -0.195 0)
(1.73132 -0.196571 0)
(1.70383 -0.195806 0)
(1.93109 -0.0468998 0)
(1.93306 -0.0594084 0)
(1.93002 -0.0717268 0)
(1.92354 -0.0833225 0)
(1.91596 -0.0941756 0)
(1.90796 -0.104428 0)
(1.89984 -0.114224 0)
(1.89074 -0.123539 0)
(1.88116 -0.132373 0)
(1.87008 -0.140589 0)
(1.85901 -0.148231 0)
(1.84603 -0.155114 0)
(1.83405 -0.161378 0)
(1.81912 -0.166712 0)
(1.80699 -0.171432 0)
(1.78969 -0.174987 0)
(1.77874 -0.178051 0)
(1.75799 -0.179607 0)
(1.75068 -0.181032 0)
(1.72391 -0.180369 0)
(1.94849 -0.0438988 0)
(1.94964 -0.0552756 0)
(1.94647 -0.0665585 0)
(1.94019 -0.0772226 0)
(1.93277 -0.087201 0)
(1.92479 -0.0965966 0)
(1.91662 -0.105541 0)
(1.90748 -0.11402 0)
(1.89791 -0.122043 0)
(1.88689 -0.129487 0)
(1.87593 -0.136396 0)
(1.86309 -0.142602 0)
(1.8513 -0.148242 0)
(1.83659 -0.153031 0)
(1.82473 -0.15727 0)
(1.80772 -0.160454 0)
(1.79707 -0.163206 0)
(1.77669 -0.164598 0)
(1.76961 -0.165883 0)
(1.74337 -0.165295 0)
(1.96643 -0.0408964 0)
(1.96673 -0.0511492 0)
(1.96335 -0.0613768 0)
(1.95716 -0.0710819 0)
(1.94984 -0.0801696 0)
(1.94184 -0.0887105 0)
(1.9336 -0.0968199 0)
(1.92437 -0.104488 0)
(1.91477 -0.111729 0)
(1.90374 -0.118435 0)
(1.89284 -0.124648 0)
(1.88006 -0.130214 0)
(1.8684 -0.135267 0)
(1.85382 -0.139547 0)
(1.84213 -0.143336 0)
(1.82532 -0.146171 0)
(1.81488 -0.14863 0)
(1.79476 -0.149865 0)
(1.78786 -0.151016 0)
(1.76199 -0.150486 0)
(1.98424 -0.0377928 0)
(1.9837 -0.046941 0)
(1.98005 -0.0561159 0)
(1.97389 -0.0648547 0)
(1.96661 -0.0730466 0)
(1.95858 -0.080737 0)
(1.95023 -0.0880255 0)
(1.9409 -0.0949034 0)
(1.93123 -0.101389 0)
(1.92017 -0.107383 0)
(1.90927 -0.11293 0)
(1.89651 -0.117889 0)
(1.88491 -0.122386 0)
(1.8704 -0.126185 0)
(1.85884 -0.129549 0)
(1.84214 -0.132058 0)
(1.83185 -0.13424 0)
(1.8119 -0.135325 0)
(1.80513 -0.136347 0)
(1.77952 -0.135866 0)
(2.00138 -0.0345247 0)
(2.00003 -0.0425995 0)
(1.99607 -0.0507376 0)
(1.98989 -0.0585142 0)
(1.98263 -0.0658121 0)
(1.97453 -0.0726585 0)
(1.96609 -0.0791386 0)
(1.95663 -0.0852442 0)
(1.94688 -0.0909946 0)
(1.93576 -0.0963016 0)
(1.92484 -0.101207 0)
(1.91207 -0.105584 0)
(1.9005 -0.10955 0)
(1.88601 -0.112893 0)
(1.87453 -0.115854 0)
(1.85789 -0.118054 0)
(1.84771 -0.119973 0)
(1.82787 -0.120917 0)
(1.82118 -0.121816 0)
(1.79575 -0.121379 0)
(2.01741 -0.0310672 0)
(2.0153 -0.0381028 0)
(2.01103 -0.0452236 0)
(2.00479 -0.052047 0)
(1.99752 -0.0584565 0)
(1.98936 -0.0644668 0)
(1.98081 -0.0701501 0)
(1.97123 -0.0754989 0)
(1.9614 -0.080532 0)
(1.9502 -0.0851713 0)
(1.93924 -0.0894559 0)
(1.92644 -0.0932729 0)
(1.91488 -0.0967293 0)
(1.90039 -0.0996362 0)
(1.88895 -0.102212 0)
(1.87234 -0.104119 0)
(1.86223 -0.105786 0)
(1.84245 -0.106596 0)
(1.83584 -0.107378 0)
(1.81052 -0.106985 0)
(2.03201 -0.0274146 0)
(2.02921 -0.0334432 0)
(2.02463 -0.0395666 0)
(2.01832 -0.045448 0)
(2.01103 -0.0509773 0)
(2.00279 -0.0561603 0)
(1.99414 -0.0610582 0)
(1.98445 -0.0656638 0)
(1.97452 -0.0699948 0)
(1.96324 -0.0739831 0)
(1.95225 -0.0776639 0)
(1.9394 -0.0809385 0)
(1.92783 -0.0839023 0)
(1.91332 -0.08639 0)
(1.90191 -0.0885952 0)
(1.8853 -0.0902216 0)
(1.87525 -0.0916474 0)
(1.85549 -0.0923324 0)
(1.84893 -0.0930006 0)
(1.82369 -0.0926522 0)
(2.04494 -0.0235698 0)
(2.04152 -0.0286209 0)
(2.03665 -0.0337667 0)
(2.03026 -0.0387186 0)
(2.02293 -0.0433771 0)
(2.01463 -0.0477427 0)
(2.00588 -0.0518659 0)
(1.99608 -0.0557407 0)
(1.98607 -0.0593827 0)
(1.97471 -0.0627339 0)
(1.96367 -0.0658252 0)
(1.95078 -0.068572 0)
(1.93919 -0.0710571 0)
(1.92465 -0.0731396 0)
(1.91325 -0.0749861 0)
(1.89664 -0.0763436 0)
(1.88661 -0.0775363 0)
(1.86687 -0.0781029 0)
(1.86034 -0.0786615 0)
(1.83514 -0.07836 0)
(2.05598 -0.0195436 0)
(2.05204 -0.023644 0)
(2.04692 -0.0278307 0)
(2.04044 -0.0318654 0)
(2.03308 -0.0356627 0)
(2.02471 -0.0392205 0)
(2.01587 -0.0425793 0)
(2.00598 -0.0457343 0)
(1.99589 -0.0486987 0)
(1.98446 -0.0514248 0)
(1.97338 -0.0539381 0)
(1.96043 -0.0561695 0)
(1.94883 -0.0581874 0)
(1.93426 -0.0598761 0)
(1.92286 -0.0613737 0)
(1.90623 -0.0624717 0)
(1.89622 -0.0634381 0)
(1.87648 -0.0638925 0)
(1.86998 -0.0643448 0)
(1.8448 -0.0640928 0)
(2.06501 -0.0153638 0)
(2.06064 -0.018536 0)
(2.05529 -0.0217786 0)
(2.04874 -0.0249058 0)
(2.04134 -0.0278494 0)
(2.03292 -0.030607 0)
(2.024 -0.0332097 0)
(2.01403 -0.0356541 0)
(2.00387 -0.0379499 0)
(1.99239 -0.0400606 0)
(1.98126 -0.0420053 0)
(1.96827 -0.0437312 0)
(1.95665 -0.0452908 0)
(1.94204 -0.0465954 0)
(1.93064 -0.0477515 0)
(1.91399 -0.0485982 0)
(1.904 -0.0493434 0)
(1.88424 -0.0496914 0)
(1.87776 -0.0500397 0)
(1.85259 -0.0498403 0)
(2.07189 -0.0110727 0)
(2.06719 -0.0133352 0)
(2.06167 -0.015645 0)
(2.05506 -0.0178709 0)
(2.04763 -0.0199649 0)
(2.03916 -0.0219268 0)
(2.03018 -0.0237781 0)
(2.02014 -0.0255177 0)
(2.00993 -0.0271507 0)
(1.99839 -0.028653 0)
(1.98723 -0.0300352 0)
(1.97421 -0.0312634 0)
(1.96257 -0.0323703 0)
(1.94794 -0.0332989 0)
(1.93653 -0.0341177 0)
(1.91986 -0.034721 0)
(1.90988 -0.0352468 0)
(1.89011 -0.0354953 0)
(1.88364 -0.0357392 0)
(1.85847 -0.0355964 0)
(2.0765 -0.00662617 0)
(2.07159 -0.00800817 0)
(2.06597 -0.00940667 0)
(2.05931 -0.0107474 0)
(2.05186 -0.0120038 0)
(2.04335 -0.0131799 0)
(2.03433 -0.0142879 0)
(2.02424 -0.0153305 0)
(2.01399 -0.0163069 0)
(2.00243 -0.0172078 0)
(1.99124 -0.0180325 0)
(1.9782 -0.0187702 0)
(1.96654 -0.019428 0)
(1.95189 -0.0199884 0)
(1.94047 -0.0204711 0)
(1.9238 -0.0208397 0)
(1.91381 -0.0211438 0)
(1.89404 -0.0213029 0)
(1.88757 -0.0214372 0)
(1.86241 -0.021359 0)
(2.07876 -0.00205538 0)
(2.07376 -0.00256139 0)
(2.0681 -0.00305949 0)
(2.06144 -0.00352877 0)
(2.05398 -0.00396291 0)
(2.04546 -0.00436613 0)
(2.03642 -0.00474298 0)
(2.02631 -0.00509669 0)
(2.01604 -0.00542569 0)
(2.00445 -0.00572978 0)
(1.99326 -0.00600562 0)
(1.9802 -0.00625439 0)
(1.96853 -0.00647262 0)
(1.95388 -0.00666259 0)
(1.94245 -0.00682053 0)
(1.92577 -0.00694787 0)
(1.91578 -0.00704425 0)
(1.89602 -0.00710325 0)
(1.88955 -0.00714221 0)
(1.86438 -0.00712074 0)
(1.84518 0.14905 -6.36159e-22)
(1.86448 0.126778 0)
(1.87738 0.103615 3.58903e-22)
(1.88595 0.0797378 1.13916e-20)
(1.88746 0.0553532 -3.18732e-20)
(1.88691 0.0313705 0)
(1.87926 0.00660776 -3.88146e-20)
(1.85938 -0.0161115 0)
(1.85391 -0.041033 -4.54713e-20)
(1.7324 -0.0693459 7.06966e-22)
(1.8548 0.133888 1.85569e-22)
(1.87213 0.114531 -2.14762e-22)
(1.88445 0.0940468 2.15195e-22)
(1.89093 0.0738174 -2.00915e-21)
(1.8954 0.0519952 1.10394e-20)
(1.88866 0.031601 8.71452e-22)
(1.89584 0.00941604 0)
(1.86065 -0.0120968 3.42045e-20)
(1.89103 -0.0307883 0)
(1.80106 -0.060272 4.02413e-20)
(1.86916 0.118863 -1.83116e-22)
(1.88253 0.101801 0)
(1.89565 0.0833071 2.38135e-22)
(1.89652 0.0653722 -2.11853e-21)
(1.90664 0.0461268 -1.19241e-20)
(1.89027 0.0272874 0)
(1.9086 0.00931695 -2.58684e-20)
(1.86673 -0.0127036 -3.49973e-20)
(1.89819 -0.0264312 0)
(1.84212 -0.0532061 -3.98326e-20)
(1.88604 0.105723 -1.44953e-23)
(1.89531 0.090224 -7.19296e-22)
(1.91003 0.0740262 0)
(1.90553 0.0573752 -7.95471e-21)
(1.91947 0.0413021 -6.24265e-22)
(1.89825 0.0228236 1.3548e-21)
(1.91727 0.00877276 2.51987e-20)
(1.88102 -0.0128122 8.28175e-22)
(1.89986 -0.024559 2.87029e-20)
(1.86534 -0.047139 0)
(1.90394 0.0940358 0)
(1.91038 0.07975 6.7117e-22)
(1.92555 0.0660353 1.47947e-21)
(1.91886 0.0502712 -5.41323e-22)
(1.93237 0.0371281 4.04688e-22)
(1.91266 0.0193602 6.24651e-22)
(1.92551 0.00764989 1.85898e-20)
(1.89853 -0.0118708 1.51849e-21)
(1.90621 -0.0233908 -4.05646e-21)
(1.88055 -0.0425291 -2.78399e-20)
(1.92192 0.0835229 4.66327e-22)
(1.92726 0.0703328 -2.1775e-23)
(1.94108 0.0587066 -5.2806e-22)
(1.93523 0.0439865 -9.36786e-23)
(1.94549 0.0327919 5.31409e-21)
(1.93017 0.0165286 0)
(1.93635 0.00573559 -2.05064e-20)
(1.9159 -0.0111786 6.18481e-22)
(1.91773 -0.0227819 -4.70359e-20)
(1.89424 -0.0394328 5.19304e-20)
(1.93968 0.073927 -4.68621e-22)
(1.94505 0.0619229 -5.418e-22)
(1.95659 0.0517782 -6.44037e-22)
(1.95276 0.038433 1.9985e-21)
(1.95955 0.0283114 -1.03849e-21)
(1.9481 0.0139487 5.72414e-21)
(1.95022 0.00351196 -5.27841e-22)
(1.93287 -0.0111351 1.12946e-21)
(1.93263 -0.0224254 2.12241e-20)
(1.90948 -0.0371998 -2.41266e-20)
(1.95716 0.0651211 0)
(1.96284 0.0544019 1.38187e-21)
(1.97225 0.0452905 -2.91098e-23)
(1.97012 0.0334793 -1.69544e-21)
(1.97465 0.0240522 -1.15537e-21)
(1.9655 0.0115174 -9.87846e-21)
(1.96603 0.00152848 5.50911e-21)
(1.95009 -0.0113477 0)
(1.94941 -0.0219192 0)
(1.92675 -0.0352328 0)
(1.97425 0.0570674 0)
(1.98006 0.0476248 -1.72641e-21)
(1.98795 0.0393472 -7.87959e-23)
(1.98682 0.0290015 -5.6462e-22)
(1.99024 0.0202499 -2.90488e-21)
(1.98235 0.0092689 4.80614e-21)
(1.98253 -2.42191e-05 -6.51282e-21)
(1.96767 -0.0114989 3.66373e-22)
(1.96691 -0.0211913 0)
(1.94537 -0.033306 -7.88121e-21)
(1.99074 0.0497352 8.88718e-23)
(1.99641 0.0414713 1.0353e-21)
(2.00335 0.0339859 1.21451e-21)
(2.00271 0.0249308 7.38313e-23)
(2.00568 0.0169424 -3.20786e-23)
(1.99866 0.00724936 2.67789e-21)
(1.99883 -0.00120538 -4.2631e-21)
(1.98522 -0.011511 2.9852e-22)
(1.98433 -0.0203093 0)
(1.96447 -0.031347 1.45331e-20)
(2.00635 0.0430713 0)
(2.01176 0.0358615 1.39673e-21)
(2.01805 0.0291758 3.78434e-22)
(2.01774 0.0212412 0)
(2.02047 0.0140771 0)
(2.0143 0.00548798 -2.2877e-21)
(2.01443 -0.00209256 3.56737e-21)
(2.00228 -0.0113525 3.04991e-22)
(2.00117 -0.019263 -1.20419e-22)
(1.98337 -0.0292714 -6.8412e-21)
(2.02085 0.0370048 0)
(2.026 0.0307411 -2.80876e-21)
(2.03176 0.024857 -1.99707e-21)
(2.03177 0.0179202 1.61606e-22)
(2.03428 0.0115948 -7.03292e-23)
(2.02904 0.00400487 1.13256e-22)
(2.02904 -0.00270687 -2.98594e-22)
(2.01848 -0.0109738 -2.69429e-21)
(2.01709 -0.0180009 -3.96526e-22)
(2.00153 -0.0270032 1.48712e-22)
(2.03407 0.0314604 0)
(2.03901 0.0260641 1.56633e-21)
(2.0443 0.0209668 -1.12018e-22)
(2.04467 0.0149507 1.11092e-22)
(2.04693 0.00945161 0)
(2.04264 0.00280794 0)
(2.04247 -0.00305098 0)
(2.03352 -0.0103463 3.11319e-21)
(2.03182 -0.0165039 -3.26607e-21)
(2.01849 -0.0245094 0)
(2.04589 0.0263667 0)
(2.05068 0.0217833 1.10477e-21)
(2.05553 0.0174486 1.13716e-21)
(2.05627 0.0123064 1.02217e-21)
(2.05828 0.00761122 -1.50074e-22)
(2.05493 0.00188625 2.51598e-22)
(2.05456 -0.00314079 3.50849e-22)
(2.04714 -0.00947533 0)
(2.04514 -0.0147831 5.05845e-22)
(2.03393 -0.0217875 3.46497e-21)
(2.05622 0.0216578 -3.09646e-22)
(2.06091 0.0178484 -9.18445e-22)
(2.06536 0.0142495 -1.47781e-21)
(2.06647 0.00995227 -7.28315e-22)
(2.06824 0.00603655 0)
(2.06574 0.00121378 -2.3152e-22)
(2.06519 -0.00300367 -4.32727e-22)
(2.05916 -0.00838148 6.17106e-23)
(2.05688 -0.0128572 1.56298e-21)
(2.04758 -0.0188456 -4.73717e-21)
(2.06501 0.017298 3.11236e-22)
(2.06961 0.0142235 -7.94924e-22)
(2.07373 0.0113297 5.49705e-22)
(2.07516 0.0078536 -1.08387e-21)
(2.07671 0.00469208 0)
(2.07496 0.000759513 0)
(2.07424 -0.00266888 -3.38819e-23)
(2.06942 -0.00708832 5.50052e-22)
(2.06689 -0.0107461 9.54843e-22)
(2.05925 -0.0156983 1.39194e-21)
(2.07218 0.0131687 0)
(2.07672 0.0108308 1.24736e-21)
(2.08056 0.00862918 -3.62644e-22)
(2.08226 0.00596 1.02094e-21)
(2.08364 0.00353204 2.3022e-22)
(2.0825 0.000481739 -5.87283e-23)
(2.08163 -0.00217495 4.69062e-23)
(2.0778 -0.00563144 -4.12906e-22)
(2.07506 -0.00848346 0)
(2.06879 -0.0123773 0)
(2.07771 0.00924336 0)
(2.08219 0.00764115 5.3894e-22)
(2.0858 0.00611987 -8.07431e-22)
(2.0877 0.00424517 0)
(2.08893 0.00253218 -4.11241e-22)
(2.08826 0.000354539 -7.63561e-23)
(2.08727 -0.00154794 -1.05082e-22)
(2.0842 -0.00404327 5.00815e-23)
(2.08129 -0.00610376 -9.829e-26)
(2.07606 -0.00892892 -4.69948e-23)
(2.0815 0.00554368 0)
(2.08591 0.00464583 -5.41528e-22)
(2.08935 0.00379594 -3.97656e-22)
(2.09137 0.00271714 4.45804e-22)
(2.0925 0.00171945 1.53179e-22)
(2.09214 0.000418559 1.28208e-22)
(2.09108 -0.000732817 1.98898e-22)
(2.08851 -0.00226381 3.42171e-23)
(2.08548 -0.00354334 -3.63216e-23)
(2.08095 -0.00529832 0)
(2.08341 0.00173722 0)
(2.08778 0.00156041 2.48503e-22)
(2.09114 0.00139192 -2.20222e-22)
(2.09321 0.00112533 1.86393e-22)
(2.09428 0.000860165 0)
(2.09408 0.000463965 -1.28849e-22)
(2.09296 9.03071e-05 2.66645e-23)
(2.09064 -0.000437573 -4.16564e-23)
(2.08754 -0.000904245 0)
(2.08334 -0.00154823 0)
(1.27596 0.323729 0)
(1.23857 0.354841 -4.54495e-20)
(1.2103 0.3949 0)
(1.1879 0.445296 -1.49314e-19)
(1.16814 0.505533 5.95299e-20)
(1.14936 0.577868 3.05403e-21)
(1.12994 0.664141 4.00033e-20)
(1.09175 0.754625 -1.09343e-20)
(0.957867 0.782283 0)
(0.558583 0.498944 2.67277e-20)
(1.3497 0.32526 8.10579e-20)
(1.31594 0.36419 4.54477e-20)
(1.29366 0.403074 -4.00035e-20)
(1.27657 0.45183 5.0468e-20)
(1.26224 0.51137 -3.58406e-20)
(1.25046 0.582923 1.06397e-20)
(1.23953 0.667605 -4.35639e-20)
(1.20813 0.754012 -7.76123e-20)
(1.06811 0.773312 -2.04287e-20)
(0.620338 0.481494 -3.73439e-20)
(1.42112 0.321149 -3.29526e-20)
(1.39414 0.362002 3.34497e-20)
(1.37691 0.400207 4.00016e-20)
(1.36368 0.448126 3.97929e-20)
(1.3541 0.506906 3.89768e-20)
(1.34905 0.576922 3.7071e-20)
(1.3459 0.658439 1.23952e-20)
(1.31933 0.73794 2.64615e-20)
(1.1697 0.746442 9.17171e-22)
(0.671465 0.4503 -9.79063e-22)
(1.49317 0.313791 6.60055e-20)
(1.47167 0.354036 -3.34479e-20)
(1.45798 0.390658 0)
(1.44782 0.436768 0)
(1.44253 0.493489 0)
(1.44356 0.560588 1.74043e-20)
(1.44684 0.637183 -6.52288e-21)
(1.42208 0.707131 0)
(1.25843 0.702675 -7.6774e-21)
(0.707207 0.406484 1.91645e-20)
(1.5624 0.302673 -8.75597e-21)
(1.54521 0.340884 3.86969e-20)
(1.53444 0.375475 0)
(1.5272 0.419007 0)
(1.52594 0.472379 5.8155e-21)
(1.53226 0.535166 2.93097e-21)
(1.54006 0.605434 1.01646e-20)
(1.51352 0.662486 -7.59029e-21)
(1.32882 0.643738 -3.18514e-20)
(0.725111 0.35429 -6.37607e-21)
(1.62577 0.287642 2.65317e-20)
(1.61245 0.322668 1.011e-20)
(1.60442 0.354925 0)
(1.60012 0.39541 0)
(1.60268 0.444437 -9.8618e-21)
(1.61335 0.50141 1.37928e-21)
(1.62352 0.563441 5.76775e-21)
(1.59006 0.607193 -6.70248e-23)
(1.37596 0.57262 3.867e-20)
(0.724248 0.295254 2.56948e-20)
(1.68269 0.268905 -1.13248e-20)
(1.67266 0.299754 1.19154e-20)
(1.66698 0.329464 5.92021e-21)
(1.6654 0.366512 -6.26319e-21)
(1.6712 0.410516 2.12595e-21)
(1.68485 0.460579 -2.26429e-21)
(1.69397 0.512727 1.22538e-20)
(1.64689 0.542705 -1.31609e-20)
(1.39809 0.492795 0)
(0.703226 0.232535 0)
(1.73242 0.246818 -5.89074e-21)
(1.72523 0.273307 6.19809e-21)
(1.72143 0.300222 0)
(1.72214 0.333542 0)
(1.73048 0.371904 0)
(1.74513 0.414218 -5.50689e-21)
(1.74877 0.455435 2.77242e-20)
(1.68098 0.47085 -2.92743e-20)
(1.39248 0.406931 0)
(0.661211 0.170061 -1.94347e-20)
(1.77561 0.22226 -4.40932e-22)
(1.77001 0.243627 8.22707e-22)
(1.76743 0.26817 8.11225e-22)
(1.77 0.297374 0)
(1.77986 0.329822 4.54269e-21)
(1.79274 0.364083 -1.29583e-20)
(1.78562 0.393589 0)
(1.68953 0.393929 4.92056e-21)
(1.35613 0.318197 -1.76091e-20)
(0.599113 0.111773 2.89848e-20)
(1.81158 0.195546 0)
(1.80659 0.213465 -3.58729e-22)
(1.80503 0.234629 -8.11149e-22)
(1.80886 0.259237 0)
(1.81854 0.285628 -2.94999e-21)
(1.8262 0.311583 4.30081e-21)
(1.80194 0.328971 2.21688e-21)
(1.66927 0.314551 6.51365e-21)
(1.28697 0.23038 8.66364e-21)
(0.520082 0.0613075 0)
(0.680745 0.0200525 -1.91857e-20)
(0.652259 0.0228992 2.04118e-20)
(0.617679 0.0262509 1.10046e-20)
(0.575728 0.0301223 1.20855e-20)
(0.524661 0.0346677 -1.28329e-20)
(0.461978 0.0401011 -2.12975e-20)
(0.384536 0.0466201 7.68759e-21)
(0.285908 0.0537883 -1.70409e-20)
(0.158265 0.0571211 -1.87777e-20)
(0.0462002 0.03875 0)
(0.694147 0.0598797 0)
(0.666038 0.0683148 -1.02016e-20)
(0.631544 0.0783024 -1.09679e-20)
(0.589804 0.0898428 0)
(0.539269 0.103381 2.59379e-20)
(0.477462 0.119563 1.40928e-20)
(0.401247 0.138998 0)
(0.304028 0.160384 -1.62903e-20)
(0.176408 0.170258 -6.2268e-23)
(0.0582419 0.115536 -1.97257e-20)
(0.720534 0.0988735 7.57166e-20)
(0.693183 0.112576 -7.96816e-20)
(0.658884 0.128992 0)
(0.617587 0.147979 0)
(0.568126 0.17022 0)
(0.508085 0.19679 -8.30762e-20)
(0.434346 0.228725 1.19723e-19)
(0.339852 0.263897 -3.17351e-20)
(0.212336 0.280023 0)
(0.082151 0.189922 3.96846e-20)
(0.759061 0.136442 7.42302e-20)
(0.732859 0.154898 -7.8117e-20)
(0.698917 0.177386 -8.48757e-20)
(0.658348 0.203427 -1.61401e-21)
(0.610518 0.233871 1.46425e-19)
(0.553112 0.270231 -5.26266e-20)
(0.483059 0.313961 5.82562e-20)
(0.392586 0.36216 -1.25883e-19)
(0.265262 0.384158 6.83379e-20)
(0.117339 0.260116 0)
(0.808548 0.171905 -1.78928e-19)
(0.783875 0.194555 3.73724e-20)
(0.750515 0.222786 0)
(0.711035 0.255456 0)
(0.66544 0.293452 4.89415e-20)
(0.61154 0.338731 -1.50472e-19)
(0.546326 0.393192 1.08656e-19)
(0.46111 0.453257 -1.16887e-19)
(0.334009 0.480485 2.85668e-21)
(0.162893 0.324443 -6.58647e-20)
(0.867653 0.204424 2.42323e-19)
(0.84493 0.23032 -1.83716e-19)
(0.812372 0.263569 0)
(0.774279 0.302163 0)
(0.731466 0.346978 4.59025e-20)
(0.681916 0.400357 4.94554e-20)
(0.622671 0.464509 4.58619e-20)
(0.543903 0.535149 5.75017e-20)
(0.416979 0.566816 2.6924e-21)
(0.21756 0.381232 1.29151e-19)
(0.934615 0.234013 -1.3689e-19)
(0.914311 0.263342 -6.73763e-20)
(0.882911 0.301497 0)
(0.846622 0.345167 0)
(0.807114 0.395354 0)
(0.762591 0.455102 -8.91645e-20)
(0.710229 0.527068 8.6583e-20)
(0.638933 0.606271 0)
(0.512045 0.64111 -5.25377e-20)
(0.279726 0.428899 1.11757e-19)
(1.00907 0.256179 -6.44946e-20)
(0.990903 0.287503 6.7376e-20)
(0.960311 0.330004 6.59614e-20)
(0.926191 0.37873 6.97138e-20)
(0.890796 0.434329 7.34811e-20)
(0.852104 0.500065 7.71712e-20)
(0.807339 0.578774 -9.91303e-21)
(0.744133 0.664725 8.29884e-20)
(0.61683 0.701292 -4.51216e-20)
(0.34754 0.465911 4.81631e-20)
(1.08972 0.282077 -1.18431e-19)
(1.07267 0.315656 5.71103e-20)
(1.04199 0.360323 -6.59602e-20)
(1.01025 0.410493 -7.28257e-20)
(0.979598 0.468003 6.23616e-20)
(0.947496 0.536818 -9.165e-21)
(0.911133 0.619675 -2.2351e-19)
(0.856562 0.709636 -1.47623e-19)
(0.72833 0.74571 4.2446e-20)
(0.418641 0.490707 -2.73772e-20)
(1.18061 0.288707 0)
(1.15802 0.324552 -5.71094e-20)
(1.12664 0.374625 0)
(1.09857 0.429341 5.45203e-20)
(1.07312 0.490357 -1.90397e-19)
(1.04753 0.562303 -1.29507e-19)
(1.01956 0.648107 1.35407e-19)
(0.97346 0.739777 6.98062e-20)
(0.843256 0.772989 0)
(0.490111 0.501971 6.6826e-20)
(0.829661 0.0009709 0)
(0.829463 0.000982508 -1.12718e-21)
(0.828496 0.0010259 1.12128e-21)
(0.827009 0.00113253 0)
(0.825322 0.00130718 -2.23836e-21)
(0.823452 0.00154578 2.22682e-21)
(0.82127 0.00184851 0)
(0.818644 0.00221983 0)
(0.815469 0.00266843 0)
(0.811624 0.00320049 0)
(0.807015 0.00383862 1.10909e-21)
(0.801568 0.0045944 0)
(0.795138 0.00548078 0)
(0.787546 0.00651727 8.94839e-21)
(0.778594 0.00772708 -8.90427e-21)
(0.768058 0.0091431 0)
(0.755693 0.0107894 1.0194e-20)
(0.741176 0.0127424 -1.81537e-20)
(0.7242 0.0149374 9.08529e-21)
(0.704199 0.0178655 9.29138e-21)
(0.838496 0.0027812 2.37791e-21)
(0.838267 0.00283469 4.47158e-21)
(0.837348 0.00300959 -4.45003e-21)
(0.835963 0.00336461 2.22219e-21)
(0.834377 0.00390618 2.2177e-21)
(0.832596 0.00462939 8.87291e-21)
(0.830498 0.00554141 -6.62101e-21)
(0.827959 0.00665848 -1.77036e-20)
(0.824877 0.00800683 3.75189e-20)
(0.821144 0.00960582 -1.76109e-20)
(0.816677 0.0115159 -1.66012e-20)
(0.811381 0.0137758 3.75451e-20)
(0.805117 0.0164261 -3.31837e-20)
(0.797717 0.0195255 1.7671e-20)
(0.788992 0.0231422 2.21812e-21)
(0.778728 0.027376 3.81031e-20)
(0.766684 0.0322957 -3.68374e-20)
(0.752576 0.0381389 0)
(0.736038 0.0446901 2.26337e-21)
(0.716961 0.0534626 0)
(0.855568 0.00445576 -7.05812e-21)
(0.855402 0.00457275 -1.42625e-24)
(0.85464 0.00491778 8.83552e-21)
(0.853444 0.00555084 -4.38237e-21)
(0.852037 0.00647458 -1.0987e-20)
(0.850422 0.00768938 -2.19501e-21)
(0.84849 0.00921444 -2.19585e-21)
(0.846127 0.0110805 -2.19026e-21)
(0.843231 0.0133307 3.07613e-20)
(0.839718 0.0159973 1.50376e-22)
(0.835521 0.0191682 -3.9401e-20)
(0.830523 0.0229147 -2.19891e-21)
(0.824593 0.0273077 -4.39684e-21)
(0.817578 0.0324448 0)
(0.809309 0.0384352 -3.99402e-20)
(0.799595 0.0454498 3.09451e-20)
(0.788202 0.0535889 0)
(0.774927 0.0632805 -2.23126e-21)
(0.759293 0.0740814 -2.26735e-21)
(0.742033 0.0886652 -2.25797e-21)
(0.880361 0.00608281 2.31451e-21)
(0.880271 0.00626985 6.53197e-21)
(0.879707 0.00677817 0)
(0.878748 0.0076816 -1.95733e-20)
(0.877567 0.0089838 1.73526e-20)
(0.87617 0.0106886 1.95581e-20)
(0.874464 0.0128228 -1.30013e-20)
(0.87235 0.0154328 2.17206e-21)
(0.869714 0.0185705 -2.82786e-20)
(0.866512 0.0223037 -1.31095e-22)
(0.862699 0.0267256 3.25524e-20)
(0.858136 0.0319357 -3.49156e-20)
(0.852698 0.0380363 -3.29888e-20)
(0.846259 0.0451688 7.41403e-20)
(0.838679 0.0534755 2.20118e-21)
(0.829797 0.0632093 6.59001e-21)
(0.819401 0.0744726 -7.10657e-20)
(0.807399 0.0879437 1.63824e-21)
(0.79318 0.1028 -6.38259e-22)
(0.778547 0.123147 7.39036e-20)
(0.911976 0.00758793 4.53471e-21)
(0.911953 0.00785562 -1.70842e-20)
(0.911597 0.00853028 8.53249e-21)
(0.910894 0.00970216 4.27229e-21)
(0.90996 0.01138 0)
(0.908806 0.01357 0)
(0.907358 0.0163033 -4.28058e-21)
(0.905527 0.019646 0)
(0.903223 0.0236345 -4.29078e-21)
(0.900429 0.0284183 0)
(0.897086 0.0340724 4.30657e-21)
(0.893062 0.040711 -6.89915e-20)
(0.888261 0.048464 -2.84912e-22)
(0.88258 0.0575268 -4.65774e-21)
(0.875922 0.0680596 6.92635e-20)
(0.868158 0.0804216 -4.37911e-21)
(0.859131 0.0946565 4.33417e-21)
(0.848851 0.111799 -7.04668e-20)
(0.836621 0.130393 7.47129e-20)
(0.825308 0.15643 1.41824e-19)
(0.949292 0.00890251 4.41897e-21)
(0.949318 0.00926268 -4.16714e-21)
(0.949151 0.0101088 -4.16973e-21)
(0.948695 0.0115461 -4.17326e-21)
(0.948002 0.0135934 -3.34908e-20)
(0.947086 0.0162569 6.28563e-20)
(0.945911 0.0195746 -3.77344e-20)
(0.944363 0.0236065 0)
(0.942444 0.028468 -4.19862e-21)
(0.940151 0.0342638 -4.205e-21)
(0.93735 0.0410834 -4.21197e-21)
(0.933951 0.0490783 6.37294e-20)
(0.929919 0.0583928 -1.40325e-19)
(0.92517 0.0692888 6.81479e-20)
(0.919673 0.0819112 0)
(0.913311 0.0967789 -4.25112e-21)
(0.906042 0.113772 -1.46566e-19)
(0.897917 0.134466 1.37976e-19)
(0.888315 0.156379 -4.38068e-21)
(0.880894 0.188003 0)
(0.991113 0.00995278 4.28697e-21)
(0.991154 0.0104164 -1.21649e-20)
(0.99113 0.0114363 4.06223e-21)
(0.990886 0.0131262 2.44355e-20)
(0.990407 0.0155207 4.07651e-21)
(0.989711 0.0186374 -2.45814e-20)
(0.988765 0.022526 4.09216e-21)
(0.987566 0.0272568 3.29326e-20)
(0.986108 0.0329465 8.25719e-21)
(0.984282 0.0396816 7.04653e-20)
(0.982052 0.0475691 -5.81421e-20)
(0.979364 0.0568183 -5.83854e-20)
(0.976239 0.0675596 7.10627e-20)
(0.972593 0.0801513 4.15744e-21)
(0.96851 0.0946434 4.163e-21)
(0.963841 0.111811 8.42003e-21)
(0.958776 0.131162 8.43398e-21)
(0.953257 0.155136 -4.15672e-21)
(0.946933 0.17971 0)
(0.943656 0.216893 1.33789e-19)
(1.0363 0.0106478 -1.2439e-20)
(1.03631 0.0112403 2.4427e-24)
(1.03636 0.0124589 -3.93892e-21)
(1.03626 0.014396 -3.56224e-20)
(1.03596 0.0171094 2.38507e-20)
(1.03546 0.0206378 -3.99866e-21)
(1.03479 0.0250192 0)
(1.03393 0.0303722 0)
(1.03284 0.0367503 -8.07301e-21)
(1.03149 0.0443096 -4.03189e-21)
(1.02989 0.0531505 -4.09095e-21)
(1.02799 0.0635484 -4.10945e-21)
(1.02591 0.07555 0)
(1.02349 0.0896899 -8.21245e-21)
(1.02105 0.105757 -4.15971e-21)
(1.01828 0.125024 -8.23851e-21)
(1.01584 0.146138 -4.18114e-21)
(1.01329 0.173067 -1.26951e-19)
(1.01112 0.198882 1.3173e-19)
(1.01302 0.241151 0)
(1.08388 0.0109456 0)
(1.08385 0.0117123 3.79822e-21)
(1.08389 0.0131812 1.91453e-21)
(1.08385 0.0153495 0)
(1.08366 0.0183005 3.46897e-20)
(1.08331 0.0221329 -3.10363e-20)
(1.08285 0.0269045 6.42496e-20)
(1.08227 0.0327229 -6.27388e-20)
(1.0816 0.0396593 5.91456e-21)
(1.08078 0.047923 2.01196e-21)
(1.07991 0.0575559 0)
(1.07886 0.0689482 0)
(1.07797 0.0819714 0)
(1.0769 0.0974945 1.32217e-19)
(1.07639 0.114801 -2.57319e-19)
(1.07564 0.136185 5.16719e-21)
(1.07625 0.15882 1.29012e-19)
(1.07671 0.189742 0)
(1.07935 0.217422 0)
(1.08737 0.2673 1.23446e-19)
(1.1332 0.011239 0)
(1.13323 0.0120292 -1.46083e-20)
(1.13318 0.013529 -1.28272e-20)
(1.13303 0.0157537 2.96894e-20)
(1.13285 0.0187936 2.98158e-20)
(1.13263 0.0227839 -9.01298e-20)
(1.1324 0.0277952 5.87068e-20)
(1.13215 0.0339544 0)
(1.13197 0.0412901 -1.92516e-21)
(1.13175 0.0500585 -5.95607e-20)
(1.13178 0.0602027 1.23897e-19)
(1.13177 0.0722528 -6.2406e-20)
(1.13245 0.0858065 0)
(1.13303 0.102114 -1.24498e-19)
(1.13533 0.119678 2.50051e-19)
(1.13727 0.141846 -1.2556e-19)
(1.14308 0.163633 0)
(1.14828 0.195232 -1.20511e-19)
(1.15974 0.219806 1.21769e-19)
(1.17709 0.274758 -1.87704e-21)
(1.18249 0.0115848 0)
(1.18242 0.0123769 0)
(1.18228 0.0139055 0)
(1.18214 0.0162527 0)
(1.18205 0.0195019 0)
(1.18199 0.0237723 0)
(1.18203 0.0291077 0)
(1.18208 0.0356672 0)
(1.18237 0.0434381 0)
(1.18266 0.0527614 0)
(1.18355 0.0634518 0)
(1.18431 0.0763068 0)
(1.18654 0.0905001 0)
(1.18815 0.10814 0)
(1.19337 0.126226 0)
(1.19617 0.15109 0)
(1.20829 0.172068 0)
(1.21237 0.210402 0)
(1.24294 0.226926 0)
(1.24703 0.298265 0)
(1.23349 0.0117222 0)
(1.23343 0.0124843 0)
(1.23334 0.013971 0)
(1.23331 0.0162728 0)
(1.23343 0.0194645 0)
(1.23364 0.0236572 0)
(1.23404 0.0288597 0)
(1.23448 0.0352448 0)
(1.23531 0.0427368 0)
(1.23616 0.0517307 0)
(1.23791 0.0618718 0)
(1.23942 0.0741388 0)
(1.24301 0.0872602 0)
(1.24549 0.103892 0)
(1.25292 0.11991 0)
(1.25648 0.142962 0)
(1.27221 0.16021 0)
(1.27599 0.19374 0)
(1.30949 0.205626 0)
(1.30835 0.254339 0)
(1.28695 0.0118836 0)
(1.28688 0.0125877 0)
(1.28681 0.0139553 0)
(1.28688 0.0161223 0)
(1.28719 0.01917 0)
(1.28763 0.0232039 0)
(1.28833 0.028198 0)
(1.2891 0.0343267 0)
(1.2904 0.0414601 0)
(1.29171 0.0500162 0)
(1.29415 0.0595274 0)
(1.29626 0.0710288 0)
(1.30083 0.0830487 0)
(1.304 0.0982938 0)
(1.3127 0.112479 0)
(1.31685 0.132769 0)
(1.33361 0.1474 0)
(1.33737 0.174597 0)
(1.36937 0.184846 0)
(1.36773 0.220436 0)
(1.34201 0.0119859 0)
(1.34185 0.0126281 0)
(1.34175 0.0138466 0)
(1.34192 0.0158381 0)
(1.34242 0.0187034 0)
(1.34307 0.0225436 0)
(1.34404 0.0273002 0)
(1.3451 0.0331387 0)
(1.34678 0.0398901 0)
(1.34848 0.0479694 0)
(1.35146 0.0568567 0)
(1.35406 0.0675555 0)
(1.35932 0.0785792 0)
(1.363 0.092425 0)
(1.37237 0.105129 0)
(1.37689 0.122856 0)
(1.39375 0.135684 0)
(1.39746 0.158221 0)
(1.42786 0.167622 0)
(1.42586 0.19618 0)
(1.39781 0.0119135 0)
(1.3975 0.0125143 0)
(1.39733 0.0135996 0)
(1.39758 0.0154073 0)
(1.39827 0.0180661 0)
(1.39912 0.021679 0)
(1.40032 0.026162 0)
(1.40161 0.0316646 0)
(1.40361 0.0379916 0)
(1.40563 0.0455386 0)
(1.40902 0.0537715 0)
(1.41198 0.0636208 0)
(1.4177 0.0736686 0)
(1.42172 0.0861383 0)
(1.43143 0.0974915 0)
(1.43612 0.112984 0)
(1.45277 0.124259 0)
(1.45635 0.143349 0)
(1.4852 0.151642 0)
(1.48277 0.175397 0)
(1.45354 0.0117008 0)
(1.45306 0.0122687 0)
(1.45277 0.0132284 0)
(1.45308 0.014844 0)
(1.45394 0.0172747 0)
(1.45497 0.0206305 0)
(1.45637 0.0248084 0)
(1.45786 0.0299377 0)
(1.4601 0.035807 0)
(1.46235 0.042783 0)
(1.46604 0.0503397 0)
(1.46926 0.0593221 0)
(1.47526 0.0684107 0)
(1.47948 0.079568 0)
(1.48929 0.0896577 0)
(1.49403 0.103199 0)
(1.51023 0.113046 0)
(1.51369 0.129344 0)
(1.5408 0.136453 0)
(1.53828 0.156397 0)
(1.50854 0.0113961 0)
(1.50785 0.0119282 0)
(1.50737 0.0127552 0)
(1.50771 0.014166 0)
(1.50873 0.0163518 0)
(1.50993 0.0194294 0)
(1.5115 0.0232817 0)
(1.51313 0.0280148 0)
(1.51555 0.0334087 0)
(1.51796 0.0397973 0)
(1.52185 0.0466761 0)
(1.52523 0.0548044 0)
(1.53136 0.0629699 0)
(1.53568 0.0729033 0)
(1.5454 0.0818253 0)
(1.55013 0.0936501 0)
(1.56567 0.102208 0)
(1.56906 0.116158 0)
(1.59428 0.12222 0)
(1.59207 0.139042 0)
(1.56219 0.011004 0)
(1.56125 0.0114975 0)
(1.56052 0.0121865 0)
(1.56086 0.0133856 0)
(1.56201 0.0153188 0)
(1.56336 0.0181082 0)
(1.56506 0.0216252 0)
(1.56679 0.0259515 0)
(1.56932 0.0308647 0)
(1.57185 0.0366652 0)
(1.57583 0.0428783 0)
(1.5793 0.0501818 0)
(1.58544 0.0574724 0)
(1.5898 0.066274 0)
(1.59926 0.0741285 0)
(1.60398 0.0844343 0)
(1.61868 0.0918533 0)
(1.62212 0.103805 0)
(1.64534 0.108992 0)
(1.64374 0.12321 0)
(1.61391 0.0105251 0)
(1.61267 0.0109779 0)
(1.61165 0.0115281 0)
(1.61194 0.0125166 0)
(1.61321 0.0141995 0)
(1.6147 0.0167004 0)
(1.61649 0.019881 0)
(1.61829 0.0237986 0)
(1.62087 0.0282343 0)
(1.62345 0.0334561 0)
(1.62745 0.0390246 0)
(1.63097 0.0455401 0)
(1.63701 0.0520091 0)
(1.64137 0.0597665 0)
(1.65045 0.0666514 0)
(1.65515 0.0756056 0)
(1.6689 0.0820273 0)
(1.67248 0.0922579 0)
(1.69366 0.0967117 0)
(1.69288 0.108716 0)
(1.66315 0.00996525 0)
(1.66159 0.0103727 0)
(1.66021 0.0107847 0)
(1.66044 0.0115712 0)
(1.66182 0.0130166 0)
(1.66343 0.0152378 0)
(1.66529 0.0180874 0)
(1.66711 0.0216004 0)
(1.66969 0.0255684 0)
(1.67228 0.0302274 0)
(1.67624 0.0351779 0)
(1.67976 0.0409455 0)
(1.68562 0.0466472 0)
(1.68995 0.0534419 0)
(1.69857 0.0594484 0)
(1.70327 0.0671939 0)
(1.716 0.0727409 0)
(1.7198 0.0814721 0)
(1.73893 0.085301 0)
(1.7391 0.0954049 0)
(1.70943 0.00933154 0)
(1.70751 0.00968146 0)
(1.70575 0.00995488 0)
(1.7059 0.0105582 0)
(1.70738 0.0117907 0)
(1.7091 0.013749 0)
(1.71098 0.0162773 0)
(1.71281 0.0193942 0)
(1.71534 0.0229084 0)
(1.71792 0.0270251 0)
(1.72178 0.0313868 0)
(1.72527 0.0364476 0)
(1.73089 0.0414341 0)
(1.73519 0.0473413 0)
(1.74328 0.0525507 0)
(1.74801 0.0592106 0)
(1.75969 0.0639843 0)
(1.76376 0.071399 0)
(1.78089 0.0746875 0)
(1.78207 0.0831516 0)
(1.7523 0.00861528 0)
(1.75 0.00888747 0)
(1.74784 0.00902854 0)
(1.74792 0.0094859 0)
(1.7495 0.0105442 0)
(1.75131 0.0122612 0)
(1.75319 0.014479 0)
(1.75499 0.0172105 0)
(1.75744 0.0202878 0)
(1.75999 0.023885 0)
(1.7637 0.0276874 0)
(1.76715 0.0320812 0)
(1.77248 0.0364009 0)
(1.77675 0.0414889 0)
(1.78429 0.0459715 0)
(1.78905 0.0516522 0)
(1.79969 0.0557358 0)
(1.80406 0.061988 0)
(1.81929 0.064802 0)
(1.82148 0.0718457 0)
(1.79138 0.00773183 0)
(1.78868 0.00791412 0)
(1.78616 0.0079715 0)
(1.7862 0.00836289 0)
(1.78787 0.00930232 0)
(1.78972 0.0107989 0)
(1.79156 0.0127154 0)
(1.79332 0.0150749 0)
(1.79567 0.0177343 0)
(1.79816 0.0208354 0)
(1.8017 0.0241057 0)
(1.80509 0.0278695 0)
(1.81012 0.0315652 0)
(1.81434 0.0358949 0)
(1.82133 0.0397105 0)
(1.82613 0.0445037 0)
(1.83578 0.0479645 0)
(1.84046 0.0531852 0)
(1.85391 0.0555746 0)
(1.85708 0.0613827 0)
(1.82634 0.00644116 0)
(1.82327 0.00658371 0)
(1.82046 0.00672523 0)
(1.82049 0.0072077 0)
(1.82217 0.00809482 0)
(1.82401 0.00938135 0)
(1.82578 0.0110025 0)
(1.82748 0.0130066 0)
(1.82971 0.0152689 0)
(1.83213 0.0178961 0)
(1.83549 0.0206581 0)
(1.83882 0.0238248 0)
(1.84354 0.0269333 0)
(1.84773 0.030558 0)
(1.85418 0.033756 0)
(1.85903 0.0377403 0)
(1.86776 0.040632 0)
(1.87274 0.0449317 0)
(1.88457 0.0469339 0)
(1.88866 0.0516618 0)
(1.85681 0.00450932 0)
(1.85352 0.00478709 0)
(1.85056 0.00536645 0)
(1.85051 0.0061484 0)
(1.85206 0.00700991 0)
(1.8538 0.00805652 0)
(1.85549 0.00937107 0)
(1.85714 0.0110288 0)
(1.85925 0.0129071 0)
(1.8616 0.0150751 0)
(1.86478 0.0173464 0)
(1.86806 0.0199437 0)
(1.8725 0.0224956 0)
(1.87666 0.0254611 0)
(1.88264 0.028082 0)
(1.88755 0.0313241 0)
(1.89544 0.0336895 0)
(1.90072 0.0371613 0)
(1.91112 0.0388039 0)
(1.91603 0.0425819 0)
(1.88246 0.00118508 0)
(1.87921 0.00201407 0)
(1.87618 0.0036692 0)
(1.87573 0.00504954 0)
(1.87691 0.00593285 0)
(1.87851 0.00674138 0)
(1.88018 0.00776722 0)
(1.88186 0.00909857 0)
(1.88391 0.0106059 0)
(1.88623 0.0123297 0)
(1.88929 0.0141295 0)
(1.89255 0.0161866 0)
(1.89678 0.0182116 0)
(1.90095 0.0205599 0)
(1.90653 0.0226396 0)
(1.91151 0.0251978 0)
(1.91872 0.0270732 0)
(1.92426 0.0297958 0)
(1.93347 0.0311007 0)
(1.93908 0.0340369 0)
(1.90052 -0.000716353 0)
(1.8988 0.000678977 0)
(1.89626 0.00311464 0)
(1.89522 0.00465545 0)
(1.89592 0.00526398 0)
(1.89754 0.00571289 0)
(1.89943 0.00638386 0)
(1.9013 0.00732522 0)
(1.90343 0.00840921 0)
(1.90584 0.009664 0)
(1.90888 0.0109902 0)
(1.91222 0.0125227 0)
(1.91633 0.0140412 0)
(1.92056 0.015806 0)
(1.92585 0.0173744 0)
(1.93092 0.0192984 0)
(1.93758 0.0207158 0)
(1.94335 0.0227552 0)
(1.9516 0.0237417 0)
(1.95778 0.0259221 0)
(1.91333 0.00186305 0)
(1.91312 0.00199757 0)
(1.91077 0.00276955 0)
(1.90896 0.00332104 0)
(1.90938 0.00364043 0)
(1.91131 0.00402401 0)
(1.91362 0.00455702 0)
(1.91584 0.00521614 0)
(1.91818 0.00594265 0)
(1.92078 0.00679357 0)
(1.92391 0.00771124 0)
(1.92738 0.00878291 0)
(1.93144 0.0098497 0)
(1.93574 0.0110874 0)
(1.94082 0.012191 0)
(1.94596 0.0135383 0)
(1.95219 0.014537 0)
(1.95812 0.0159566 0)
(1.96563 0.0166498 0)
(1.97222 0.0181442 0)
(1.91718 0.0138472 0)
(1.91863 0.0116475 0)
(1.91835 0.00659867 0)
(1.91827 0.00291086 0)
(1.9198 0.00167561 0)
(1.92233 0.00181501 0)
(1.92492 0.00228065 0)
(1.92727 0.00273429 0)
(1.92966 0.00317961 0)
(1.9323 0.00370831 0)
(1.93539 0.00429258 0)
(1.93882 0.0049711 0)
(1.94273 0.0056425 0)
(1.94695 0.00640852 0)
(1.95177 0.00709075 0)
(1.95687 0.0079111 0)
(1.96271 0.00852326 0)
(1.96867 0.0093756 0)
(1.97558 0.00979714 0)
(1.98237 0.0106683 0)
(1.94098 0.0117536 0)
(1.93379 0.0101906 0)
(1.92831 0.00562681 0)
(1.92886 0.00205556 0)
(1.9318 0.000648768 0)
(1.93427 0.000495028 0)
(1.93586 0.000644882 0)
(1.93716 0.000787808 0)
(1.93872 0.000924183 0)
(1.94076 0.00110118 0)
(1.94331 0.00130715 0)
(1.94631 0.00154785 0)
(1.94981 0.00178538 0)
(1.95374 0.00205298 0)
(1.95822 0.0022903 0)
(1.96312 0.0025729 0)
(1.96862 0.0027826 0)
(1.97449 0.00307424 0)
(1.98099 0.00321357 0)
(1.98781 0.00350986 0)
(1.32346 0.280618 -1.39451e-21)
(1.39645 0.267071 -8.16127e-20)
(1.46261 0.259995 0)
(1.52828 0.253073 -6.01572e-20)
(1.59221 0.244351 0)
(1.65041 0.233985 -3.6593e-20)
(1.70237 0.22165 1.4012e-20)
(1.74798 0.206869 -3.42064e-22)
(1.78725 0.190532 0)
(1.81982 0.17059 0)
(1.37309 0.244759 9.14294e-20)
(1.44591 0.2373 0)
(1.51069 0.234553 6.85064e-20)
(1.56976 0.231227 0)
(1.62732 0.224019 -1.34686e-21)
(1.67993 0.213997 2.0359e-20)
(1.727 0.201739 5.54449e-22)
(1.76773 0.187583 -2.26705e-22)
(1.80289 0.171236 2.26369e-22)
(1.83147 0.153208 2.44718e-22)
(1.42493 0.218421 -9.0465e-20)
(1.4925 0.214247 0)
(1.55569 0.210383 -6.62457e-20)
(1.61049 0.206404 -1.95056e-21)
(1.66288 0.199507 4.7975e-20)
(1.71088 0.189955 -1.90504e-20)
(1.75433 0.178573 9.70075e-22)
(1.79066 0.165907 -3.89857e-22)
(1.82276 0.151197 0)
(1.84741 0.135793 -6.58681e-22)
(1.47809 0.195846 0)
(1.53985 0.192892 7.54438e-20)
(1.60002 0.188566 -1.92091e-21)
(1.65115 0.184301 3.55216e-21)
(1.69853 0.178309 -5.09709e-20)
(1.74165 0.169711 1.35834e-21)
(1.78165 0.159292 -1.49384e-20)
(1.8141 0.147695 0)
(1.84392 0.134642 -4.0369e-21)
(1.86491 0.120765 5.0366e-22)
(1.53093 0.175145 -8.22235e-20)
(1.58695 0.173032 8.13347e-22)
(1.64291 0.168954 -4.05524e-21)
(1.69059 0.164428 3.50656e-21)
(1.73361 0.15896 -1.62162e-21)
(1.77223 0.151228 -1.11283e-21)
(1.80883 0.141847 1.54686e-21)
(1.83792 0.131198 5.39803e-21)
(1.86559 0.119687 4.28463e-21)
(1.88358 0.10708 0)
(1.58264 0.156185 1.60957e-19)
(1.63327 0.154659 -1.44814e-19)
(1.68449 0.151062 -1.85771e-21)
(1.72865 0.146497 1.8597e-21)
(1.76776 0.141397 0)
(1.80237 0.13447 2.01914e-20)
(1.83551 0.126167 4.53149e-22)
(1.86179 0.116399 -6.97208e-21)
(1.88716 0.106281 3.44034e-22)
(1.90307 0.094761 -8.244e-22)
(1.63267 0.138926 -7.87667e-20)
(1.67824 0.137785 7.33603e-20)
(1.72457 0.134689 -3.9202e-21)
(1.76509 0.1303 1.83938e-21)
(1.80062 0.125498 2.38698e-20)
(1.83171 0.119267 -9.44742e-22)
(1.86146 0.11196 1.81674e-20)
(1.88535 0.103094 0)
(1.90829 0.0941639 2.61906e-21)
(1.92289 0.0837056 8.28471e-22)
(1.68056 0.123179 0)
(1.72137 0.122295 0)
(1.76292 0.119645 0)
(1.79974 0.115573 2.8794e-20)
(1.83193 0.11107 -4.93745e-20)
(1.85991 0.105452 2.01257e-22)
(1.88647 0.0990195 -7.849e-21)
(1.90823 0.0910815 -8.77399e-22)
(1.9288 0.0831524 -5.04069e-21)
(1.94245 0.0737701 0)
(1.72595 0.108758 -3.65185e-20)
(1.76227 0.108063 0)
(1.79925 0.105802 -1.79311e-21)
(1.83244 0.10212 -2.37486e-20)
(1.86149 0.0979455 2.23e-20)
(1.88667 0.092883 -2.07098e-20)
(1.91035 0.0872051 -8.74469e-21)
(1.93011 0.0801835 -4.07652e-22)
(1.94855 0.0731238 6.18307e-21)
(1.96132 0.0647998 0)
(1.76851 0.0955112 7.17785e-20)
(1.80063 0.0949706 0)
(1.83334 0.0930494 -1.77641e-21)
(1.86301 0.0897771 -2.35796e-20)
(1.88913 0.0859621 -1.60111e-21)
(1.91177 0.0814158 1.21762e-21)
(1.93289 0.076399 8.38842e-21)
(1.95077 0.0702432 -8.58354e-21)
(1.96733 0.0639762 -2.71842e-21)
(1.9792 0.0566521 1.69268e-22)
(1.80796 0.0833144 -3.4221e-20)
(1.83618 0.0829013 8.73729e-22)
(1.86494 0.0812779 -1.96505e-21)
(1.8913 0.0784091 2.84908e-20)
(1.91469 0.0749733 -1.60155e-21)
(1.93502 0.0709158 0)
(1.9539 0.0664942 1.37733e-22)
(1.97004 0.0611344 -1.93121e-22)
(1.98496 0.0556145 -3.24706e-21)
(1.99591 0.0492127 0)
(1.84407 0.0720526 -1.02865e-21)
(1.8687 0.0717443 2.95691e-21)
(1.89386 0.0703819 -3.68923e-21)
(1.91717 0.0678964 3.355e-21)
(1.93805 0.0648483 -1.60246e-21)
(1.95629 0.0612593 -1.24897e-21)
(1.97319 0.0573872 -7.49001e-21)
(1.98776 0.052753 6.8945e-21)
(2.00124 0.0479456 7.08924e-21)
(2.01133 0.042392 0)
(1.87662 0.0616175 0)
(1.89802 0.0613928 -3.14949e-20)
(1.91995 0.0602583 0)
(1.9405 0.0581307 1.33552e-20)
(1.9591 0.055469 0)
(1.97548 0.0523334 0)
(1.99065 0.0489782 5.50223e-22)
(2.00383 0.0450094 -5.54872e-22)
(2.01604 0.0408809 -3.38453e-21)
(2.02537 0.0361142 0)
(1.90545 0.0519052 3.18488e-20)
(1.92398 0.0517432 3.22989e-20)
(1.94307 0.0508064 0)
(1.96117 0.0490101 1.56712e-21)
(1.97774 0.0467273 -1.37314e-20)
(1.99249 0.0440337 -1.27448e-21)
(2.00617 0.0411721 -3.54245e-21)
(2.01815 0.0378222 -4.80371e-22)
(2.02924 0.0343391 -1.3024e-21)
(2.0379 0.0303115 0)
(1.93043 0.0428136 -4.8672e-20)
(1.94647 0.0426945 -1.53507e-20)
(1.96313 0.0419281 -1.71205e-21)
(1.97911 0.0404373 -9.96846e-21)
(1.99393 0.0385227 2.26686e-20)
(2.00727 0.0362621 0)
(2.01968 0.0338771 5.41426e-21)
(2.03064 0.0311125 -5.72822e-22)
(2.04077 0.0282481 1.79442e-21)
(2.04887 0.0249189 3.81545e-22)
(1.95146 0.0342395 1.59955e-20)
(1.96544 0.0341478 1.70699e-20)
(1.98007 0.0335298 1.06958e-20)
(1.99428 0.0323221 1.74241e-21)
(2.00762 0.030764 -1.21471e-20)
(2.0198 0.0289294 0)
(2.03114 0.0270061 4.92686e-21)
(2.04126 0.0248046 -2.66162e-21)
(2.05058 0.0225239 5.02672e-22)
(2.0582 0.019912 -3.83514e-22)
(1.96854 0.0260817 1.56918e-20)
(1.98087 0.0260066 0)
(1.99388 0.0255229 -1.58975e-20)
(2.00667 0.0245845 9.90834e-21)
(2.01882 0.0233784 -1.60551e-21)
(2.03003 0.0219644 1.30029e-21)
(2.04052 0.0204967 -5.68509e-21)
(2.04997 0.0188284 -1.10609e-21)
(2.05864 0.0171107 5.10018e-22)
(2.06587 0.0151405 0)
(1.98173 0.0182499 -6.85964e-21)
(1.9928 0.0181744 8.17714e-22)
(2.00456 0.0178082 -1.84142e-21)
(2.01626 0.0171331 1.55689e-21)
(2.02749 0.0162862 -1.60462e-21)
(2.03796 0.0153021 2.7735e-21)
(2.04777 0.0142955 0)
(2.05669 0.0131455 2.19519e-21)
(2.06484 0.0119811 -9.55587e-22)
(2.07175 0.0105784 2.02722e-22)
(1.99097 0.0107049 -7.67576e-21)
(2.00113 0.0105788 1.77036e-21)
(2.01204 0.0102704 -1.66439e-25)
(2.02298 0.00981602 -4.84662e-21)
(2.03356 0.00930968 -1.51862e-21)
(2.04351 0.00876108 -5.474e-21)
(2.05283 0.0082219 1.91887e-21)
(2.06135 0.00761714 -4.04808e-23)
(2.06911 0.00700593 9.60254e-22)
(2.07578 0.0062787 -2.03784e-22)
(1.99582 0.00349113 0)
(2.00547 0.00331413 0)
(2.01594 0.00303805 -5.17349e-21)
(2.02654 0.00273868 1.72616e-21)
(2.03681 0.00248158 1.52663e-21)
(2.04648 0.00227834 1.39815e-21)
(2.05553 0.00213614 5.90347e-22)
(2.06383 0.00202427 -1.67986e-21)
(2.07137 0.00193849 5.26127e-22)
(2.07788 0.00185635 0)
)
;

boundaryField
{
    bottom
    {
        type            symmetryPlane;
    }
    right
    {
        type            zeroGradient;
    }
    top
    {
        type            symmetryPlane;
    }
    left
    {
        type            zeroGradient;
    }
    cylinder
    {
        type            noSlip;
    }
    defaultFaces
    {
        type            empty;
    }
}


// ************************************************************************* //
