/*--------------------------------*- C++ -*----------------------------------*\
| =========                 |                                                 |
| \\      /  F ield         | OpenFOAM: The Open Source CFD Toolbox           |
|  \\    /   O peration     | Version:  4.1                                   |
|   \\  /    A nd           | Web:      www.OpenFOAM.org                      |
|    \\/     M anipulation  |                                                 |
\*---------------------------------------------------------------------------*/
FoamFile
{
    version     2.0;
    format      ascii;
    class       volVectorField;
    location    "12.9";
    object      U;
}
// * * * * * * * * * * * * * * * * * * * * * * * * * * * * * * * * * * * * * //

dimensions      [0 1 -1 0 0 0 0];

internalField   nonuniform List<vector> 
2000
(
(-0.0243686 0.0217511 9.51062e-22)
(0.0066103 0.0195481 0)
(0.104535 0.00605125 -3.49065e-21)
(0.254153 -0.00909876 -2.79195e-21)
(0.439285 -0.0198302 5.31787e-21)
(0.6401 -0.0241634 1.05301e-20)
(0.838903 -0.0218642 -3.33651e-21)
(1.01782 -0.0172883 0)
(1.18891 -0.00549457 4.18235e-21)
(1.29501 0.00161876 0)
(-0.0177221 0.0152582 -3.46109e-22)
(0.0483568 0.00177296 -7.16179e-22)
(0.198849 -0.0143716 1.83759e-22)
(0.406189 -0.0255799 4.22036e-21)
(0.63939 -0.0280863 -7.1326e-22)
(0.86826 -0.0228895 -3.77831e-21)
(1.07191 -0.0128701 2.84028e-21)
(1.24038 -0.00261232 3.81037e-21)
(1.37768 0.0101003 -4.18213e-21)
(1.46065 0.010886 -9.17314e-21)
(-0.00448287 0.0070753 1.67888e-21)
(0.111029 -0.0170182 -1.57256e-21)
(0.325327 -0.0309833 9.3434e-24)
(0.589302 -0.0327416 -1.17622e-21)
(0.853948 -0.0239784 -1.95649e-21)
(1.08489 -0.00975283 -2.70159e-21)
(1.26805 0.00503388 -3.31849e-21)
(1.40425 0.0167909 -3.81028e-21)
(1.50295 0.0258766 -4.4274e-21)
(1.57265 0.0267905 4.85664e-21)
(0.0174861 -0.00223852 -6.07467e-22)
(0.197593 -0.0337254 -2.75489e-21)
(0.480505 -0.0388527 0)
(0.786934 -0.0270177 -1.28641e-21)
(1.0565 -0.00757679 1.68416e-24)
(1.26386 0.0118014 0)
(1.41049 0.0268282 0)
(1.51026 0.0359039 0)
(1.5818 0.0414363 4.42757e-21)
(1.63083 0.0397311 -1.03714e-20)
(0.0500905 -0.0114384 1.02427e-20)
(0.308074 -0.0439105 -9.41607e-23)
(0.653307 -0.0337667 2.58363e-21)
(0.97727 -0.00799897 9.17101e-23)
(1.22581 0.0179515 1.36167e-22)
(1.3949 0.0374648 -8.52581e-22)
(1.50377 0.0491356 0)
(1.576 0.0544043 -2.26154e-21)
(1.62956 0.0559501 1.38166e-20)
(1.6755 0.0521903 -1.90232e-20)
(0.0944278 -0.0186276 -1.84029e-20)
(0.43788 -0.0428848 1.46846e-21)
(0.827206 -0.0140613 -4.9682e-21)
(1.14207 0.0219459 3.52752e-21)
(1.35359 0.0489959 5.1389e-22)
(1.48274 0.0648207 2.42317e-22)
(1.56162 0.0717015 0)
(1.61608 0.0728858 2.2617e-21)
(1.66226 0.0710522 -2.73746e-21)
(1.70665 0.0665655 -1.48391e-20)
(0.150287 -0.021425 0)
(0.577625 -0.0272716 0)
(0.986154 0.019146 -2.95305e-21)
(1.2723 0.059686 2.74908e-21)
(1.44216 0.0832991 4.62723e-22)
(1.53716 0.0933253 -4.3443e-22)
(1.59513 0.0949461 -5.2503e-21)
(1.63997 0.0922295 4.96273e-21)
(1.68302 0.08756 7.6726e-21)
(1.72822 0.0821055 -3.65691e-21)
(0.215573 -0.0174199 4.85813e-21)
(0.715202 0.0037633 0)
(1.11947 0.0632352 -1.05022e-21)
(1.36689 0.102665 3.86103e-21)
(1.49778 0.11971 -6.13765e-22)
(1.56657 0.122892 0)
(1.61134 0.119222 0)
(1.6515 0.112753 0)
(1.69415 0.105513 9.3547e-21)
(1.74037 0.0990515 -8.89212e-21)
(0.28627 -0.00481814 -2.63896e-21)
(0.839248 0.0485675 -3.07592e-22)
(1.22236 0.115249 -2.1175e-21)
(1.42868 0.14897 2.27863e-22)
(1.52661 0.157477 2.87911e-22)
(1.57677 0.153408 -8.37862e-22)
(1.61392 0.144535 0)
(1.65236 0.134438 1.34297e-21)
(1.69542 0.124836 7.2607e-21)
(1.74248 0.116721 -5.47075e-21)
(0.35703 0.0171065 0)
(0.941666 0.103977 -1.77092e-21)
(1.29392 0.172297 0)
(1.46165 0.197066 -3.39248e-22)
(1.53359 0.195942 -3.00257e-22)
(1.5713 0.184548 7.22717e-22)
(1.60451 0.170568 0)
(1.64271 0.156893 -1.3431e-21)
(1.68652 0.1449 -1.50493e-21)
(1.73437 0.134556 -1.86141e-21)
(-0.00445395 0.0043576 0)
(-0.0184698 0.00841703 8.34982e-22)
(-0.0388372 0.00991884 0)
(-0.0586753 0.0101453 1.03914e-21)
(-0.076392 0.0097264 3.14681e-22)
(-0.0917178 0.00903626 -5.91442e-22)
(-0.104751 0.00832194 5.5699e-22)
(-0.115821 0.00775241 -5.15665e-22)
(-0.125428 0.00746329 -4.84414e-24)
(-0.134389 0.00759027 -4.54804e-22)
(-0.00544025 0.0126593 2.70136e-21)
(-0.0196501 0.0244843 -1.67073e-21)
(-0.0388555 0.0288678 1.46471e-21)
(-0.0568428 0.0294717 -6.88818e-22)
(-0.0722437 0.0281331 -3.13781e-21)
(-0.0848441 0.0259507 1.17873e-21)
(-0.09476 0.0236586 0)
(-0.102298 0.0217822 5.13939e-22)
(-0.107846 0.020747 4.82106e-22)
(-0.11246 0.0209892 0)
(-0.00731622 0.0197996 -1.80248e-21)
(-0.0219492 0.0383961 0)
(-0.0390014 0.0452617 -4.3308e-21)
(-0.053514 0.046009 5.31303e-21)
(-0.0645271 0.0435276 -1.2262e-21)
(-0.0719588 0.0395529 0)
(-0.0759762 0.0352628 0)
(-0.0769057 0.0315623 0)
(-0.0748976 0.0292447 -3.88776e-21)
(-0.070793 0.0292145 3.69494e-21)
(-0.00989022 0.0252956 0)
(-0.0251974 0.0491343 2.97788e-21)
(-0.0393311 0.0577649 -5.50195e-21)
(-0.048982 0.0582573 2.55399e-21)
(-0.053778 0.0543258 -2.39083e-21)
(-0.053865 0.0481873 6.76115e-21)
(-0.0495025 0.041333 4.25843e-23)
(-0.041164 0.0349692 -4.06249e-21)
(-0.0289293 0.0304885 -4.01701e-21)
(-0.0114076 0.0304809 5.80693e-21)
(-0.0129498 0.0290121 -3.16036e-21)
(-0.0290569 0.0561384 5.48024e-21)
(-0.0395253 0.0654925 -1.01991e-22)
(-0.0428726 0.0651655 5.31019e-23)
(-0.0394447 0.0594649 -2.38421e-21)
(-0.0297165 0.0509121 6.53348e-21)
(-0.0141045 0.041122 0)
(0.00683349 0.0314149 2.0714e-21)
(0.0333181 0.0238188 -2.06653e-21)
(0.0672166 0.0228283 7.87673e-21)
(-0.0162961 0.0310808 -1.60932e-22)
(-0.0329241 0.0592474 -5.2156e-21)
(-0.0385323 0.0679754 -2.49701e-21)
(-0.0334526 0.0660904 -2.09749e-21)
(-0.0187747 0.0583252 -2.25912e-21)
(0.00466194 0.0474097 -2.17392e-21)
(0.0362027 0.0349632 0)
(0.074908 0.0221311 -2.07128e-21)
(0.120499 0.0107503 -6.73003e-21)
(0.180499 0.00787182 1.70327e-21)
(-0.0197294 0.0317525 2.42505e-23)
(-0.0357785 0.05852 -2.24754e-21)
(-0.0342423 0.0650738 0)
(-0.0170992 0.06072 4.73199e-21)
(0.0138583 0.050599 -4.14712e-21)
(0.0573641 0.0376748 0)
(0.11231 0.0236602 0)
(0.176965 0.00955982 0)
(0.247415 -0.00465293 4.30976e-21)
(0.346479 -0.00805218 8.36757e-21)
(-0.022984 0.0312286 2.02086e-21)
(-0.036021 0.0541181 -1.893e-21)
(-0.0231733 0.0568658 -3.67411e-21)
(0.0119595 0.0491286 3.48012e-22)
(0.0669063 0.0365235 -3.93309e-21)
(0.13944 0.0222753 -4.02554e-21)
(0.227079 0.00834538 -4.12575e-21)
(0.326652 -0.00377779 -4.25248e-21)
(0.426623 -0.0178948 -4.30927e-21)
(0.573638 -0.0175178 4.85527e-21)
(-0.0255185 0.0295039 3.81888e-21)
(-0.031346 0.0461308 1.9421e-21)
(-0.000455687 0.0436777 7.21492e-21)
(0.0614626 0.0321461 3.80666e-21)
(0.150553 0.017619 2.92778e-22)
(0.262072 0.00353957 4.33034e-21)
(0.390217 -0.00802069 -3.8084e-21)
(0.528068 -0.0152881 4.25197e-21)
(0.659691 -0.0246355 -4.32336e-21)
(0.84087 -0.0160883 9.17575e-21)
(-0.0264027 0.0264323 -2.25705e-21)
(-0.0184756 0.0345679 0)
(0.039949 0.0262627 -3.05133e-21)
(0.139891 0.0116659 3.79704e-23)
(0.273712 -0.0028045 4.43347e-22)
(0.431028 -0.013872 -4.08409e-21)
(0.60057 -0.0197928 1.1493e-20)
(0.768302 -0.0211325 0)
(0.929703 -0.020385 4.32278e-21)
(1.10047 -0.00489434 0)
(-0.143518 0.00804258 0)
(-0.153376 0.00795888 4.13216e-22)
(-0.163 0.00768972 -8.16727e-22)
(-0.1723 0.00738215 3.53801e-22)
(-0.181289 0.00705443 0)
(-0.18994 0.00670502 -3.55923e-22)
(-0.198217 0.00633211 3.57687e-22)
(-0.206084 0.00593525 0)
(-0.213504 0.00551646 0)
(-0.220444 0.00508085 -3.57891e-23)
(-0.226875 0.0046369 0)
(-0.232784 0.0041965 0)
(-0.238173 0.0037749 0)
(-0.243065 0.00339018 0)
(-0.2475 0.00306161 3.5364e-23)
(-0.251533 0.00280644 -3.55472e-23)
(-0.255298 0.00263835 0)
(-0.259123 0.00257005 6.31662e-24)
(-0.263218 0.00259974 -6.34984e-24)
(-0.266326 0.00265866 0)
(-0.118542 0.0224363 0)
(-0.126841 0.0222362 -1.05476e-22)
(-0.134882 0.0216134 0)
(-0.142699 0.0208802 -1.50843e-21)
(-0.150419 0.0200796 1.46839e-21)
(-0.158018 0.0192095 -9.27206e-23)
(-0.165452 0.0182637 6.77906e-22)
(-0.172682 0.0172389 -1.40181e-21)
(-0.179668 0.0161382 1.15603e-21)
(-0.186366 0.0149734 -6.33346e-22)
(-0.192738 0.0137656 -4.98621e-22)
(-0.198749 0.0125464 8.88531e-22)
(-0.204377 0.0113577 -4.49741e-22)
(-0.209617 0.0102511 -2.16738e-22)
(-0.214475 0.00928466 1.7088e-22)
(-0.218966 0.00851421 -3.24897e-23)
(-0.223173 0.00798579 -2.51095e-23)
(-0.227397 0.00774006 -2.5555e-23)
(-0.231934 0.00778827 2.56788e-23)
(-0.235536 0.00796748 -1.92707e-24)
(-0.0714347 0.0322455 1.07931e-22)
(-0.0769444 0.0317864 1.05661e-22)
(-0.0819074 0.0312957 1.05468e-22)
(-0.0868275 0.0305949 0)
(-0.0919605 0.0297841 1.72138e-21)
(-0.0973081 0.0288574 -1.34367e-21)
(-0.102829 0.0277982 0)
(-0.108488 0.0265967 1.69054e-22)
(-0.114247 0.0252509 7.78754e-23)
(-0.120064 0.0237693 -9.7011e-22)
(-0.125893 0.0221742 1.0433e-22)
(-0.131684 0.020504 1.1427e-21)
(-0.137387 0.0188144 5.51184e-23)
(-0.142959 0.017179 4.637e-23)
(-0.148356 0.0156882 4.09135e-23)
(-0.153531 0.0144388 -8.34793e-23)
(-0.158474 0.0135185 8.17601e-23)
(-0.163402 0.0130097 8.56827e-23)
(-0.168709 0.0129912 1.49663e-23)
(-0.173228 0.0133206 -1.80976e-24)
(-0.00498075 0.0339956 3.36442e-21)
(-0.00767489 0.0344783 -3.01644e-23)
(-0.00828341 0.0345079 -1.95099e-22)
(-0.0094382 0.0341995 -3.38535e-21)
(-0.0109721 0.0338846 -3.05725e-22)
(-0.0130113 0.0334635 -9.51127e-23)
(-0.0155345 0.0328686 2.67844e-21)
(-0.0185176 0.0320795 -1.61224e-21)
(-0.0219468 0.0310883 -1.35399e-21)
(-0.0258046 0.0298918 1.24323e-21)
(-0.0300645 0.0284996 -1.0692e-22)
(-0.0346896 0.0269396 -1.25208e-21)
(-0.0396333 0.0252605 -5.466e-23)
(-0.0448404 0.0235345 -4.62237e-22)
(-0.0502446 0.0218595 3.21306e-22)
(-0.0557567 0.0203552 2.41438e-22)
(-0.0612715 0.0191433 -2.1258e-22)
(-0.066846 0.0183443 0)
(-0.0729191 0.0181294 -3.06167e-23)
(-0.078729 0.018546 -1.86125e-24)
(0.0818855 0.0276834 -7.66067e-21)
(0.0836439 0.0300647 3.34763e-21)
(0.0852477 0.0304854 -3.58092e-21)
(0.0876891 0.0307934 0)
(0.0898621 0.031284 2.06582e-22)
(0.0913328 0.03173 3.18391e-21)
(0.0921588 0.0319897 3.00054e-23)
(0.0923962 0.0320384 -1.77147e-22)
(0.0920296 0.0318732 -2.86176e-21)
(0.0910277 0.0314812 -1.55682e-22)
(0.0893711 0.0308543 0)
(0.0870532 0.0300011 1.29092e-22)
(0.0840782 0.0289501 0)
(0.0804644 0.0277509 1.00273e-22)
(0.0762481 0.0264779 0)
(0.0714939 0.0252349 0)
(0.0663208 0.02414 -5.43594e-23)
(0.0608154 0.0233037 6.24387e-23)
(0.0546263 0.0228752 -5.50724e-23)
(0.0477144 0.0231452 1.35828e-23)
(0.201015 0.0161884 0)
(0.204935 0.0198489 2.28746e-22)
(0.206889 0.0208867 7.42422e-21)
(0.210801 0.0218064 -7.18706e-21)
(0.215117 0.0230896 2.30781e-22)
(0.218823 0.0243931 0)
(0.221946 0.0255065 3.23316e-21)
(0.224624 0.0264294 -6.08728e-21)
(0.226831 0.0271847 3.25159e-21)
(0.228478 0.027758 1.80397e-22)
(0.229494 0.0281281 1.66651e-22)
(0.229821 0.0282891 1.51931e-22)
(0.229412 0.0282512 0)
(0.228224 0.0280406 -7.21408e-22)
(0.226233 0.0276997 1.65254e-21)
(0.223435 0.027298 -7.08077e-22)
(0.219877 0.0269219 6.73435e-23)
(0.215625 0.0266653 4.8517e-23)
(0.210526 0.026547 -1.63074e-23)
(0.203645 0.0269721 1.64216e-23)
(0.368173 0.00322012 -8.69407e-21)
(0.371362 0.00820189 0)
(0.370621 0.00940201 2.46794e-22)
(0.37287 0.0106256 -4.8601e-22)
(0.376577 0.0125037 -4.74163e-22)
(0.380088 0.014369 -2.35794e-22)
(0.383292 0.0159847 -2.27608e-22)
(0.386408 0.0174577 3.07875e-21)
(0.389401 0.0188559 -3.67348e-21)
(0.392127 0.020163 -3.24302e-21)
(0.394472 0.0213513 2.69958e-21)
(0.396349 0.0224108 -3.14643e-22)
(0.397677 0.023342 1.06384e-21)
(0.398371 0.0241568 -2.52489e-22)
(0.398369 0.0248718 -1.13966e-21)
(0.397598 0.0255334 -9.4758e-23)
(0.396069 0.0261802 1.01564e-22)
(0.393669 0.026933 -1.2596e-22)
(0.390764 0.0277078 -1.96701e-22)
(0.385089 0.0290295 -1.01823e-23)
(0.589871 -0.00475777 0)
(0.589689 6.149e-05 7.92031e-21)
(0.584621 0.000158462 -8.1333e-21)
(0.583273 0.00119812 2.49588e-22)
(0.584242 0.0032958 4.98475e-22)
(0.585414 0.00519691 2.35588e-22)
(0.586652 0.00681145 4.67282e-22)
(0.588179 0.008409 0)
(0.589904 0.0100676 2.05002e-22)
(0.591635 0.011748 1.91893e-22)
(0.593253 0.0134127 1.92187e-22)
(0.594674 0.0150496 3.38904e-22)
(0.59583 0.0166481 0)
(0.596622 0.0182134 0)
(0.597015 0.019737 1.11074e-22)
(0.596869 0.0212662 9.02769e-22)
(0.596318 0.0227767 -6.30474e-22)
(0.594895 0.0244492 6.05849e-23)
(0.593726 0.0260454 1.16818e-22)
(0.589635 0.0285398 -3.61311e-23)
(0.848477 -0.00200308 -9.54915e-21)
(0.845334 0.000373959 0)
(0.838802 -0.00185706 0)
(0.835764 -0.00170533 8.4779e-21)
(0.834442 -0.000452245 -3.99684e-22)
(0.833137 0.000582879 -1.625e-20)
(0.831928 0.00159191 7.73964e-21)
(0.831 0.0028323 0)
(0.83023 0.00429828 0)
(0.829469 0.00592288 0)
(0.828672 0.00766321 -8.78614e-23)
(0.82781 0.00950089 -2.67483e-22)
(0.826895 0.0114007 -2.47697e-21)
(0.825836 0.0133605 2.38435e-21)
(0.824725 0.0153305 -9.2999e-22)
(0.823299 0.0173782 8.22973e-22)
(0.822011 0.0193746 0)
(0.819924 0.0216393 -2.61768e-23)
(0.818909 0.0235203 -3.64457e-23)
(0.815297 0.0268337 0)
(1.11461 0.00114239 1.30302e-22)
(1.11587 -0.00410518 8.34581e-21)
(1.11372 -0.00670676 -8.25906e-21)
(1.11183 -0.00547321 0)
(1.10903 -0.00372993 -8.52381e-21)
(1.10517 -0.00215419 1.67859e-20)
(1.10086 -0.000453606 -8.26451e-21)
(1.0965 0.00143602 0)
(1.09216 0.00342683 -3.68494e-21)
(1.08784 0.00546242 7.10373e-21)
(1.08361 0.00752107 -3.52159e-21)
(1.07948 0.00960796 9.20691e-23)
(1.07557 0.01169 0)
(1.07173 0.0137979 2.38173e-21)
(1.06824 0.0158497 -3.27263e-21)
(1.06464 0.0179885 9.77378e-22)
(1.06177 0.019939 6.25563e-22)
(1.0582 0.0222618 -4.36177e-22)
(1.05643 0.0238424 -2.13124e-22)
(1.05244 0.0269832 0)
(1.40209 0.00851217 0)
(1.38549 0.004731 0)
(1.37306 0.00330369 0)
(1.36135 0.00320677 0)
(1.3504 0.0034991 0)
(1.34052 0.00411501 0)
(1.33168 0.00505424 0)
(1.32377 0.00625103 0)
(1.31663 0.00763153 0)
(1.3101 0.00915914 0)
(1.30411 0.0107955 0)
(1.29852 0.0125356 0)
(1.29343 0.0143206 0)
(1.28855 0.0161997 0)
(1.28428 0.0180394 0)
(1.27991 0.0200494 0)
(1.27655 0.0218208 0)
(1.27244 0.0240789 0)
(1.27039 0.0254651 0)
(1.26611 0.0283834 0)
(1.53821 0.0187216 0)
(1.53099 0.0184994 0)
(1.5249 0.0172984 0)
(1.51874 0.0158903 0)
(1.51235 0.0149032 0)
(1.50606 0.0144154 0)
(1.50009 0.0143916 0)
(1.49449 0.0147438 0)
(1.48926 0.0153878 0)
(1.48433 0.016272 0)
(1.47974 0.0173426 0)
(1.47536 0.0185818 0)
(1.47135 0.0199139 0)
(1.46744 0.0213832 0)
(1.46403 0.0228319 0)
(1.46045 0.0244754 0)
(1.45777 0.0258812 0)
(1.45431 0.0277386 0)
(1.4527 0.0288025 0)
(1.44895 0.031048 0)
(1.63922 0.02306 0)
(1.63553 0.0215649 0)
(1.63218 0.0203663 0)
(1.62916 0.0191698 0)
(1.62628 0.0182893 0)
(1.6235 0.0178721 0)
(1.62084 0.017881 0)
(1.61834 0.0182171 0)
(1.61601 0.0188037 0)
(1.61384 0.0195962 0)
(1.61182 0.0205521 0)
(1.60993 0.021661 0)
(1.60822 0.0228534 0)
(1.60658 0.0241759 0)
(1.60519 0.0254701 0)
(1.60376 0.0269446 0)
(1.60275 0.0281817 0)
(1.60146 0.0298104 0)
(1.60093 0.0307144 0)
(1.59965 0.0325925 0)
(1.72277 0.0263743 0)
(1.7215 0.0239081 0)
(1.71975 0.0222408 0)
(1.71824 0.0209082 0)
(1.71712 0.019912 0)
(1.71627 0.0193302 0)
(1.71558 0.0191605 0)
(1.71506 0.0193325 0)
(1.71468 0.019773 0)
(1.7145 0.0204328 0)
(1.71442 0.0212616 0)
(1.71455 0.0222537 0)
(1.71472 0.0233288 0)
(1.71515 0.0245481 0)
(1.71552 0.025729 0)
(1.71625 0.027107 0)
(1.71674 0.0282266 0)
(1.71785 0.0297534 0)
(1.71828 0.0305492 0)
(1.71994 0.0323196 0)
(1.79924 0.0281797 0)
(1.79953 0.0251389 0)
(1.79899 0.0230021 0)
(1.79848 0.0214394 0)
(1.79832 0.0202866 0)
(1.79852 0.019522 0)
(1.79887 0.0191429 0)
(1.79944 0.0191104 0)
(1.80009 0.0193591 0)
(1.80101 0.0198467 0)
(1.80198 0.0205071 0)
(1.8033 0.0213505 0)
(1.80451 0.0222712 0)
(1.80624 0.0233659 0)
(1.8076 0.024403 0)
(1.80982 0.0256803 0)
(1.81115 0.0266637 0)
(1.81402 0.0281128 0)
(1.81497 0.0288001 0)
(1.81885 0.0305174 0)
(1.8759 0.0285721 0)
(1.87701 0.0252858 0)
(1.87727 0.0228651 0)
(1.87737 0.0211126 0)
(1.8777 0.0198269 0)
(1.87838 0.0189225 0)
(1.87921 0.0183732 0)
(1.88028 0.0181598 0)
(1.88137 0.0182227 0)
(1.88279 0.0185373 0)
(1.88416 0.0190189 0)
(1.88602 0.0197013 0)
(1.88764 0.0204472 0)
(1.88999 0.0213962 0)
(1.89172 0.0222653 0)
(1.89468 0.0234168 0)
(1.8963 0.0242464 0)
(1.9001 0.0255901 0)
(1.90122 0.026165 0)
(1.90628 0.0277876 0)
(1.95558 0.0281239 0)
(1.95707 0.0248528 0)
(1.95776 0.0223289 0)
(1.95818 0.0204482 0)
(1.95869 0.0190469 0)
(1.95952 0.0180265 0)
(1.96047 0.0173365 0)
(1.96169 0.0169656 0)
(1.96288 0.0168555 0)
(1.96444 0.0170015 0)
(1.96587 0.0173052 0)
(1.96787 0.0178213 0)
(1.96952 0.0183879 0)
(1.97205 0.0191761 0)
(1.97379 0.0198712 0)
(1.97699 0.0208716 0)
(1.9786 0.021546 0)
(1.9827 0.0227468 0)
(1.98379 0.023214 0)
(1.98923 0.0246852 0)
(2.03731 0.0273391 0)
(2.03899 0.0242025 0)
(2.03991 0.0216693 0)
(2.04052 0.019708 0)
(2.04111 0.0182094 0)
(2.04198 0.0170883 0)
(2.04293 0.0162786 0)
(2.04417 0.0157701 0)
(2.04533 0.0155028 0)
(2.04688 0.0154881 0)
(2.04825 0.0156218 0)
(2.05023 0.0159717 0)
(2.05178 0.0163651 0)
(2.0543 0.0169853 0)
(2.05592 0.0175128 0)
(2.05912 0.0183458 0)
(2.0606 0.0188743 0)
(2.0647 0.0199043 0)
(2.06569 0.0202743 0)
(2.0711 0.0215532 0)
(2.1181 0.0263756 0)
(2.11996 0.0233928 0)
(2.12113 0.0208906 0)
(2.12199 0.0188896 0)
(2.12274 0.017323 0)
(2.12373 0.0161227 0)
(2.12474 0.0152161 0)
(2.12605 0.0145914 0)
(2.12723 0.014188 0)
(2.12883 0.0140264 0)
(2.13017 0.0140054 0)
(2.13217 0.014196 0)
(2.13367 0.0144299 0)
(2.13618 0.0148833 0)
(2.13772 0.015257 0)
(2.14089 0.0159172 0)
(2.14228 0.0163136 0)
(2.14634 0.0171607 0)
(2.14724 0.0174451 0)
(2.15255 0.0185134 0)
(2.19483 0.0250924 0)
(2.19703 0.0222647 0)
(2.19863 0.0198236 0)
(2.19993 0.0178255 0)
(2.20105 0.0162298 0)
(2.20237 0.0149811 0)
(2.20365 0.0140057 0)
(2.20521 0.0132907 0)
(2.2066 0.0127776 0)
(2.20841 0.0124904 0)
(2.2099 0.0123364 0)
(2.21207 0.0123832 0)
(2.21366 0.0124769 0)
(2.21631 0.0127748 0)
(2.21789 0.0130125 0)
(2.22118 0.0135073 0)
(2.22257 0.0137876 0)
(2.22672 0.0144557 0)
(2.2276 0.0146658 0)
(2.23296 0.0155269 0)
(2.26612 0.0231955 0)
(2.26892 0.0205441 0)
(2.27121 0.0182025 0)
(2.27322 0.0162544 0)
(2.27499 0.0146751 0)
(2.2769 0.0134171 0)
(2.27868 0.0124084 0)
(2.28073 0.0116367 0)
(2.28255 0.011047 0)
(2.2848 0.0106651 0)
(2.28664 0.0104076 0)
(2.28919 0.010337 0)
(2.29105 0.0103163 0)
(2.29403 0.0104822 0)
(2.29581 0.0106067 0)
(2.29939 0.0109575 0)
(2.30091 0.0111402 0)
(2.30532 0.0116502 0)
(2.30627 0.0117977 0)
(2.31187 0.0124753 0)
(2.334 0.0203713 0)
(2.33759 0.0179402 0)
(2.34076 0.0157508 0)
(2.34369 0.013908 0)
(2.34631 0.012397 0)
(2.34899 0.0111782 0)
(2.35146 0.0101809 0)
(2.35417 0.00939706 0)
(2.35658 0.00877327 0)
(2.3594 0.00833914 0)
(2.36174 0.00801685 0)
(2.36479 0.00786805 0)
(2.36704 0.00776681 0)
(2.37046 0.00783768 0)
(2.37254 0.0078778 0)
(2.37651 0.00812075 0)
(2.37823 0.00822825 0)
(2.38299 0.00861733 0)
(2.38405 0.00871536 0)
(2.38999 0.00925131 0)
(2.40442 0.0164582 0)
(2.40875 0.0143055 0)
(2.41275 0.0123358 0)
(2.41654 0.0106634 0)
(2.41996 0.00927893 0)
(2.42338 0.00815512 0)
(2.42649 0.00722198 0)
(2.4298 0.00647959 0)
(2.43274 0.00587218 0)
(2.43607 0.00543786 0)
(2.43884 0.00509687 0)
(2.44232 0.00491885 0)
(2.44491 0.00477754 0)
(2.44867 0.00480021 0)
(2.45099 0.00479001 0)
(2.45523 0.0049713 0)
(2.45712 0.00502936 0)
(2.46209 0.00534509 0)
(2.46322 0.00540841 0)
(2.46934 0.00585531 0)
(2.48537 0.0116872 0)
(2.48998 0.0098665 0)
(2.49436 0.00818247 0)
(2.49857 0.00674235 0)
(2.50237 0.00553806 0)
(2.5061 0.00456014 0)
(2.50947 0.00374026 0)
(2.51299 0.00309055 0)
(2.5161 0.00254764 0)
(2.51956 0.00216301 0)
(2.52244 0.00184737 0)
(2.52597 0.00168729 0)
(2.5286 0.00154445 0)
(2.53233 0.0015642 0)
(2.53465 0.00153634 0)
(2.53877 0.00170042 0)
(2.54061 0.00173377 0)
(2.54538 0.00202117 0)
(2.54647 0.00206388 0)
(2.55226 0.00247051 0)
(2.58191 0.00678736 0)
(2.58602 0.00532263 0)
(2.59002 0.00396029 0)
(2.59388 0.00278599 0)
(2.59734 0.0017909 0)
(2.60068 0.000986164 0)
(2.60366 0.000306672 0)
(2.60674 -0.00022039 0)
(2.60943 -0.000668979 0)
(2.61241 -0.000973118 0)
(2.61486 -0.00123495 0)
(2.61785 -0.00134775 0)
(2.62005 -0.0014666 0)
(2.62318 -0.00142248 0)
(2.62509 -0.00144658 0)
(2.6285 -0.00127401 0)
(2.63001 -0.00124884 0)
(2.63393 -0.000964528 0)
(2.63481 -0.000932552 0)
(2.63954 -0.000539502 0)
(2.69094 0.00271827 0)
(2.69385 0.00158948 0)
(2.69673 0.000538636 0)
(2.69951 -0.000376011 0)
(2.70195 -0.00116617 0)
(2.70424 -0.00180111 0)
(2.70622 -0.00234154 0)
(2.70823 -0.00274782 0)
(2.70995 -0.00310058 0)
(2.71186 -0.00332327 0)
(2.71338 -0.00352699 0)
(2.71527 -0.00359103 0)
(2.7166 -0.00368061 0)
(2.71856 -0.0036118 0)
(2.7197 -0.00362681 0)
(2.72185 -0.00344706 0)
(2.72274 -0.00342494 0)
(2.72522 -0.0031468 0)
(2.72573 -0.00312164 0)
(2.72873 -0.0027468 0)
(2.80073 0.000100012 0)
(2.80219 -0.000738644 0)
(2.80367 -0.00151697 0)
(2.80506 -0.00219957 0)
(2.80618 -0.0028031 0)
(2.80713 -0.00328638 0)
(2.80784 -0.00370281 0)
(2.80851 -0.00400709 0)
(2.809 -0.00427749 0)
(2.80955 -0.00443604 0)
(2.80992 -0.00459151 0)
(2.81042 -0.00462364 0)
(2.81069 -0.00469112 0)
(2.81121 -0.00461528 0)
(2.81141 -0.00462548 0)
(2.812 -0.00445819 0)
(2.81215 -0.00444084 0)
(2.81288 -0.00419169 0)
(2.81295 -0.00417312 0)
(2.81387 -0.00384315 0)
(2.89668 -0.00108195 0)
(2.8969 -0.00167295 0)
(2.89716 -0.00221451 0)
(2.8973 -0.00268809 0)
(2.89724 -0.00311383 0)
(2.89695 -0.00345432 0)
(2.89651 -0.00375186 0)
(2.89593 -0.00396413 0)
(2.8953 -0.00415688 0)
(2.89458 -0.00426326 0)
(2.89388 -0.00437447 0)
(2.89308 -0.00438877 0)
(2.89236 -0.00443731 0)
(2.8915 -0.00437168 0)
(2.89083 -0.0043793 0)
(2.88994 -0.00424532 0)
(2.8894 -0.00423356 0)
(2.88845 -0.0040381 0)
(2.88813 -0.00402566 0)
(2.88706 -0.00376921 0)
(2.96727 -0.00107817 0)
(2.96662 -0.00146543 0)
(2.966 -0.00180555 0)
(2.96523 -0.00209347 0)
(2.9643 -0.00235047 0)
(2.9631 -0.00255424 0)
(2.9618 -0.00273281 0)
(2.96029 -0.00285756 0)
(2.95884 -0.00297224 0)
(2.95716 -0.00303274 0)
(2.95567 -0.00309865 0)
(2.95387 -0.00310335 0)
(2.95243 -0.00313167 0)
(2.95052 -0.00308756 0)
(2.94921 -0.00309125 0)
(2.94717 -0.00300524 0)
(2.94613 -0.00299741 0)
(2.94389 -0.00287351 0)
(2.94328 -0.00286555 0)
(2.9407 -0.00270343 0)
(3.00476 -0.000269922 0)
(3.00363 -0.000442831 0)
(3.00255 -0.000587376 0)
(3.00129 -0.000704896 0)
(2.99989 -0.000806555 0)
(2.99819 -0.000886603 0)
(2.99644 -0.000955652 0)
(2.99442 -0.00100447 0)
(2.99252 -0.00104858 0)
(2.99033 -0.0010732 0)
(2.98841 -0.00109887 0)
(2.98608 -0.00110311 0)
(2.98424 -0.00111477 0)
(2.98176 -0.00110154 0)
(2.98011 -0.00110398 0)
(2.97745 -0.00107601 0)
(2.97615 -0.00107395 0)
(2.97321 -0.00103283 0)
(2.97245 -0.00103031 0)
(2.96904 -0.000975952 0)
(1.78576 0.122033 1.81875e-21)
(1.79295 0.109699 0)
(1.79001 0.0967639 -3.03646e-22)
(1.77853 0.0836404 -9.13804e-21)
(1.75712 0.0704545 1.41399e-20)
(1.72979 0.0582989 0)
(1.69173 0.0456163 1.09649e-20)
(1.64164 0.0368505 0)
(1.59443 0.0223532 9.59084e-21)
(1.42682 0.0105836 -1.46525e-22)
(1.84458 0.112493 -2.09094e-21)
(1.8499 0.102092 3.99285e-22)
(1.84595 0.0909475 -4.00087e-22)
(1.83312 0.0807019 -1.0968e-21)
(1.81331 0.0692496 -8.66367e-21)
(1.78251 0.0605002 -5.05421e-22)
(1.75729 0.0491732 0)
(1.69449 0.0423446 -1.23095e-20)
(1.69155 0.0342986 0)
(1.54602 0.0194705 -9.57407e-21)
(1.9088 0.102944 4.31401e-21)
(1.91133 0.0941786 0)
(1.90817 0.0841149 -3.75128e-22)
(1.89135 0.0758387 -6.58347e-22)
(1.87663 0.0658779 9.18054e-21)
(1.83716 0.0589217 0)
(1.82535 0.0506624 1.53371e-20)
(1.75094 0.0429794 1.26886e-20)
(1.76006 0.0398977 0)
(1.64276 0.0265201 9.47569e-21)
(1.97531 0.094552 -1.95711e-21)
(1.9747 0.0869623 7.90255e-21)
(1.97453 0.0781893 0)
(1.95314 0.0709255 1.16713e-20)
(1.9448 0.0628937 6.23829e-22)
(1.89834 0.0558316 -1.17385e-21)
(1.89298 0.0504686 -1.47029e-20)
(1.81705 0.0416144 -4.84236e-22)
(1.81995 0.0399511 -1.40338e-20)
(1.72313 0.0304247 0)
(2.04121 0.0871833 0)
(2.03806 0.0803338 -7.71109e-21)
(2.04134 0.0731387 -8.56566e-21)
(2.01751 0.0662108 1.20681e-21)
(2.01371 0.0601693 -7.70384e-22)
(1.96614 0.052666 -6.01186e-22)
(1.96065 0.0488995 -1.78529e-20)
(1.89029 0.0405324 -1.01134e-21)
(1.88495 0.0383551 -8.932e-22)
(1.79795 0.0321753 1.33048e-20)
(2.10381 0.0804339 2.52303e-21)
(2.09963 0.0740964 5.21783e-22)
(2.10539 0.0683691 -1.36377e-21)
(2.08227 0.0617164 4.62861e-22)
(2.08066 0.0570837 -1.27864e-20)
(2.03683 0.0499489 0)
(2.02987 0.0466304 1.95256e-20)
(1.96641 0.0399531 -5.79181e-22)
(1.95767 0.0369203 3.16543e-20)
(1.8741 0.032537 -2.75938e-20)
(2.16116 0.0739377 -2.53544e-21)
(2.15745 0.0681527 -4.68417e-21)
(2.16473 0.0634898 8.07369e-21)
(2.14448 0.0574569 -1.41671e-20)
(2.14438 0.0535567 -1.58198e-21)
(2.10602 0.0475318 -1.20404e-20)
(2.09981 0.0441705 6.21537e-22)
(2.0421 0.0391117 -1.1768e-21)
(2.03454 0.0355751 -1.57882e-20)
(1.95366 0.0319742 1.42794e-20)
(2.21249 0.0673729 0)
(2.21011 0.0622932 1.01254e-20)
(2.21865 0.0583321 -1.07809e-21)
(2.20184 0.0532213 7.73046e-21)
(2.20384 0.0497136 -6.43729e-22)
(2.17066 0.0449409 2.39858e-20)
(2.16757 0.0415863 -1.07401e-20)
(2.1151 0.0375971 0)
(2.11098 0.0340777 0)
(2.03534 0.0309464 0)
(2.25874 0.0605194 0)
(2.25785 0.0562205 -9.28783e-21)
(2.2677 0.0527963 -5.87329e-22)
(2.2539 0.0486577 7.88345e-21)
(2.25844 0.04553 1.42028e-20)
(2.22971 0.0417921 -1.3458e-20)
(2.23044 0.0387223 1.29157e-20)
(2.18381 0.0354765 -6.92347e-22)
(2.18336 0.0323539 0)
(2.11601 0.0297098 8.76296e-21)
(2.30291 0.0532396 3.34443e-22)
(2.30334 0.0496731 5.29982e-21)
(2.31422 0.0467573 8.19125e-21)
(2.30275 0.0434715 -4.47496e-22)
(2.3092 0.0408235 9.88196e-22)
(2.28434 0.0379024 -1.46135e-20)
(2.28784 0.0353406 1.4062e-20)
(2.24766 0.0327935 -7.2384e-22)
(2.24974 0.0301868 0)
(2.19246 0.0281692 -1.78665e-20)
(2.35023 0.0455957 0)
(2.35168 0.0426309 5.26626e-21)
(2.36279 0.0401878 2.14728e-22)
(2.35294 0.0375989 0)
(2.35977 0.0354484 0)
(2.33808 0.0332322 1.29578e-20)
(2.34226 0.0311953 -1.16669e-20)
(2.30809 0.0293971 -6.88122e-22)
(2.31093 0.0272317 3.68032e-22)
(2.26322 0.0260066 9.40655e-21)
(2.40731 0.0374787 0)
(2.40928 0.0351193 -1.00305e-20)
(2.41956 0.0331185 -1.08542e-20)
(2.41057 0.0311408 1.63612e-21)
(2.41615 0.0293914 -1.04819e-21)
(2.39651 0.0278295 -8.69395e-22)
(2.39937 0.0261613 1.64482e-21)
(2.36935 0.0251216 1.05602e-20)
(2.3714 0.0232516 1.02329e-21)
(2.33036 0.0228857 -3.16552e-22)
(2.47996 0.0292782 0)
(2.48173 0.0275265 5.40418e-21)
(2.49034 0.0258818 -5.95847e-22)
(2.48138 0.0244435 5.90927e-22)
(2.48483 0.0229294 0)
(2.46583 0.0219318 0)
(2.46646 0.0204291 0)
(2.438 0.0200237 -1.19926e-20)
(2.4386 0.0183194 1.12388e-20)
(2.40008 0.0186462 0)
(2.56956 0.0218714 0)
(2.57033 0.0205806 3.44991e-21)
(2.57711 0.0191531 4.44132e-21)
(2.56758 0.0181117 5.75958e-21)
(2.56922 0.016694 -1.09521e-21)
(2.54992 0.0160618 6.77192e-21)
(2.54889 0.0146018 -6.08717e-21)
(2.52012 0.0145307 0)
(2.51971 0.0129353 6.50644e-22)
(2.48079 0.0135368 -1.06689e-20)
(2.67058 0.0157905 -7.68018e-22)
(2.66997 0.0148019 -2.79791e-21)
(2.6754 0.0135468 -5.74139e-21)
(2.66539 0.0127214 -4.05162e-21)
(2.66641 0.0113945 0)
(2.64711 0.0108665 -8.61859e-21)
(2.6459 0.00947738 8.73294e-21)
(2.61718 0.00936558 -8.28312e-22)
(2.61669 0.00791674 -5.55973e-21)
(2.57786 0.00830756 1.54967e-20)
(2.77157 0.0112782 7.71959e-22)
(2.77004 0.0104382 -2.17564e-21)
(2.77477 0.00939048 1.94627e-21)
(2.76534 0.00861598 -4.79819e-21)
(2.7668 0.00747657 0)
(2.74926 0.00684973 0)
(2.749 0.00565161 8.60729e-22)
(2.723 0.00525247 -8.13314e-21)
(2.72303 0.00402914 -5.0291e-21)
(2.68813 0.00393803 -5.2069e-21)
(2.86042 0.00800463 0)
(2.85911 0.00724777 3.5698e-21)
(2.86353 0.00647008 -1.30563e-21)
(2.85622 0.00569742 4.27622e-21)
(2.85837 0.00484458 1.14574e-21)
(2.84481 0.00409362 -9.63328e-22)
(2.84557 0.00318236 1.81372e-21)
(2.82554 0.00250951 5.63375e-21)
(2.82598 0.00155845 0)
(2.79937 0.00105124 0)
(2.93048 0.00529654 0)
(2.93031 0.00470008 1.46031e-21)
(2.93429 0.00424134 -2.66816e-21)
(2.93005 0.0035719 0)
(2.93237 0.00304353 -2.23514e-21)
(2.924 0.00231418 -9.74085e-22)
(2.92511 0.00170873 -2.72482e-21)
(2.91263 0.000966132 -7.96249e-22)
(2.91297 0.000285722 4.13321e-22)
(2.89654 -0.000381691 3.48231e-22)
(2.98047 0.00280079 0)
(2.98135 0.00250271 -1.46729e-21)
(2.98445 0.00236916 -1.32617e-21)
(2.98295 0.00197574 1.83016e-21)
(2.98478 0.0017589 1.07185e-21)
(2.981 0.00126353 1.02005e-21)
(2.98173 0.000943401 4.55389e-21)
(2.97586 0.000380119 -3.32623e-21)
(2.9757 -4.5059e-05 7.74715e-22)
(2.968 -0.000607611 0)
(3.00785 0.000648561 0)
(3.00913 0.000666104 7.17461e-22)
(3.01139 0.000750518 -6.85702e-22)
(3.01136 0.00070928 6.47972e-22)
(3.01258 0.000728052 0)
(3.01136 0.000605097 -1.02508e-21)
(3.01161 0.000538406 8.95101e-22)
(3.00943 0.000341521 7.98106e-22)
(3.0088 0.000187158 0)
(3.00598 -5.7398e-05 0)
(1.12333 0.226554 0)
(1.06197 0.247073 -5.50764e-20)
(1.01326 0.275094 0)
(0.973785 0.311557 -1.8245e-19)
(0.939314 0.35605 6.89909e-20)
(0.907403 0.410196 2.16712e-21)
(0.87467 0.474112 6.12773e-20)
(0.823254 0.536089 -6.79707e-21)
(0.69655 0.542854 0)
(0.385278 0.331789 6.4852e-20)
(1.21418 0.229221 1.00787e-19)
(1.15409 0.255731 5.50753e-20)
(1.10505 0.282429 -5.258e-20)
(1.06404 0.317707 6.14411e-20)
(1.02923 0.362157 -5.31265e-20)
(0.999418 0.416328 7.14644e-21)
(0.970474 0.479786 -6.26879e-20)
(0.921546 0.540069 -1.25459e-19)
(0.786936 0.543345 -3.33187e-20)
(0.43585 0.326963 -9.50141e-20)
(1.29991 0.227977 -4.482e-20)
(1.24395 0.256693 4.64567e-20)
(1.19583 0.282752 5.25784e-20)
(1.15347 0.317174 5.3982e-20)
(1.11808 0.361106 5.52657e-20)
(1.08999 0.414425 5.61748e-20)
(1.06428 0.476075 8.52242e-21)
(1.01665 0.532599 5.51385e-20)
(0.872284 0.530514 2.22504e-20)
(0.48055 0.312171 -2.37518e-20)
(1.38299 0.224197 8.95084e-20)
(1.32974 0.253373 -4.64547e-20)
(1.28244 0.278582 0)
(1.23946 0.311611 0)
(1.2039 0.353944 0)
(1.1773 0.405135 4.28154e-20)
(1.15389 0.46341 -3.72327e-20)
(1.10564 0.513879 0)
(0.948866 0.504545 1.63093e-20)
(0.516184 0.287807 -3.35015e-20)
(1.46099 0.217646 -1.68494e-20)
(1.40913 0.245978 6.07888e-20)
(1.36244 0.270135 0)
(1.3196 0.301405 0)
(1.28451 0.341248 1.77374e-20)
(1.25928 0.389113 1.69345e-20)
(1.237 0.442474 2.37848e-20)
(1.18549 0.484684 1.30102e-20)
(1.01295 0.466334 2.00724e-20)
(0.539341 0.254956 -4.19092e-21)
(1.53107 0.208686 4.93653e-20)
(1.48027 0.234907 1.82227e-20)
(1.4342 0.257616 0)
(1.39202 0.28677 0)
(1.35788 0.323446 -4.80062e-20)
(1.33383 0.367009 1.5306e-20)
(1.31123 0.414252 3.77461e-21)
(1.25338 0.445951 -4.77608e-22)
(1.05959 0.417204 -1.48972e-20)
(0.547744 0.216092 -5.7283e-21)
(1.59236 0.197296 -2.83044e-20)
(1.54236 0.220509 2.9781e-20)
(1.49675 0.241471 2.72585e-20)
(1.45544 0.268194 -2.88377e-20)
(1.42249 0.301111 -1.19838e-20)
(1.39906 0.339356 1.27636e-20)
(1.37439 0.378841 -7.801e-21)
(1.30589 0.399928 8.37856e-21)
(1.08548 0.360234 0)
(0.540447 0.172898 0)
(1.64373 0.183854 -2.4004e-20)
(1.59456 0.203636 2.52567e-20)
(1.54934 0.222499 0)
(1.50892 0.246346 0)
(1.47698 0.27512 0)
(1.4533 0.307253 3.5754e-21)
(1.42352 0.337792 -1.21701e-20)
(1.33877 0.347684 5.49536e-21)
(1.0888 0.297752 0)
(0.516657 0.128399 -2.86483e-21)
(1.68499 0.168524 -1.00228e-20)
(1.63625 0.184633 8.24929e-21)
(1.5913 0.201563 -2.15564e-21)
(1.55175 0.222292 0)
(1.52041 0.246264 -3.31206e-21)
(1.49491 0.271811 8.39029e-21)
(1.45605 0.292896 0)
(1.34952 0.290941 -9.89433e-22)
(1.06699 0.232118 -2.60669e-21)
(0.476591 0.0857423 4.30938e-21)
(1.71539 0.152015 0)
(1.6669 0.165028 2.29655e-21)
(1.62241 0.17949 2.15544e-21)
(1.5837 0.196739 0)
(1.55214 0.215752 1.13494e-21)
(1.52222 0.234348 -2.11967e-21)
(1.46967 0.245519 -3.25828e-22)
(1.33551 0.231706 2.70294e-22)
(1.0181 0.166371 1.25356e-21)
(0.422157 0.0478349 0)
(0.441053 0.012923 -1.80602e-20)
(0.422436 0.0149006 1.9106e-20)
(0.399699 0.0172257 1.01843e-20)
(0.371932 0.0199515 1.09719e-20)
(0.337829 0.0232059 -1.16505e-20)
(0.29557 0.0271122 -1.89685e-20)
(0.242767 0.0316079 6.80637e-21)
(0.175404 0.0357859 -1.48539e-20)
(0.0924282 0.0360078 -1.62156e-20)
(0.025218 0.022137 0)
(0.456331 0.0386564 0)
(0.437173 0.0445267 -9.53611e-21)
(0.413786 0.0514629 -1.01505e-20)
(0.38556 0.0595882 0)
(0.351269 0.0692818 2.33673e-20)
(0.309083 0.0809241 1.25605e-20)
(0.256563 0.0943516 0)
(0.189365 0.106866 -1.44569e-20)
(0.105128 0.107573 -5.35084e-23)
(0.0326303 0.0662682 -1.71829e-20)
(0.486416 0.064044 7.16884e-20)
(0.466244 0.0736158 -7.54376e-20)
(0.441608 0.085044 0)
(0.412497 0.0984139 0)
(0.377856 0.11434 0)
(0.335849 0.13348 -7.47082e-20)
(0.283927 0.155621 1.0704e-19)
(0.217042 0.176379 -2.85474e-20)
(0.130425 0.177762 0)
(0.0475167 0.109804 3.44192e-20)
(0.530374 0.0887978 7.09993e-20)
(0.508833 0.101762 -7.4711e-20)
(0.482455 0.117491 -7.98639e-20)
(0.452108 0.135857 -6.79267e-22)
(0.417 0.157678 1.35969e-19)
(0.375305 0.183921 -4.85406e-20)
(0.324325 0.214385 5.27094e-20)
(0.257989 0.243181 -1.13529e-19)
(0.168049 0.245579 6.14342e-20)
(0.0698153 0.152129 0)
(0.586873 0.112541 -1.74463e-19)
(0.563766 0.128519 3.64869e-20)
(0.5353 0.148331 0)
(0.503469 0.171382 0)
(0.467847 0.198647 4.53291e-20)
(0.426643 0.231444 -1.41887e-19)
(0.376989 0.269664 1.01531e-19)
(0.31154 0.306138 -1.0904e-19)
(0.217538 0.309881 1.59092e-21)
(0.0993547 0.192515 -6.2201e-20)
(0.654306 0.134732 2.39679e-19)
(0.629589 0.153243 -1.80907e-19)
(0.5988 0.176821 0)
(0.5653 0.204159 0)
(0.529175 0.236352 4.38523e-20)
(0.488699 0.275087 4.69023e-20)
(0.440822 0.320392 4.63421e-20)
(0.376717 0.364033 5.40099e-20)
(0.278147 0.369354 1.20525e-21)
(0.135775 0.230017 1.23234e-19)
(0.730961 0.155129 -1.36473e-19)
(0.704746 0.176052 -6.8892e-20)
(0.671568 0.20323 0)
(0.636403 0.234327 0)
(0.599897 0.270621 0)
(0.560383 0.314321 -8.85229e-20)
(0.514665 0.365702 8.98501e-20)
(0.452339 0.415673 0)
(0.348833 0.422565 -5.35164e-20)
(0.178445 0.263499 1.1424e-19)
(0.815564 0.1718 -6.58635e-20)
(0.787289 0.194395 6.8893e-20)
(0.751071 0.224837 6.95633e-20)
(0.714168 0.259513 7.34333e-20)
(0.677695 0.299666 7.74897e-20)
(0.639731 0.347824 8.17548e-20)
(0.5968 0.404443 -5.66651e-21)
(0.536813 0.459781 9.05032e-20)
(0.428137 0.467986 -4.94847e-20)
(0.226364 0.291684 5.28218e-20)
(0.907718 0.190005 -1.25697e-19)
(0.876908 0.214248 6.26204e-20)
(0.837258 0.246658 -6.95636e-20)
(0.79854 0.282798 -7.53379e-20)
(0.76194 0.324773 7.08646e-20)
(0.725448 0.375693 -5.50365e-21)
(0.685525 0.436022 -2.47809e-19)
(0.628254 0.495265 -1.70491e-19)
(0.514147 0.504108 4.7199e-20)
(0.278104 0.313251 -4.14543e-20)
(1.00653 0.198439 0)
(0.966099 0.223071 -6.26205e-20)
(0.922912 0.258998 0)
(0.884765 0.298364 6.39662e-20)
(0.849734 0.342926 -2.1422e-19)
(0.815474 0.39633 -1.48544e-19)
(0.778942 0.459329 1.56975e-19)
(0.724576 0.520951 8.27295e-20)
(0.604551 0.529463 0)
(0.331819 0.326955 8.93433e-20)
(0.545284 0.00114651 0)
(0.544464 0.00114814 -1.12663e-21)
(0.542893 0.001177 1.12074e-21)
(0.541148 0.00124374 0)
(0.539399 0.00134589 -2.23303e-21)
(0.537552 0.00148174 2.22152e-21)
(0.535506 0.00165327 0)
(0.533197 0.00186465 0)
(0.530568 0.00212045 0)
(0.527575 0.00243018 0)
(0.524174 0.00280073 1.09803e-21)
(0.520285 0.00324048 0)
(0.51581 0.00376058 0)
(0.510641 0.00437514 8.76088e-21)
(0.504655 0.00510153 -8.71768e-21)
(0.497709 0.00596091 0)
(0.489628 0.00698006 9.84248e-21)
(0.480212 0.00819031 -1.7467e-20)
(0.469193 0.00963543 8.71521e-21)
(0.456307 0.0113946 8.78506e-21)
(0.557567 0.00339404 2.34479e-21)
(0.556791 0.00341172 4.46982e-21)
(0.555327 0.00352044 -4.44828e-21)
(0.553704 0.00373461 2.22048e-21)
(0.552067 0.00404654 2.21464e-21)
(0.550326 0.00445684 8.84694e-21)
(0.548385 0.00497439 -6.60167e-21)
(0.546183 0.00561216 -1.76115e-20)
(0.543666 0.00638253 3.72966e-20)
(0.540795 0.00731363 -1.74924e-20)
(0.537517 0.00842689 -1.64192e-20)
(0.533755 0.00974775 3.70957e-20)
(0.529415 0.0113097 -3.26904e-20)
(0.524391 0.0131549 1.73837e-20)
(0.518565 0.015335 2.17347e-21)
(0.5118 0.0179131 3.70439e-20)
(0.503925 0.0209694 -3.58013e-20)
(0.494763 0.0245953 0)
(0.484011 0.0289232 2.17425e-21)
(0.471823 0.034189 0)
(0.581635 0.00561758 -6.96341e-21)
(0.581 0.0056629 -1.67732e-24)
(0.579758 0.00586697 8.83203e-21)
(0.578354 0.00623909 -4.38399e-21)
(0.576921 0.00676676 -1.09766e-20)
(0.575381 0.00745589 -2.19243e-21)
(0.573644 0.00832362 -2.18938e-21)
(0.571647 0.00939221 -2.18443e-21)
(0.569346 0.0106816 3.05908e-20)
(0.566707 0.0122396 9.19956e-23)
(0.563669 0.0141027 -3.91202e-20)
(0.560156 0.0163125 -2.17474e-21)
(0.556081 0.0189235 -4.34287e-21)
(0.551347 0.0220053 0)
(0.545842 0.0256436 -3.91242e-20)
(0.539442 0.0299412 3.03118e-20)
(0.531983 0.0350316 0)
(0.523343 0.0410595 -2.16709e-21)
(0.51312 0.0482439 -2.17806e-21)
(0.502323 0.0569899 -2.16975e-21)
(0.616763 0.00786026 2.28517e-21)
(0.616309 0.00793121 6.53302e-21)
(0.615358 0.00821966 0)
(0.614244 0.00874412 -1.95751e-20)
(0.613084 0.00948935 1.73515e-20)
(0.611813 0.010463 1.95401e-20)
(0.610353 0.0116898 -1.2987e-20)
(0.608637 0.0132003 2.16626e-21)
(0.606639 0.0150169 -2.81747e-20)
(0.604332 0.017205 -8.38416e-23)
(0.601638 0.0198212 3.23891e-20)
(0.598483 0.022924 -3.4626e-20)
(0.594794 0.026588 -3.25615e-20)
(0.590487 0.0309084 7.33615e-20)
(0.58546 0.0360036 2.16439e-21)
(0.579614 0.0420137 6.48046e-21)
(0.572785 0.0491251 -6.93804e-20)
(0.564957 0.0575274 1.90036e-21)
(0.55552 0.0675069 -2.84979e-22)
(0.54677 0.0797194 7.14671e-20)
(0.661893 0.0100578 4.48287e-21)
(0.661625 0.0101565 -1.70917e-20)
(0.660998 0.0105236 8.53777e-21)
(0.660216 0.0111959 4.27453e-21)
(0.659367 0.012157 0)
(0.65841 0.0134113 0)
(0.657275 0.0149885 -4.27944e-21)
(0.655883 0.0169129 0)
(0.654237 0.0192767 -4.28403e-21)
(0.652323 0.0221182 0)
(0.650049 0.0254962 4.29e-21)
(0.647345 0.029492 -6.8697e-20)
(0.644149 0.0342039 -1.64127e-22)
(0.640397 0.0397538 -4.47343e-21)
(0.636002 0.0462897 6.87061e-20)
(0.6309 0.0539878 -4.3143e-21)
(0.624919 0.0630805 4.29079e-21)
(0.618212 0.0738075 -6.90993e-20)
(0.609827 0.0864514 7.32809e-20)
(0.603708 0.102151 1.38119e-19)
(0.715786 0.0121094 4.3745e-21)
(0.715676 0.0122485 -4.16961e-21)
(0.715362 0.0126964 -4.17836e-21)
(0.71491 0.0135127 -4.18496e-21)
(0.714369 0.0146875 -3.35784e-20)
(0.713715 0.0162234 6.30227e-20)
(0.712874 0.0181391 -3.78473e-20)
(0.711856 0.0205061 0)
(0.710658 0.0234046 -4.21793e-21)
(0.709171 0.0268823 -4.22429e-21)
(0.707345 0.0310047 -4.2306e-21)
(0.705142 0.0358729 6.37652e-20)
(0.702522 0.0416033 -1.40375e-19)
(0.699433 0.0483497 6.81303e-20)
(0.695809 0.0562803 0)
(0.691633 0.0656192 -4.25574e-21)
(0.686715 0.0766169 -1.4564e-19)
(0.68144 0.0896119 1.37093e-19)
(0.674401 0.104693 -4.31403e-21)
(0.671392 0.12387 0)
(0.777166 0.013882 4.24893e-21)
(0.777158 0.0140895 -1.21903e-20)
(0.777094 0.014634 4.05446e-21)
(0.776928 0.0155833 2.45138e-20)
(0.776662 0.0169454 4.09846e-21)
(0.776258 0.0187426 -2.47138e-20)
(0.775735 0.0210273 4.09212e-21)
(0.775098 0.0238649 3.31253e-20)
(0.774272 0.0272772 8.31185e-21)
(0.773192 0.0313477 7.09366e-20)
(0.771837 0.036166 -5.85363e-20)
(0.770179 0.0418602 -5.87817e-20)
(0.768201 0.0485451 7.15339e-20)
(0.765868 0.0564191 4.20259e-21)
(0.763153 0.0656306 4.20948e-21)
(0.760083 0.076498 8.473e-21)
(0.756459 0.0891862 8.48481e-21)
(0.752911 0.104323 -4.21225e-21)
(0.747442 0.121484 0)
(0.747886 0.144361 1.3486e-19)
(0.844843 0.0152411 -1.23515e-20)
(0.844866 0.0155529 -3.43338e-24)
(0.844925 0.0162255 -3.95597e-21)
(0.844928 0.0173228 -3.58232e-20)
(0.84485 0.0188853 2.39835e-20)
(0.844708 0.0209458 -4.02402e-21)
(0.844493 0.0235694 0)
(0.84414 0.0267935 0)
(0.843629 0.0306624 -8.16151e-21)
(0.842927 0.0352843 -4.09081e-21)
(0.842044 0.0407423 -4.13096e-21)
(0.840939 0.0472081 -4.15135e-21)
(0.839651 0.0547569 0)
(0.838123 0.0636882 -8.33914e-21)
(0.836431 0.0740178 -4.2061e-21)
(0.834572 0.0863289 -8.38415e-21)
(0.832477 0.100362 -4.23199e-21)
(0.830918 0.117547 -1.29836e-19)
(0.827596 0.135935 1.34681e-19)
(0.83215 0.16265 0)
(0.917841 0.0161044 0)
(0.917835 0.016548 3.80799e-21)
(0.9179 0.0173703 1.92015e-21)
(0.917976 0.0186017 0)
(0.918027 0.0203263 3.50177e-20)
(0.918034 0.0226215 -3.13369e-20)
(0.917993 0.0255047 6.50957e-20)
(0.917856 0.0290447 -6.3563e-20)
(0.917642 0.0332871 6.00313e-21)
(0.917302 0.0383731 2.02967e-21)
(0.916914 0.0443459 0)
(0.916375 0.0514682 0)
(0.91588 0.0597012 0)
(0.915201 0.0695994 1.35656e-19)
(0.914764 0.0808361 -2.64411e-19)
(0.914162 0.0947431 4.87168e-21)
(0.914008 0.110009 1.3317e-19)
(0.914486 0.130225 0)
(0.913999 0.149947 0)
(0.923377 0.182019 1.31029e-19)
(0.995683 0.0167317 0)
(0.995667 0.0172177 -1.46839e-20)
(0.995619 0.0180474 -1.29677e-20)
(0.995616 0.019267 2.99187e-20)
(0.995697 0.0210116 3.01901e-20)
(0.995793 0.0234023 -9.14039e-20)
(0.995894 0.0264517 5.95846e-20)
(0.995941 0.0302215 0)
(0.996048 0.0347138 -1.96058e-21)
(0.996104 0.0401198 -6.10601e-20)
(0.996371 0.0464023 1.27171e-19)
(0.996534 0.0539576 -6.41427e-20)
(0.997243 0.0625051 0)
(0.997688 0.0729709 -1.29246e-19)
(0.999475 0.0843152 2.6018e-19)
(1.0006 0.0989945 -1.30947e-19)
(1.00463 0.113549 0)
(1.00771 0.135382 -1.28622e-19)
(1.01383 0.153001 1.29968e-19)
(1.02949 0.193128 -2.01827e-21)
(1.07604 0.0170961 0)
(1.07588 0.0175169 0)
(1.07565 0.018224 0)
(1.07559 0.0193531 0)
(1.07574 0.0210977 0)
(1.07593 0.0235817 0)
(1.07614 0.026764 0)
(1.07625 0.0307166 0)
(1.07656 0.0354144 0)
(1.07678 0.0411446 0)
(1.07754 0.0477706 0)
(1.07796 0.0559057 0)
(1.07976 0.0649418 0)
(1.08039 0.0764485 0)
(1.08468 0.0882909 0)
(1.08512 0.10507 0)
(1.09584 0.119246 0)
(1.09386 0.146223 0)
(1.12408 0.157809 0)
(1.10931 0.211165 0)
(1.16136 0.0169966 0)
(1.16113 0.0172895 0)
(1.16096 0.0178146 0)
(1.16117 0.0188427 0)
(1.16178 0.0206161 0)
(1.16239 0.0231768 0)
(1.16303 0.0263673 0)
(1.16348 0.0302702 0)
(1.1643 0.034827 0)
(1.16488 0.0403993 0)
(1.16639 0.0467088 0)
(1.16709 0.0545081 0)
(1.17011 0.0628613 0)
(1.17068 0.0736944 0)
(1.17733 0.0841684 0)
(1.17661 0.0995495 0)
(1.19221 0.11126 0)
(1.18585 0.134126 0)
(1.22382 0.142731 0)
(1.19701 0.176736 0)
(1.25243 0.0186137 0)
(1.2527 0.0182248 0)
(1.25314 0.0177272 0)
(1.25415 0.0181998 0)
(1.25556 0.0198761 0)
(1.25672 0.0224808 0)
(1.25781 0.0256327 0)
(1.25858 0.0294259 0)
(1.25992 0.0337932 0)
(1.26079 0.0391508 0)
(1.26301 0.0451123 0)
(1.26382 0.0524796 0)
(1.26791 0.0601652 0)
(1.2682 0.070114 0)
(1.27659 0.0794365 0)
(1.2747 0.0929046 0)
(1.29287 0.102946 0)
(1.28358 0.121201 0)
(1.32348 0.128834 0)
(1.29243 0.153013 0)
(1.35416 0.0195627 0)
(1.35347 0.0183715 0)
(1.35417 0.0168509 0)
(1.35632 0.0169594 0)
(1.35868 0.0187246 0)
(1.36018 0.0214543 0)
(1.36144 0.024584 0)
(1.36225 0.0282699 0)
(1.36391 0.0324661 0)
(1.36481 0.037614 0)
(1.36751 0.0432605 0)
(1.36816 0.0501923 0)
(1.37301 0.0573036 0)
(1.37277 0.0663937 0)
(1.38234 0.0748043 0)
(1.37921 0.0865883 0)
(1.39882 0.0954421 0)
(1.3872 0.110524 0)
(1.42789 0.117516 0)
(1.39393 0.136763 0)
(1.46663 0.0151332 0)
(1.46508 0.0138958 0)
(1.46627 0.0129743 0)
(1.46956 0.0140777 0)
(1.47248 0.0166548 0)
(1.47372 0.0197832 0)
(1.47462 0.0230335 0)
(1.47498 0.0267405 0)
(1.47655 0.0308871 0)
(1.47704 0.0358917 0)
(1.47982 0.0412757 0)
(1.47988 0.0477808 0)
(1.48506 0.0543683 0)
(1.48394 0.0626383 0)
(1.49414 0.0702436 0)
(1.4896 0.0805823 0)
(1.50992 0.0884345 0)
(1.49628 0.101167 0)
(1.53693 0.107418 0)
(1.50099 0.123177 0)
(1.59197 0.00644609 0)
(1.59015 0.00781071 0)
(1.59186 0.0101362 0)
(1.59526 0.0134579 0)
(1.59732 0.0167772 0)
(1.59707 0.0197699 0)
(1.59675 0.0227058 0)
(1.59596 0.0261848 0)
(1.59679 0.0301412 0)
(1.59626 0.0348727 0)
(1.59853 0.0398947 0)
(1.59752 0.0458742 0)
(1.60248 0.0518984 0)
(1.60018 0.0593292 0)
(1.61039 0.0661703 0)
(1.60441 0.0751987 0)
(1.62463 0.0821584 0)
(1.60949 0.0929221 0)
(1.64883 0.0984666 0)
(1.61249 0.111376 0)
(1.73573 -0.0132454 0)
(1.73213 -0.00798788 0)
(1.73036 0.00285634 0)
(1.72936 0.012159 0)
(1.72728 0.0175462 0)
(1.72387 0.0206635 0)
(1.7216 0.0233557 0)
(1.71924 0.0266509 0)
(1.7189 0.0304304 0)
(1.71697 0.0348425 0)
(1.71835 0.0394498 0)
(1.71611 0.0448344 0)
(1.7205 0.0502616 0)
(1.71707 0.0568326 0)
(1.72678 0.0629292 0)
(1.71979 0.0707317 0)
(1.739 0.0768704 0)
(1.72346 0.0859164 0)
(1.75997 0.0908326 0)
(1.72556 0.1014 0)
(1.84505 -0.0155252 0)
(1.85148 -0.00885109 0)
(1.85419 0.00458643 0)
(1.84895 0.0153375 0)
(1.842 0.020741 0)
(1.83626 0.023307 0)
(1.83356 0.025477 0)
(1.83104 0.0283429 0)
(1.83054 0.0317223 0)
(1.82811 0.0356436 0)
(1.82915 0.039736 0)
(1.82644 0.044471 0)
(1.83052 0.0492767 0)
(1.82677 0.0550022 0)
(1.83584 0.0603677 0)
(1.82892 0.067051 0)
(1.84649 0.0724073 0)
(1.83223 0.0799972 0)
(1.86452 0.0842975 0)
(1.83477 0.0930121 0)
(1.95623 0.00891235 0)
(1.96331 0.0131846 0)
(1.96339 0.0199457 0)
(1.95278 0.0248992 0)
(1.9413 0.0270855 0)
(1.93328 0.0281209 0)
(1.9299 0.0293925 0)
(1.92714 0.0314529 0)
(1.92641 0.0340437 0)
(1.92374 0.0371823 0)
(1.92453 0.0405637 0)
(1.92187 0.0445575 0)
(1.92568 0.048662 0)
(1.92239 0.053552 0)
(1.9307 0.0581432 0)
(1.92499 0.063824 0)
(1.94043 0.0683671 0)
(1.92914 0.074771 0)
(1.9563 0.0783729 0)
(1.93351 0.0857022 0)
(2.02433 0.0393074 0)
(2.03214 0.0379622 0)
(2.03211 0.0351467 0)
(2.02064 0.0323292 0)
(2.00883 0.0307848 0)
(2.00133 0.0307617 0)
(1.99878 0.0317568 0)
(1.99691 0.0334209 0)
(1.99685 0.0354132 0)
(1.99502 0.0379061 0)
(1.99637 0.0406614 0)
(1.99479 0.0440439 0)
(1.99888 0.047494 0)
(1.99707 0.0516827 0)
(2.00494 0.0554997 0)
(2.00157 0.0603647 0)
(2.01508 0.0640573 0)
(2.00797 0.069569 0)
(2.03017 0.0723644 0)
(2.01547 0.0787449 0)
(2.04519 0.0833743 0)
(2.05186 0.0763779 0)
(2.05302 0.0597479 0)
(2.04655 0.0450034 0)
(2.04056 0.0371582 0)
(2.03743 0.0347065 0)
(2.03762 0.0346021 0)
(2.03777 0.0353437 0)
(2.03939 0.0363552 0)
(2.0395 0.0379794 0)
(2.0424 0.0399258 0)
(2.04286 0.0426413 0)
(2.04807 0.0453407 0)
(2.04852 0.048877 0)
(2.05678 0.051854 0)
(2.05635 0.0560471 0)
(2.06894 0.0588227 0)
(2.06622 0.0636878 0)
(2.0851 0.0655737 0)
(2.07771 0.0713556 0)
(2.06469 0.0946416 0)
(2.05661 0.0851392 0)
(2.05009 0.0652703 0)
(2.04917 0.0479327 0)
(2.05169 0.0384958 0)
(2.05422 0.0352082 0)
(2.0572 0.0345188 0)
(2.05912 0.0347006 0)
(2.06249 0.0350391 0)
(2.06473 0.0360454 0)
(2.06972 0.0373022 0)
(2.07254 0.0394543 0)
(2.07964 0.0414208 0)
(2.08254 0.0443934 0)
(2.09231 0.0465295 0)
(2.09461 0.0501775 0)
(2.10807 0.0520262 0)
(2.10864 0.0564241 0)
(2.12723 0.0573658 0)
(2.12425 0.0627876 0)
(2.0243 0.0660331 0)
(2.01683 0.0584471 0)
(2.01587 0.0466877 0)
(2.02564 0.036665 0)
(2.03947 0.0310516 0)
(2.05078 0.0292112 0)
(2.06007 0.0289553 0)
(2.06684 0.0292674 0)
(2.07476 0.0295213 0)
(2.08126 0.0303706 0)
(2.09051 0.0312745 0)
(2.097 0.0330955 0)
(2.10782 0.0345273 0)
(2.11366 0.0370899 0)
(2.12682 0.0385645 0)
(2.13135 0.0417968 0)
(2.1481 0.0429049 0)
(2.15002 0.0469387 0)
(2.1722 0.0471228 0)
(2.16922 0.0522551 0)
(2.02949 0.0384418 0)
(2.02376 0.0341989 0)
(2.02802 0.0275288 0)
(2.04543 0.0220764 0)
(2.06741 0.0192594 0)
(2.08548 0.0186911 0)
(2.10019 0.0188821 0)
(2.1112 0.0193617 0)
(2.12333 0.0196908 0)
(2.13334 0.0205555 0)
(2.14644 0.0213658 0)
(2.15556 0.0230246 0)
(2.16977 0.0242158 0)
(2.17715 0.0265104 0)
(2.1936 0.0276896 0)
(2.19843 0.0305909 0)
(2.21894 0.0313991 0)
(2.21938 0.0350319 0)
(2.24671 0.0349751 0)
(2.23937 0.0396034 0)
(2.16398 0.00861779 0)
(2.15758 0.00736763 0)
(2.16234 0.00278882 0)
(2.1813 -0.00041914 0)
(2.20468 -0.000584296 0)
(2.22292 0.00103666 0)
(2.23727 0.00284857 0)
(2.24736 0.00455049 0)
(2.25895 0.00585665 0)
(2.26789 0.00740085 0)
(2.28051 0.0087568 0)
(2.28815 0.0106382 0)
(2.3019 0.0120834 0)
(2.30726 0.0143148 0)
(2.32353 0.0156859 0)
(2.3256 0.0183036 0)
(2.34659 0.0193482 0)
(2.34317 0.0224243 0)
(2.37218 0.0227623 0)
(2.35921 0.0264717 0)
(2.43876 -0.0324187 0)
(2.427 -0.0232848 0)
(2.42457 -0.0152567 0)
(2.43735 -0.0103979 0)
(2.45412 -0.00839276 0)
(2.46457 -0.00757919 0)
(2.47108 -0.00671651 0)
(2.47348 -0.00521714 0)
(2.47802 -0.00344258 0)
(2.48022 -0.00148172 0)
(2.48668 0.000265513 0)
(2.48834 0.00212446 0)
(2.49664 0.00372034 0)
(2.49675 0.00566396 0)
(2.50807 0.00720508 0)
(2.5056 0.00931229 0)
(2.52183 0.0106443 0)
(2.51476 0.0129021 0)
(2.53869 0.0137657 0)
(2.52352 0.0162385 0)
(2.75473 -0.102385 0)
(2.73565 -0.0888441 0)
(2.71554 -0.0541472 0)
(2.70576 -0.0231341 0)
(2.70285 -0.00779397 0)
(2.69995 -0.00407083 0)
(2.69732 -0.00415214 0)
(2.69254 -0.00376076 0)
(2.68999 -0.00227139 0)
(2.68567 -0.000528756 0)
(2.68543 0.000937273 0)
(2.68187 0.00211624 0)
(2.68429 0.00318218 0)
(2.68069 0.00429299 0)
(2.68628 0.00539563 0)
(2.68167 0.00661546 0)
(2.69142 0.00766844 0)
(2.68438 0.00893276 0)
(2.69988 0.00974177 0)
(2.68826 0.0110547 0)
(2.78444 -0.0801712 0)
(2.80356 -0.0757215 0)
(2.81493 -0.0497204 0)
(2.80457 -0.0221895 0)
(2.79052 -0.00638348 0)
(2.78301 -0.000966763 0)
(2.78342 9.54355e-05 0)
(2.78535 0.00044796 0)
(2.7883 0.00119665 0)
(2.78872 0.00202678 0)
(2.79112 0.00278925 0)
(2.79112 0.0033107 0)
(2.7949 0.00383532 0)
(2.79477 0.00429616 0)
(2.80015 0.00486679 0)
(2.79924 0.00542759 0)
(2.80672 0.00601524 0)
(2.80443 0.00664203 0)
(2.81486 0.007088 0)
(2.81035 0.0077803 0)
(2.83476 0.0577763 0)
(2.85826 0.0534065 0)
(2.87677 0.0276265 0)
(2.87193 0.0031625 0)
(2.86077 -0.00712025 0)
(2.85561 -0.0071823 0)
(2.85766 -0.00461762 0)
(2.86162 -0.003144 0)
(2.86615 -0.00271496 0)
(2.86891 -0.00253691 0)
(2.87239 -0.00205268 0)
(2.87437 -0.00144155 0)
(2.87823 -0.000734241 0)
(2.88003 -0.000138719 0)
(2.88453 0.000486381 0)
(2.88591 0.00104209 0)
(2.8913 0.0016106 0)
(2.89209 0.00216464 0)
(2.89878 0.00259468 0)
(2.89879 0.00314137 0)
(3.02752 0.0646234 0)
(3.00657 0.0607302 0)
(2.98642 0.0343871 0)
(2.9822 0.00800924 0)
(2.98421 -0.0043513 0)
(2.98263 -0.00600621 0)
(2.97776 -0.0044226 0)
(2.97204 -0.00336163 0)
(2.96784 -0.00309505 0)
(2.96421 -0.00303832 0)
(2.96184 -0.00278158 0)
(2.95924 -0.00239163 0)
(2.95796 -0.00194181 0)
(2.95626 -0.00155577 0)
(2.95624 -0.00117954 0)
(2.9554 -0.000855822 0)
(2.95654 -0.000531039 0)
(2.95639 -0.000236111 0)
(2.95862 2.00002e-05 0)
(2.95914 0.000278144 0)
(1.19618 0.197003 -1.69189e-21)
(1.28267 0.18668 -1.01539e-19)
(1.36569 0.181698 0)
(1.44647 0.177629 -8.5097e-20)
(1.52328 0.172825 0)
(1.59188 0.167533 -6.63526e-20)
(1.6514 0.161172 3.00126e-20)
(1.70073 0.153523 -8.4546e-22)
(1.73992 0.14458 0)
(1.76834 0.133883 0)
(1.28116 0.169506 1.09581e-19)
(1.37161 0.164426 0)
(1.45651 0.163269 9.15215e-20)
(1.5337 0.162561 0)
(1.60593 0.15952 -2.22301e-21)
(1.66966 0.154898 3.55679e-20)
(1.72463 0.14878 1.9834e-22)
(1.76929 0.141563 -7.47213e-22)
(1.80458 0.132851 7.46106e-22)
(1.82938 0.123172 2.43066e-21)
(1.37366 0.152071 -1.08432e-19)
(1.46121 0.149771 0)
(1.54549 0.14807 -8.84057e-20)
(1.6196 0.147064 -2.69547e-21)
(1.68791 0.144318 7.44582e-20)
(1.74762 0.140034 -3.34105e-20)
(1.79956 0.134386 1.09555e-21)
(1.84042 0.128142 -8.71804e-22)
(1.87319 0.120355 0)
(1.89475 0.1123 -4.98116e-21)
(1.47318 0.137112 0)
(1.5569 0.135797 9.6653e-20)
(1.63888 0.133936 -2.66862e-21)
(1.70952 0.1329 5.09523e-21)
(1.77312 0.130957 -7.90972e-20)
(1.82751 0.127445 2.20577e-21)
(1.87573 0.122376 -2.98632e-20)
(1.9123 0.116782 0)
(1.94295 0.109856 -1.2278e-20)
(1.9611 0.102853 2.89779e-21)
(1.57763 0.123893 -1.01464e-19)
(1.65619 0.123575 1.75097e-21)
(1.73352 0.122213 -5.4884e-21)
(1.79951 0.121106 5.03819e-21)
(1.85783 0.119538 -2.41053e-21)
(1.90635 0.11653 -1.99561e-21)
(1.95042 0.111963 2.89347e-21)
(1.98262 0.106759 1.19607e-20)
(2.01138 0.100611 1.2789e-20)
(2.02627 0.094319 0)
(1.68477 0.112469 1.99406e-19)
(1.75668 0.11291 -1.8728e-19)
(1.82727 0.112067 -2.5953e-21)
(1.88718 0.110843 2.59809e-21)
(1.9395 0.109337 0)
(1.98184 0.106631 3.36516e-20)
(2.02124 0.102562 9.08861e-22)
(2.04924 0.0976432 -1.54445e-20)
(2.07602 0.0922092 8.20165e-22)
(2.08838 0.0864124 -2.81504e-21)
(1.79097 0.10279 -9.79736e-20)
(1.8544 0.103706 9.52151e-20)
(1.91644 0.103231 -5.3403e-21)
(1.96899 0.101863 2.57308e-21)
(2.01478 0.100177 3.64925e-20)
(2.05106 0.0975371 -1.99047e-21)
(2.08568 0.0938415 3.29904e-20)
(2.11 0.0891734 0)
(2.13477 0.0843261 6.40444e-21)
(2.14561 0.0789595 2.82894e-21)
(1.89091 0.0944713 0)
(1.94441 0.0955369 0)
(1.99687 0.0951608 0)
(2.04152 0.0935535 4.14589e-20)
(2.08087 0.0915147 -7.52665e-20)
(2.11177 0.088769 3.61296e-23)
(2.14215 0.0853107 -1.45091e-20)
(2.16359 0.0809338 -1.78354e-21)
(2.18667 0.0765625 -1.21158e-20)
(2.1969 0.0716745 0)
(1.97894 0.0869336 -4.61854e-20)
(2.02214 0.0878062 0)
(2.06521 0.0872542 -2.51142e-21)
(2.10255 0.0853141 -3.41469e-20)
(2.13651 0.0828512 3.40404e-20)
(2.1634 0.0799209 -3.3882e-20)
(2.19076 0.0766087 -1.56681e-20)
(2.21042 0.072574 -8.63539e-22)
(2.23253 0.0686222 1.40828e-20)
(2.24284 0.0642605 0)
(2.05065 0.0794653 9.09495e-20)
(2.08492 0.0798286 0)
(2.12048 0.0788734 -2.48893e-21)
(2.15254 0.076561 -3.38575e-20)
(2.1832 0.0737163 -2.35858e-21)
(2.20817 0.0706286 2.04611e-21)
(2.23429 0.0674483 1.47588e-20)
(2.25354 0.0638076 -1.65196e-20)
(2.27555 0.0602981 -6.20656e-21)
(2.28649 0.0564825 4.02766e-22)
(2.10557 0.07135 -4.34182e-20)
(2.1344 0.0709645 1.22588e-21)
(2.1661 0.0694754 -2.63833e-21)
(2.19621 0.0668499 4.09618e-20)
(2.22647 0.0637876 -2.35558e-21)
(2.252 0.0606835 0)
(2.27878 0.0576916 5.96958e-23)
(2.29893 0.0545239 -9.7894e-23)
(2.32154 0.0514564 -6.85868e-21)
(2.33343 0.0483805 0)
(2.15015 0.0619474 -1.33413e-21)
(2.1788 0.0607368 3.92666e-21)
(2.2114 0.0587523 -5.06163e-21)
(2.24339 0.056005 4.80903e-21)
(2.27609 0.0530115 -2.35338e-21)
(2.30418 0.0501191 -2.06359e-21)
(2.33291 0.047469 -1.29764e-20)
(2.35464 0.0448174 1.30356e-20)
(2.37807 0.0422674 1.47381e-20)
(2.3908 0.0397789 0)
(2.19988 0.0507286 0)
(2.23381 0.0489541 -4.17241e-20)
(2.27136 0.0467992 0)
(2.30775 0.0442957 1.91347e-20)
(2.3441 0.0417434 0)
(2.37507 0.0393536 0)
(2.4055 0.0372271 9.71751e-22)
(2.42827 0.035148 -9.7997e-22)
(2.45166 0.0331694 -6.97793e-21)
(2.46444 0.0311151 0)
(2.27844 0.0379672 4.09496e-20)
(2.31924 0.0363004 4.27701e-20)
(2.36169 0.0345635 0)
(2.40124 0.0327436 2.27005e-21)
(2.43925 0.0309529 -2.04921e-20)
(2.47081 0.0292893 -2.07617e-21)
(2.50075 0.0277792 -6.01122e-21)
(2.52258 0.0263201 -9.14332e-22)
(2.54436 0.0248391 -2.62613e-21)
(2.55584 0.0233516 0)
(2.40233 0.0255268 -6.26489e-20)
(2.44473 0.0246976 -2.04155e-20)
(2.48656 0.0238709 -2.39993e-21)
(2.52401 0.0229493 -1.42708e-20)
(2.55892 0.0219812 3.39222e-20)
(2.58703 0.0210102 0)
(2.61328 0.0200619 9.11993e-21)
(2.6317 0.0191042 -9.92322e-22)
(2.6502 0.0180441 3.56338e-21)
(2.65916 0.0169821 8.30608e-22)
(2.56039 0.0162678 2.06172e-20)
(2.59547 0.0163887 2.27439e-20)
(2.62927 0.016393 1.47142e-20)
(2.65885 0.0161237 2.44065e-21)
(2.68623 0.0156827 -1.81225e-20)
(2.70776 0.0151076 0)
(2.72809 0.0145007 8.17368e-21)
(2.74178 0.0138191 -4.77822e-21)
(2.75619 0.013048 9.34909e-22)
(2.76239 0.0122225 -8.34899e-22)
(2.71263 0.0114098 2.02603e-20)
(2.73602 0.0118025 0)
(2.75901 0.0120178 -2.19108e-20)
(2.77924 0.0118722 1.41248e-20)
(2.79843 0.0115383 -2.33582e-21)
(2.81343 0.0110357 2.08757e-21)
(2.82811 0.0105564 -9.33104e-21)
(2.83777 0.00997552 -1.9403e-21)
(2.84863 0.00940216 9.41356e-22)
(2.853 0.00870104 0)
(2.82548 0.00792294 -8.83608e-21)
(2.84057 0.00810939 1.14481e-21)
(2.85602 0.00819139 -2.48893e-21)
(2.86996 0.00799078 2.25686e-21)
(2.88357 0.00769256 -2.33201e-21)
(2.89437 0.00727231 4.31983e-21)
(2.90516 0.00695444 0)
(2.91243 0.00653492 3.88697e-21)
(2.92073 0.00620882 -1.82692e-21)
(2.92444 0.00569555 4.26323e-22)
(2.90783 0.00331938 -9.90858e-21)
(2.91729 0.00349065 2.39256e-21)
(2.9274 0.00358951 1.28403e-24)
(2.93677 0.00350955 -6.95076e-21)
(2.94612 0.00340796 -2.25445e-21)
(2.95371 0.00324694 -8.58076e-21)
(2.96132 0.00320464 3.12881e-21)
(2.96669 0.00308743 -3.53243e-23)
(2.97271 0.00306981 1.83588e-21)
(2.97592 0.0028835 -4.2856e-22)
(2.96277 0.000426455 0)
(2.96721 0.000495977 0)
(2.97274 0.000490226 -7.15083e-21)
(2.97823 0.000407517 2.41435e-21)
(2.9841 0.000339594 2.26651e-21)
(2.989 0.000287031 2.17731e-21)
(2.99406 0.000322962 1.00408e-21)
(2.99779 0.000366297 -2.95742e-21)
(3.00199 0.000476764 9.61838e-22)
(3.00456 0.000541958 0)
)
;

boundaryField
{
    bottom
    {
        type            symmetryPlane;
    }
    right
    {
        type            zeroGradient;
    }
    top
    {
        type            symmetryPlane;
    }
    left
    {
        type            zeroGradient;
    }
    cylinder
    {
        type            noSlip;
    }
    defaultFaces
    {
        type            empty;
    }
}


// ************************************************************************* //
