/*--------------------------------*- C++ -*----------------------------------*\
| =========                 |                                                 |
| \\      /  F ield         | OpenFOAM: The Open Source CFD Toolbox           |
|  \\    /   O peration     | Version:  4.1                                   |
|   \\  /    A nd           | Web:      www.OpenFOAM.org                      |
|    \\/     M anipulation  |                                                 |
\*---------------------------------------------------------------------------*/
FoamFile
{
    version     2.0;
    format      ascii;
    class       volVectorField;
    location    "12.8";
    object      U;
}
// * * * * * * * * * * * * * * * * * * * * * * * * * * * * * * * * * * * * * //

dimensions      [0 1 -1 0 0 0 0];

internalField   nonuniform List<vector> 
2000
(
(-0.0244897 0.0217786 -1.38239e-22)
(0.00572191 0.0199153 0)
(0.102494 0.00677617 -5.35198e-21)
(0.250845 -0.0080283 -3.65679e-21)
(0.434876 -0.0184493 6.93053e-21)
(0.634987 -0.022505 1.27728e-20)
(0.833579 -0.0199499 -4.04329e-21)
(1.01272 -0.0151128 0)
(1.18449 -0.00308928 4.78075e-21)
(1.29117 0.00449925 0)
(-0.0179814 0.0153748 1.97536e-22)
(0.0470628 0.00230496 -1.22033e-21)
(0.19618 -0.0134909 2.06406e-21)
(0.402231 -0.0244027 6.83342e-21)
(0.634606 -0.0266493 -7.09375e-22)
(0.863265 -0.0212087 -4.52428e-21)
(1.06725 -0.0109493 3.54234e-21)
(1.23639 -0.00046543 4.45546e-21)
(1.37454 0.0124548 -4.7805e-21)
(1.45824 0.0133783 -1.02558e-20)
(-0.00491618 0.00727213 1.12678e-21)
(0.109266 -0.0163572 -1.05542e-21)
(0.32205 -0.0300105 -9.33903e-22)
(0.584937 -0.031523 -1.17128e-21)
(0.849245 -0.0225238 -2.7672e-21)
(1.08051 -0.00805673 -3.45347e-21)
(1.26437 0.00696292 -4.01523e-21)
(1.40136 0.0189277 -4.45534e-21)
(1.50072 0.0281474 -5.02082e-21)
(1.57091 0.0292028 5.40833e-21)
(0.0168459 -0.00198176 -6.04592e-22)
(0.19533 -0.0330019 -2.23259e-21)
(0.476754 -0.0378704 0)
(0.782521 -0.0258089 -2.15946e-21)
(1.05228 -0.00611883 8.18903e-22)
(1.2603 0.0135079 0)
(1.40769 0.0287473 0)
(1.50805 0.0379727 0)
(1.57994 0.0435835 5.02101e-21)
(1.6291 0.0419505 -1.14601e-20)
(0.0492172 -0.0111445 9.11586e-21)
(0.305345 -0.0431999 -9.17661e-23)
(0.649332 -0.032836 2.10466e-21)
(0.97314 -0.00681887 -3.50496e-22)
(1.22223 0.0194034 -2.63858e-22)
(1.39205 0.0391512 -1.21967e-21)
(1.50151 0.0509858 0)
(1.57405 0.0563441 -2.57471e-21)
(1.62769 0.0579239 1.52673e-20)
(1.67355 0.0541854 -2.09457e-20)
(0.0933032 -0.0183263 -1.67091e-20)
(0.434794 -0.0422587 1.465e-21)
(0.823279 -0.0132092 -4.01613e-21)
(1.1384 0.0230892 2.64959e-21)
(1.35059 0.0504138 1.69948e-21)
(1.48036 0.0664362 -1.28088e-22)
(1.5596 0.07343 0)
(1.61416 0.0746616 2.5749e-21)
(1.66025 0.0728354 -3.02841e-21)
(1.70445 0.0683441 -1.59013e-20)
(0.148918 -0.0211528 0)
(0.574356 -0.0267752 0)
(0.982474 0.0199139 -2.48654e-21)
(1.2691 0.0607766 2.3148e-21)
(1.43961 0.0846462 8.47833e-22)
(1.53505 0.0948299 -7.95993e-22)
(1.59319 0.0965263 -5.90242e-21)
(1.63798 0.0938326 5.57913e-21)
(1.68083 0.0891582 8.23525e-21)
(1.72575 0.0836837 -3.9246e-21)
(0.213995 -0.0172119 4.58392e-21)
(0.711932 0.00411789 0)
(1.11613 0.0639176 -8.22303e-22)
(1.36411 0.103683 3.02425e-21)
(1.49554 0.120958 -4.14053e-23)
(1.5646 0.124264 0)
(1.6094 0.120646 0)
(1.64941 0.114188 0)
(1.69181 0.106937 9.90487e-21)
(1.73769 0.100449 -9.41509e-21)
(0.284545 -0.00470157 -2.49941e-21)
(0.836122 0.0487911 -3.04598e-22)
(1.21938 0.115845 -1.88927e-21)
(1.42626 0.1499 1.28596e-22)
(1.52459 0.15861 1.92559e-22)
(1.57489 0.154641 -1.00865e-21)
(1.61196 0.145806 0)
(1.65019 0.135717 1.41404e-21)
(1.69295 0.126102 7.59431e-21)
(1.73964 0.117962 -5.72488e-21)
(0.355234 0.0171161 0)
(0.938775 0.104089 -1.6478e-21)
(1.29129 0.172811 0)
(1.45951 0.197899 -2.87994e-22)
(1.53173 0.196952 -2.52647e-22)
(1.56949 0.185642 8.04947e-22)
(1.60255 0.171698 0)
(1.6405 0.158032 -1.41417e-21)
(1.68398 0.146026 -1.57117e-21)
(1.73143 0.135662 -1.9218e-21)
(-0.00446538 0.0043807 0)
(-0.0185667 0.00848661 9.49869e-22)
(-0.0391238 0.0100353 0)
(-0.0592264 0.0103075 1.18467e-21)
(-0.0772677 0.00993418 3.59237e-22)
(-0.0929723 0.00929131 -6.72978e-22)
(-0.106435 0.00862639 6.33776e-22)
(-0.117982 0.00810693 -5.85602e-22)
(-0.128109 0.00786653 -6.17768e-24)
(-0.137628 0.00803902 -5.14551e-22)
(-0.00544457 0.0127165 3.06813e-21)
(-0.0197186 0.0246734 -1.89907e-21)
(-0.0390789 0.0291953 1.67527e-21)
(-0.0572909 0.0299347 -7.85564e-22)
(-0.0729723 0.0287307 -3.58332e-21)
(-0.0859024 0.0266874 1.34499e-21)
(-0.0961943 0.024541 0)
(-0.10415 0.0228134 5.83642e-22)
(-0.110151 0.0219223 5.46135e-22)
(-0.115253 0.0222943 0)
(-0.00730502 0.0198596 -2.04722e-21)
(-0.0219684 0.0386522 0)
(-0.0391215 0.0457395 -4.96149e-21)
(-0.0537974 0.046706 6.09113e-21)
(-0.0650232 0.0444409 -1.40885e-21)
(-0.0727099 0.0406887 0)
(-0.0770219 0.0366324 0)
(-0.0782814 0.0331737 0)
(-0.0766308 0.0310855 -4.39948e-21)
(-0.0728729 0.0312409 4.18128e-21)
(-0.00985426 0.0253208 0)
(-0.0251606 0.0493897 3.43771e-21)
(-0.0393497 0.0583096 -6.3514e-21)
(-0.0491136 0.0590924 2.94824e-21)
(-0.0540682 0.055445 -2.75146e-21)
(-0.0543534 0.0495961 7.7657e-21)
(-0.050227 0.0430476 2.94563e-23)
(-0.0421671 0.0370036 -4.64316e-21)
(-0.0302731 0.0328328 -4.54634e-21)
(-0.0128186 0.0331707 6.56087e-21)
(-0.0128826 0.0289745 -3.65384e-21)
(-0.0289778 0.0563344 6.41297e-21)
(-0.0394959 0.0660224 -9.79822e-23)
(-0.0429552 0.0660376 5.12044e-23)
(-0.0396919 0.0606693 -2.74521e-21)
(-0.030177 0.0524495 7.56741e-21)
(-0.0148258 0.0430072 0)
(0.00581143 0.0336693 2.36926e-21)
(0.0319565 0.026457 -2.34214e-21)
(0.0654779 0.0258429 8.86168e-21)
(-0.0161993 0.0309746 -1.57973e-22)
(-0.03284 0.0593563 -6.15377e-21)
(-0.0385561 0.0684377 -2.92928e-21)
(-0.0336685 0.0669254 -2.51085e-21)
(-0.0192596 0.0595208 -2.63114e-21)
(0.00383368 0.0489576 -2.51963e-21)
(0.0349598 0.0368661 0)
(0.0731979 0.0244016 -2.36913e-21)
(0.118322 0.0134106 -7.55393e-21)
(0.177692 0.0108818 1.97361e-21)
(-0.0196164 0.0315978 2.40967e-23)
(-0.0357471 0.0585571 -2.72457e-21)
(-0.0344498 0.0654654 0)
(-0.0176667 0.0614979 5.53825e-21)
(0.0128173 0.0517534 -4.91333e-21)
(0.0557483 0.0391897 0)
(0.110039 0.0255214 0)
(0.17399 0.0117493 0)
(0.243832 -0.00211515 4.89294e-21)
(0.34203 -0.00521275 9.39605e-21)
(-0.0228809 0.0310654 2.53782e-21)
(-0.0361119 0.0541377 -2.37726e-21)
(-0.023695 0.0572344 -4.5757e-21)
(0.0108418 0.0498872 3.35919e-22)
(0.0650545 0.0376668 -4.71672e-21)
(0.136758 0.0237837 -4.75822e-21)
(0.223535 0.0101928 -4.81033e-21)
(0.322264 -0.00164538 -4.89047e-21)
(0.421635 -0.0154815 -4.89239e-21)
(0.567868 -0.0148522 5.39307e-21)
(-0.0254585 0.0293748 5.4029e-21)
(-0.0316334 0.0462075 2.43093e-21)
(-0.00140175 0.0441019 9.02881e-21)
(0.0596586 0.0329569 4.65053e-21)
(0.147768 0.0188108 2.82977e-22)
(0.258286 0.00508748 5.05627e-21)
(0.385527 -0.00614961 -4.5089e-21)
(0.522652 -0.013145 4.88988e-21)
(0.653876 -0.0222714 -4.92479e-21)
(0.834903 -0.0134621 1.02628e-20)
(-0.0264173 0.0263722 -3.3164e-21)
(-0.019029 0.0347708 0)
(0.0384911 0.0268174 -3.96428e-21)
(0.137334 0.012595 4.21291e-23)
(0.270024 -0.00151824 4.38361e-22)
(0.42636 -0.0122615 -4.82625e-21)
(0.595216 -0.0178949 1.35834e-20)
(0.762624 -0.0189665 0)
(0.92404 -0.0180277 4.92413e-21)
(1.09518 -0.00227978 0)
(-0.14733 0.00852941 0)
(-0.157796 0.00845584 4.64442e-22)
(-0.168037 0.00818963 -9.16826e-22)
(-0.177958 0.00788006 3.96728e-22)
(-0.187571 0.00754475 0)
(-0.196838 0.00718226 -3.95769e-22)
(-0.205717 0.00679089 3.9773e-22)
(-0.214165 0.00637028 0)
(-0.222138 0.00592269 0)
(-0.229595 0.00545356 -3.93418e-23)
(-0.236503 0.00497181 0)
(-0.242839 0.00448988 0)
(-0.248601 0.00402366 0)
(-0.253809 0.00359206 0)
(-0.258497 0.00321543 3.82011e-23)
(-0.262719 0.00291263 -3.8399e-23)
(-0.266612 0.00270013 0)
(-0.27051 0.00259433 6.81092e-24)
(-0.274616 0.00259485 -6.84674e-24)
(-0.27768 0.00263237 0)
(-0.121859 0.0238631 0)
(-0.130735 0.02369 -1.18757e-22)
(-0.139359 0.0230892 0)
(-0.147776 0.0223587 -1.68606e-21)
(-0.156107 0.0215434 1.64159e-21)
(-0.164319 0.0206427 -1.03132e-22)
(-0.172362 0.0196502 7.51016e-22)
(-0.180189 0.0185625 -1.55049e-21)
(-0.187754 0.0173831 1.27461e-21)
(-0.195005 0.0161245 -6.96848e-22)
(-0.201896 0.014809 -5.44885e-22)
(-0.208386 0.0134696 9.694e-22)
(-0.214446 0.01215 -4.89651e-22)
(-0.220063 0.0109044 -2.3417e-22)
(-0.225239 0.00979373 1.84651e-22)
(-0.229983 0.00887879 -3.47931e-23)
(-0.234379 0.00821386 -2.67858e-23)
(-0.238737 0.00785149 -2.73592e-23)
(-0.243347 0.00781087 2.74917e-23)
(-0.246951 0.00792892 -2.09959e-24)
(-0.0739788 0.0345717 1.21745e-22)
(-0.0800079 0.0340511 1.18964e-22)
(-0.0854536 0.0336633 1.1808e-22)
(-0.0909145 0.032983 0)
(-0.096607 0.0321723 1.91701e-21)
(-0.102531 0.0312239 -1.49649e-21)
(-0.108642 0.0301161 0)
(-0.114898 0.0288377 1.86622e-22)
(-0.121255 0.0273871 8.57604e-23)
(-0.127663 0.0257736 -1.06093e-21)
(-0.134069 0.0240207 1.18651e-22)
(-0.140415 0.0221685 1.24456e-21)
(-0.146642 0.0202749 5.94954e-23)
(-0.152697 0.018417 5.0073e-23)
(-0.158528 0.0166897 4.37098e-23)
(-0.16408 0.0151975 -8.87412e-23)
(-0.169335 0.0140413 8.73014e-23)
(-0.174519 0.0133255 9.08811e-23)
(-0.180028 0.0131543 1.57139e-23)
(-0.184643 0.0133931 -1.88022e-24)
(-0.00688853 0.0367956 3.79464e-21)
(-0.0101351 0.0373602 -4.9788e-23)
(-0.0109255 0.0375548 -2.38401e-22)
(-0.0125494 0.0373223 -3.78312e-21)
(-0.0145092 0.0370678 -3.40356e-22)
(-0.0170141 0.0366681 -1.05643e-22)
(-0.0200409 0.0360562 2.95608e-21)
(-0.0235568 0.0352122 -1.78518e-21)
(-0.0275425 0.0341274 -1.48856e-21)
(-0.0319757 0.0327985 1.35496e-21)
(-0.0368236 0.0312351 -1.21903e-22)
(-0.0420425 0.0294658 -1.3578e-21)
(-0.0475779 0.0275409 -5.90007e-23)
(-0.0533655 0.0255353 -4.93577e-22)
(-0.0593286 0.0235517 3.43116e-22)
(-0.0653657 0.0217177 2.5477e-22)
(-0.0713583 0.02017 -2.24876e-22)
(-0.0773576 0.0190599 0)
(-0.0838098 0.0186118 -3.16155e-23)
(-0.0898923 0.018917 -1.9484e-24)
(0.0798837 0.0306719 -8.63105e-21)
(0.08141 0.0333527 3.76038e-21)
(0.0828328 0.0339179 -4.02335e-21)
(0.0850384 0.0343937 0)
(0.0869408 0.0350123 2.29862e-22)
(0.088109 0.0355426 3.51901e-21)
(0.0885968 0.0358456 1.93451e-23)
(0.0884568 0.0358954 -2.08428e-22)
(0.0876726 0.0356868 -3.13661e-21)
(0.0862139 0.035205 -1.69752e-22)
(0.0840633 0.0344403 0)
(0.0812167 0.0334004 1.39371e-22)
(0.0776826 0.0321134 0)
(0.0734846 0.0306296 1.07025e-22)
(0.0686661 0.0290256 0)
(0.0633003 0.0274102 0)
(0.0575208 0.0259119 -5.68529e-23)
(0.0514407 0.0246639 6.41476e-23)
(0.0447149 0.0238623 -5.63029e-23)
(0.0372589 0.0238732 1.36725e-23)
(0.198007 0.0193372 0)
(0.201847 0.0232263 2.57871e-22)
(0.203758 0.0244976 8.29516e-21)
(0.207606 0.0256029 -8.031e-21)
(0.211829 0.0270546 2.55956e-22)
(0.21542 0.0285007 0)
(0.218403 0.029723 3.55059e-21)
(0.22091 0.0307155 -6.67024e-21)
(0.222906 0.0314969 3.55368e-21)
(0.224301 0.0320493 1.95496e-22)
(0.225019 0.0323481 1.79615e-22)
(0.225001 0.0323846 1.62788e-22)
(0.224197 0.0321673 0)
(0.222564 0.0317208 -7.61059e-22)
(0.220079 0.0310876 1.73752e-21)
(0.216739 0.0303383 -7.41444e-22)
(0.212597 0.0295649 6.94466e-23)
(0.207733 0.0288699 4.95236e-23)
(0.201984 0.0282863 -1.62791e-23)
(0.194418 0.0282704 1.63999e-23)
(0.363618 0.00627387 -9.74136e-21)
(0.366777 0.0115262 0)
(0.366006 0.0129612 2.76501e-22)
(0.368249 0.0143916 -5.41091e-22)
(0.371988 0.0164603 -5.2565e-22)
(0.375522 0.0185008 -2.60176e-22)
(0.378739 0.0202708 -2.49957e-22)
(0.381855 0.0218664 3.35782e-21)
(0.38483 0.0233502 -4.00631e-21)
(0.387512 0.024701 -3.50232e-21)
(0.389781 0.0258862 2.91478e-21)
(0.391545 0.0268919 -3.36766e-22)
(0.392714 0.0277156 1.12739e-21)
(0.3932 0.0283669 -2.74367e-22)
(0.392933 0.0288615 -1.19821e-21)
(0.391836 0.0292453 -9.84443e-23)
(0.389911 0.0295607 1.03408e-22)
(0.387052 0.0299295 -1.30714e-22)
(0.383607 0.0302756 -1.99346e-22)
(0.377217 0.0311116 -1.00141e-23)
(0.584066 -0.00180144 0)
(0.583779 0.00332412 8.92325e-21)
(0.578606 0.0036581 -9.16164e-21)
(0.577228 0.00491858 2.77761e-22)
(0.578195 0.00718013 5.51896e-22)
(0.579412 0.00925286 2.59948e-22)
(0.580708 0.0110267 5.12787e-22)
(0.582301 0.0127587 0)
(0.584101 0.0145259 2.22917e-22)
(0.585911 0.0162819 2.0757e-22)
(0.587604 0.0179832 2.06484e-22)
(0.589089 0.0196128 3.62182e-22)
(0.590289 0.0211574 0)
(0.591097 0.0226188 0)
(0.591464 0.0239889 1.16327e-22)
(0.591246 0.0253123 9.35066e-22)
(0.590558 0.0265737 -6.52796e-22)
(0.588927 0.0279444 6.19669e-23)
(0.587488 0.0292338 1.17879e-22)
(0.582879 0.0312822 -3.65646e-23)
(0.8425 0.000824626 -1.06828e-20)
(0.839162 0.00329691 0)
(0.832382 0.00125356 0)
(0.829171 0.00161031 9.38228e-21)
(0.827782 0.00312584 -4.73767e-22)
(0.826474 0.00442112 -1.78846e-20)
(0.825286 0.00561577 8.50064e-21)
(0.824404 0.00700166 0)
(0.823711 0.0085867 0)
(0.823051 0.0102965 0)
(0.822374 0.0120854 -9.44513e-23)
(0.821646 0.0139324 -2.85692e-22)
(0.82087 0.0158024 -2.62113e-21)
(0.819949 0.017689 2.52334e-21)
(0.818958 0.0195479 -9.71054e-22)
(0.817633 0.0214377 8.59784e-22)
(0.816401 0.0232538 0)
(0.814321 0.0252778 -2.66231e-23)
(0.813272 0.0269688 -3.69462e-23)
(0.80945 0.0299304 0)
(1.10926 0.00411863 1.48133e-22)
(1.1105 -0.000835761 9.43151e-21)
(1.10829 -0.00327737 -9.33347e-21)
(1.10633 -0.00186796 0)
(1.1035 0.000136964 -9.40606e-21)
(1.09955 0.00186958 1.84858e-20)
(1.09518 0.00367133 -9.08286e-21)
(1.09082 0.00566199 0)
(1.08651 0.00773755 -3.9883e-21)
(1.08225 0.00982969 7.66922e-21)
(1.07811 0.0119155 -3.79153e-21)
(1.07409 0.0139949 9.83236e-23)
(1.0703 0.0160371 0)
(1.0666 0.0180645 2.50793e-21)
(1.06326 0.0200095 -3.4395e-21)
(1.0598 0.0219948 1.02286e-21)
(1.05703 0.023792 6.46626e-22)
(1.05357 0.0258942 -4.51983e-22)
(1.05185 0.0273351 -2.18997e-22)
(1.04787 0.030193 0)
(1.39926 0.0115523 0)
(1.38217 0.00794935 0)
(1.36944 0.00659407 0)
(1.35776 0.00662491 0)
(1.34676 0.00705313 0)
(1.33678 0.00776728 0)
(1.32791 0.00880469 0)
(1.32002 0.0100895 0)
(1.31293 0.0115408 0)
(1.30645 0.013119 0)
(1.30053 0.0147862 0)
(1.29503 0.0165288 0)
(1.29004 0.0182942 0)
(1.28527 0.0201177 0)
(1.2811 0.0218878 0)
(1.27686 0.023783 0)
(1.27358 0.0254528 0)
(1.26958 0.0275422 0)
(1.26758 0.0288391 0)
(1.26339 0.0315464 0)
(1.5362 0.0215147 0)
(1.52892 0.0213736 0)
(1.52288 0.0204035 0)
(1.51683 0.0191779 0)
(1.51051 0.0183156 0)
(1.50426 0.0179743 0)
(1.49833 0.0180865 0)
(1.4928 0.0185419 0)
(1.48764 0.0192601 0)
(1.4828 0.0201897 0)
(1.4783 0.021283 0)
(1.47403 0.0225141 0)
(1.47012 0.0238192 0)
(1.46632 0.0252253 0)
(1.46301 0.026604 0)
(1.45954 0.0281328 0)
(1.45692 0.0294454 0)
(1.45357 0.0311445 0)
(1.45199 0.0321306 0)
(1.44832 0.0341835 0)
(1.63767 0.0258867 0)
(1.63403 0.0246046 0)
(1.63082 0.0235945 0)
(1.62798 0.0225404 0)
(1.62527 0.0217715 0)
(1.62265 0.0214568 0)
(1.62014 0.0215575 0)
(1.61781 0.0219669 0)
(1.61565 0.0226094 0)
(1.61366 0.0234337 0)
(1.61182 0.0244043 0)
(1.6101 0.025499 0)
(1.60855 0.0266638 0)
(1.60708 0.0279232 0)
(1.60583 0.0291538 0)
(1.60455 0.0305189 0)
(1.60364 0.0316743 0)
(1.60249 0.0331547 0)
(1.60202 0.0339924 0)
(1.60087 0.0356891 0)
(1.72121 0.029075 0)
(1.72003 0.0267743 0)
(1.71844 0.0252559 0)
(1.71715 0.0240491 0)
(1.71626 0.0231623 0)
(1.71564 0.0226803 0)
(1.71517 0.0226017 0)
(1.71489 0.0228482 0)
(1.71475 0.0233478 0)
(1.71482 0.0240427 0)
(1.71498 0.0248918 0)
(1.71536 0.0258757 0)
(1.71576 0.0269333 0)
(1.71643 0.0281001 0)
(1.71699 0.0292325 0)
(1.71795 0.0305162 0)
(1.71859 0.0315722 0)
(1.71992 0.0329689 0)
(1.72043 0.0337134 0)
(1.72232 0.0353227 0)
(1.79732 0.0307029 0)
(1.79773 0.0277928 0)
(1.79738 0.025784 0)
(1.7971 0.0243366 0)
(1.7972 0.0232878 0)
(1.79766 0.0226163 0)
(1.79827 0.0223213 0)
(1.79911 0.0223568 0)
(1.80003 0.0226607 0)
(1.80125 0.0231815 0)
(1.80249 0.0238636 0)
(1.8041 0.0247023 0)
(1.80559 0.0256129 0)
(1.80761 0.0266646 0)
(1.80921 0.0276659 0)
(1.81171 0.0288641 0)
(1.81323 0.0297993 0)
(1.81639 0.0311377 0)
(1.81746 0.0317862 0)
(1.82167 0.0333646 0)
(1.87343 0.0308945 0)
(1.87468 0.0277218 0)
(1.87515 0.0254144 0)
(1.87551 0.0237657 0)
(1.8761 0.0225739 0)
(1.87706 0.0217517 0)
(1.87817 0.0212757 0)
(1.87952 0.0211207 0)
(1.8809 0.0212319 0)
(1.88263 0.0215751 0)
(1.88431 0.022077 0)
(1.88648 0.0227557 0)
(1.88838 0.0234955 0)
(1.89106 0.0244084 0)
(1.89305 0.0252504 0)
(1.89634 0.0263351 0)
(1.89817 0.0271276 0)
(1.90232 0.0283775 0)
(1.90357 0.0289225 0)
(1.90903 0.030426 0)
(1.95252 0.0302333 0)
(1.95418 0.0270619 0)
(1.9551 0.0246358 0)
(1.95578 0.0228451 0)
(1.95657 0.0215258 0)
(1.95769 0.0205763 0)
(1.95893 0.0199491 0)
(1.96045 0.0196277 0)
(1.96194 0.019559 0)
(1.96382 0.019729 0)
(1.96556 0.0200506 0)
(1.96789 0.0205632 0)
(1.96984 0.0211256 0)
(1.97271 0.021883 0)
(1.97472 0.0225566 0)
(1.97827 0.0235004 0)
(1.9801 0.0241453 0)
(1.98459 0.0252662 0)
(1.98581 0.0257096 0)
(1.99171 0.0270786 0)
(2.03378 0.0292175 0)
(2.03566 0.0261669 0)
(2.03682 0.0237175 0)
(2.03771 0.0218335 0)
(2.0386 0.0204059 0)
(2.03977 0.0193457 0)
(2.04102 0.01859 0)
(2.04256 0.0181234 0)
(2.04403 0.0178916 0)
(2.04592 0.017897 0)
(2.04759 0.0180463 0)
(2.04992 0.0183929 0)
(2.05177 0.0187834 0)
(2.05464 0.0193771 0)
(2.05653 0.0198876 0)
(2.06009 0.0206723 0)
(2.0618 0.0211771 0)
(2.06631 0.0221391 0)
(2.06742 0.0224899 0)
(2.07332 0.0236812 0)
(2.11436 0.027999 0)
(2.11644 0.0250908 0)
(2.11787 0.0226618 0)
(2.11902 0.0207283 0)
(2.12008 0.0192236 0)
(2.12138 0.0180762 0)
(2.1227 0.0172164 0)
(2.12432 0.0166278 0)
(2.12582 0.0162553 0)
(2.12775 0.0161112 0)
(2.12941 0.0161043 0)
(2.13175 0.0162925 0)
(2.13354 0.0165249 0)
(2.13641 0.0169565 0)
(2.13821 0.0173168 0)
(2.14176 0.0179369 0)
(2.14336 0.0183145 0)
(2.14783 0.0191046 0)
(2.14886 0.0193736 0)
(2.15467 0.0203678 0)
(2.19128 0.0264431 0)
(2.19371 0.0236814 0)
(2.19557 0.0213062 0)
(2.19717 0.0193684 0)
(2.1986 0.0178276 0)
(2.20023 0.0166253 0)
(2.20181 0.0156912 0)
(2.20368 0.0150082 0)
(2.20538 0.0145228 0)
(2.20752 0.0142519 0)
(2.20931 0.0141115 0)
(2.21182 0.0141579 0)
(2.21369 0.0142521 0)
(2.21669 0.0145334 0)
(2.21853 0.0147616 0)
(2.22218 0.0152245 0)
(2.22377 0.0154905 0)
(2.22832 0.0161125 0)
(2.22933 0.0163106 0)
(2.23516 0.017111 0)
(2.26316 0.0242746 0)
(2.26619 0.0216826 0)
(2.26872 0.0194014 0)
(2.27101 0.0175081 0)
(2.27307 0.0159777 0)
(2.27527 0.0147612 0)
(2.27734 0.0137895 0)
(2.27969 0.0130472 0)
(2.28179 0.0124832 0)
(2.28434 0.0121175 0)
(2.28646 0.011874 0)
(2.28932 0.0118057 0)
(2.29144 0.011788 0)
(2.29474 0.0119428 0)
(2.29676 0.0120618 0)
(2.30067 0.0123889 0)
(2.30238 0.0125617 0)
(2.30716 0.0130363 0)
(2.30822 0.013175 0)
(2.31425 0.0138049 0)
(2.33184 0.0212048 0)
(2.33563 0.018827 0)
(2.33902 0.0166928 0)
(2.34219 0.0148998 0)
(2.34505 0.0134328 0)
(2.34799 0.0122513 0)
(2.3507 0.0112876 0)
(2.35367 0.0105311 0)
(2.35632 0.00993181 0)
(2.35941 0.00951434 0)
(2.36199 0.00920667 0)
(2.36531 0.00906313 0)
(2.36779 0.00896734 0)
(2.37148 0.00903247 0)
(2.37377 0.00907089 0)
(2.37802 0.00929782 0)
(2.37991 0.00939944 0)
(2.38499 0.0097628 0)
(2.38613 0.00985499 0)
(2.39245 0.0103553 0)
(2.40285 0.017094 0)
(2.40733 0.0149883 0)
(2.41151 0.0130678 0)
(2.41549 0.0114399 0)
(2.4191 0.0100949 0)
(2.42271 0.00900444 0)
(2.42602 0.00810179 0)
(2.42954 0.00738489 0)
(2.43267 0.00680055 0)
(2.43622 0.00638305 0)
(2.43918 0.00605712 0)
(2.44288 0.00588668 0)
(2.44565 0.00575275 0)
(2.44963 0.00577407 0)
(2.45212 0.00576521 0)
(2.4566 0.00593683 0)
(2.45861 0.00599233 0)
(2.46385 0.00629051 0)
(2.46506 0.00635044 0)
(2.47147 0.00677172 0)
(2.48364 0.0121813 0)
(2.48836 0.0104008 0)
(2.49287 0.00875964 0)
(2.49722 0.00735782 0)
(2.50116 0.00618783 0)
(2.50504 0.00523955 0)
(2.50855 0.00444664 0)
(2.51223 0.00382011 0)
(2.51549 0.00329863 0)
(2.51912 0.00293035 0)
(2.52214 0.00262967 0)
(2.52584 0.00247853 0)
(2.52861 0.00234438 0)
(2.53252 0.00236564 0)
(2.53496 0.00234105 0)
(2.53927 0.00249978 0)
(2.54121 0.00253285 0)
(2.54619 0.00280865 0)
(2.54734 0.0028498 0)
(2.55337 0.00323845 0)
(2.57888 0.00718573 0)
(2.58307 0.00575368 0)
(2.58716 0.00442709 0)
(2.59112 0.0032857 0)
(2.59469 0.00231957 0)
(2.59815 0.00154003 0)
(2.60124 0.000884118 0)
(2.60444 0.000376774 0)
(2.60725 -5.29317e-05 0)
(2.61036 -0.000342044 0)
(2.61293 -0.000589887 0)
(2.61605 -0.000693633 0)
(2.61837 -0.00080356 0)
(2.62163 -0.000756406 0)
(2.62364 -0.000776101 0)
(2.62722 -0.000606004 0)
(2.6288 -0.000579556 0)
(2.6329 -0.0003027 0)
(2.63383 -0.000270989 0)
(2.63876 0.000109574 0)
(2.68547 0.00304416 0)
(2.68846 0.00194172 0)
(2.69142 0.00091704 0)
(2.69428 2.8716e-05 0)
(2.69681 -0.000736428 0)
(2.6992 -0.00134992 0)
(2.70128 -0.00187028 0)
(2.7034 -0.00225982 0)
(2.70522 -0.00259635 0)
(2.70725 -0.00280609 0)
(2.70888 -0.00299751 0)
(2.71089 -0.00305329 0)
(2.71232 -0.00313456 0)
(2.71441 -0.00306202 0)
(2.71564 -0.00307211 0)
(2.71794 -0.00289288 0)
(2.7189 -0.00286848 0)
(2.72154 -0.00259486 0)
(2.7221 -0.00256911 0)
(2.72529 -0.00220272 0)
(2.79216 0.000356496 0)
(2.7937 -0.00046137 0)
(2.79526 -0.00122 0)
(2.79674 -0.00188318 0)
(2.79795 -0.00246675 0)
(2.79899 -0.00293259 0)
(2.7998 -0.00333288 0)
(2.80058 -0.00362292 0)
(2.80117 -0.00387963 0)
(2.80184 -0.00402747 0)
(2.80231 -0.00417249 0)
(2.80294 -0.00419741 0)
(2.80331 -0.00425746 0)
(2.80396 -0.00417789 0)
(2.80425 -0.00418338 0)
(2.80499 -0.00401561 0)
(2.80521 -0.00399572 0)
(2.80611 -0.00374907 0)
(2.80623 -0.00372953 0)
(2.80735 -0.00340493 0)
(2.88505 -0.000897686 0)
(2.88536 -0.00147428 0)
(2.8857 -0.00200052 0)
(2.88592 -0.00245998 0)
(2.88595 -0.00287174 0)
(2.88576 -0.00319947 0)
(2.88542 -0.00348443 0)
(2.88495 -0.00368589 0)
(2.88442 -0.00386839 0)
(2.88383 -0.00396666 0)
(2.88323 -0.00406978 0)
(2.88256 -0.00407838 0)
(2.88194 -0.00412101 0)
(2.88123 -0.00405216 0)
(2.88066 -0.00405586 0)
(2.87992 -0.00392094 0)
(2.87946 -0.00390692 0)
(2.87869 -0.00371255 0)
(2.87842 -0.00369913 0)
(2.87757 -0.00344572 0)
(2.95324 -0.000967098 0)
(2.95266 -0.00134669 0)
(2.95213 -0.00167803 0)
(2.95145 -0.00195733 0)
(2.9506 -0.00220538 0)
(2.94951 -0.00240063 0)
(2.94831 -0.00257108 0)
(2.94692 -0.00268916 0)
(2.94557 -0.00279744 0)
(2.94402 -0.00285273 0)
(2.94263 -0.0029135 0)
(2.94098 -0.0029145 0)
(2.93963 -0.00293905 0)
(2.93788 -0.00289269 0)
(2.93666 -0.00289383 0)
(2.9348 -0.0028069 0)
(2.93383 -0.00279756 0)
(2.93179 -0.00267391 0)
(2.93122 -0.0026653 0)
(2.92887 -0.00250457 0)
(2.9894 -0.000232036 0)
(2.98835 -0.000403184 0)
(2.98735 -0.000545132 0)
(2.98618 -0.000659692 0)
(2.98488 -0.000758173 0)
(2.98328 -0.000835275 0)
(2.98163 -0.000901656 0)
(2.97973 -0.000948285 0)
(2.97793 -0.000990235 0)
(2.97587 -0.00101303 0)
(2.97406 -0.00103692 0)
(2.97187 -0.00103984 0)
(2.97014 -0.0010502 0)
(2.96782 -0.00103613 0)
(2.96626 -0.0010377 0)
(2.96379 -0.00100932 0)
(2.96256 -0.00100674 0)
(2.95983 -0.000965604 0)
(2.95911 -0.000962874 0)
(2.95595 -0.00090887 0)
(1.78233 0.123127 1.87775e-21)
(1.78964 0.110906 0)
(1.78691 0.0981097 -3.19404e-22)
(1.77568 0.0851499 -9.6276e-21)
(1.75457 0.0721552 1.51948e-20)
(1.72758 0.0602172 0)
(1.68984 0.0477649 1.20557e-20)
(1.64007 0.0392808 0)
(1.5929 0.0249119 1.07226e-20)
(1.42437 0.0134069 -1.63607e-22)
(1.84053 0.113532 -2.1486e-21)
(1.84603 0.103248 4.14438e-22)
(1.84231 0.0922411 -4.1527e-22)
(1.82979 0.0821599 -1.08501e-21)
(1.81031 0.0708873 -9.1343e-21)
(1.77993 0.0623648 -5.37511e-22)
(1.75512 0.0512417 0)
(1.69269 0.0447222 -1.33375e-20)
(1.6903 0.0368398 0)
(1.54421 0.0222291 -1.06312e-20)
(1.9041 0.103923 4.42898e-21)
(1.90683 0.0952755 0)
(1.90394 0.0853421 -3.90328e-22)
(1.88745 0.0772336 -6.31508e-22)
(1.87312 0.0674347 9.68386e-21)
(1.83406 0.0607023 0)
(1.82279 0.0526196 1.6301e-20)
(1.74867 0.0451955 1.37435e-20)
(1.7585 0.0423055 0)
(1.64121 0.0291535 1.05219e-20)
(1.97 0.0954499 -2.00722e-21)
(1.9696 0.0879784 8.126e-21)
(1.96971 0.0793269 0)
(1.94864 0.0722276 1.21578e-20)
(1.94073 0.0643448 6.54236e-22)
(1.89464 0.057485 -1.23491e-21)
(1.88988 0.0522921 -1.56347e-20)
(1.81428 0.0436566 -5.15111e-22)
(1.81782 0.042203 -1.50111e-20)
(1.72152 0.0329639 0)
(2.0354 0.0879801 0)
(2.03247 0.0812458 -7.92832e-21)
(2.03604 0.0741667 -8.8257e-21)
(2.01248 0.0673929 1.25109e-21)
(2.00909 0.0614965 -8.00003e-22)
(1.96186 0.0541761 -6.31094e-22)
(1.95692 0.0505836 -1.87393e-20)
(1.88702 0.0424366 -1.07116e-21)
(1.88217 0.0404488 -8.32457e-22)
(1.79594 0.0345786 1.42418e-20)
(2.09776 0.0811152 2.57797e-21)
(2.09378 0.074886 5.36024e-22)
(2.09979 0.0692702 -1.38777e-21)
(2.0769 0.0627604 4.77264e-22)
(2.07562 0.0582697 -1.32473e-20)
(2.03212 0.0513129 0)
(2.02555 0.0481604 2.04988e-20)
(1.96265 0.0417161 -6.08203e-22)
(1.95424 0.0388312 3.34939e-20)
(1.87152 0.0347566 -2.94252e-20)
(2.15518 0.0744948 -2.59065e-21)
(2.15166 0.0688102 -4.79464e-21)
(2.15912 0.0642507 8.30175e-21)
(2.13907 0.058353 -1.45891e-20)
(2.13915 0.0545832 -1.60034e-21)
(2.10111 0.0487379 -1.2491e-20)
(2.0951 0.0455189 6.49775e-22)
(2.03793 0.0406985 -1.23294e-21)
(2.03055 0.03728 -1.66609e-20)
(1.95046 0.0339874 1.51741e-20)
(2.20697 0.0678056 0)
(2.20476 0.0628191 1.03593e-20)
(2.21339 0.0589468 -1.10585e-21)
(2.19674 0.0539659 7.97457e-21)
(2.19878 0.0505671 -6.3459e-22)
(2.16585 0.0459725 2.48498e-20)
(2.16278 0.0427315 -1.11496e-20)
(2.11073 0.0389799 0)
(2.10667 0.0355626 0)
(2.03164 0.0327379 0)
(2.254 0.0608382 0)
(2.25326 0.0566254 -9.49172e-21)
(2.26313 0.0532703 -6.00962e-22)
(2.24946 0.0492549 8.10571e-21)
(2.25393 0.0462095 1.46465e-20)
(2.22535 0.0426423 -1.39264e-20)
(2.22599 0.0396594 1.34058e-20)
(2.17959 0.0366437 -7.19036e-22)
(2.17912 0.0336071 0)
(2.11209 0.0312588 9.16731e-21)
(2.29911 0.0534644 3.4113e-22)
(2.29966 0.0499782 5.41513e-21)
(2.31054 0.0471107 8.37966e-21)
(2.29915 0.0439378 -4.61159e-22)
(2.30552 0.0413454 1.01522e-21)
(2.28071 0.0385813 -1.50659e-20)
(2.2841 0.0360811 1.4534e-20)
(2.24395 0.0337459 -7.49879e-22)
(2.24599 0.0312042 0)
(2.1887 0.0294573 -1.86584e-20)
(2.34725 0.0457334 0)
(2.34878 0.0428493 5.3724e-21)
(2.35991 0.0404419 2.12018e-22)
(2.35012 0.0379547 0)
(2.35694 0.0358397 0)
(2.33525 0.0337611 1.3357e-20)
(2.3394 0.0317646 -1.20591e-20)
(2.30513 0.0301476 -7.13313e-22)
(2.30801 0.0280278 3.80627e-22)
(2.26006 0.0270328 9.80632e-21)
(2.40467 0.0375739 0)
(2.4067 0.0352834 -1.02292e-20)
(2.41706 0.0333071 -1.10953e-20)
(2.40815 0.0314143 1.67604e-21)
(2.41384 0.0296882 -1.07459e-21)
(2.39422 0.0282376 -8.95331e-22)
(2.39721 0.0265965 1.69578e-21)
(2.36711 0.0256987 1.09059e-20)
(2.36931 0.0238621 1.05959e-21)
(2.32802 0.0236742 -3.28324e-22)
(2.47689 0.0293698 0)
(2.47871 0.0276655 5.51014e-21)
(2.48747 0.0260372 -6.09132e-22)
(2.47864 0.0246627 6.04102e-22)
(2.48232 0.0231679 0)
(2.46347 0.0222518 0)
(2.46437 0.0207722 0)
(2.436 0.0204675 -1.23862e-20)
(2.43687 0.0187921 1.16155e-20)
(2.39837 0.019244 0)
(2.56514 0.021952 0)
(2.56599 0.0206953 3.51551e-21)
(2.57295 0.0192864 4.53328e-21)
(2.56363 0.0182909 5.89047e-21)
(2.56558 0.0168954 -1.12116e-21)
(2.54659 0.0163193 6.9494e-21)
(2.54593 0.0148843 -6.25993e-21)
(2.51753 0.0148807 0)
(2.51743 0.0133138 6.58033e-22)
(2.47895 0.0139985 -1.10363e-20)
(2.66403 0.0158596 -7.80957e-22)
(2.66355 0.0148961 -2.85055e-21)
(2.66913 0.013662 -5.86006e-21)
(2.65943 0.0128689 -4.14351e-21)
(2.66072 0.0115666 0)
(2.6419 0.0110775 -8.8465e-21)
(2.64102 0.00971477 8.97923e-21)
(2.61295 0.0096502 -8.522e-22)
(2.61274 0.00822847 -5.74526e-21)
(2.57474 0.00867775 1.60242e-20)
(2.76248 0.011328 7.84965e-22)
(2.76112 0.0105085 -2.21471e-21)
(2.76594 0.00948069 1.98543e-21)
(2.75688 0.00873176 -4.90185e-21)
(2.75851 0.00761468 0)
(2.74153 0.00701921 0)
(2.74148 0.00584424 8.84866e-22)
(2.71626 0.00548356 -8.36675e-21)
(2.71648 0.00428347 -5.18693e-21)
(2.68258 0.00423936 -5.37992e-21)
(2.84887 0.00802907 0)
(2.84774 0.00729169 3.63538e-21)
(2.85218 0.00652904 -1.33204e-21)
(2.8452 0.0057799 4.36722e-21)
(2.84742 0.00494324 1.1712e-21)
(2.83436 0.00422077 -9.88035e-22)
(2.83523 0.00332636 1.86175e-21)
(2.8159 0.00268742 5.79642e-21)
(2.81644 0.00175451 0)
(2.79073 0.00128688 0)
(2.91688 0.00530502 0)
(2.91685 0.00472594 1.48641e-21)
(2.9208 0.00427541 -2.72046e-21)
(2.91681 0.00362655 0)
(2.91913 0.00310699 -2.28566e-21)
(2.91113 0.00240197 -9.98623e-22)
(2.91226 0.00180656 -2.79587e-21)
(2.90027 0.0010916 -8.18905e-22)
(2.90067 0.00042366 4.24514e-22)
(2.88484 -0.000213482 3.58685e-22)
(2.96537 0.00280859 0)
(2.96633 0.00252178 -1.49352e-21)
(2.9694 0.0023904 -1.35228e-21)
(2.96804 0.00201072 1.8688e-21)
(2.96986 0.00179688 1.09718e-21)
(2.96628 0.00131781 1.04455e-21)
(2.96703 0.00100225 4.67214e-21)
(2.9614 0.000456897 -3.41662e-21)
(2.96129 3.83659e-05 7.96407e-22)
(2.95389 -0.000505499 0)
(2.9919 0.000655022 0)
(2.99323 0.000676027 7.30719e-22)
(2.99549 0.00076022 -6.98822e-22)
(2.99552 0.000723607 6.60935e-22)
(2.99675 0.000742779 0)
(2.99562 0.000625525 -1.04971e-21)
(2.9959 0.000560111 9.1858e-22)
(2.99383 0.000369331 8.20582e-22)
(2.99325 0.000216948 0)
(2.99055 -2.16034e-05 0)
(1.12237 0.226907 0)
(1.06119 0.247425 -5.53638e-20)
(1.01261 0.275446 0)
(0.973221 0.311902 -1.83437e-19)
(0.938823 0.35638 6.93227e-20)
(0.906974 0.410501 2.15797e-21)
(0.874289 0.474374 6.17099e-20)
(0.82289 0.536257 -6.77871e-21)
(0.696164 0.542828 0)
(0.384923 0.331566 6.54023e-20)
(1.21297 0.229633 1.01345e-19)
(1.15309 0.256121 5.53627e-20)
(1.10421 0.282821 -5.29094e-20)
(1.06331 0.318091 6.17667e-20)
(1.0286 0.362521 -5.35201e-20)
(0.998863 0.416661 7.1203e-21)
(0.969971 0.480065 -6.31254e-20)
(0.921049 0.54023 -1.26413e-19)
(0.786397 0.543272 -3.35761e-20)
(0.435359 0.326682 -9.58475e-20)
(1.29842 0.22846 -4.51263e-20)
(1.24271 0.257142 4.67832e-20)
(1.19478 0.283202 5.29078e-20)
(1.15257 0.317611 5.43384e-20)
(1.11729 0.361516 5.56515e-20)
(1.0893 0.414795 5.65929e-20)
(1.06364 0.476379 8.49041e-21)
(1.016 0.532759 5.56357e-20)
(0.871561 0.530399 2.25362e-20)
(0.479898 0.311841 -2.40569e-20)
(1.38119 0.224751 9.01203e-20)
(1.32824 0.253885 -4.67813e-20)
(1.28115 0.279092 0)
(1.23835 0.312105 0)
(1.20295 0.354406 0)
(1.17646 0.40555 4.32821e-20)
(1.1531 0.463748 -3.77668e-20)
(1.10482 0.514048 0)
(0.94793 0.504399 1.66184e-20)
(0.515343 0.287439 -3.4165e-20)
(1.45888 0.218265 -1.70308e-20)
(1.40736 0.246554 6.1324e-20)
(1.36093 0.270707 0)
(1.3183 0.301958 0)
(1.28339 0.341766 1.7975e-20)
(1.25829 0.38958 1.71915e-20)
(1.23606 0.442855 2.40268e-20)
(1.18448 0.484873 1.33173e-20)
(1.01175 0.466169 2.07526e-20)
(0.538311 0.254582 -4.17216e-21)
(1.52868 0.209369 4.99238e-20)
(1.47826 0.235552 1.8412e-20)
(1.43248 0.258257 0)
(1.39054 0.287391 0)
(1.3566 0.324024 -4.87393e-20)
(1.33269 0.367527 1.55769e-20)
(1.31012 0.41467 3.76165e-21)
(1.25215 0.446189 -4.70523e-22)
(1.05813 0.417056 -1.56053e-20)
(0.546535 0.215715 -6.10807e-21)
(1.58973 0.198042 -2.87018e-20)
(1.54014 0.221227 3.01991e-20)
(1.49485 0.24219 2.77161e-20)
(1.4538 0.268887 -2.93219e-20)
(1.42104 0.301754 -1.22489e-20)
(1.39778 0.339947 1.30459e-20)
(1.3731 0.379319 -8.1155e-21)
(1.30441 0.400204 8.71633e-21)
(1.08376 0.36011 0)
(0.539056 0.172553 0)
(1.64091 0.184671 -2.44275e-20)
(1.59217 0.20444 2.57023e-20)
(1.54728 0.223312 0)
(1.50713 0.247156 0)
(1.47541 0.275823 0)
(1.45187 0.307895 3.72407e-21)
(1.42203 0.338368 -1.28306e-20)
(1.33702 0.34801 6.04573e-21)
(1.08679 0.297658 0)
(0.515093 0.128116 -2.63336e-21)
(1.68206 0.169415 -1.02467e-20)
(1.63375 0.185527 8.42402e-21)
(1.58915 0.202474 -2.22099e-21)
(1.54988 0.223186 0)
(1.51876 0.247094 -3.4616e-21)
(1.49331 0.272569 8.78675e-21)
(1.45435 0.293545 0)
(1.34751 0.291315 -1.0784e-21)
(1.06468 0.232071 -2.38371e-21)
(0.474889 0.0855425 3.95991e-21)
(1.71242 0.153006 0)
(1.66435 0.166031 2.35734e-21)
(1.62021 0.180506 2.22078e-21)
(1.58177 0.197741 0)
(1.5504 0.216713 1.21362e-21)
(1.52049 0.235233 -2.24303e-21)
(1.46776 0.246255 -3.71741e-22)
(1.3332 0.232142 1.69902e-22)
(1.01549 0.166393 1.14112e-21)
(0.420371 0.0477352 0)
(0.441328 0.0129365 -1.81042e-20)
(0.422693 0.014915 1.9154e-20)
(0.399934 0.017241 1.02111e-20)
(0.372145 0.0199676 1.10017e-20)
(0.338016 0.0232226 -1.16822e-20)
(0.295728 0.0271297 -1.90219e-20)
(0.242894 0.0316267 6.82557e-21)
(0.175492 0.0358066 -1.48967e-20)
(0.0924665 0.0360275 -1.62625e-20)
(0.0252234 0.0221455 0)
(0.456591 0.0386973 0)
(0.437416 0.0445703 -9.56033e-21)
(0.414009 0.051509 -1.01771e-20)
(0.385761 0.0596365 0)
(0.351446 0.0693321 2.34328e-20)
(0.309233 0.0809764 1.25972e-20)
(0.256684 0.0944075 0)
(0.18945 0.106927 -1.45e-20)
(0.105166 0.10763 -5.37788e-23)
(0.0326361 0.0662923 -1.72337e-20)
(0.486646 0.0641137 7.18716e-20)
(0.466458 0.0736898 -7.56304e-20)
(0.441805 0.0851216 0)
(0.412676 0.0984948 0)
(0.378013 0.114423 0)
(0.335983 0.133566 -7.4924e-20)
(0.284035 0.155713 1.07353e-19)
(0.21712 0.176477 -2.86319e-20)
(0.130462 0.177852 0)
(0.0475224 0.109839 3.452e-20)
(0.530557 0.0888992 7.11861e-20)
(0.509002 0.101869 -7.49076e-20)
(0.482613 0.117602 -8.0088e-20)
(0.452252 0.135971 -6.87392e-22)
(0.417127 0.157795 1.36364e-19)
(0.375414 0.184041 -4.86835e-20)
(0.324414 0.21451 5.28697e-20)
(0.258055 0.243311 -1.13876e-19)
(0.168081 0.245694 6.16231e-20)
(0.0698184 0.152167 0)
(0.58699 0.112678 -1.74926e-19)
(0.563872 0.128662 3.65916e-20)
(0.535401 0.148476 0)
(0.503563 0.171529 0)
(0.467931 0.198796 4.5466e-20)
(0.426715 0.231594 -1.42328e-19)
(0.377049 0.269817 1.01858e-19)
(0.311586 0.306293 -1.09394e-19)
(0.217558 0.310009 1.58933e-21)
(0.0993501 0.192546 -6.24098e-20)
(0.654335 0.134916 2.40369e-19)
(0.629612 0.153428 -1.81429e-19)
(0.598826 0.177004 0)
(0.565329 0.204342 0)
(0.529202 0.236534 4.39891e-20)
(0.488723 0.275267 4.7052e-20)
(0.440843 0.320571 4.65147e-20)
(0.376733 0.364206 5.41887e-20)
(0.278146 0.369484 1.2027e-21)
(0.135755 0.230032 1.23654e-19)
(0.730865 0.155364 -1.36857e-19)
(0.704651 0.176281 -6.91193e-20)
(0.671493 0.20345 0)
(0.636345 0.234543 0)
(0.59985 0.270833 0)
(0.560344 0.314529 -8.88388e-20)
(0.514634 0.365903 9.01994e-20)
(0.452312 0.415857 0)
(0.348798 0.422685 -5.37198e-20)
(0.178395 0.263484 1.14674e-19)
(0.815312 0.1721 -6.60709e-20)
(0.787058 0.194684 6.91203e-20)
(0.750882 0.225105 6.98227e-20)
(0.714012 0.259768 7.37144e-20)
(0.677562 0.299911 7.77952e-20)
(0.639618 0.348058 8.20873e-20)
(0.596704 0.404662 -5.65207e-21)
(0.536729 0.459968 9.08978e-20)
(0.428049 0.468082 -4.96955e-20)
(0.22627 0.291628 5.30469e-20)
(0.907257 0.19032 -1.26135e-19)
(0.876494 0.214556 6.2875e-20)
(0.836917 0.246947 -6.9823e-20)
(0.798257 0.283076 -7.56143e-20)
(0.761701 0.325043 7.11895e-20)
(0.725243 0.37595 -5.48704e-21)
(0.68535 0.436256 -2.48924e-19)
(0.628096 0.495449 -1.71305e-19)
(0.513986 0.50417 4.74161e-20)
(0.277946 0.313144 -4.1704e-20)
(1.00586 0.198836 0)
(0.965519 0.223449 -6.2875e-20)
(0.922426 0.259343 0)
(0.884348 0.298685 6.4285e-20)
(0.849374 0.34323 -2.15194e-19)
(0.815162 0.396612 -1.49255e-19)
(0.77867 0.459577 1.57741e-19)
(0.724324 0.521128 8.31433e-20)
(0.604292 0.529483 0)
(0.331575 0.326792 8.98284e-20)
(0.545578 0.00114707 0)
(0.54476 0.00114853 -1.12693e-21)
(0.543191 0.00117713 1.12103e-21)
(0.541449 0.00124367 0)
(0.5397 0.0013457 -2.23447e-21)
(0.537856 0.00148149 2.22295e-21)
(0.535812 0.00165301 0)
(0.533505 0.00186442 0)
(0.530877 0.0021203 0)
(0.527885 0.00243027 0)
(0.524485 0.00280123 1.0995e-21)
(0.520596 0.00324151 0)
(0.516122 0.00376228 0)
(0.510953 0.00437764 8.77621e-21)
(0.504967 0.00510499 -8.73293e-21)
(0.498019 0.00596552 0)
(0.489935 0.00698602 9.86294e-21)
(0.480515 0.00819788 -1.75043e-20)
(0.469491 0.00964486 8.7343e-21)
(0.456596 0.0114067 8.80605e-21)
(0.557845 0.00339501 2.34498e-21)
(0.557071 0.00341223 4.47099e-21)
(0.55561 0.00352035 -4.44944e-21)
(0.553989 0.00373406 2.2215e-21)
(0.552354 0.00404573 2.21595e-21)
(0.550615 0.00445596 8.85381e-21)
(0.548676 0.0049736 -6.60665e-21)
(0.546476 0.00561165 -1.76296e-20)
(0.543961 0.00638237 3.73374e-20)
(0.54109 0.00731424 -1.75127e-20)
(0.537814 0.00842872 -1.64423e-20)
(0.534053 0.00975118 3.71501e-20)
(0.529713 0.0113152 -3.27422e-20)
(0.524689 0.0131627 1.74123e-20)
(0.518863 0.0153458 2.17746e-21)
(0.512096 0.0179274 3.71175e-20)
(0.504218 0.0209877 -3.58726e-20)
(0.495051 0.0246184 0)
(0.484293 0.0289519 2.17921e-21)
(0.472098 0.0342257 0)
(0.581881 0.00561788 -6.96412e-21)
(0.581248 0.00566251 -1.82911e-24)
(0.580009 0.00586574 8.83554e-21)
(0.578608 0.00623724 -4.38487e-21)
(0.577177 0.00676458 -1.09826e-20)
(0.57564 0.00745366 -2.19403e-21)
(0.573906 0.00832158 -2.19123e-21)
(0.571911 0.00939068 -2.18659e-21)
(0.569611 0.0106808 3.06269e-20)
(0.566973 0.0122402 9.65162e-23)
(0.563937 0.0141058 -3.91713e-20)
(0.560425 0.0163185 -2.17794e-21)
(0.55635 0.0189332 -4.34986e-21)
(0.551616 0.0220194 0)
(0.54611 0.0256628 -3.91986e-20)
(0.539708 0.0299663 3.03693e-20)
(0.532246 0.0350637 0)
(0.523601 0.0410997 -2.1719e-21)
(0.513372 0.048293 -2.18303e-21)
(0.502569 0.0570521 -2.17504e-21)
(0.616963 0.00785867 2.28535e-21)
(0.616511 0.00792871 6.53436e-21)
(0.615563 0.00821603 0)
(0.614453 0.00873976 -1.95855e-20)
(0.613295 0.00948483 1.73608e-20)
(0.612028 0.0104589 1.95556e-20)
(0.610571 0.0116867 -1.29971e-20)
(0.608856 0.0131989 2.16841e-21)
(0.60686 0.0150167 -2.82088e-20)
(0.604555 0.017207 -8.84044e-23)
(0.601862 0.0198267 3.24318e-20)
(0.598709 0.0229342 -3.46807e-20)
(0.59502 0.0266039 -3.26215e-20)
(0.590712 0.0309309 7.3487e-20)
(0.585684 0.0360337 2.16844e-21)
(0.579835 0.0420526 6.49358e-21)
(0.573002 0.0491738 -6.95322e-20)
(0.565168 0.0575876 1.89658e-21)
(0.555724 0.0675794 -2.93455e-22)
(0.546971 0.0798091 7.16398e-20)
(0.662032 0.0100525 4.48353e-21)
(0.661766 0.0101501 -1.70956e-20)
(0.661144 0.0105158 8.54015e-21)
(0.660366 0.0111874 4.27657e-21)
(0.659522 0.0121485 0)
(0.658569 0.0134035 0)
(0.657438 0.0149819 -4.28321e-21)
(0.656046 0.0169074 0)
(0.6544 0.0192749 -4.28895e-21)
(0.652488 0.0221214 0)
(0.650216 0.0255056 4.29605e-21)
(0.647513 0.0295087 -6.88086e-20)
(0.644316 0.0342289 -1.73318e-22)
(0.640562 0.0397884 -4.49029e-21)
(0.636164 0.0463349 6.88355e-20)
(0.631058 0.0540448 -4.32311e-21)
(0.625071 0.0631507 4.30041e-21)
(0.618358 0.0738927 -6.92639e-20)
(0.609965 0.0865524 7.3456e-20)
(0.603844 0.102273 1.38481e-19)
(0.715854 0.0120983 4.37515e-21)
(0.715747 0.0122362 -4.17022e-21)
(0.715438 0.0126828 -4.17989e-21)
(0.714991 0.0134987 -4.18709e-21)
(0.714455 0.0146745 -3.36023e-20)
(0.713804 0.0162128 6.30719e-20)
(0.712965 0.0181303 -3.78798e-20)
(0.711948 0.0204999 0)
(0.710754 0.0234043 -4.22308e-21)
(0.709269 0.0268903 -4.23004e-21)
(0.707443 0.0310224 -4.23695e-21)
(0.705239 0.0359012 6.38724e-20)
(0.702616 0.0416433 -1.4062e-19)
(0.699522 0.0484026 6.82539e-20)
(0.695893 0.0563473 0)
(0.69171 0.0657017 -4.26511e-21)
(0.686783 0.0767162 -1.45983e-19)
(0.6815 0.0897302 1.37416e-19)
(0.674451 0.104832 -4.32481e-21)
(0.671441 0.124039 0)
(0.777156 0.0138621 4.24925e-21)
(0.77715 0.014069 -1.21943e-20)
(0.77709 0.0146131 4.05356e-21)
(0.776932 0.0155621 2.45253e-20)
(0.776672 0.0169251 4.10123e-21)
(0.77627 0.0187248 -2.47362e-20)
(0.775746 0.021016 4.09111e-21)
(0.775113 0.0238633 3.31593e-20)
(0.774289 0.027286 8.32218e-21)
(0.77321 0.0313683 7.10395e-20)
(0.771852 0.0362002 -5.86209e-20)
(0.770189 0.0419096 -5.88848e-20)
(0.768205 0.048611 7.16588e-20)
(0.765865 0.0565028 4.21102e-21)
(0.76314 0.0657335 4.21856e-21)
(0.760059 0.0766215 8.4921e-21)
(0.756423 0.0893331 8.50518e-21)
(0.752865 0.104494 -4.22327e-21)
(0.747392 0.121677 0)
(0.747824 0.144574 1.35254e-19)
(0.844749 0.0152078 -1.23531e-20)
(0.844773 0.015518 -4.0608e-24)
(0.844835 0.016189 -3.95753e-21)
(0.844844 0.0172887 -3.58448e-20)
(0.84477 0.0188578 2.39976e-20)
(0.844633 0.0209272 -4.02733e-21)
(0.844423 0.0235632 0)
(0.844071 0.0268018 0)
(0.843559 0.0306858 -8.17204e-21)
(0.842855 0.035324 -4.09683e-21)
(0.841966 0.0408009 -4.1374e-21)
(0.840852 0.0472886 -4.15844e-21)
(0.839553 0.0548625 0)
(0.83801 0.0638207 -8.35624e-21)
(0.836304 0.0741798 -4.21517e-21)
(0.83443 0.0865191 -8.40398e-21)
(0.832319 0.100581 -4.2424e-21)
(0.830743 0.11779 -1.30197e-19)
(0.827399 0.136205 1.35055e-19)
(0.831922 0.162922 0)
(0.917646 0.0160608 0)
(0.917641 0.0165043 3.80891e-21)
(0.917715 0.0173296 1.92089e-21)
(0.917805 0.0185716 0)
(0.917865 0.0203135 3.50451e-20)
(0.917876 0.0226295 -3.13617e-20)
(0.917835 0.0255332 6.51676e-20)
(0.917693 0.0290941 -6.36334e-20)
(0.917473 0.0333589 6.01114e-21)
(0.917126 0.0384675 2.03253e-21)
(0.916729 0.0444627 0)
(0.916178 0.0516065 0)
(0.915667 0.0598616 0)
(0.914969 0.06978 1.35957e-19)
(0.914507 0.0810384 -2.65021e-19)
(0.91388 0.0949623 4.85969e-21)
(0.913693 0.110248 1.33512e-19)
(0.914137 0.130473 0)
(0.913608 0.15022 0)
(0.922937 0.182291 1.31487e-19)
(0.995414 0.0166807 0)
(0.995401 0.0171681 -1.46887e-20)
(0.995365 0.0180068 -1.29764e-20)
(0.995377 0.0192465 2.99332e-20)
(0.995463 0.0210186 3.02143e-20)
(0.995555 0.0234392 -9.14873e-20)
(0.995647 0.0265175 5.96421e-20)
(0.995683 0.0303157 0)
(0.995774 0.0348375 -1.96326e-21)
(0.995811 0.0402737 -6.11608e-20)
(0.996053 0.0465861 1.27392e-19)
(0.996188 0.054169 -6.42596e-20)
(0.996864 0.0627441 0)
(0.997276 0.073234 -1.29554e-19)
(0.99902 0.0846059 2.60827e-19)
(1.00011 0.0993051 -1.31287e-19)
(1.00409 0.113892 0)
(1.00713 0.135735 -1.29049e-19)
(1.01319 0.153397 1.30399e-19)
(1.02881 0.193501 -2.02547e-21)
(1.07572 0.0170036 0)
(1.07555 0.0174255 0)
(1.07534 0.0181451 0)
(1.07528 0.0192985 0)
(1.07543 0.021071 0)
(1.0756 0.0235803 0)
(1.07579 0.0267844 0)
(1.07587 0.0307572 0)
(1.07616 0.0354758 0)
(1.07634 0.041227 0)
(1.07707 0.0478759 0)
(1.07744 0.056033 0)
(1.07919 0.0650945 0)
(1.07978 0.0766225 0)
(1.08401 0.0884947 0)
(1.08442 0.105289 0)
(1.09505 0.119506 0)
(1.09307 0.146478 0)
(1.12312 0.158138 0)
(1.10844 0.211413 0)
(1.16094 0.0168488 0)
(1.1607 0.0171583 0)
(1.16054 0.0177191 0)
(1.16075 0.0187904 0)
(1.16134 0.0206029 0)
(1.16191 0.0231941 0)
(1.1625 0.0264104 0)
(1.16291 0.0303383 0)
(1.16369 0.0349224 0)
(1.16422 0.0405221 0)
(1.16567 0.0468616 0)
(1.16632 0.0546891 0)
(1.16927 0.0630754 0)
(1.1698 0.0739355 0)
(1.17636 0.0844472 0)
(1.17563 0.099849 0)
(1.1911 0.111607 0)
(1.18479 0.134478 0)
(1.22254 0.143155 0)
(1.19588 0.177137 0)
(1.25186 0.0183959 0)
(1.25212 0.0180626 0)
(1.25255 0.0176459 0)
(1.25352 0.0181883 0)
(1.25486 0.0199136 0)
(1.25594 0.0225504 0)
(1.25695 0.0257298 0)
(1.25765 0.0295517 0)
(1.25892 0.0339508 0)
(1.25973 0.0393393 0)
(1.26187 0.0453338 0)
(1.26263 0.0527309 0)
(1.26663 0.0604516 0)
(1.26688 0.0704283 0)
(1.27517 0.0797894 0)
(1.27328 0.0932791 0)
(1.29129 0.103365 0)
(1.28208 0.121631 0)
(1.3217 0.129322 0)
(1.29091 0.153495 0)
(1.35321 0.0193063 0)
(1.35251 0.0182193 0)
(1.35314 0.0168409 0)
(1.35517 0.0170559 0)
(1.35739 0.018876 0)
(1.35876 0.0216293 0)
(1.35991 0.0247786 0)
(1.36062 0.0284884 0)
(1.36219 0.0327129 0)
(1.36301 0.0378873 0)
(1.36562 0.0435623 0)
(1.36621 0.0505191 0)
(1.37096 0.0576612 0)
(1.37071 0.0667751 0)
(1.38015 0.07522 0)
(1.37706 0.0870233 0)
(1.39648 0.095916 0)
(1.38502 0.111009 0)
(1.42537 0.118048 0)
(1.39181 0.1373 0)
(1.46468 0.0149084 0)
(1.4631 0.0137897 0)
(1.46415 0.0130478 0)
(1.46721 0.0142852 0)
(1.46991 0.0169182 0)
(1.47098 0.0200641 0)
(1.47177 0.0233297 0)
(1.47204 0.0270558 0)
(1.47353 0.0312239 0)
(1.47397 0.0362474 0)
(1.47666 0.0416517 0)
(1.4767 0.0481745 0)
(1.48179 0.0547847 0)
(1.4807 0.0630728 0)
(1.49079 0.0707039 0)
(1.48635 0.0810595 0)
(1.50647 0.0889398 0)
(1.49309 0.101689 0)
(1.53335 0.107969 0)
(1.49796 0.123751 0)
(1.58757 0.00696019 0)
(1.58583 0.0082679 0)
(1.58748 0.0105922 0)
(1.59069 0.0138947 0)
(1.59256 0.0171835 0)
(1.59221 0.0201584 0)
(1.59186 0.0230909 0)
(1.59107 0.0265722 0)
(1.59189 0.0305335 0)
(1.59136 0.0352708 0)
(1.59361 0.0403017 0)
(1.59264 0.0462915 0)
(1.59757 0.0523286 0)
(1.59536 0.0597733 0)
(1.60549 0.0666291 0)
(1.59971 0.0756749 0)
(1.61973 0.0826481 0)
(1.60495 0.093437 0)
(1.64389 0.0989892 0)
(1.60821 0.111944 0)
(1.72886 -0.0118394 0)
(1.72533 -0.00676517 0)
(1.72359 0.00372783 0)
(1.72251 0.0127515 0)
(1.72036 0.0180071 0)
(1.71695 0.0210843 0)
(1.71471 0.0237633 0)
(1.71239 0.0270474 0)
(1.71208 0.0308152 0)
(1.71023 0.0352211 0)
(1.71162 0.0398259 0)
(1.70948 0.0452159 0)
(1.71388 0.0506467 0)
(1.7106 0.0572303 0)
(1.72027 0.0633302 0)
(1.71352 0.0711529 0)
(1.73259 0.0772898 0)
(1.71744 0.0863709 0)
(1.75363 0.0912736 0)
(1.71986 0.101906 0)
(1.83635 -0.0142893 0)
(1.84263 -0.00775941 0)
(1.84528 0.00534114 0)
(1.84018 0.0158248 0)
(1.83338 0.0211056 0)
(1.82776 0.02364 0)
(1.82512 0.0258029 0)
(1.82268 0.0286616 0)
(1.82224 0.0320282 0)
(1.81992 0.0359436 0)
(1.82101 0.0400299 0)
(1.81843 0.0447706 0)
(1.82255 0.0495736 0)
(1.81897 0.0553122 0)
(1.82805 0.0606714 0)
(1.82136 0.0673774 0)
(1.83887 0.0727196 0)
(1.82495 0.0803499 0)
(1.85707 0.0846223 0)
(1.8278 0.0934095 0)
(1.94624 0.00949896 0)
(1.95319 0.0137102 0)
(1.9533 0.0203821 0)
(1.94293 0.0252398 0)
(1.9317 0.0273593 0)
(1.92387 0.0283655 0)
(1.9206 0.0296228 0)
(1.91795 0.031674 0)
(1.9173 0.0342509 0)
(1.91475 0.0373836 0)
(1.91563 0.0407553 0)
(1.91311 0.0447532 0)
(1.91701 0.0488493 0)
(1.91387 0.053751 0)
(1.92224 0.0583295 0)
(1.91672 0.0640323 0)
(1.93221 0.0685549 0)
(1.92113 0.0749986 0)
(1.94833 0.0785671 0)
(1.92576 0.0859655 0)
(2.01445 0.0393246 0)
(2.02216 0.0380273 0)
(2.02214 0.0352662 0)
(2.01087 0.0324744 0)
(1.99934 0.0309261 0)
(1.99204 0.0308909 0)
(1.98963 0.0318724 0)
(1.98786 0.0335285 0)
(1.9879 0.0355096 0)
(1.98618 0.037998 0)
(1.98765 0.040742 0)
(1.98619 0.0441253 0)
(1.9904 0.0475638 0)
(1.9887 0.0517604 0)
(1.9967 0.0555629 0)
(1.99343 0.060446 0)
(2.0071 0.0641183 0)
(2.00005 0.069664 0)
(2.02249 0.0724287 0)
(2.00773 0.0788678 0)
(2.0365 0.0828561 0)
(2.04308 0.0759223 0)
(2.04424 0.0594665 0)
(2.03794 0.0448826 0)
(2.03218 0.0371179 0)
(2.02923 0.0346859 0)
(2.02955 0.0345771 0)
(2.02981 0.0353153 0)
(2.03155 0.0363226 0)
(2.03176 0.0379465 0)
(2.03479 0.0398861 0)
(2.03534 0.0426012 0)
(2.04069 0.0452919 0)
(2.04121 0.0488327 0)
(2.04965 0.0517997 0)
(2.04923 0.056005 0)
(2.06207 0.058767 0)
(2.05927 0.0636565 0)
(2.07852 0.0655209 0)
(2.07086 0.0713467 0)
(2.0576 0.0939775 0)
(2.0496 0.0845363 0)
(2.04322 0.0648356 0)
(2.04245 0.04766 0)
(2.04513 0.038312 0)
(2.04781 0.0350509 0)
(2.05092 0.0343629 0)
(2.05296 0.0345432 0)
(2.05646 0.0348822 0)
(2.0588 0.0358895 0)
(2.06393 0.0371456 0)
(2.06682 0.0392967 0)
(2.07406 0.0412612 0)
(2.077 0.0442353 0)
(2.08695 0.0463707 0)
(2.08923 0.0500252 0)
(2.10293 0.0518725 0)
(2.10336 0.0562841 0)
(2.12234 0.0572193 0)
(2.11901 0.0626681 0)
(2.02006 0.0655476 0)
(2.01265 0.0580138 0)
(2.01176 0.0463205 0)
(2.02158 0.0363576 0)
(2.03545 0.0307818 0)
(2.04681 0.028954 0)
(2.05615 0.0287026 0)
(2.06298 0.029015 0)
(2.07097 0.0292723 0)
(2.07752 0.0301223 0)
(2.08684 0.0310311 0)
(2.09336 0.0328514 0)
(2.10426 0.0342889 0)
(2.11011 0.0368509 0)
(2.12336 0.0383351 0)
(2.12786 0.0415693 0)
(2.14474 0.0426899 0)
(2.14656 0.0467279 0)
(2.16896 0.0469229 0)
(2.16574 0.0520657 0)
(2.02749 0.0379904 0)
(2.02177 0.0337938 0)
(2.02601 0.0271663 0)
(2.04336 0.0217411 0)
(2.06526 0.0189401 0)
(2.08328 0.0183798 0)
(2.09795 0.0185779 0)
(2.10893 0.019067 0)
(2.12103 0.0194088 0)
(2.13103 0.0202795 0)
(2.1441 0.0211015 0)
(2.15321 0.0227618 0)
(2.16738 0.0239644 0)
(2.17477 0.026258 0)
(2.19117 0.0274522 0)
(2.19601 0.0303519 0)
(2.21648 0.0311796 0)
(2.21692 0.0348104 0)
(2.24421 0.0347755 0)
(2.23688 0.0394034 0)
(2.16187 0.00823758 0)
(2.15546 0.00705837 0)
(2.16013 0.00258952 0)
(2.17897 -0.000563963 0)
(2.20219 -0.000736466 0)
(2.22033 0.000844832 0)
(2.23458 0.00262526 0)
(2.24461 0.00430935 0)
(2.25611 0.00562452 0)
(2.26501 0.0071755 0)
(2.27753 0.00854319 0)
(2.28517 0.0104255 0)
(2.2988 0.0118807 0)
(2.30418 0.0141114 0)
(2.32031 0.0154957 0)
(2.32246 0.018111 0)
(2.34325 0.0191719 0)
(2.33999 0.0222451 0)
(2.36871 0.0226034 0)
(2.35602 0.0263114 0)
(2.43358 -0.032581 0)
(2.42184 -0.0234866 0)
(2.4193 -0.0154362 0)
(2.4319 -0.0105335 0)
(2.44849 -0.00849241 0)
(2.45888 -0.00766977 0)
(2.46533 -0.00681409 0)
(2.46775 -0.00533213 0)
(2.47225 -0.00356307 0)
(2.47447 -0.0016129 0)
(2.48085 0.000125592 0)
(2.48255 0.00197704 0)
(2.49074 0.00357387 0)
(2.49094 0.00551602 0)
(2.50211 0.00706211 0)
(2.4998 0.00916918 0)
(2.51579 0.0105083 0)
(2.50898 0.0127679 0)
(2.53255 0.0136423 0)
(2.51779 0.0161211 0)
(2.74453 -0.101786 0)
(2.72559 -0.0883138 0)
(2.7056 -0.0538918 0)
(2.69591 -0.0231601 0)
(2.69303 -0.00797136 0)
(2.69019 -0.00427464 0)
(2.68758 -0.00433011 0)
(2.6829 -0.00391373 0)
(2.68037 -0.00242965 0)
(2.67614 -0.000693369 0)
(2.6759 0.000767427 0)
(2.67245 0.00194587 0)
(2.67482 0.0030123 0)
(2.67136 0.0041269 0)
(2.67684 0.00523234 0)
(2.67242 0.0064588 0)
(2.68199 0.00751645 0)
(2.67521 0.00878955 0)
(2.69042 0.00960515 0)
(2.67917 0.0109308 0)
(2.77347 -0.0796058 0)
(2.79234 -0.0751445 0)
(2.80341 -0.0493768 0)
(2.79302 -0.0221603 0)
(2.77905 -0.00656723 0)
(2.77163 -0.00122705 0)
(2.77202 -0.000163993 0)
(2.77391 0.000209259 0)
(2.77677 0.000965925 0)
(2.77718 0.00180638 0)
(2.77948 0.00257787 0)
(2.77949 0.00310917 0)
(2.78316 0.00363866 0)
(2.78306 0.00410777 0)
(2.78831 0.00468371 0)
(2.78746 0.00525462 0)
(2.79477 0.00584988 0)
(2.79259 0.00648775 0)
(2.8028 0.00694321 0)
(2.79848 0.00764691 0)
(2.82306 0.0569566 0)
(2.84624 0.0525705 0)
(2.86432 0.0270457 0)
(2.85932 0.00290658 0)
(2.84816 -0.00718476 0)
(2.843 -0.00720366 0)
(2.84496 -0.00466823 0)
(2.8488 -0.0032219 0)
(2.85317 -0.00279692 0)
(2.85581 -0.00261504 0)
(2.85915 -0.00212986 0)
(2.86105 -0.00151811 0)
(2.86476 -0.000813532 0)
(2.8665 -0.000218654 0)
(2.87087 0.000405222 0)
(2.87221 0.00096268 0)
(2.87745 0.00153258 0)
(2.87824 0.00208992 0)
(2.88476 0.00252477 0)
(2.88481 0.00307464 0)
(3.01241 0.0638299 0)
(2.99162 0.0599089 0)
(2.97161 0.0338207 0)
(2.96736 0.00778308 0)
(2.96924 -0.00436347 0)
(2.96756 -0.00595705 0)
(2.96265 -0.00438958 0)
(2.95693 -0.00335049 0)
(2.95272 -0.0030916 0)
(2.94906 -0.00303341 0)
(2.94665 -0.00277549 0)
(2.94402 -0.0023863 0)
(2.94269 -0.00193934 0)
(2.94097 -0.00155592 0)
(2.94089 -0.0011821 0)
(2.94004 -0.000859833 0)
(2.94111 -0.000536742 0)
(2.94095 -0.000242534 0)
(2.9431 1.35099e-05 0)
(2.94362 0.000271251 0)
(1.19499 0.197406 -1.70072e-21)
(1.28117 0.187193 -1.02101e-19)
(1.36386 0.182295 0)
(1.44428 0.178302 -8.57329e-20)
(1.52071 0.17356 0)
(1.58899 0.168317 -6.7079e-20)
(1.64823 0.162001 3.04111e-20)
(1.69737 0.154399 -8.57864e-22)
(1.73645 0.145519 0)
(1.76485 0.134888 0)
(1.27963 0.17002 1.1012e-19)
(1.36965 0.165019 0)
(1.45412 0.163909 9.21262e-20)
(1.53087 0.163242 0)
(1.60268 0.160235 -2.24513e-21)
(1.66606 0.155643 3.59545e-20)
(1.72076 0.149556 1.97647e-22)
(1.76523 0.142381 -7.60319e-22)
(1.80044 0.133726 7.59192e-22)
(1.82524 0.124118 2.48634e-21)
(1.37163 0.152625 -1.08965e-19)
(1.45864 0.15039 0)
(1.54239 0.148728 -8.89883e-20)
(1.61601 0.147746 -2.71485e-21)
(1.68387 0.145019 7.5143e-20)
(1.74323 0.140753 -3.37756e-20)
(1.79491 0.135125 1.10679e-21)
(1.83563 0.128914 -8.84223e-22)
(1.86833 0.121175 0)
(1.88994 0.113192 -5.09235e-21)
(1.47041 0.137705 0)
(1.55347 0.136436 9.72173e-20)
(1.63486 0.134594 -2.68811e-21)
(1.705 0.133557 5.13542e-21)
(1.76817 0.131608 -7.98248e-20)
(1.82225 0.128099 2.22787e-21)
(1.87028 0.123041 -3.02511e-20)
(1.90676 0.117477 0)
(1.93741 0.110596 -1.24961e-20)
(1.95564 0.103666 2.96006e-21)
(1.57383 0.124495 -1.01985e-19)
(1.6517 0.124192 1.76906e-21)
(1.72844 0.122822 -5.52604e-21)
(1.79397 0.121693 5.07848e-21)
(1.85196 0.120103 -2.43133e-21)
(1.90027 0.117089 -2.01909e-21)
(1.94424 0.11253 2.92932e-21)
(1.97644 0.107356 1.2137e-20)
(2.00527 0.101252 1.30142e-20)
(2.02029 0.0950334 0)
(1.67973 0.113031 2.0044e-19)
(1.751 0.113457 -1.88393e-19)
(1.82112 0.112584 -2.61479e-21)
(1.88071 0.111325 2.6176e-21)
(1.93286 0.109789 0)
(1.97514 0.107075 3.40156e-20)
(2.01458 0.103015 9.21153e-22)
(2.04268 0.0981288 -1.5672e-20)
(2.0696 0.0927396 8.33001e-22)
(2.08213 0.0870139 -2.86864e-21)
(1.78465 0.103261 -9.84855e-20)
(1.84765 0.104139 9.57863e-20)
(1.90943 0.103621 -5.37784e-21)
(1.96188 0.102216 2.59261e-21)
(2.0077 0.100501 3.68363e-20)
(2.0441 0.097857 -2.01573e-21)
(2.0789 0.0941734 3.33942e-20)
(2.10342 0.0895415 0)
(2.1284 0.0847396 6.50736e-21)
(2.13945 0.0794415 2.8828e-21)
(1.88361 0.0948171 0)
(1.93698 0.0958324 0)
(1.98945 0.0954099 0)
(2.03425 0.0937715 4.18024e-20)
(2.07384 0.0917126 -7.59738e-20)
(2.10503 0.0889705 3.35608e-23)
(2.13569 0.085528 -1.46897e-20)
(2.15743 0.0811908 -1.80827e-21)
(2.18075 0.0768631 -1.23085e-20)
(2.19121 0.0720412 0)
(1.97124 0.0871407 -4.64414e-20)
(2.01463 0.0879609 0)
(2.05799 0.0873661 -2.53074e-21)
(2.09571 0.0854061 -3.44288e-20)
(2.13007 0.0829355 3.43622e-20)
(2.15737 0.0800192 -3.42432e-20)
(2.18508 0.0767262 -1.58574e-20)
(2.20508 0.072734 -8.7601e-22)
(2.22743 0.0688216 1.42988e-20)
(2.23798 0.0645254 0)
(2.0433 0.0795366 9.14584e-20)
(2.07803 0.0798546 0)
(2.1141 0.0788673 -2.50813e-21)
(2.14668 0.0765488 -3.41361e-20)
(2.17782 0.0737098 -2.37926e-21)
(2.20323 0.0706467 2.06887e-21)
(2.2297 0.0674885 1.49337e-20)
(2.24925 0.0638917 -1.67376e-20)
(2.27147 0.0604131 -6.30204e-21)
(2.2826 0.0566651 4.09168e-22)
(2.09934 0.0713014 -4.36629e-20)
(2.12878 0.0708867 1.2353e-21)
(2.16105 0.0693824 -2.65631e-21)
(2.19168 0.0667655 4.13e-20)
(2.22236 0.0637215 -2.3761e-21)
(2.24824 0.0606491 0)
(2.27528 0.0576836 5.79825e-23)
(2.29563 0.0545552 -9.60364e-23)
(2.31837 0.0515184 -6.95845e-21)
(2.33039 0.0484872 0)
(2.14554 0.0618069 -1.34227e-21)
(2.17473 0.0605902 3.95253e-21)
(2.20778 0.0586118 -5.09836e-21)
(2.24011 0.0558868 4.84824e-21)
(2.27304 0.05292 -2.37372e-21)
(2.30128 0.0500633 -2.086e-21)
(2.3301 0.04744 -1.31274e-20)
(2.35189 0.0448254 1.32049e-20)
(2.37535 0.0423011 1.49501e-20)
(2.38811 0.039852 0)
(2.19678 0.050541 0)
(2.23096 0.0487846 -4.19933e-20)
(2.26863 0.0466552 0)
(2.30507 0.0441828 1.92896e-20)
(2.34138 0.0416595 0)
(2.37226 0.0393032 0)
(2.40259 0.0372001 9.83441e-22)
(2.42526 0.0351558 -9.91759e-22)
(2.44859 0.0331941 -7.07784e-21)
(2.46133 0.0311878 0)
(2.27588 0.0377874 4.11849e-20)
(2.31653 0.0361535 4.30455e-20)
(2.35874 0.0344511 0)
(2.39802 0.032662 2.28872e-21)
(2.43573 0.0308964 -2.06759e-20)
(2.46701 0.0292574 -2.09835e-21)
(2.4967 0.0277671 -6.08015e-21)
(2.51833 0.026333 -9.2648e-22)
(2.53998 0.0248702 -2.66339e-21)
(2.5514 0.023414 0)
(2.39869 0.0253911 -6.30091e-20)
(2.44063 0.0245938 -2.05455e-20)
(2.48196 0.0237973 -2.41813e-21)
(2.51897 0.0228989 -1.43858e-20)
(2.55344 0.0219479 3.4229e-20)
(2.5812 0.0209921 0)
(2.60713 0.0200582 9.22322e-21)
(2.62536 0.0191177 -1.00408e-21)
(2.64369 0.0180739 3.6131e-21)
(2.65261 0.0170328 8.43314e-22)
(2.5541 0.016167 2.07353e-20)
(2.58865 0.0163089 2.28896e-20)
(2.62193 0.0163328 1.48188e-20)
(2.65108 0.0160791 2.45909e-21)
(2.67805 0.0156492 -1.82855e-20)
(2.69929 0.0150843 0)
(2.71932 0.0144883 8.26489e-21)
(2.73287 0.01382 -4.83805e-21)
(2.74712 0.0130634 9.47126e-22)
(2.75333 0.0122547 -8.47671e-22)
(2.70311 0.0112976 2.03757e-20)
(2.7261 0.0117055 0)
(2.74871 0.0119359 -2.20676e-20)
(2.76863 0.0118055 1.42376e-20)
(2.78752 0.0114831 -2.3556e-21)
(2.80233 0.0109922 2.10961e-21)
(2.81679 0.0105234 -9.43332e-21)
(2.82637 0.00995648 -1.964e-21)
(2.83709 0.00939576 9.53579e-22)
(2.84151 0.00871129 0)
(2.81332 0.00780342 -8.88607e-21)
(2.82815 0.00800606 1.15337e-21)
(2.84334 0.00810348 -2.5056e-21)
(2.85707 0.00791964 2.27587e-21)
(2.87046 0.00763381 -2.35173e-21)
(2.88113 0.00722675 4.36301e-21)
(2.89176 0.00691771 0)
(2.89898 0.00651134 3.93489e-21)
(2.90717 0.00619384 -1.8517e-21)
(2.91091 0.00569554 4.32688e-22)
(2.89366 0.00326101 -9.96502e-21)
(2.90296 0.00344195 2.40858e-21)
(2.91289 0.00354934 1.24507e-24)
(2.92213 0.00347952 -7.00731e-21)
(2.93134 0.0033844 -2.27461e-21)
(2.93885 0.00323105 -8.66764e-21)
(2.94635 0.00319178 3.16289e-21)
(2.9517 0.00308167 -3.51375e-23)
(2.95764 0.00306636 1.86078e-21)
(2.96087 0.00288908 -4.34958e-22)
(2.94717 0.000420613 0)
(2.95155 0.000491872 0)
(2.95701 0.000487694 -7.20249e-21)
(2.96245 0.000407553 2.43249e-21)
(2.96826 0.000340937 2.28678e-21)
(2.97313 0.000290334 2.19907e-21)
(2.97815 0.000326223 1.01581e-21)
(2.98187 0.000371138 -2.99372e-21)
(2.98604 0.000481142 9.7424e-22)
(2.98863 0.000548836 0)
)
;

boundaryField
{
    bottom
    {
        type            symmetryPlane;
    }
    right
    {
        type            zeroGradient;
    }
    top
    {
        type            symmetryPlane;
    }
    left
    {
        type            zeroGradient;
    }
    cylinder
    {
        type            noSlip;
    }
    defaultFaces
    {
        type            empty;
    }
}


// ************************************************************************* //
