/*--------------------------------*- C++ -*----------------------------------*\
| =========                 |                                                 |
| \\      /  F ield         | OpenFOAM: The Open Source CFD Toolbox           |
|  \\    /   O peration     | Version:  4.1                                   |
|   \\  /    A nd           | Web:      www.OpenFOAM.org                      |
|    \\/     M anipulation  |                                                 |
\*---------------------------------------------------------------------------*/
FoamFile
{
    version     2.0;
    format      ascii;
    class       surfaceScalarField;
    location    "7.4";
    object      phi;
}
// * * * * * * * * * * * * * * * * * * * * * * * * * * * * * * * * * * * * * //

dimensions      [0 3 -1 0 0 0 0];

internalField   nonuniform List<scalar> 
3890
(
0.00034821
0.00236162
-0.00270983
0.00261671
0.000188668
-0.00245716
0.00766126
-0.00666923
0.00162468
0.0158375
-0.0167327
0.0085565
0.0267196
-0.0282657
0.0173835
0.0392648
-0.0395607
0.0270156
0.0522431
-0.0493956
0.0364174
0.064683
-0.0572996
0.0448596
0.0757798
-0.0631346
0.0520378
-0.0669197
0.0580059
0.0846935
0.000653325
0.00170829
0.00400053
-0.00315854
0.010895
-0.0135637
0.0211305
-0.0269683
0.0334212
-0.0405563
0.0461422
-0.0522818
0.0580164
-0.0612698
0.0682948
-0.0675779
0.0767057
-0.0715456
-0.0740299
0.0838159
0.00108289
0.000625406
0.00575844
-0.00783408
0.014521
-0.0223263
0.0261318
-0.0385791
0.0384976
-0.0529221
0.0499177
-0.0637018
0.0595373
-0.0708895
0.0672018
-0.0752423
0.0733017
-0.0776455
-0.0790318
0.0783035
0.00163114
-0.00100573
0.00776661
-0.0139696
0.017981
-0.0325406
0.0298355
-0.0504336
0.0409807
-0.0640673
0.0502206
-0.0729417
0.0573893
-0.0780582
0.0628895
-0.0807425
0.0672977
-0.0820537
-0.0827784
0.0710444
0.0022834
-0.00328913
0.00978542
-0.0214716
0.0206263
-0.0433816
0.0315876
-0.0613949
0.0407552
-0.0732348
0.047701
-0.0798875
0.0528206
-0.0831778
0.0567356
-0.0846575
0.0599999
-0.0853179
-0.0857669
0.0629883
0.00300367
-0.00629279
0.0114874
-0.0299553
0.0219942
-0.0538883
0.0313201
-0.0707209
0.0383509
-0.0802656
0.0433059
-0.0848425
0.0468545
-0.0867264
0.0496269
-0.08743
0.0520668
-0.0877577
-0.0880478
0.0543477
0.00371314
-0.0100059
0.0125691
-0.0388113
0.0219775
-0.0632967
0.029385
-0.0781283
0.0344546
-0.0853352
0.037798
-0.0881859
0.0401478
-0.0890763
0.0420378
-0.08932
0.0437577
-0.0894776
-0.0897142
0.045424
0.00429878
-0.0143047
0.0128592
-0.0473717
0.020743
-0.0711806
0.0262551
-0.0836403
0.0296439
-0.088724
0.0316991
-0.0902411
0.033093
-0.0904702
0.0342247
-0.0904516
0.0352773
-0.0905303
-0.0907351
0.0362983
0.00465297
-0.0189577
0.0123626
-0.0550813
0.018575
-0.077393
0.0223597
-0.0874251
0.0243418
-0.0907061
0.0253423
-0.0912415
0.0259182
-0.0910462
0.0263477
-0.0908811
0.0267274
-0.09091
-0.0910906
0.0270829
0.00471491
-0.0236726
0.0112361
-0.0616025
0.0157776
-0.0819346
0.0180395
-0.089687
0.0188391
-0.0915057
0.0189364
-0.0913388
0.0187646
-0.0908744
0.018507
-0.0906234
0.0182165
-0.0906196
0.0178968
-0.0907708
-0.000973492
0.000973492
-0.00282112
0.00184763
-0.00506449
0.00224337
-0.0074664
0.00240191
-0.0099017
0.0024353
-0.0123029
0.00240116
-0.0146347
0.00233189
-0.016884
0.00224928
-0.0190596
0.0021756
0.0021457
-0.0212053
-0.000852133
0.00182562
-0.00248562
0.00348112
-0.00446538
0.00422313
-0.00655325
0.00448977
-0.00861347
0.00449551
-0.0105631
0.00435078
-0.0123486
0.00411741
-0.0139391
0.00383975
-0.0153226
0.00355913
0.00335792
-0.0165348
-0.000640423
0.00246605
-0.00189954
0.00474023
-0.00340428
0.00572787
-0.00492624
0.00601174
-0.0063184
0.00588767
-0.00747644
0.00550883
-0.00831778
0.00495875
-0.0087812
0.00430317
-0.00883027
0.00360819
0.00293203
-0.00840438
-0.000396219
0.00286227
-0.00119738
0.00554139
-0.00210404
0.00663453
-0.0029043
0.006812
-0.00344496
0.00642833
-0.00360631
0.00567018
-0.00327949
0.00463193
-0.00235493
0.00337861
-0.000729869
0.00198313
0.000646198
0.00155596
-0.000177756
0.00304002
-0.000524837
0.00588847
-0.000801211
0.00691091
-0.000811944
0.00682274
-0.000397202
0.00601358
0.000579493
0.00469348
0.00224441
0.002967
0.00471984
0.000903184
0.00809386
-0.00139089
-0.00398989
0.01273
-2.70342e-05
0.00306706
1.75661e-05
0.00584387
0.00033537
0.0065931
0.00113803
0.00602008
0.00260621
0.00454539
0.00490541
0.00239428
0.00818242
-0.000310001
0.0125753
-0.0034897
0.0180519
-0.00686744
-0.0112257
0.0252876
4.42634e-05
0.00302279
0.000386697
0.00550144
0.00127591
0.00570389
0.00295139
0.0043446
0.00565115
0.00184564
0.00959108
-0.00154564
0.0149273
-0.00564619
0.0217524
-0.0103148
0.0298084
-0.0149235
-0.0212608
0.0398435
6.35753e-05
0.00295922
0.000676667
0.00488835
0.00218511
0.00419544
0.00491986
0.00160985
0.0091926
-0.0024271
0.0152264
-0.00757943
0.0230837
-0.0135035
0.0326485
-0.0198795
0.0435228
-0.0257979
-0.0335689
0.0558309
8.44174e-05
0.0028748
0.00103751
0.00393525
0.00336653
0.00186643
0.00752037
-0.002544
0.0138196
-0.00872634
0.0223287
-0.0160885
0.0328098
-0.0239846
0.0447429
-0.0318127
0.0577584
-0.0388133
-0.046483
0.0706725
0.000164971
0.00164306
0.00513416
0.0111467
0.0198038
0.0307309
0.0431636
0.0562106
0.069435
0.0809579
-0.0222986
0.00109324
-0.0232366
0.000938047
-0.0239852
0.000748566
-0.0245318
0.000546644
-0.0248633
0.000331518
-0.0249625
9.91912e-05
-0.0248367
-0.000125855
-0.0244824
-0.000354263
-0.023887
-0.000595372
-0.0230422
-0.000844828
-0.0219421
-0.0011001
-0.0205824
-0.0013597
-0.0189588
-0.00162358
-0.0170657
-0.00189314
-0.0148992
-0.00216652
-0.0124474
-0.0024518
-0.00968421
-0.00276315
-0.00656826
-0.00311596
-0.0031613
-0.00340696
-0.00341732
-0.017342
0.00190044
-0.0180209
0.00161695
-0.0185321
0.00125973
-0.0188622
0.00087679
-0.0189989
0.000468216
-0.0189052
5.44926e-06
-0.0186324
-0.000398681
-0.0181387
-0.000847914
-0.0174168
-0.00131727
-0.0164605
-0.00180114
-0.0152655
-0.00229515
-0.0138301
-0.0027951
-0.0121559
-0.00329778
-0.010229
-0.00382004
-0.0080665
-0.004329
-0.00566581
-0.00485249
-0.00302592
-0.00540304
-0.000144676
-0.0059972
0.00305664
-0.00660828
-0.00694117
-0.00869705
0.00219311
-0.00889975
0.00181965
-0.00897956
0.00133954
-0.00891129
0.000808524
-0.00866838
0.000225308
-0.00830319
-0.000359742
-0.00773887
-0.000963008
-0.0069851
-0.00160168
-0.00603409
-0.00226828
-0.00487922
-0.002956
-0.00351568
-0.00365868
-0.00194033
-0.00437045
-0.000153854
-0.00508425
0.00180261
-0.00577651
0.00395858
-0.00648496
0.00629619
-0.0071901
0.00879319
-0.00790004
0.0114292
-0.00863325
0.014166
-0.00934509
-0.0100705
0.00202006
0.00172902
0.0024071
0.00143261
0.00287045
0.000876187
0.00345789
0.000221081
0.00412743
-0.000444231
0.00491456
-0.00114688
0.00584606
-0.00189451
0.0069284
-0.00268402
0.00816851
-0.00350839
0.00957132
-0.00435882
0.0111391
-0.00522646
0.0128696
-0.00610092
0.0147565
-0.00697123
0.0168063
-0.0078263
0.0189886
-0.00866727
0.0212848
-0.00948626
0.0236654
-0.0102806
0.0260941
-0.011062
0.0285331
-0.011784
-0.0126206
0.0137338
0.000725134
0.0147494
0.000417005
0.0158053
-0.000179619
0.0168882
-0.00086188
0.018051
-0.00160704
0.0193014
-0.0023973
0.0206491
-0.0032422
0.0221041
-0.00413894
0.0236728
-0.00507709
0.0253583
-0.00604438
0.0271609
-0.00702904
0.0290761
-0.0080161
0.0310979
-0.00899301
0.0332144
-0.00994281
0.0354073
-0.0108601
0.0376489
-0.0117279
0.039913
-0.0125447
0.0421567
-0.0133057
0.0443391
-0.0139665
-0.0147252
0.02677
-0.000757227
0.0282284
-0.00104135
0.0296905
-0.00164179
0.0312198
-0.00239113
0.0327993
-0.00318658
0.0344361
-0.00403407
0.0361403
-0.00494642
0.0379172
-0.0059158
0.0397687
-0.00692865
0.0416935
-0.00796918
0.043688
-0.00902351
0.0457425
-0.0100706
0.0478473
-0.0110978
0.0499831
-0.0120786
0.0521343
-0.0130113
0.0542678
-0.0138614
0.0563672
-0.0146442
0.0583816
-0.0153201
0.0603022
-0.0158871
-0.0164622
0.0415112
-0.00242489
0.0431321
-0.00266229
0.0448077
-0.00331733
0.0465395
-0.00412293
0.0483226
-0.00496976
0.0501623
-0.00587371
0.0520586
-0.00684273
0.0540058
-0.00786298
0.0559975
-0.00892041
0.0580247
-0.00999636
0.0600774
-0.0110762
0.0621393
-0.0121325
0.064197
-0.0131556
0.0662266
-0.0141081
0.0682152
-0.0149999
0.0701278
-0.015774
0.0719608
-0.0164772
0.0736593
-0.0170186
0.075254
-0.0174818
-0.017829
0.0573025
-0.00389643
0.0588478
-0.00420765
0.0604821
-0.00495158
0.0621717
-0.00581255
0.0639285
-0.00672651
0.0657523
-0.0076975
0.0676268
-0.00871732
0.0695341
-0.00977029
0.0714594
-0.0108456
0.0733858
-0.0119228
0.0752977
-0.0129881
0.0771749
-0.0140097
0.0790027
-0.0149833
0.0807582
-0.0158637
0.0824325
-0.0166742
0.0839966
-0.0173381
0.0854563
-0.0179369
0.0867648
-0.0183271
0.0879754
-0.0186924
-0.0188324
0.0717924
-0.00501631
0.0732185
-0.00563369
0.0747103
-0.00644341
0.0762532
-0.00735546
0.0778618
-0.00833517
0.0795186
-0.00935428
0.0811973
-0.010396
0.082877
-0.01145
0.0845417
-0.0125103
0.0861751
-0.0135562
0.087763
-0.0145761
0.0892904
-0.015537
0.0907468
-0.0164397
0.0921188
-0.0172356
0.0934019
-0.0179572
0.0945818
-0.0185181
0.0956656
-0.0190206
0.0966264
-0.019288
0.0975043
-0.0195703
-0.0195569
0.0824617
-0.00652012
0.0839055
-0.00707742
0.0853095
-0.00784743
0.0866968
-0.00874276
0.088077
-0.00971533
0.0894489
-0.0107263
0.090807
-0.011754
0.0921422
-0.0127853
0.0934469
-0.013815
0.0947135
-0.0148228
0.0959369
-0.0157994
0.0971113
-0.0167114
0.098233
-0.0175615
0.0992985
-0.0183011
0.100306
-0.0189645
0.101254
-0.0194667
0.102143
-0.0199094
0.102973
-0.020118
0.103743
-0.0203398
-0.0201951
0.111477
-0.00566108
-0.112336
0.111007
-0.00660697
0.110652
-0.00749276
0.110353
-0.00844403
0.110083
-0.0094453
0.109816
-0.0104589
0.109526
-0.0114645
0.109192
-0.0124506
0.108793
-0.0134157
0.108313
-0.0143436
0.107745
-0.0152308
0.107082
-0.0160483
0.106323
-0.0168034
0.105475
-0.0174522
0.10454
-0.0180297
0.103532
-0.0184588
0.102455
-0.0188329
0.101334
-0.0189969
0.10016
-0.0191659
-0.0189886
0.116542
-0.00512654
-0.117077
0.116083
-0.00614791
0.115694
-0.00710373
0.115305
-0.00805428
0.114881
-0.0090222
0.114415
-0.00999252
0.1139
-0.0109491
0.113327
-0.0118777
0.112687
-0.0127762
0.111974
-0.0136305
0.111184
-0.0144402
0.110316
-0.0151807
0.109373
-0.0158605
0.108361
-0.0164407
0.107287
-0.0169548
0.106161
-0.0173332
0.104989
-0.0176614
0.103791
-0.0177983
0.102566
-0.0179411
-0.0177967
0.119213
-0.0046089
-0.119731
0.118742
-0.00567712
0.118305
-0.00666677
0.11786
-0.00760923
0.117375
-0.00853645
0.116835
-0.00945299
0.116238
-0.0103515
0.115578
-0.0112186
0.114853
-0.012051
0.114059
-0.0128361
0.113194
-0.0135755
0.112262
-0.0142481
0.111264
-0.0148632
0.11021
-0.0153865
0.109104
-0.0158486
0.107959
-0.0161885
0.106779
-0.0164814
0.105587
-0.0166058
0.10438
-0.0167341
-0.0166062
0.12064
-0.0041932
-0.121056
0.120205
-0.0052423
0.119765
-0.00622606
0.119303
-0.00714718
0.118798
-0.00803133
0.118236
-0.00889185
0.117615
-0.00972994
0.116931
-0.0105351
0.116184
-0.0113041
0.115373
-0.0120251
0.114498
-0.0127006
0.113563
-0.0133125
0.11257
-0.0138706
0.111528
-0.0143445
0.110442
-0.0147625
0.109324
-0.0150701
0.108177
-0.015335
0.107022
-0.0154504
0.105855
-0.0155666
-0.0154603
0.121503
-0.00386363
-0.121833
0.121119
-0.004858
0.120702
-0.00580855
0.120249
-0.00669458
0.119749
-0.00753172
0.119193
-0.00833561
0.118576
-0.00911318
0.117899
-0.00985747
0.11716
-0.0105657
0.116362
-0.0112268
0.115505
-0.0118437
0.114593
-0.0124005
0.11363
-0.0129073
0.112622
-0.0133369
0.111575
-0.0137157
0.1105
-0.0139948
0.1094
-0.0142354
0.108292
-0.0143424
0.107175
-0.014449
-0.0143601
0.122238
-0.00358814
-0.122514
0.121898
-0.00451768
0.121507
-0.00541775
0.121069
-0.00625698
0.120581
-0.00704314
0.120036
-0.00779068
0.119432
-0.00850915
0.118769
-0.00919435
0.118047
-0.00984451
0.11727
-0.0104494
0.116438
-0.0110118
0.115556
-0.0115179
0.114626
-0.0119777
0.113656
-0.0123667
0.11265
-0.0127098
0.111618
-0.0129627
0.110563
-0.0131811
0.109501
-0.0132795
0.108429
-0.0133772
-0.0133015
0.12304
-0.00334911
-0.123279
0.122729
-0.00420737
0.122358
-0.00504592
0.121931
-0.0058303
0.12145
-0.0065625
0.120914
-0.00725419
0.12032
-0.00791536
0.119669
-0.00854364
0.118963
-0.00913831
0.118204
-0.00968994
0.117393
-0.0102016
0.116536
-0.0106605
0.115635
-0.0110769
0.114697
-0.0114284
0.113726
-0.0117386
0.11273
-0.0119668
0.111713
-0.0121645
0.110688
-0.0122542
0.109654
-0.0123433
-0.0122775
0.123948
-0.00313028
-0.124167
0.123654
-0.00391274
0.123292
-0.00468403
0.12287
-0.00540899
0.122393
-0.00608523
0.12186
-0.0067214
0.121272
-0.00732686
0.120629
-0.00790027
0.119932
-0.00844179
0.119185
-0.00894291
0.11839
-0.00940674
0.117551
-0.00982162
0.116672
-0.0101975
0.115757
-0.0105141
0.114812
-0.0107936
0.113844
-0.0109988
0.112857
-0.0111771
0.111861
-0.0112579
0.110856
-0.0113387
-0.0112805
0.124936
-0.00291652
-0.12515
0.124647
-0.00362328
0.124288
-0.0043254
0.123868
-0.00498859
0.12339
-0.00560756
0.122857
-0.00618837
0.122269
-0.00673933
0.121629
-0.00725966
0.120937
-0.00775009
0.120197
-0.00820297
0.119412
-0.00862145
0.118585
-0.00899484
0.11772
-0.00933275
0.116823
-0.00961664
0.115897
-0.00986738
0.114949
-0.0100509
0.113983
-0.010211
0.113008
-0.010283
0.112025
-0.0103558
-0.0103037
0.125959
-0.00269899
-0.126177
0.125668
-0.00333242
0.125308
-0.0039654
0.124886
-0.00456577
0.124405
-0.00512673
0.123869
-0.00565234
0.123279
-0.00614979
0.122638
-0.00661851
0.121948
-0.00705959
0.121211
-0.00746616
0.120431
-0.00784134
0.119611
-0.00817537
0.118756
-0.00847738
0.11787
-0.00873047
0.116956
-0.00895411
0.116023
-0.00911724
0.115072
-0.00925995
0.114112
-0.00932361
0.113145
-0.0093887
-0.00934178
0.126978
-0.00247375
-0.127203
0.126682
-0.00303611
0.126317
-0.00360073
0.125889
-0.00413813
0.125404
-0.00464087
0.124863
-0.00511156
0.124269
-0.00555635
0.123626
-0.00597472
0.122934
-0.00636791
0.122198
-0.0067298
0.12142
-0.00706338
0.120604
-0.0073598
0.119754
-0.00762759
0.118875
-0.00785148
0.117971
-0.00804941
0.117047
-0.00819326
0.116106
-0.0083195
0.115158
-0.00837516
0.114202
-0.0084328
-0.00839057
0.12796
-0.00223853
-0.128195
0.127656
-0.00273181
0.127284
-0.00322923
0.12685
-0.00370408
0.126358
-0.00414883
0.125811
-0.00456505
0.125213
-0.00495796
0.124565
-0.00532706
0.123871
-0.00567361
0.123134
-0.00599216
0.122356
-0.00628554
0.121542
-0.0065458
0.120695
-0.00678079
0.11982
-0.00697683
0.118921
-0.00715021
0.118004
-0.00727574
0.11707
-0.00738624
0.116129
-0.00743434
0.115181
-0.00748483
-0.00744705
0.128879
-0.0019919
-0.129126
0.128566
-0.00241819
0.128186
-0.00284973
0.127745
-0.00326278
0.127246
-0.00365004
0.126693
-0.00401235
0.12609
-0.00435414
0.125437
-0.00467492
0.12474
-0.00497588
0.124
-0.00525223
0.123221
-0.00550658
0.122407
-0.0057319
0.121561
-0.00593524
0.120689
-0.00610453
0.119793
-0.00625433
0.11888
-0.00636239
0.117951
-0.00645778
0.117016
-0.00649876
0.116073
-0.00654234
-0.00650895
0.129717
-0.00173342
-0.129975
0.129394
-0.00209484
0.129006
-0.00246191
0.128557
-0.00281401
0.128051
-0.00314438
0.127492
-0.00345342
0.126883
-0.0037448
0.126226
-0.00401809
0.125525
-0.00427436
0.124782
-0.00450949
0.124001
-0.00472578
0.123186
-0.00491715
0.122341
-0.00508979
0.12147
-0.00523327
0.120576
-0.00536029
0.119665
-0.0054516
0.11874
-0.00553241
0.117807
-0.00556668
0.116869
-0.00560359
-0.00557463
0.130458
-0.00146356
-0.130728
0.130125
-0.00176206
0.129729
-0.00206599
0.129273
-0.00235799
0.128761
-0.00263213
0.128196
-0.00288851
0.127582
-0.00313016
0.12692
-0.00335669
0.126215
-0.00356905
0.125469
-0.00376377
0.124686
-0.00394279
0.12387
-0.00410105
0.123024
-0.00424376
0.122153
-0.0043622
0.12126
-0.00446708
0.12035
-0.00454226
0.119427
-0.00460893
0.118497
-0.00463686
0.117561
-0.0046673
-0.00464287
0.131092
-0.00118339
-0.131372
0.13075
-0.00142067
0.130347
-0.00166263
0.129884
-0.00189533
0.129366
-0.00211383
0.128796
-0.00231815
0.128176
-0.00251066
0.12751
-0.00269109
0.126802
-0.00286016
0.126053
-0.00301514
0.125268
-0.00315756
0.12445
-0.00328338
0.123603
-0.00339678
0.122732
-0.00349082
0.121839
-0.00357407
0.12093
-0.00363363
0.120008
-0.0036865
0.119079
-0.00370845
0.118144
-0.00373257
-0.0037128
0.131609
-0.000894413
-0.131898
0.13126
-0.00107188
0.13085
-0.00125285
0.130382
-0.0014269
0.129858
-0.00159029
0.129283
-0.00174306
0.128659
-0.00188695
0.12799
-0.00202181
0.127278
-0.00214812
0.126527
-0.00226391
0.12574
-0.00237022
0.12492
-0.00246417
0.124072
-0.00254872
0.1232
-0.00261889
0.122307
-0.00268088
0.121399
-0.00272529
0.120477
-0.00276459
0.119549
-0.00278086
0.118616
-0.0027988
-0.00278381
0.132002
-0.000598631
-0.132298
0.131648
-0.000717287
0.131233
-0.000837959
0.13076
-0.00095383
0.130232
-0.00106252
0.129653
-0.00116416
0.129026
-0.00125985
0.128354
-0.00134958
0.127639
-0.00143353
0.126886
-0.00151056
0.126097
-0.00158114
0.125276
-0.00164364
0.124427
-0.00169967
0.123555
-0.00174641
0.122661
-0.00178737
0.121753
-0.00181703
0.120831
-0.00184286
0.119904
-0.00185378
0.118971
-0.00186552
-0.00185551
0.132266
-0.000298605
-0.132566
0.131908
-0.000359124
0.13149
-0.000419766
0.131014
-0.000477671
0.130483
-0.000531869
0.129902
-0.000582633
0.129272
-0.000630388
0.128598
-0.0006753
0.127882
-0.000717153
0.127127
-0.000755744
0.126336
-0.000790786
0.125515
-0.000822214
0.124665
-0.00084983
0.123792
-0.000873597
0.122898
-0.000893399
0.12199
-0.000909015
0.121068
-0.000920778
0.120142
-0.000927677
0.119208
-0.000931678
-0.000928269
0.132397
-0.132696
0.132038
0.131618
0.13114
0.130609
0.130026
0.129396
0.12872
0.128003
0.127247
0.126457
0.125634
0.124785
0.123911
0.123018
0.122109
0.121188
0.12026
0.119328
0.0927573
0.0162299
-0.0910905
0.0946646
0.0251757
0.0968387
0.0341242
0.09926
0.0430027
0.101963
0.0516451
0.104935
0.0600154
0.107844
0.0681356
0.111128
0.0750198
0.112021
0.082923
0.0843783
0.0931074
0.0147038
-0.0915813
0.094922
0.023361
0.0970457
0.0320005
0.0995078
0.0405406
0.102194
0.0489591
0.105399
0.0568099
0.108447
0.0650875
0.112296
0.0711714
0.115436
0.0797826
0.0827376
0.093641
0.0133388
-0.092276
0.0953462
0.0216558
0.097352
0.0299947
0.0997893
0.0381033
0.102411
0.0463369
0.105619
0.0536027
0.108874
0.0618318
0.112552
0.0674939
0.116705
0.0756299
0.0797113
0.0942996
0.0121106
-0.0930713
0.0959094
0.020046
0.0978155
0.0280886
0.100179
0.0357401
0.102789
0.0437261
0.105859
0.0505327
0.1093
0.0583909
0.112808
0.063986
0.117181
0.0712569
0.0758364
0.0950429
0.0109882
-0.0939206
0.0965681
0.0185208
0.0984236
0.0262331
0.100702
0.0334621
0.103343
0.0410847
0.106295
0.0475809
0.109807
0.0548791
0.113332
0.060461
0.117612
0.0669763
0.0716159
0.0958366
0.00994667
-0.094795
0.0972848
0.0170726
0.0991196
0.0243982
0.101335
0.0312466
0.104002
0.0384174
0.106922
0.0446613
0.110418
0.0513831
0.114028
0.0568507
0.11819
0.0628142
0.0672928
0.0966505
0.00897118
-0.095675
0.0980338
0.0156893
0.0998525
0.0225796
0.102039
0.0290605
0.10471
0.0357459
0.107657
0.0417145
0.111118
0.0479218
0.114802
0.0531666
0.118921
0.0586958
0.0629348
0.097461
0.00805526
-0.0965451
0.0987944
0.014356
0.100593
0.0207814
0.102774
0.0268789
0.10544
0.0330797
0.108433
0.038722
0.111886
0.0444681
0.115633
0.0494204
0.119773
0.054555
0.0585412
0.0982513
0.0071952
-0.0973912
0.0995475
0.0130598
0.101324
0.0190052
0.103513
0.02469
0.106179
0.0304135
0.109218
0.0356832
0.112696
0.0409893
0.116504
0.0456127
0.1207
0.0503587
0.0540918
0.0990092
0.00638668
-0.0982007
0.100277
0.0117923
0.102034
0.0172475
0.104234
0.0224906
0.10691
0.027737
0.109992
0.0326011
0.113514
0.0374673
0.117385
0.0417416
0.121651
0.046093
0.0495661
0.0997252
0.00562423
-0.0989627
0.100969
0.0105487
0.102713
0.0155032
0.104923
0.0202802
0.107617
0.0250431
0.11074
0.0294786
0.114311
0.0338963
0.118247
0.0378054
0.122588
0.0417522
0.0449507
0.100391
0.00490195
-0.0996686
0.101614
0.00932556
0.103349
0.013768
0.10557
0.0180594
0.108285
0.0223284
0.111446
0.0263176
0.115066
0.030276
0.119068
0.0338031
0.123485
0.0373352
0.0402409
0.100999
0.00421424
-0.100311
0.102204
0.0081203
0.103934
0.0120386
0.106165
0.0158285
0.108901
0.0195924
0.112098
0.0231199
0.115766
0.0266081
0.119833
0.0297363
0.124323
0.032845
0.0354381
0.101544
0.0035561
-0.100886
0.102734
0.00693041
0.104459
0.0103129
0.1067
0.0135878
0.109456
0.016836
0.112689
0.0198877
0.116401
0.0228961
0.120528
0.0256094
0.125086
0.0282871
0.0305482
0.102021
0.00292308
-0.101388
0.103197
0.00575353
0.104921
0.00858971
0.10717
0.011338
0.109946
0.0140608
0.113209
0.0166243
0.116961
0.0191444
0.121142
0.0214284
0.12576
0.0236688
0.0255801
0.102426
0.00231122
-0.101814
0.103592
0.00458745
0.105313
0.00686845
0.107571
0.00908012
0.110363
0.0112692
0.113653
0.0133338
0.117439
0.0153585
0.121666
0.0172009
0.126337
0.0189986
0.0205449
0.102757
0.00171454
-0.10216
0.103913
0.00343068
0.105633
0.0051488
0.107898
0.00681555
0.110703
0.00846404
0.114016
0.0100208
0.11783
0.0115445
0.122096
0.0129351
0.126808
0.0142862
0.0154553
0.10301
0.00113314
-0.102429
0.104159
0.00228142
0.105877
0.0034307
0.108147
0.00454605
0.110962
0.00564849
0.114293
0.00669046
0.118128
0.00770871
0.122424
0.00863987
0.127168
0.00954167
0.0103252
0.103181
0.000564894
-0.102613
0.104325
0.00113809
0.106041
0.00171437
0.108313
0.00227353
0.111136
0.002826
0.114478
0.00334821
0.118329
0.00385814
0.122644
0.0043247
0.12741
0.00477582
0.00516848
0.103268
-0.102703
0.104406
0.106121
0.108394
0.11122
0.114569
0.118427
0.122751
0.127527
0.0446756
0.0598366
-0.0546277
-0.0498845
0.0390962
0.0599352
-0.0543558
0.0335834
0.0604162
-0.0549034
0.0281261
0.0613518
-0.0558945
0.0226838
0.0626833
-0.057241
0.0172333
0.064461
-0.0590104
0.0117799
0.0666784
-0.0612251
0.00650529
0.0682386
-0.062964
0.00208678
0.063789
-0.0593704
0.0383503
-0.0362635
0.0410937
0.0652184
-0.0464756
0.0357676
0.0652612
0.0305294
0.0656544
0.0253782
0.0665029
0.0202648
0.0677967
0.0151529
0.0695729
0.0100725
0.0717588
0.0052695
0.0730417
0.00147472
0.0675837
0.039825
0.0370442
0.0702318
-0.0420575
0.0320249
0.0702805
0.0270745
0.0706048
0.0222245
0.071353
0.0174455
0.0725757
0.012704
0.0743144
0.00805906
0.0764037
0.00382528
0.0772754
0.000750809
0.0706582
0.0405758
0.0322307
0.0748213
-0.0368202
0.0276368
0.0748744
0.0230785
0.0751631
0.0186072
0.0758242
0.0142205
0.0769624
0.00990091
0.078634
0.00573725
0.0805674
0.00216936
0.0808433
-0.000101123
0.0729287
0.0404747
0.0266956
0.0789619
-0.0308361
0.0225712
0.0789988
0.0184869
0.0792474
0.0144811
0.0798301
0.010561
0.0808825
0.00673542
0.0824596
0.00312361
0.0841792
0.000172875
0.0837941
-0.000853975
0.0739555
0.0396207
0.0204588
0.0825891
-0.0240861
0.0168688
0.0825888
0.0133269
0.0827893
0.00985878
0.0832982
0.00647915
0.0842622
0.00323478
0.0857039
0.000341203
0.0870728
-0.00159478
0.08573
-0.00167904
0.0740398
0.0379416
0.0136105
0.0856173
-0.0166387
0.0106156
0.0855837
0.00766794
0.0857369
0.00479303
0.0861731
0.00201793
0.0870373
-0.000584152
0.088306
-0.00268934
0.089178
-0.00360695
0.0866476
-0.00250824
0.0729411
0.0354334
0.00622762
0.0880001
-0.00861043
0.00386437
0.087947
0.00157041
0.0880309
-0.000662259
0.0884058
-0.00281189
0.0891869
-0.00470232
0.0901964
-0.00592701
0.0904026
-0.0057008
0.0864214
-0.00329957
0.0705399
0.0321338
-0.00160337
0.0898357
-0.000232272
-0.00329614
0.0896398
-0.00493494
0.0896697
-0.00651565
0.0899865
-0.0079592
0.0906304
-0.00905599
0.0912932
-0.00927518
0.0906218
-0.00775305
0.0848993
-0.00398302
0.0667698
0.0281508
-0.00980286
0.00886778
-0.0107827
-0.0117364
-0.0126244
-0.0133328
-0.0135452
-0.0126103
-0.00964558
-0.00447821
0.0496757
0.0046969
-0.0543726
0.0448082
0.00486748
0.0397433
0.00506493
0.0344576
0.00528568
0.0289196
0.00553807
0.023086
0.0058336
0.0169063
0.00617965
0.010399
0.00650736
0.00405941
0.00633954
0.00405941
0.0498714
0.00946658
-0.0546411
0.0449416
0.00979735
0.0398253
0.0101812
0.0344995
0.0106116
0.0289319
0.0111056
0.023079
0.0116865
0.0168881
0.0123706
0.0103758
0.0130196
0.00405198
0.0126634
0.00811139
0.0502175
0.014373
-0.0551239
0.0451707
0.0148442
0.0399582
0.0153937
0.0345564
0.0160133
0.0289328
0.0167292
0.023043
0.0175763
0.0168343
0.0185792
0.0103251
0.0195288
0.00402022
0.0189683
0.0121316
0.0506274
0.0194584
-0.0557128
0.0454271
0.0200445
0.0400881
0.0207327
0.034587
0.0215144
0.0288911
0.0224251
0.0229558
0.0235116
0.0167288
0.0248063
0.0102304
0.0260273
0.00396616
0.0252325
0.0160978
0.0509842
0.0247417
-0.0562674
0.0456127
0.025416
0.0401332
0.0262121
0.0345252
0.0271224
0.028756
0.0281943
0.0227797
0.0294879
0.016544
0.031042
0.0100745
0.0324967
0.00388022
0.0314268
0.019978
0.0511772
0.0302004
-0.0566359
0.0456444
0.0309487
0.040027
0.0318295
0.0343154
0.032834
0.0284805
0.0340293
0.0224756
0.0354928
0.0162499
0.0372676
0.00983746
0.0389092
0.00375311
0.0375111
0.0237311
0.0510192
0.0358277
-0.0566466
0.0453324
0.0366355
0.0396039
0.0375581
0.0338282
0.0386097
0.0279671
0.0398903
0.0219715
0.0414884
0.0157956
0.0434436
0.00948803
0.0452167
0.00357728
0.0434219
0.0273084
0.0506136
0.0415731
-0.056359
0.0447682
0.042481
0.0389405
0.0433858
0.0331168
0.0444334
0.0272421
0.045765
0.0212713
0.0474592
0.0151704
0.0495445
0.00900991
0.0513772
0.00334143
0.0490904
0.0306498
0.0492541
0.0476419
-0.0553229
0.0433148
0.0484203
0.0375674
0.0491331
0.0318484
0.0501525
0.0260829
0.0515305
0.0202403
0.0533018
0.0142998
0.0554851
0.00836179
0.0573152
0.0030152
0.054437
0.033665
0.0477877
-0.0547735
0.0418522
0.0360819
0.03034
0.0246294
0.0189208
0.0131808
0.00753196
0.00259847
0.0591243
-0.000229502
0.0593552
-0.000230904
0.059582
-0.000226787
0.0597975
-0.000215414
0.0599946
-0.000197158
0.0601673
-0.000172674
0.060309
-0.000141728
0.0604125
-0.000103473
0.0604689
-5.64068e-05
0.060466
2.90517e-06
0.0604031
6.29294e-05
0.0602661
0.000136996
0.0600416
0.000224454
0.0597146
0.000326979
0.0592679
0.000446764
0.0586808
0.000587071
0.0579306
0.000750195
0.0569867
0.000943948
0.0558252
0.00116143
0.0014526
0.0597069
-0.000464152
0.0599316
-0.000455554
0.0601481
-0.000443306
0.0603514
-0.000418778
0.060536
-0.000381686
0.0606956
-0.000332323
0.0608238
-0.000269891
0.060913
-0.000192657
0.0609541
-9.75744e-05
0.0609385
1.85078e-05
0.0608603
0.000141198
0.060707
0.000290227
0.0604655
0.000465985
0.0601205
0.000671968
0.0596548
0.000912488
0.0590476
0.00119427
0.0582762
0.00152157
0.057309
0.00191114
0.0561236
0.00234686
0.00293509
0.0608535
-0.000664683
0.0610534
-0.000655387
0.0612451
-0.000635083
0.061423
-0.000596627
0.061581
-0.000539713
0.0617132
-0.000464462
0.0618128
-0.000369513
0.0618722
-0.000252052
0.0618819
-0.00010732
0.0618376
6.28226e-05
0.0617275
0.000251264
0.0615406
0.000477156
0.0612637
0.000742915
0.0608815
0.00105419
0.0603767
0.00141725
0.0597282
0.00184282
0.0589136
0.00233616
0.0578991
0.00292556
0.0566659
0.00358007
0.00447707
0.0625138
-0.000821511
0.062671
-0.00081256
0.0628193
-0.000783426
0.0629531
-0.000730411
0.0630662
-0.000652843
0.0631524
-0.000550619
0.0632049
-0.000421974
0.0632155
-0.000262735
0.0631739
-6.57013e-05
0.0630814
0.000155365
0.0629196
0.000413005
0.0626784
0.000718423
0.0623448
0.00107648
0.0619034
0.00149561
0.061337
0.00198364
0.0606234
0.00255643
0.0597414
0.00321818
0.0586533
0.00401363
0.0573467
0.00488671
0.00611094
0.0646213
-0.000913141
0.0647131
-0.000904333
0.0647948
-0.000865132
0.064861
-0.000796617
0.0649057
-0.00069748
0.0649223
-0.00056722
0.0649037
-0.000403386
0.0648415
-0.000200503
0.0647285
4.72922e-05
0.0645619
0.000321877
0.0643235
0.000651422
0.0640029
0.00103903
0.0635876
0.00149181
0.0630614
0.00202185
0.0624076
0.00263741
0.0616022
0.0033618
0.0606264
0.004194
0.0594362
0.00520382
0.0580291
0.00629384
0.00787261
0.067094
-0.000914778
0.0670929
-0.000903249
0.06708
-0.000852226
0.0670501
-0.000766741
0.0669974
-0.000644782
0.0669158
-0.000485565
0.0667978
-0.00028545
0.066631
-3.36099e-05
0.0664257
0.000252584
0.0661534
0.000594138
0.0658089
0.000995921
0.0653801
0.00146782
0.0648545
0.00201746
0.0642145
0.00266178
0.063445
0.00340697
0.0625182
0.00428858
0.0614196
0.00529263
0.0600953
0.00652807
0.0585577
0.00783141
0.00979444
0.0698442
-0.000795076
0.0697177
-0.000776702
0.0695772
-0.000711737
0.0694182
-0.000607791
0.0692357
-0.000462212
0.069022
-0.000271934
0.0687702
-3.36612e-05
0.068481
0.000255644
0.0681356
0.000597948
0.0677262
0.0010036
0.0672433
0.00147876
0.0666739
0.0020372
0.0660066
0.00268486
0.0652214
0.00344693
0.0643067
0.0043217
0.0632291
0.00536612
0.0619831
0.00653864
0.0604972
0.00801398
0.0587907
0.00953791
0.0119385
0.0727902
-0.000518494
0.0725007
-0.000487211
0.0721942
-0.000405179
0.0718677
-0.000281328
0.0715191
-0.000113639
0.0711409
0.000106275
0.0707243
0.000382941
0.0702632
0.000716756
0.0697474
0.0011138
0.0691664
0.0015846
0.0685111
0.00213402
0.0677666
0.00278166
0.0669235
0.00352804
0.0659577
0.00441265
0.0648637
0.00541578
0.0635986
0.0066312
0.0621761
0.00796114
0.0605022
0.00968782
0.0586556
0.0113845
0.0142352
0.0758674
-3.91384e-05
0.0753717
8.44341e-06
0.0748573
0.000109265
0.0743243
0.000251636
0.0737672
0.000443479
0.0731804
0.000693044
0.0725592
0.00100417
0.0718925
0.00138351
0.0711719
0.00183432
0.0703854
0.00237114
0.0695245
0.00299492
0.0685713
0.00373487
0.0675209
0.00457847
0.0663415
0.00559199
0.065041
0.00671631
0.0635482
0.00812403
0.0619143
0.00959504
0.0599582
0.0116439
0.0579085
0.0134342
0.0168209
0.0790617
0.000745187
0.0782864
0.000783789
0.077512
0.000883692
0.0767265
0.00103708
0.0759222
0.00124781
0.0750917
0.00152354
0.0742276
0.00186832
0.0733195
0.00229159
0.0723592
0.00279457
0.0713337
0.00339662
0.0702366
0.00409205
0.0690483
0.0049232
0.0677711
0.00585562
0.0663688
0.0069943
0.0648772
0.00820795
0.0632071
0.00979414
0.0615116
0.0112905
0.0594891
0.0136663
0.0576503
0.0152731
0.0196976
0.076078
0.000733994
0.0760695
0.00079237
0.0760615
0.000891652
0.0760554
0.00104313
0.0760513
0.00125194
0.0760495
0.00152538
0.0760523
0.00186552
0.076061
0.00228281
0.0760809
0.00277467
0.0761136
0.00336397
0.0761717
0.00403397
0.0762548
0.00484005
0.0763943
0.00571617
0.0765768
0.00681179
0.0768833
0.00790145
0.0772512
0.00942625
0.0779028
0.0106389
0.0786792
0.0128899
0.0802786
0.0136736
0.0171093
0.0828668
0.0793021
0.000742223
0.0792958
0.000798687
0.079295
0.000892455
0.0793002
0.00103798
0.0793114
0.00124069
0.0793292
0.0015076
0.0793562
0.0018385
0.0793949
0.00224415
0.0794512
0.0027184
0.0795288
0.00328637
0.07964
0.0039228
0.0797899
0.0046901
0.0800031
0.00550293
0.0802866
0.00652832
0.0806863
0.00750179
0.0812258
0.00888668
0.0819664
0.00989841
0.0830443
0.0118119
0.0842404
0.0124776
0.0152612
0.0860884
0.0826766
0.000766899
0.0826737
0.000801613
0.0826794
0.000886689
0.0826942
0.00102321
0.0827183
0.00121661
0.0827526
0.00147329
0.0828002
0.00179092
0.0828643
0.00218005
0.082951
0.00263169
0.0830657
0.00317159
0.0832192
0.00376937
0.0834209
0.00448837
0.0836876
0.00523628
0.0840399
0.00617594
0.0844954
0.00704639
0.085113
0.00826908
0.0858598
0.00915153
0.0869163
0.0107554
0.0879924
0.0114016
0.0135292
0.0897245
0.0861374
0.000768323
0.0861418
0.000797208
0.0861549
0.000873584
0.0861789
0.000999279
0.0862147
0.0011808
0.0862637
0.00142424
0.0863292
0.00172547
0.086415
0.00209426
0.086527
0.00251963
0.086672
0.0030266
0.0868588
0.00358259
0.0870994
0.00424779
0.0874045
0.00493112
0.0877995
0.00578094
0.0882866
0.00655936
0.0889255
0.00763011
0.0896672
0.00840984
0.090665
0.00975764
0.0917306
0.010336
0.0120282
0.0932316
0.0896339
0.00075773
0.0896469
0.000784275
0.0896676
0.000852828
0.0897002
0.000966712
0.0897465
0.00113445
0.0898084
0.00136234
0.0898891
0.0016448
0.0899929
0.00199048
0.0901255
0.00238704
0.0902941
0.002858
0.0905062
0.00337048
0.0907742
0.00397974
0.0911055
0.00459983
0.091524
0.00536249
0.0920269
0.00605637
0.0926646
0.00699249
0.0933981
0.00767635
0.0943381
0.00881757
0.0953591
0.00931501
0.0107213
0.096666
0.0931194
0.000741356
0.0931395
0.000764184
0.0931676
0.00082467
0.0932082
0.000926095
0.0932638
0.00107885
0.0933366
0.0012896
0.0934297
0.00155167
0.0935478
0.00187238
0.0936962
0.0022386
0.0938823
0.00267194
0.0941124
0.00314038
0.0943983
0.00369382
0.0947453
0.00425284
0.0951742
0.00493359
0.0956816
0.00554896
0.0963076
0.00636655
0.097022
0.00696193
0.0979039
0.00793562
0.098858
0.00836097
0.00954703
0.100032
0.0965495
0.000718604
0.0965759
0.000737788
0.0966107
0.000789828
0.0966585
0.000878334
0.0967219
0.00101545
0.0968034
0.0012081
0.0969062
0.00144884
0.0970351
0.00174352
0.097195
0.00207869
0.0973931
0.00247389
0.0976347
0.00289871
0.0979308
0.00339779
0.098285
0.00389856
0.0987154
0.00450322
0.0992181
0.00504625
0.0998253
0.00575933
0.100511
0.00627607
0.101337
0.00711004
0.102224
0.00747408
0.008476
0.103295
0.0998845
0.000689746
0.0999167
0.000705583
0.0999575
0.000749034
0.100011
0.000824467
0.100081
0.000945776
0.100169
0.00111998
0.100279
0.00133899
0.100415
0.00160721
0.100583
0.00191126
0.100788
0.00226863
0.101036
0.00265093
0.101336
0.00309781
0.101691
0.0035436
0.102116
0.00407795
0.102607
0.00455503
0.103191
0.00517554
0.103844
0.00562331
0.104616
0.0063377
0.10544
0.00664968
0.00749534
0.106421
0.103088
0.000655222
0.103126
0.000667919
0.103172
0.000702809
0.103231
0.000765427
0.103305
0.000871325
0.103398
0.00102728
0.103512
0.00122464
0.103653
0.00146644
0.103825
0.00173978
0.104033
0.00206014
0.104283
0.0024015
0.104582
0.00279869
0.104932
0.00319299
0.105348
0.00366254
0.105823
0.00407982
0.106381
0.00461782
0.106999
0.00500509
0.107721
0.00561565
0.108487
0.00588338
0.00659578
0.109387
0.106127
0.000615394
0.10617
0.000624919
0.106221
0.000651315
0.106285
0.000701936
0.106363
0.000793501
0.106458
0.000931904
0.106575
0.001108
0.106717
0.00132374
0.10689
0.00156713
0.107098
0.00185169
0.107346
0.00215391
0.107641
0.00250407
0.107983
0.00285037
0.108386
0.00326022
0.108842
0.0036233
0.109373
0.00408738
0.109956
0.00442131
0.110631
0.00494103
0.111343
0.00517092
0.0057689
0.11217
0.108971
0.000569985
0.10902
0.000575893
0.109077
0.00059407
0.109145
0.000634518
0.109224
0.000713677
0.109321
0.000835582
0.109438
0.000990935
0.10958
0.0011812
0.109752
0.00139563
0.109958
0.0016458
0.110201
0.00191081
0.110488
0.00221659
0.110821
0.00251817
0.111208
0.002873
0.111644
0.0031868
0.112147
0.00358438
0.112698
0.00387096
0.113328
0.00431079
0.113991
0.00450782
0.00500705
0.114753
0.111593
0.000517011
0.111651
0.000518174
0.111715
0.000529726
0.111786
0.000563771
0.111866
0.000633392
0.111962
0.000739886
0.112078
0.000874944
0.112219
0.00104045
0.112387
0.00122711
0.112588
0.00144443
0.112825
0.00167409
0.113104
0.00193801
0.113424
0.00219787
0.113795
0.0025019
0.114211
0.00277067
0.114687
0.00310818
0.115206
0.00335232
0.115795
0.00372155
0.116414
0.00388953
0.00430316
0.117118
0.11397
0.000449608
0.114043
0.000445728
0.114116
0.000456752
0.114188
0.000491269
0.114267
0.000554678
0.114361
0.000646262
0.114474
0.00076127
0.114612
0.000902922
0.114776
0.00106306
0.114971
0.00124898
0.1152
0.00144497
0.115469
0.00166935
0.115777
0.00189012
0.116132
0.00214711
0.116528
0.00237444
0.116979
0.00265744
0.117468
0.00286313
0.11802
0.00316961
0.118598
0.00331143
0.00365051
0.11925
0.116088
0.000349069
0.116183
0.000351115
0.116263
0.000376189
0.116334
0.000420912
0.116408
0.000480057
0.116499
0.000555929
0.116609
0.00065102
0.116742
0.000769855
0.1169
0.000904582
0.117089
0.00106026
0.11731
0.00122395
0.117569
0.00141083
0.117864
0.0015948
0.118203
0.00180801
0.118581
0.00199688
0.119008
0.00223012
0.119471
0.00240057
0.119989
0.00265092
0.120532
0.00276876
0.00304256
0.12114
0.117949
0.00022383
0.118061
0.000239522
0.11814
0.000296955
0.118201
0.00035956
0.11827
0.000411381
0.118357
0.000469343
0.118463
0.000544892
0.118591
0.000641909
0.118743
0.000751814
0.118926
0.000877951
0.119139
0.00101042
0.119388
0.00116161
0.119672
0.00131072
0.119998
0.00148299
0.120358
0.0016359
0.120765
0.00182342
0.121205
0.00196121
0.121694
0.00216102
0.122207
0.00225655
0.00247278
0.122776
0.119556
6.5035e-05
0.119663
0.000132121
0.119715
0.000244725
0.119761
0.000314077
0.119825
0.000347224
0.11991
0.000384474
0.120013
0.000441538
0.120138
0.000517308
0.120287
0.000602352
0.120466
0.000699459
0.120674
0.000801841
0.120917
0.000919173
0.121192
0.00103528
0.121506
0.0011692
0.121853
0.00128835
0.122243
0.00143368
0.122663
0.00154103
0.123129
0.00169497
0.123616
0.0017696
0.00193467
0.124154
0.120966
0.000118238
0.12093
0.000167766
0.120932
0.000242878
0.120973
0.000272679
0.121045
0.000275773
0.121136
0.000293524
0.121242
0.000334865
0.12137
0.000389634
0.121522
0.000450018
0.121702
0.000519475
0.12191
0.000593744
0.12215
0.000679532
0.122421
0.000764773
0.122727
0.000862977
0.123065
0.000950626
0.123441
0.00105701
0.123846
0.00113601
0.124293
0.00124799
0.12476
0.00130292
0.00142196
0.125273
0.122054
0.000390278
0.121859
0.000362919
0.121797
0.00030466
0.121851
0.000219086
0.121944
0.000182274
0.122048
0.000189705
0.122167
0.000216604
0.122305
0.00025073
0.122467
0.000288324
0.122653
0.000333347
0.122864
0.000382769
0.123104
0.000440078
0.123371
0.000497041
0.123672
0.000562336
0.124002
0.000620761
0.124368
0.000691156
0.12476
0.000743705
0.125191
0.000817031
0.125641
0.000853071
0.000929581
0.126133
0.122597
0.000855247
0.122361
0.000598348
0.122388
0.000278366
0.122501
0.000105859
0.122629
5.40491e-05
0.122755
6.41886e-05
0.122883
8.79639e-05
0.123028
0.000106448
0.12319
0.000125662
0.123374
0.000150119
0.123579
0.000177372
0.123811
0.000208194
0.124069
0.000238337
0.12436
0.000272231
0.124678
0.000302418
0.125031
0.000338308
0.125409
0.000365113
0.125824
0.000401976
0.126258
0.000419533
0.000455119
0.126732
0.122293
0.122891
0.12317
0.123275
0.123329
0.123394
0.123482
0.123588
0.123714
0.123864
0.124041
0.124249
0.124488
0.12476
0.125062
0.125401
0.125766
0.126168
0.126587
0.127042
0.0831064
-0.050124
0.0838124
-0.0471816
0.0845705
-0.0428156
0.0852185
-0.0374683
0.0858775
-0.0314951
0.0866102
-0.0248188
0.0874646
-0.0174931
0.0884881
-0.00963389
0.0896862
-0.00143035
0.00746348
0.0866884
-0.050724
0.0868937
-0.0473869
0.0872024
-0.0431243
0.0874841
-0.03775
0.087754
-0.0317649
0.0881249
-0.0251897
0.0886734
-0.0180416
0.0894024
-0.0103629
0.0903264
-0.00235433
0.00620854
0.089901
-0.0509005
0.0897036
-0.0471894
0.089564
-0.0429847
0.0895373
-0.0377233
0.0895455
-0.0317731
0.0896541
-0.0252983
0.0899495
-0.018337
0.0904536
-0.010867
0.0912037
-0.00310438
0.00513624
0.0929653
-0.0506342
0.0924778
-0.0467019
0.0919723
-0.0424793
0.0916082
-0.0373592
0.0913411
-0.0315061
0.0911973
-0.0251544
0.0912544
-0.0183941
0.0915664
-0.011179
0.0921417
-0.00367969
0.00420664
0.0959723
-0.0499405
0.0951706
-0.0459002
0.0943323
-0.041641
0.0936335
-0.0366604
0.0930916
-0.0309641
0.0927173
-0.0247801
0.0925608
-0.0182377
0.0926934
-0.0113116
0.0931172
-0.00410356
0.00340332
0.0989131
-0.0488215
0.0977703
-0.0447574
0.0966195
-0.0404902
0.0956081
-0.0356489
0.0947965
-0.0301526
0.0942021
-0.0241856
0.0938522
-0.0178878
0.0938183
-0.0112778
0.0941075
-0.00439275
0.00271578
0.10176
-0.0472863
0.100266
-0.0432635
0.0988128
-0.0390373
0.097512
-0.0343481
0.0964435
-0.0290842
0.0956372
-0.0233794
0.0951113
-0.0173619
0.094924
-0.0110904
0.0950935
-0.00456227
0.00213427
0.104485
-0.0453502
0.102644
-0.0414223
0.100898
-0.037291
0.0993286
-0.0327792
0.0980202
-0.0277758
0.0970125
-0.0223717
0.096324
-0.0166734
0.0959966
-0.010763
0.0960581
-0.00462376
0.00164728
0.107068
-0.0430312
0.104891
-0.0392458
0.102862
-0.0352621
0.101044
-0.030961
0.0995143
-0.0262458
0.0983181
-0.0211755
0.0974783
-0.0158336
0.097024
-0.0103087
0.0969867
-0.00458647
0.00124275
0.109489
-0.0403498
0.106994
-0.0367513
0.104697
-0.032965
0.102648
-0.0289115
0.100915
-0.0245128
0.0995449
-0.0198057
0.0985646
-0.0148532
0.0979955
-0.00973962
0.0978678
-0.00445877
0.000909889
0.111733
-0.0373298
0.108941
-0.0339597
0.106393
-0.0304168
0.10413
-0.0266487
0.102212
-0.0225948
0.100684
-0.0182779
0.099575
-0.0137437
0.0989024
-0.00906702
0.0986927
-0.00424904
0.000639793
0.113785
-0.0339976
0.110721
-0.030895
0.107941
-0.0276376
0.105484
-0.0241912
0.103399
-0.02051
0.101729
-0.0166081
0.100503
-0.0125172
0.0997371
-0.00830124
0.0994538
-0.00396574
0.000425019
0.115635
-0.0303825
0.112324
-0.0275834
0.109336
-0.0246497
0.106703
-0.0215587
0.10447
-0.0182765
0.102674
-0.014812
0.101343
-0.0111862
0.100494
-0.00745228
0.100145
-0.00361723
0.000259011
0.117274
-0.0265162
0.113743
-0.0240532
0.11057
-0.0214768
0.107783
-0.0187715
0.105419
-0.0159125
0.103513
-0.0129055
0.10209
-0.00976358
0.101168
-0.00653002
0.100762
-0.00321165
0.000135718
0.118693
-0.0224326
0.114974
-0.0203344
0.111641
-0.0181441
0.108721
-0.0158508
0.106245
-0.0134362
0.104243
-0.0109042
0.102742
-0.00826213
0.101756
-0.00554421
0.101301
-0.00275682
4.93934e-05
0.119889
-0.0181674
0.116013
-0.016458
0.112547
-0.0146779
0.109514
-0.0128184
0.106944
-0.010866
0.104863
-0.00882354
0.103296
-0.00669443
0.102256
-0.00450492
0.101759
-0.00225955
-5.57421e-06
0.120862
-0.0137566
0.116859
-0.0124552
0.113285
-0.0111041
0.110163
-0.00969569
0.107516
-0.00821978
0.105371
-0.0066783
0.103749
-0.00507244
0.102666
-0.00342205
0.102137
-0.00172988
-2.90848e-05
0.121612
-0.00923517
0.117513
-0.00835643
0.113857
-0.00744858
0.110666
-0.00650379
0.107961
-0.00551473
0.105765
-0.0044827
0.1041
-0.00340801
0.102982
-0.00230393
0.102424
-0.00117195
-3.31721e-05
0.122134
-0.0046363
0.11797
-0.00419256
0.114259
-0.00373762
0.111019
-0.00326423
0.108273
-0.00276843
0.106041
-0.00225118
0.104346
-0.00171278
0.103202
-0.00115932
0.102622
-0.000591941
-2.46622e-05
0.122406
0.118214
0.114476
0.111212
0.108443
0.106192
0.104479
0.10332
0.102728
)
;

boundaryField
{
    bottom
    {
        type            symmetryPlane;
        value           uniform 0;
    }
    right
    {
        type            calculated;
        value           nonuniform List<scalar> 
30
(
0.000256024
0.00658049
0.0172954
0.0310831
0.0464438
0.0620392
0.0766208
0.0889788
0.0982288
0.104381
0.0989537
0.101374
0.103189
0.104709
0.106075
0.10737
0.10863
0.109859
0.111048
0.112183
0.113251
0.114238
0.115135
0.115934
0.116629
0.117214
0.117687
0.118043
0.118281
0.1184
)
;
    }
    top
    {
        type            symmetryPlane;
        value           uniform 0;
    }
    left
    {
        type            calculated;
        value           nonuniform List<scalar> 
30
(
-0.0588948
-0.0594723
-0.060653
-0.062357
-0.0645297
-0.0670924
-0.0699639
-0.0730668
-0.0763468
-0.0798461
-0.0760669
-0.0793104
-0.0827013
-0.0861388
-0.0896233
-0.093103
-0.0965267
-0.0998556
-0.103053
-0.106087
-0.108926
-0.11154
-0.113903
-0.115988
-0.117824
-0.119397
-0.121019
-0.122326
-0.123062
-0.121438
)
;
    }
    cylinder
    {
        type            calculated;
        value           uniform 0;
    }
    defaultFaces
    {
        type            empty;
        value           nonuniform 0();
    }
}


// ************************************************************************* //
