/*--------------------------------*- C++ -*----------------------------------*\
| =========                 |                                                 |
| \\      /  F ield         | OpenFOAM: The Open Source CFD Toolbox           |
|  \\    /   O peration     | Version:  4.1                                   |
|   \\  /    A nd           | Web:      www.OpenFOAM.org                      |
|    \\/     M anipulation  |                                                 |
\*---------------------------------------------------------------------------*/
FoamFile
{
    version     2.0;
    format      ascii;
    class       volVectorField;
    location    "11.6";
    object      U;
}
// * * * * * * * * * * * * * * * * * * * * * * * * * * * * * * * * * * * * * //

dimensions      [0 1 -1 0 0 0 0];

internalField   nonuniform List<vector> 
2000
(
(-0.0289952 0.0246415 -9.71506e-21)
(-0.00986307 0.0291379 0)
(0.0751084 0.0209771 -2.1845e-20)
(0.213622 0.0101283 -1.13164e-20)
(0.392291 0.00293543 2.12098e-20)
(0.592921 0.00163742 3.24204e-20)
(0.797869 0.00677931 -1.02757e-20)
(0.986876 0.0140078 0)
(1.17354 0.0281962 9.82935e-21)
(1.29051 0.0391019 0)
(-0.0244254 0.0190475 4.98362e-21)
(0.0272463 0.0124178 -5.67576e-21)
(0.164023 0.000986568 1.86215e-20)
(0.36273 -0.00659377 2.99081e-20)
(0.595272 -0.00590406 -7.2469e-22)
(0.831248 0.00235801 -1.10653e-20)
(1.04728 0.0153689 9.62752e-21)
(1.23035 0.0282302 9.96964e-21)
(1.38224 0.0431445 -9.82872e-21)
(1.47573 0.0451789 -1.91783e-20)
(-0.0135278 0.0116126 -3.67614e-21)
(0.0853842 -0.0057052 3.44335e-21)
(0.287172 -0.0156151 -9.2235e-21)
(0.54796 -0.0140756 -1.20917e-21)
(0.819387 -0.00194303 -9.88199e-21)
(1.06349 0.0156822 -1.00101e-20)
(1.26167 0.03352 -1.00362e-20)
(1.41138 0.0476577 -9.9693e-21)
(1.51957 0.0579512 -1.00354e-20)
(1.59623 0.0598346 1.00341e-20)
(0.00594125 0.00276051 -5.91407e-22)
(0.168214 -0.0224884 2.25273e-21)
(0.442461 -0.0240111 0)
(0.753064 -0.00855919 -9.81525e-21)
(1.03556 0.0147979 7.88314e-21)
(1.25819 0.0377416 0)
(1.41786 0.0554406 0)
(1.52625 0.0659916 0)
(1.60222 0.0719221 1.00358e-20)
(1.65236 0.070347 -2.05435e-20)
(0.0360924 -0.00639481 -3.05852e-22)
(0.276708 -0.0335785 -4.05421e-23)
(0.619589 -0.0196289 -1.92368e-21)
(0.954422 0.0105932 -4.21246e-21)
(1.21836 0.040832 -3.64234e-21)
(1.40079 0.063549 -4.32274e-21)
(1.51825 0.0770327 0)
(1.59441 0.0828886 -5.22007e-21)
(1.6483 0.0842053 2.74939e-20)
(1.69269 0.0799012 -3.71314e-20)
(0.0783843 -0.0139911 -2.75836e-21)
(0.407201 -0.0339214 1.50982e-21)
(0.801282 -0.000350763 3.95495e-21)
(1.13075 0.040887 -4.70956e-21)
(1.35656 0.0720676 1.16689e-20)
(1.49526 0.0903491 -3.21267e-21)
(1.57858 0.0982173 0)
(1.63356 0.0993832 5.22046e-21)
(1.67789 0.0969528 -5.4828e-21)
(1.71927 0.0916879 -2.48386e-20)
(0.132977 -0.0175785 0)
(0.550582 -0.0195893 0)
(0.969539 0.032813 1.30971e-21)
(1.27081 0.07889 -1.21924e-21)
(1.45205 0.106085 4.03432e-21)
(1.55286 0.117811 -3.78765e-21)
(1.61208 0.119817 -1.13667e-20)
(1.6553 0.116729 1.07441e-20)
(1.69513 0.111297 1.29793e-20)
(1.73632 0.104896 -6.18193e-21)
(0.198135 -0.0145774 2.53089e-21)
(0.694122 0.0106771 0)
(1.1119 0.0771115 1.02467e-21)
(1.37291 0.121929 -3.66254e-21)
(1.51188 0.141886 4.56893e-21)
(1.58339 0.146138 0)
(1.62723 0.142454 0)
(1.66441 0.135428 0)
(1.70306 0.127324 1.45515e-20)
(1.74478 0.119882 -1.38321e-20)
(0.270029 -0.00296504 -1.44381e-21)
(0.825308 0.05536 -2.74378e-22)
(1.22269 0.129494 -1.17977e-22)
(1.44013 0.168145 -6.411e-22)
(1.54315 0.178903 -5.63768e-22)
(1.59372 0.175423 -2.38871e-21)
(1.62849 0.166292 0)
(1.66314 0.155546 2.01021e-21)
(1.70169 0.145032 1.04208e-20)
(1.74381 0.135945 -7.87832e-21)
(0.343243 0.0181996 0)
(0.934991 0.111224 -7.43792e-22)
(1.3008 0.187047 0)
(1.47696 0.216104 1.07356e-22)
(1.5515 0.21663 1.14274e-22)
(1.58801 0.205474 1.46423e-21)
(1.61792 0.191094 0)
(1.65182 0.176712 -2.01041e-21)
(1.6908 0.163751 -2.13208e-21)
(1.73346 0.152492 -2.43992e-21)
(-0.00555949 0.00554152 0)
(-0.0233892 0.0108655 2.00175e-21)
(-0.0498488 0.0131162 0)
(-0.0764277 0.0138789 2.49964e-21)
(-0.101194 0.0139381 7.56109e-22)
(-0.123874 0.01375 -1.39457e-21)
(-0.144597 0.0135859 1.31334e-21)
(-0.163713 0.0135979 -1.19189e-21)
(-0.181735 0.013893 -1.99831e-23)
(-0.199436 0.0145688 -1.02294e-21)
(-0.00661235 0.0159557 6.43375e-21)
(-0.0243214 0.0314429 -3.99204e-21)
(-0.0489497 0.0380737 3.58221e-21)
(-0.0729345 0.040296 -1.66034e-21)
(-0.0945991 0.0403796 -7.55706e-21)
(-0.113703 0.0396701 2.82506e-21)
(-0.130379 0.0389849 0)
(-0.144925 0.0388142 1.18789e-21)
(-0.157733 0.0395093 1.09341e-21)
(-0.169923 0.0413729 0)
(-0.00856836 0.0245129 -4.29301e-21)
(-0.0261847 0.0487958 0)
(-0.0475406 0.0593774 -1.06477e-20)
(-0.0668044 0.062835 1.30626e-20)
(-0.0827652 0.0626807 -3.04031e-21)
(-0.0952938 0.0610487 0)
(-0.104552 0.0592853 0)
(-0.110795 0.058287 0)
(-0.114138 0.0587573 -8.66714e-21)
(-0.115915 0.0613081 8.23719e-21)
(-0.0111546 0.0304998 0)
(-0.0289301 0.0614803 7.56711e-21)
(-0.0461923 0.0751748 -1.39573e-20)
(-0.059275 0.0794352 6.46782e-21)
(-0.0676466 0.0786581 -5.91212e-21)
(-0.0714082 0.0755682 1.64997e-20)
(-0.0708091 0.0719317 -1.52387e-22)
(-0.0661651 0.0690405 -9.6068e-21)
(-0.057307 0.0681453 -8.83124e-21)
(-0.0444722 0.0708994 1.26337e-20)
(-0.0141128 0.0338314 -8.08534e-21)
(-0.0324114 0.0688763 1.47377e-20)
(-0.0452461 0.0843852 -5.89034e-23)
(-0.0511705 0.0887574 5.18975e-23)
(-0.0504965 0.08691 -5.87656e-21)
(-0.0436884 0.0819082 1.65569e-20)
(-0.0311491 0.0757184 0)
(-0.0133398 0.0698112 4.87976e-21)
(0.0101453 0.0660336 -4.62823e-21)
(0.0408287 0.0680877 1.68129e-20)
(-0.0172888 0.0349394 -1.50196e-22)
(-0.0362913 0.0711475 -1.44984e-20)
(-0.0443362 0.0867313 -6.76656e-21)
(-0.0419498 0.090239 -6.14809e-21)
(-0.030313 0.0868501 -5.88654e-21)
(-0.0103063 0.0797774 -5.51265e-21)
(0.0174563 0.0709787 0)
(0.0522078 0.0617709 -4.87949e-21)
(0.0941127 0.0540237 -1.43202e-20)
(0.149977 0.0541216 4.24119e-21)
(-0.0206361 0.034521 2.57274e-23)
(-0.0398656 0.0689846 -6.94541e-21)
(-0.0418826 0.0826229 0)
(-0.028779 0.0840364 1.26097e-20)
(-0.00244936 0.0786105 -1.16453e-20)
(0.0358619 0.0696547 0)
(0.0852799 0.0591445 0)
(0.144464 0.0481875 0)
(0.210416 0.036969 9.76902e-21)
(0.30497 0.0356584 1.77234e-20)
(-0.0240937 0.0332072 7.10623e-21)
(-0.0418042 0.0632503 -6.65662e-21)
(-0.0345986 0.0729004 -1.25655e-20)
(-0.00584571 0.0709616 2.03709e-22)
(0.0420928 0.0631161 -1.16314e-20)
(0.107379 0.0528331 -1.11768e-20)
(0.188253 0.0422372 -1.07456e-20)
(0.282255 0.0328315 -1.03518e-20)
(0.378541 0.0209031 -9.76795e-21)
(0.524943 0.0225638 9.83769e-21)
(-0.0272892 0.031243 1.9396e-20)
(-0.0398766 0.0545994 6.77314e-21)
(-0.0172934 0.0586139 2.51259e-20)
(0.0355981 0.0525842 1.21341e-20)
(0.115693 0.0426256 1.6857e-22)
(0.21932 0.0323146 1.13735e-20)
(0.341875 0.0238343 -1.06561e-20)
(0.477346 0.0191946 1.03506e-20)
(0.608876 0.0114725 -9.98842e-21)
(0.798586 0.0215884 1.92686e-20)
(-0.0293501 0.0285383 -1.26711e-20)
(-0.0306535 0.0432668 0)
(0.0168204 0.0408735 -1.20677e-20)
(0.10582 0.0312573 7.79041e-23)
(0.230456 0.0209016 3.759e-22)
(0.382119 0.0132026 -1.13055e-20)
(0.550722 0.0101091 3.18631e-20)
(0.722082 0.0114354 0)
(0.890541 0.0138598 9.98697e-21)
(1.07589 0.0317498 0)
(-0.21734 0.015461 0)
(-0.23646 0.0154138 8.75294e-22)
(-0.255308 0.0150767 -1.70916e-21)
(-0.27379 0.014636 7.32717e-22)
(-0.291834 0.0140968 0)
(-0.309301 0.01345 -6.71555e-22)
(-0.326044 0.0126919 6.74882e-22)
(-0.341911 0.0118232 0)
(-0.356747 0.0108492 0)
(-0.370406 0.00978043 -5.78117e-23)
(-0.382749 0.00863263 0)
(-0.393658 0.00742765 0)
(-0.403043 0.00619371 0)
(-0.410857 0.00496569 0)
(-0.417098 0.00378537 4.22506e-23)
(-0.421817 0.00270135 -4.24695e-23)
(-0.42513 0.00176436 0)
(-0.427272 0.00100566 7.10521e-24)
(-0.428599 0.000411244 -7.14258e-24)
(-0.429314 -2.2017e-06 0)
(-0.183624 0.0439734 0)
(-0.200601 0.0440662 -2.24653e-22)
(-0.217329 0.0433436 0)
(-0.23389 0.0423219 -3.01032e-21)
(-0.250354 0.0410105 2.93637e-21)
(-0.266593 0.0393779 -1.74905e-22)
(-0.282461 0.0374082 1.21835e-21)
(-0.297808 0.0350972 -2.46655e-21)
(-0.31248 0.032454 1.94831e-21)
(-0.326317 0.0295021 -1.0361e-21)
(-0.339164 0.0262807 -7.33983e-22)
(-0.350868 0.0228473 1.27308e-21)
(-0.361299 0.0192793 -6.21955e-22)
(-0.37035 0.0156771 -2.60475e-22)
(-0.377953 0.0121655 2.0578e-22)
(-0.384077 0.00889392 -3.25154e-23)
(-0.388786 0.00602685 -2.29257e-23)
(-0.392329 0.00370207 -2.44286e-23)
(-0.395012 0.00195654 2.45469e-23)
(-0.396598 0.000813519 -1.56108e-24)
(-0.122245 0.065591 2.3648e-22)
(-0.134921 0.0662533 2.25048e-22)
(-0.147389 0.065829 2.16446e-22)
(-0.159907 0.0649921 0)
(-0.172845 0.0637056 3.28825e-21)
(-0.186125 0.0619061 -2.5686e-21)
(-0.199615 0.0595549 0)
(-0.213192 0.0566298 2.90413e-22)
(-0.226723 0.0531261 1.29148e-22)
(-0.24006 0.0490592 -1.45006e-21)
(-0.253042 0.0444673 2.54863e-22)
(-0.265497 0.0394167 1.59838e-21)
(-0.277248 0.0340075 6.61914e-23)
(-0.288117 0.0283818 5.53153e-23)
(-0.297929 0.0227304 3.95599e-23)
(-0.306517 0.0173001 -7.02247e-23)
(-0.313796 0.0123885 7.75352e-23)
(-0.319944 0.00832686 6.73395e-23)
(-0.325235 0.0053922 6.98135e-24)
(-0.32875 0.00369011 -1.85361e-24)
(-0.0417126 0.0763614 7.23386e-21)
(-0.0488501 0.0782001 -3.41577e-22)
(-0.0554347 0.0788412 -6.06232e-22)
(-0.0620842 0.078999 -6.80732e-21)
(-0.0695728 0.0786552 -5.82841e-22)
(-0.0779162 0.0776894 -1.76379e-22)
(-0.087023 0.0760168 4.59984e-21)
(-0.0968231 0.07359 -2.88679e-21)
(-0.107247 0.0703796 -2.21003e-21)
(-0.118211 0.0663717 1.78726e-21)
(-0.129609 0.0615738 -2.6706e-22)
(-0.141309 0.0560238 -1.65474e-21)
(-0.153156 0.0497985 -6.56413e-23)
(-0.164965 0.043026 -4.50784e-22)
(-0.176517 0.0358989 3.12395e-22)
(-0.187536 0.0287046 1.71684e-22)
(-0.197738 0.021831 -1.60091e-22)
(-0.207094 0.0158117 0)
(-0.215862 0.011356 -6.34646e-24)
(-0.222554 0.00904781 1.93568e-25)
(0.0530164 0.0750709 -1.64239e-20)
(0.0522937 0.078709 6.91175e-21)
(0.0511175 0.080662 -7.4044e-21)
(0.0505481 0.0821327 0)
(0.0492704 0.0832555 3.91955e-22)
(0.0469209 0.0837964 5.63029e-21)
(0.0435465 0.0835791 -2.0746e-22)
(0.0391803 0.0825322 -5.57339e-22)
(0.0338066 0.0806142 -4.55965e-21)
(0.0274063 0.0777823 -2.28058e-22)
(0.0199817 0.0740053 0)
(0.0115604 0.0692779 1.60383e-22)
(0.00219751 0.0636266 0)
(-0.00802959 0.0571156 9.90545e-23)
(-0.0189915 0.049868 0)
(-0.0304737 0.0420914 0)
(-0.0421561 0.0341053 -3.03291e-23)
(-0.0537846 0.0264245 1.25596e-23)
(-0.065597 0.020026 -7.36423e-24)
(-0.0763768 0.0164438 -2.82693e-24)
(0.169443 0.0640952 0)
(0.173257 0.0698243 4.83322e-22)
(0.175053 0.0728798 1.4721e-20)
(0.178503 0.0754146 -1.42609e-20)
(0.18206 0.0779217 4.30307e-22)
(0.184743 0.0800085 0)
(0.18652 0.0813756 5.37865e-21)
(0.187461 0.0819488 -9.85509e-21)
(0.187493 0.0816975 5.09969e-21)
(0.186487 0.080561 2.55603e-22)
(0.184337 0.0784766 2.1776e-22)
(0.18096 0.0754066 1.80446e-22)
(0.176289 0.0713422 0)
(0.170269 0.0663009 -6.00698e-22)
(0.162874 0.0603447 1.27987e-21)
(0.154126 0.0535812 -4.88969e-22)
(0.144144 0.0461856 3.01296e-23)
(0.133134 0.0384105 1.28568e-23)
(0.120879 0.0308593 3.62118e-24)
(0.10732 0.0255603 -3.66218e-24)
(0.32696 0.0490119 -1.82587e-20)
(0.331255 0.05662 0)
(0.331785 0.060079 5.02824e-22)
(0.335279 0.0631144 -9.42936e-22)
(0.34027 0.0665523 -8.83953e-22)
(0.344986 0.0696873 -4.20988e-22)
(0.34925 0.072138 -3.87162e-22)
(0.353228 0.0739078 4.8074e-21)
(0.356821 0.0750041 -5.72981e-21)
(0.359807 0.0753512 -4.43932e-21)
(0.361993 0.0748652 3.68729e-21)
(0.363219 0.0734901 -3.75553e-22)
(0.363328 0.0712003 1.0624e-21)
(0.362169 0.0679919 -3.72041e-22)
(0.359595 0.0638984 -9.64918e-22)
(0.355484 0.0589865 -6.27154e-23)
(0.349743 0.053383 2.66698e-23)
(0.342317 0.0472387 -7.26707e-23)
(0.333307 0.0407046 -3.9556e-23)
(0.320315 0.034802 2.67294e-24)
(0.542114 0.0380967 0)
(0.542732 0.0459198 1.67032e-20)
(0.538618 0.0482187 -1.71346e-20)
(0.538627 0.0509381 4.84352e-22)
(0.541427 0.0546061 9.29471e-22)
(0.544673 0.0579254 4.20623e-22)
(0.548091 0.0605969 7.95119e-22)
(0.551912 0.0628073 0)
(0.556006 0.0645805 3.114e-22)
(0.560092 0.0657988 2.72398e-22)
(0.563938 0.0663581 2.55515e-22)
(0.567364 0.0661902 4.10484e-22)
(0.570171 0.0652624 0)
(0.572169 0.0635525 0)
(0.573148 0.0610921 8.97483e-23)
(0.572916 0.0579196 5.81295e-22)
(0.571342 0.0541841 -4.05002e-22)
(0.568005 0.049975 2.80957e-23)
(0.563797 0.0457417 2.54204e-23)
(0.554478 0.0408602 -1.01104e-23)
(0.806605 0.0384431 -2.00721e-20)
(0.802886 0.043048 0)
(0.79576 0.0425151 0)
(0.79309 0.0445357 1.61203e-20)
(0.793041 0.0476486 -1.37759e-21)
(0.793483 0.0500866 -2.9015e-20)
(0.794372 0.0519921 1.35122e-20)
(0.795953 0.0537249 0)
(0.79807 0.0552702 0)
(0.800496 0.056485 0)
(0.803066 0.0572795 -1.1412e-22)
(0.805677 0.0575762 -3.30236e-22)
(0.808162 0.0573424 -2.65688e-21)
(0.810378 0.0565163 2.55958e-21)
(0.812123 0.0551532 -7.78855e-22)
(0.813196 0.0532027 6.99655e-22)
(0.813551 0.0509427 0)
(0.812517 0.0481577 -7.95656e-24)
(0.811407 0.0458928 -1.1931e-23)
(0.806216 0.0426944 0)
(1.09012 0.0416596 2.92066e-22)
(1.09126 0.0385938 1.79276e-20)
(1.08926 0.0375155 -1.77413e-20)
(1.08802 0.0404028 0)
(1.08604 0.0436073 -1.56986e-20)
(1.0833 0.0461761 3.02401e-20)
(1.08063 0.0484951 -1.45528e-20)
(1.07844 0.0506507 0)
(1.07669 0.0524991 -5.55602e-21)
(1.07536 0.05391 1.04035e-20)
(1.07439 0.0548567 -4.9902e-21)
(1.07381 0.0552729 1.15739e-22)
(1.07349 0.0551928 0)
(1.07339 0.0545246 2.4463e-21)
(1.07334 0.053443 -3.25583e-21)
(1.0732 0.0517688 9.00666e-22)
(1.07297 0.0500235 4.46747e-22)
(1.07205 0.0476693 -3.2811e-22)
(1.07148 0.046106 -1.31934e-22)
(1.06875 0.04369 0)
(1.41148 0.047743 0)
(1.39158 0.0447419 0)
(1.37795 0.0438649 0)
(1.36656 0.04443 0)
(1.35622 0.0454454 0)
(1.34716 0.0466475 0)
(1.33957 0.0479513 0)
(1.33339 0.049206 0)
(1.32832 0.050328 0)
(1.32422 0.0512111 0)
(1.32087 0.0518525 0)
(1.31822 0.052128 0)
(1.31608 0.0521227 0)
(1.31441 0.051655 0)
(1.31301 0.0510002 0)
(1.31179 0.0498128 0)
(1.31073 0.0487535 0)
(1.30935 0.0470745 0)
(1.3085 0.0461743 0)
(1.30633 0.0445008 0)
(1.56089 0.055848 0)
(1.55411 0.0566769 0)
(1.54968 0.0567365 0)
(1.54553 0.0563579 0)
(1.54098 0.0560808 0)
(1.53646 0.0560476 0)
(1.53235 0.0561903 0)
(1.52884 0.0563486 0)
(1.52583 0.056477 0)
(1.52333 0.0564524 0)
(1.52118 0.0563151 0)
(1.51945 0.0558933 0)
(1.51794 0.0553435 0)
(1.51672 0.0543944 0)
(1.5156 0.0534367 0)
(1.51457 0.0519777 0)
(1.51362 0.0508334 0)
(1.51238 0.0490487 0)
(1.51161 0.048177 0)
(1.50969 0.0463857 0)
(1.66675 0.0586069 0)
(1.66484 0.058658 0)
(1.66422 0.0586671 0)
(1.66429 0.0582677 0)
(1.66441 0.0578819 0)
(1.66456 0.0576996 0)
(1.66481 0.0577003 0)
(1.66532 0.0577046 0)
(1.66598 0.0576833 0)
(1.66686 0.0574856 0)
(1.66777 0.0572058 0)
(1.66885 0.0566338 0)
(1.66982 0.0560057 0)
(1.67093 0.0549719 0)
(1.67179 0.0540308 0)
(1.67276 0.052565 0)
(1.67333 0.0515228 0)
(1.67402 0.0497815 0)
(1.67423 0.0490239 0)
(1.67459 0.0472421 0)
(1.74904 0.0593608 0)
(1.75004 0.0580597 0)
(1.75135 0.0573233 0)
(1.75334 0.0566169 0)
(1.75579 0.0560226 0)
(1.75849 0.0556214 0)
(1.76133 0.0554333 0)
(1.76441 0.0552883 0)
(1.76758 0.0551763 0)
(1.77097 0.0549157 0)
(1.77428 0.0546304 0)
(1.77779 0.0540774 0)
(1.78099 0.0535373 0)
(1.78445 0.0526147 0)
(1.78731 0.05185 0)
(1.79063 0.0505793 0)
(1.79285 0.0497606 0)
(1.79609 0.0482683 0)
(1.79736 0.0476901 0)
(1.80088 0.0461717 0)
(1.82031 0.0581418 0)
(1.82315 0.0559261 0)
(1.82583 0.0545154 0)
(1.82897 0.0534743 0)
(1.83257 0.0526613 0)
(1.83653 0.0520236 0)
(1.84064 0.0515972 0)
(1.84501 0.0512432 0)
(1.84942 0.0509808 0)
(1.85413 0.0506196 0)
(1.85869 0.0502922 0)
(1.86359 0.0497475 0)
(1.86805 0.0492691 0)
(1.87303 0.0484666 0)
(1.87707 0.0478517 0)
(1.8821 0.0468011 0)
(1.88535 0.0461716 0)
(1.89064 0.044969 0)
(1.89258 0.0445376 0)
(1.89873 0.0433355 0)
(1.89023 0.0552993 0)
(1.89406 0.0526588 0)
(1.89761 0.0508236 0)
(1.90137 0.0494967 0)
(1.90546 0.0484811 0)
(1.90992 0.0476427 0)
(1.91451 0.0470066 0)
(1.91937 0.0464586 0)
(1.92422 0.0460396 0)
(1.92942 0.04557 0)
(1.9344 0.0451749 0)
(1.93986 0.0446183 0)
(1.94475 0.0441574 0)
(1.95041 0.0434428 0)
(1.95487 0.0429171 0)
(1.96078 0.042046 0)
(1.96442 0.0415391 0)
(1.97087 0.040581 0)
(1.97308 0.0402441 0)
(1.98077 0.0393078 0)
(1.96361 0.0515941 0)
(1.96792 0.048853 0)
(1.97191 0.0467918 0)
(1.97594 0.0452364 0)
(1.98013 0.0440317 0)
(1.98466 0.043022 0)
(1.98928 0.0422137 0)
(1.99419 0.0415039 0)
(1.99903 0.0409423 0)
(2.00425 0.0403702 0)
(2.00917 0.0398981 0)
(2.01468 0.0393163 0)
(2.01949 0.0388442 0)
(2.02527 0.0381842 0)
(2.02969 0.0377025 0)
(2.03584 0.0369594 0)
(2.03945 0.0365246 0)
(2.04631 0.0357447 0)
(2.0485 0.0354649 0)
(2.05677 0.0347212 0)
(2.04108 0.047556 0)
(2.0456 0.0448536 0)
(2.0498 0.0426869 0)
(2.05395 0.0409711 0)
(2.05812 0.0396121 0)
(2.06256 0.0384659 0)
(2.06704 0.0375244 0)
(2.07181 0.0366898 0)
(2.07644 0.0360106 0)
(2.08147 0.0353507 0)
(2.08614 0.0348062 0)
(2.09143 0.0341951 0)
(2.09597 0.0337007 0)
(2.10156 0.0330723 0)
(2.10571 0.0326108 0)
(2.11173 0.0319539 0)
(2.11512 0.0315624 0)
(2.1219 0.0309046 0)
(2.12394 0.0306611 0)
(2.13216 0.0300476 0)
(2.12088 0.0433228 0)
(2.12556 0.0407085 0)
(2.12993 0.0385212 0)
(2.13418 0.0367249 0)
(2.13836 0.0352702 0)
(2.14274 0.0340351 0)
(2.14708 0.0330059 0)
(2.15169 0.0320888 0)
(2.15611 0.0313277 0)
(2.16091 0.0306057 0)
(2.16531 0.0300074 0)
(2.17033 0.0293754 0)
(2.17456 0.0288636 0)
(2.17987 0.0282587 0)
(2.18371 0.0278112 0)
(2.18943 0.0272165 0)
(2.19255 0.0268564 0)
(2.19902 0.0262856 0)
(2.2009 0.026069 0)
(2.20873 0.0255472 0)
(2.20054 0.038832 0)
(2.20542 0.0363456 0)
(2.21001 0.0342112 0)
(2.21446 0.0324141 0)
(2.21874 0.0309318 0)
(2.22313 0.0296637 0)
(2.22743 0.0285967 0)
(2.23195 0.0276435 0)
(2.23623 0.0268425 0)
(2.24088 0.0260928 0)
(2.24507 0.0254692 0)
(2.24986 0.0248356 0)
(2.25384 0.0243228 0)
(2.25887 0.0237471 0)
(2.26245 0.0233196 0)
(2.26787 0.0227809 0)
(2.27075 0.0224512 0)
(2.27686 0.0219535 0)
(2.27858 0.0217611 0)
(2.28595 0.021317 0)
(2.27795 0.0339963 0)
(2.28309 0.0316866 0)
(2.28797 0.0296678 0)
(2.29267 0.0279395 0)
(2.29713 0.0264945 0)
(2.30164 0.0252504 0)
(2.30598 0.0241967 0)
(2.3105 0.023255 0)
(2.31474 0.0224581 0)
(2.3193 0.0217194 0)
(2.32337 0.021104 0)
(2.32801 0.0204956 0)
(2.33182 0.0200042 0)
(2.33664 0.0194738 0)
(2.34002 0.0190791 0)
(2.34518 0.0186039 0)
(2.34788 0.0183101 0)
(2.35366 0.017888 0)
(2.35526 0.0177213 0)
(2.36219 0.0173584 0)
(2.35209 0.028777 0)
(2.3575 0.0266918 0)
(2.36265 0.0248414 0)
(2.36762 0.0232398 0)
(2.37229 0.0218896 0)
(2.37693 0.0207231 0)
(2.38134 0.0197317 0)
(2.38589 0.0188477 0)
(2.39012 0.0180975 0)
(2.39463 0.0174091 0)
(2.39863 0.0168358 0)
(2.40315 0.0162829 0)
(2.40683 0.0158368 0)
(2.41147 0.0153735 0)
(2.4147 0.0150269 0)
(2.41961 0.0146305 0)
(2.42218 0.0143808 0)
(2.42765 0.0140468 0)
(2.42916 0.013909 0)
(2.43567 0.0136408 0)
(2.42347 0.0232281 0)
(2.42899 0.0214089 0)
(2.43429 0.0197738 0)
(2.43939 0.0183488 0)
(2.44415 0.0171424 0)
(2.44883 0.0161012 0)
(2.45324 0.0152157 0)
(2.45773 0.014431 0)
(2.46188 0.0137651 0)
(2.46626 0.0131629 0)
(2.47012 0.0126615 0)
(2.47446 0.0121925 0)
(2.47798 0.0118133 0)
(2.48237 0.0114386 0)
(2.48543 0.011154 0)
(2.49005 0.0108532 0)
(2.49245 0.010655 0)
(2.49756 0.0104234 0)
(2.49896 0.0103172 0)
(2.50501 0.0101585 0)
(2.49364 0.0175754 0)
(2.49893 0.0160532 0)
(2.50406 0.0146717 0)
(2.509 0.0134621 0)
(2.51358 0.0124363 0)
(2.51803 0.0115555 0)
(2.52218 0.0108083 0)
(2.52639 0.010154 0)
(2.53024 0.00959958 0)
(2.5343 0.00910936 0)
(2.53785 0.0087011 0)
(2.54182 0.00833574 0)
(2.54501 0.00803746 0)
(2.549 0.0077656 0)
(2.55176 0.00755088 0)
(2.55592 0.00735539 0)
(2.55807 0.007212 0)
(2.56265 0.00708979 0)
(2.5639 0.00701582 0)
(2.5693 0.00697258 0)
(2.56348 0.0122655 0)
(2.56809 0.0110484 0)
(2.57261 0.00993606 0)
(2.57695 0.00895847 0)
(2.58096 0.00812787 0)
(2.58482 0.00742116 0)
(2.58838 0.00682454 0)
(2.59196 0.00631208 0)
(2.59523 0.00587874 0)
(2.59866 0.00550874 0)
(2.60164 0.00519939 0)
(2.60497 0.00494148 0)
(2.60763 0.00472583 0)
(2.61096 0.00455587 0)
(2.61323 0.00440925 0)
(2.6167 0.00431415 0)
(2.61846 0.00422199 0)
(2.62227 0.0042009 0)
(2.62329 0.004156 0)
(2.62776 0.0042167 0)
(2.6312 0.00782194 0)
(2.63477 0.00688726 0)
(2.6383 0.00602913 0)
(2.6417 0.00527194 0)
(2.64479 0.00462623 0)
(2.64774 0.004083 0)
(2.65042 0.00362668 0)
(2.6531 0.00324504 0)
(2.65553 0.00292274 0)
(2.65807 0.0026609 0)
(2.66025 0.00243979 0)
(2.66271 0.00227482 0)
(2.66464 0.00213012 0)
(2.66709 0.00204412 0)
(2.66873 0.00195352 0)
(2.67128 0.0019371 0)
(2.67254 0.00188554 0)
(2.67535 0.00193962 0)
(2.67607 0.00191702 0)
(2.67938 0.00205058 0)
(2.69233 0.00453544 0)
(2.69475 0.00384391 0)
(2.69719 0.00320888 0)
(2.69952 0.00264764 0)
(2.7016 0.00216672 0)
(2.70353 0.00176627 0)
(2.70523 0.00143046 0)
(2.70692 0.00115786 0)
(2.70841 0.000927039 0)
(2.70997 0.000750459 0)
(2.71129 0.000598534 0)
(2.71278 0.000501559 0)
(2.71392 0.000408884 0)
(2.7154 0.000379157 0)
(2.71635 0.000327901 0)
(2.7179 0.000358669 0)
(2.71862 0.000334115 0)
(2.72034 0.00042687 0)
(2.72075 0.000418375 0)
(2.72278 0.000581802 0)
(2.74204 0.00233521 0)
(2.74348 0.00184965 0)
(2.74497 0.00140967 0)
(2.74636 0.00102511 0)
(2.74754 0.000696733 0)
(2.74855 0.000426062 0)
(2.74939 0.000199566 0)
(2.75018 1.96724e-05 0)
(2.75083 -0.000133756 0)
(2.75151 -0.000244178 0)
(2.75205 -0.000341661 0)
(2.75267 -0.000392873 0)
(2.75309 -0.000448115 0)
(2.75369 -0.000447971 0)
(2.75401 -0.000474283 0)
(2.75464 -0.000427218 0)
(2.75487 -0.000436456 0)
(2.75559 -0.000340845 0)
(2.75571 -0.000342056 0)
(2.75657 -0.000190761 0)
(2.77704 0.00107795 0)
(2.77778 0.000748423 0)
(2.77857 0.000463861 0)
(2.77927 0.000227392 0)
(2.77978 3.15648e-05 0)
(2.78012 -0.000122669 0)
(2.78031 -0.000250222 0)
(2.78042 -0.00034895 0)
(2.78046 -0.000433804 0)
(2.78047 -0.000491365 0)
(2.78042 -0.000543577 0)
(2.78038 -0.000565137 0)
(2.78026 -0.000592237 0)
(2.78019 -0.000582231 0)
(2.78005 -0.000593189 0)
(2.77998 -0.000553855 0)
(2.77984 -0.000555593 0)
(2.77979 -0.000485421 0)
(2.7797 -0.000483856 0)
(2.77967 -0.000378024 0)
(2.79518 0.000479712 0)
(2.79554 0.000318487 0)
(2.79597 0.000186148 0)
(2.79631 8.18079e-05 0)
(2.79647 -1.57144e-06 0)
(2.79644 -6.37044e-05 0)
(2.79628 -0.000114272 0)
(2.79602 -0.000152451 0)
(2.79572 -0.000184967 0)
(2.79537 -0.00020701 0)
(2.795 -0.000226806 0)
(2.7946 -0.000235161 0)
(2.7942 -0.00024541 0)
(2.79376 -0.000242087 0)
(2.79337 -0.000246229 0)
(2.79292 -0.000232325 0)
(2.79258 -0.000233027 0)
(2.79211 -0.000208243 0)
(2.79191 -0.000207696 0)
(2.79139 -0.000170522 0)
(1.77905 0.139044 2.38401e-21)
(1.78879 0.127819 0)
(1.78917 0.116367 -4.52712e-22)
(1.78176 0.105052 -1.37561e-20)
(1.76493 0.0941119 2.40674e-20)
(1.74321 0.0845539 0)
(1.7102 0.0747677 2.11672e-20)
(1.66596 0.0695294 0)
(1.62183 0.056963 2.00487e-20)
(1.44085 0.0479455 -3.02495e-22)
(1.83148 0.128175 -2.64776e-21)
(1.83973 0.118942 5.43645e-22)
(1.83921 0.109261 -5.44737e-22)
(1.83085 0.100864 -9.82324e-22)
(1.81578 0.0914815 -1.3069e-20)
(1.79085 0.0854657 -8.04877e-22)
(1.77225 0.0766745 0)
(1.7142 0.0735881 -2.16497e-20)
(1.72176 0.06798 0)
(1.56957 0.0557941 -1.89464e-20)
(1.88972 0.117262 5.42554e-21)
(1.89525 0.109697 0)
(1.89572 0.100969 -5.18962e-22)
(1.88312 0.0945725 -4.03389e-22)
(1.87379 0.0864216 1.38909e-20)
(1.83906 0.0820939 0)
(1.83576 0.0760235 2.41779e-20)
(1.7642 0.0714163 2.2274e-20)
(1.7851 0.0708759 0)
(1.66916 0.0607175 1.87516e-20)
(1.95138 0.107349 -2.44249e-21)
(1.95354 0.100962 1.00472e-20)
(1.95732 0.0934041 0)
(1.93927 0.087925 1.6257e-20)
(1.93687 0.0815235 9.06484e-22)
(1.89373 0.0767204 -1.73864e-21)
(1.89722 0.0733733 -2.32475e-20)
(1.82443 0.067123 -7.65577e-22)
(1.83688 0.0677921 -2.27976e-20)
(1.74748 0.0622902 0)
(2.01431 0.0983064 0)
(2.01358 0.092607 -9.79686e-21)
(2.02091 0.0865771 -1.1043e-20)
(1.99953 0.081252 1.62383e-21)
(2.00136 0.0767617 -1.04851e-21)
(1.95648 0.0712333 -8.76702e-22)
(1.95828 0.0693462 -2.59828e-20)
(1.8927 0.0636462 -1.55383e-21)
(1.89384 0.063271 -3.38923e-22)
(1.81685 0.061338 2.16053e-20)
(2.07662 0.0897762 3.05733e-21)
(2.0746 0.0845085 6.58154e-22)
(2.08396 0.0799065 -1.5956e-21)
(2.0628 0.074715 5.995e-22)
(2.06549 0.0715311 -1.71021e-20)
(2.02443 0.066335 0)
(2.02223 0.0646199 2.845e-20)
(1.96455 0.0607878 -8.43808e-22)
(1.95969 0.0589524 4.81288e-20)
(1.88609 0.0586371 -4.3811e-20)
(2.13703 0.081458 -3.07238e-21)
(2.13536 0.0766826 -5.74924e-21)
(2.14529 0.0730402 1.02495e-20)
(2.1268 0.0684182 -1.81623e-20)
(2.12916 0.0657562 -1.7605e-21)
(2.09357 0.0617354 -1.62219e-20)
(2.08962 0.0595884 8.79046e-22)
(2.03726 0.057392 -1.68569e-21)
(2.03174 0.0546645 -2.35992e-20)
(1.95922 0.0548811 2.21998e-20)
(2.19497 0.0731511 0)
(2.19449 0.0690476 1.23819e-20)
(2.20457 0.0659224 -1.3436e-21)
(2.1893 0.0622068 1.00374e-20)
(2.19211 0.0596435 -5.6501e-22)
(2.16114 0.0568718 3.20116e-20)
(2.15845 0.0543708 -1.45038e-20)
(2.1098 0.0531227 0)
(2.10651 0.0502432 0)
(2.03655 0.0506652 0)
(2.25049 0.0647938 0)
(2.2512 0.0614367 -1.12587e-20)
(2.26176 0.0586237 -7.18495e-22)
(2.24913 0.0558231 9.99079e-21)
(2.2535 0.0533364 1.83698e-20)
(2.22605 0.0514789 -1.78109e-20)
(2.22623 0.0489919 1.74224e-20)
(2.18143 0.048271 -9.36746e-22)
(2.18118 0.045672 0)
(2.11623 0.0462447 1.23604e-20)
(2.30426 0.0563976 3.99445e-22)
(2.30582 0.0537157 6.41419e-21)
(2.3171 0.0512016 1.00014e-20)
(2.30642 0.0491253 -5.75651e-22)
(2.31267 0.0468601 1.24399e-21)
(2.2883 0.0455964 -1.88384e-20)
(2.29135 0.0434064 1.84251e-20)
(2.25124 0.0430537 -9.62969e-22)
(2.2536 0.0408238 0)
(2.19571 0.0415682 -2.49237e-20)
(2.35764 0.048035 0)
(2.35973 0.045889 6.29662e-21)
(2.3715 0.0437125 1.93059e-22)
(2.36237 0.0421532 0)
(2.36992 0.0402132 0)
(2.34856 0.039355 1.66888e-20)
(2.3535 0.0375299 -1.52916e-20)
(2.31865 0.0374804 -9.17591e-22)
(2.32264 0.035554 4.8409e-22)
(2.27285 0.0365081 1.29763e-20)
(2.41261 0.0397679 0)
(2.41499 0.0380656 -1.19629e-20)
(2.42659 0.0362483 -1.31754e-20)
(2.41878 0.0350684 2.01682e-21)
(2.42661 0.0334527 -1.29918e-21)
(2.40818 0.0328962 -1.11144e-21)
(2.41369 0.0313618 2.11806e-21)
(2.38404 0.0315603 1.3744e-20)
(2.38859 0.0298621 1.35382e-21)
(2.34673 0.0310137 -4.22931e-22)
(2.47109 0.0317932 0)
(2.47348 0.0304876 6.43516e-21)
(2.48414 0.0290099 -7.23566e-22)
(2.47745 0.0281245 7.17591e-22)
(2.48461 0.0267646 0)
(2.46881 0.0264255 0)
(2.47386 0.02508 0)
(2.44875 0.0254378 -1.56164e-20)
(2.45309 0.0239205 1.46779e-20)
(2.41799 0.0251551 0)
(2.53338 0.0245596 0)
(2.53548 0.0235727 4.08944e-21)
(2.54464 0.0223706 5.33054e-21)
(2.53887 0.021692 7.01431e-21)
(2.54489 0.0205117 -1.34289e-21)
(2.53137 0.0202816 8.44712e-21)
(2.53554 0.0190622 -7.69916e-21)
(2.51422 0.019429 0)
(2.51799 0.0180742 7.2527e-22)
(2.48837 0.0191791 -1.40002e-20)
(2.5967 0.0184741 -8.95356e-22)
(2.59836 0.0177046 -3.3116e-21)
(2.60587 0.0167194 -6.88904e-21)
(2.60103 0.0161501 -4.93285e-21)
(2.60594 0.0151193 0)
(2.59468 0.0148745 -1.0767e-20)
(2.59808 0.0137808 1.1033e-20)
(2.58032 0.0139824 -1.05061e-21)
(2.5835 0.0128023 -7.2547e-21)
(2.5589 0.013554 2.02818e-20)
(2.65561 0.0136458 8.99952e-22)
(2.65706 0.0130097 -2.55799e-21)
(2.66316 0.0122199 2.3252e-21)
(2.65957 0.0116887 -5.79488e-21)
(2.66367 0.0108288 0)
(2.65502 0.0104895 0)
(2.65792 0.00956496 1.08559e-21)
(2.64414 0.00950375 -1.03006e-20)
(2.64677 0.00852619 -6.47403e-21)
(2.62771 0.00882609 -6.77831e-21)
(2.70497 0.00981292 0)
(2.7067 0.00928423 4.21018e-21)
(2.71174 0.00869821 -1.56144e-21)
(2.7098 0.00820012 5.15279e-21)
(2.71332 0.00754653 1.38944e-21)
(2.7077 0.00712682 -1.19575e-21)
(2.7102 0.00641059 2.26344e-21)
(2.7009 0.00612705 7.14246e-21)
(2.70296 0.00536581 0)
(2.69001 0.00529529 0)
(2.74286 0.00654854 0)
(2.74513 0.00617502 1.71544e-21)
(2.74933 0.00581625 -3.1752e-21)
(2.74909 0.00541663 0)
(2.75207 0.00498955 -2.71688e-21)
(2.74939 0.00458242 -1.20497e-21)
(2.75145 0.0040842 -3.38906e-21)
(2.74643 0.00370946 -1.00538e-21)
(2.7479 0.00315529 5.17674e-22)
(2.74071 0.00288416 4.43692e-22)
(2.76967 0.00361521 0)
(2.77225 0.00346863 -1.72365e-21)
(2.77566 0.00335722 -1.57881e-21)
(2.77667 0.00315544 2.2013e-21)
(2.77906 0.00296665 1.31225e-21)
(2.77859 0.0027004 1.25173e-21)
(2.78015 0.00242238 5.66016e-21)
(2.77837 0.00211401 -4.16483e-21)
(2.77929 0.00175571 9.74953e-22)
(2.77644 0.00145742 0)
(2.78434 0.000970798 0)
(2.78693 0.00103883 8.46567e-22)
(2.78976 0.00112013 -8.12964e-22)
(2.79133 0.00114709 7.732e-22)
(2.79329 0.00116816 0)
(2.79393 0.00112776 -1.25793e-21)
(2.79512 0.00107114 1.11401e-21)
(2.79502 0.000963457 1.00564e-21)
(2.79556 0.000827998 0)
(2.79499 0.000669318 0)
(1.1356 0.239331 0)
(1.07735 0.260796 -5.86093e-20)
(1.03094 0.289929 0)
(0.993169 0.327631 -1.94566e-19)
(0.960056 0.373456 7.32621e-20)
(0.929304 0.429094 2.1423e-21)
(0.897722 0.494831 6.59302e-20)
(0.847198 0.558805 -6.9344e-21)
(0.718729 0.565593 0)
(0.398111 0.344979 6.98326e-20)
(1.22376 0.242528 1.07468e-19)
(1.16714 0.270002 5.86079e-20)
(1.12101 0.297865 -5.64154e-20)
(1.08245 0.334339 6.54519e-20)
(1.04967 0.380033 -5.7452e-20)
(1.02153 0.435583 7.14682e-21)
(0.994149 0.500665 -6.75614e-20)
(0.946364 0.562486 -1.35537e-19)
(0.809864 0.564986 -3.60303e-20)
(0.448617 0.338665 -1.02519e-19)
(1.30666 0.241835 -4.83032e-20)
(1.25458 0.271442 5.01455e-20)
(1.20992 0.298655 5.64135e-20)
(1.17068 0.334227 5.80638e-20)
(1.13796 0.379314 5.95889e-20)
(1.11209 0.433884 6.07248e-20)
(1.08832 0.496921 8.49819e-21)
(1.04194 0.554422 6.00025e-20)
(0.895312 0.550657 2.45817e-20)
(0.49254 0.322058 -2.62405e-20)
(1.38686 0.238558 9.64671e-20)
(1.33804 0.268517 -5.01433e-20)
(1.2947 0.294819 0)
(1.25538 0.328936 0)
(1.22305 0.372335 0)
(1.19918 0.424639 4.73714e-20)
(1.17802 0.484048 -4.21878e-20)
(1.13094 0.53491 0)
(0.971257 0.522908 1.86653e-20)
(0.526527 0.295668 -3.84513e-20)
(1.46225 0.232409 -1.87288e-20)
(1.41532 0.261446 6.65628e-20)
(1.37304 0.286631 0)
(1.33429 0.318919 0)
(1.30288 0.359731 2.00586e-20)
(1.28078 0.408565 1.93549e-20)
(1.26096 0.462821 2.61365e-20)
(1.21037 0.504756 1.55561e-20)
(1.03363 0.482736 2.51158e-20)
(0.547374 0.26096 -4.17213e-21)
(1.53017 0.223775 5.51732e-20)
(1.48472 0.250694 2.02033e-20)
(1.44342 0.274371 0)
(1.40565 0.304471 0)
(1.37553 0.341995 -5.50033e-20)
(1.35488 0.386311 1.78662e-20)
(1.33478 0.434045 3.79647e-21)
(1.27716 0.465205 -3.63982e-22)
(1.07782 0.431824 -2.01035e-20)
(0.552988 0.220192 -8.28952e-21)
(1.58992 0.212683 -3.23124e-20)
(1.54552 0.236582 3.39978e-20)
(1.50495 0.258515 3.17051e-20)
(1.46826 0.286115 -3.35419e-20)
(1.43946 0.31977 -1.44259e-20)
(1.41961 0.358607 1.53647e-20)
(1.39708 0.398233 -1.04188e-20)
(1.32771 0.418132 1.11901e-20)
(1.10068 0.373043 0)
(0.542254 0.175477 0)
(1.64039 0.199602 -2.81876e-20)
(1.59706 0.220138 2.96586e-20)
(1.55697 0.239936 0)
(1.52125 0.264698 0)
(1.49354 0.293984 0)
(1.47328 0.32652 4.85879e-21)
(1.44502 0.356966 -1.78112e-20)
(1.35815 0.364847 1.00136e-20)
(1.09995 0.308767 0)
(0.514498 0.129884 -1.17547e-21)
(1.68167 0.184686 -1.22006e-20)
(1.6387 0.201502 9.9568e-21)
(1.59885 0.2196 -2.77494e-21)
(1.56403 0.241153 0)
(1.53686 0.265629 -4.6582e-21)
(1.51426 0.291385 1.19437e-20)
(1.47606 0.311897 0)
(1.36575 0.307142 -1.69662e-21)
(1.07306 0.241545 -8.96165e-22)
(0.470249 0.0865969 1.72996e-21)
(1.71298 0.168948 0)
(1.6699 0.182764 2.88041e-21)
(1.63044 0.198288 2.77468e-21)
(1.59633 0.216303 0)
(1.56863 0.235796 1.84201e-21)
(1.54097 0.25441 -3.2307e-21)
(1.4877 0.264479 -7.25885e-22)
(1.34762 0.247098 -5.49408e-22)
(1.01819 0.174521 3.76767e-22)
(0.4118 0.0485645 0)
(0.465006 0.0136851 -1.88378e-20)
(0.445327 0.0157482 1.99587e-20)
(0.42133 0.0181724 1.06649e-20)
(0.39208 0.0210081 1.15212e-20)
(0.356224 0.024386 -1.22338e-20)
(0.311873 0.0284438 -1.99748e-20)
(0.256557 0.0331543 7.17105e-21)
(0.185928 0.0376396 -1.5682e-20)
(0.0983672 0.0380945 -1.71348e-20)
(0.0269631 0.0236051 0)
(0.480219 0.040936 0)
(0.460053 0.0470592 -9.96688e-21)
(0.435458 0.054289 -1.06295e-20)
(0.405797 0.0627404 0)
(0.369806 0.0728003 2.45813e-20)
(0.325595 0.084891 1.32465e-20)
(0.27065 0.0989536 0)
(0.200311 0.112376 -1.52631e-20)
(0.111603 0.113763 -5.8942e-23)
(0.0347897 0.0706182 -1.81619e-20)
(0.510158 0.0678252 7.48791e-20)
(0.489085 0.0778047 -7.87957e-20)
(0.463344 0.0897081 0)
(0.432896 0.103609 0)
(0.396662 0.120132 0)
(0.352762 0.139999 -7.87003e-20)
(0.298591 0.163167 1.12866e-19)
(0.228806 0.185387 -3.0103e-20)
(0.137938 0.187848 0)
(0.0504802 0.116865 3.63778e-20)
(0.553851 0.0940593 7.41914e-20)
(0.531568 0.107565 -7.80705e-20)
(0.504243 0.123929 -8.37616e-20)
(0.472708 0.14301 -8.67861e-22)
(0.436172 0.165635 1.42932e-19)
(0.392781 0.192855 -5.10815e-20)
(0.339812 0.224689 5.56218e-20)
(0.27092 0.255426 -1.19856e-19)
(0.177041 0.259221 6.4887e-20)
(0.073917 0.161619 0)
(0.609922 0.119248 -1.82118e-19)
(0.586277 0.135874 3.8203e-20)
(0.557072 0.156452 0)
(0.52426 0.18038 0)
(0.487439 0.208631 4.77409e-20)
(0.444802 0.242614 -1.49427e-19)
(0.393494 0.282482 1.07154e-19)
(0.325921 0.321276 -1.15134e-19)
(0.228358 0.32663 1.66777e-21)
(0.104849 0.204054 -6.57171e-20)
(0.676712 0.142912 2.50755e-19)
(0.651712 0.162098 -1.89344e-19)
(0.620451 0.186512 0)
(0.586239 0.214842 0)
(0.549198 0.248161 4.61469e-20)
(0.507613 0.28825 4.94294e-20)
(0.458479 0.335417 4.89759e-20)
(0.392749 0.381646 5.70496e-20)
(0.291036 0.388672 1.27807e-21)
(0.142815 0.243151 1.30202e-19)
(0.75232 0.164738 -1.42588e-19)
(0.726137 0.186333 -7.23214e-20)
(0.692861 0.214385 0)
(0.65734 0.246562 0)
(0.620276 0.284082 0)
(0.580041 0.329242 -9.34698e-20)
(0.533525 0.382609 9.49861e-20)
(0.47012 0.435301 0)
(0.363898 0.443849 -5.65775e-20)
(0.187064 0.277712 1.20754e-19)
(0.835489 0.182812 -6.90082e-20)
(0.80774 0.205995 7.23222e-20)
(0.7719 0.237259 7.32915e-20)
(0.73505 0.273039 7.74816e-20)
(0.69841 0.314484 8.18809e-20)
(0.660142 0.364174 8.65025e-20)
(0.616887 0.422842 -5.81894e-21)
(0.556368 0.480915 9.59378e-20)
(0.44536 0.490593 -5.23744e-20)
(0.236471 0.306431 5.59063e-20)
(0.925404 0.201895 -1.31943e-19)
(0.895753 0.226841 6.60846e-20)
(0.857101 0.260134 -7.32917e-20)
(0.818987 0.297432 -7.94305e-20)
(0.782743 0.340736 7.5134e-20)
(0.746463 0.393202 -5.59358e-21)
(0.706746 0.455555 -2.62875e-19)
(0.649491 0.517405 -1.8102e-19)
(0.533366 0.527389 5.01196e-20)
(0.289477 0.327984 -4.40878e-20)
(1.0223 0.211285 0)
(0.98371 0.236562 -6.60844e-20)
(0.941961 0.273346 0)
(0.904812 0.313864 6.80294e-20)
(0.870566 0.359754 -2.27145e-19)
(0.836985 0.414686 -1.57801e-19)
(0.801159 0.479628 1.66859e-19)
(0.747305 0.543602 8.79586e-20)
(0.625463 0.552783 0)
(0.344138 0.341173 9.48829e-20)
(0.573375 0.0011608 0)
(0.572621 0.00116057 -1.13135e-21)
(0.571099 0.00118702 1.12543e-21)
(0.569366 0.00125424 0)
(0.567618 0.00136041 -2.2565e-21)
(0.565773 0.00150329 2.24487e-21)
(0.563722 0.00168454 0)
(0.561393 0.00190854 0)
(0.558709 0.00218004 0)
(0.555629 0.00250977 0)
(0.552125 0.00290488 1.12235e-21)
(0.548111 0.0033747 0)
(0.543479 0.00393101 0)
(0.538111 0.00458839 9.01905e-21)
(0.531874 0.00536501 -8.97457e-21)
(0.524616 0.00628304 0)
(0.516151 0.0073705 1.01934e-20)
(0.506269 0.00866043 -1.811e-20)
(0.494686 0.0101947 9.04512e-21)
(0.481118 0.0120835 9.15411e-21)
(0.585461 0.00342227 2.35054e-21)
(0.584744 0.00343562 4.48863e-21)
(0.583327 0.0035412 -4.467e-21)
(0.581721 0.00376027 2.23696e-21)
(0.58009 0.00408606 2.23579e-21)
(0.578355 0.00451809 8.95907e-21)
(0.57641 0.00506469 -6.68289e-21)
(0.574188 0.00573959 -1.79091e-20)
(0.571616 0.00655386 3.79667e-20)
(0.568658 0.00754613 -1.78251e-20)
(0.565281 0.00873647 -1.6802e-20)
(0.561398 0.0101497 3.79981e-20)
(0.556904 0.0118212 -3.35542e-20)
(0.551684 0.0137951 1.78615e-20)
(0.545611 0.0161261 2.24037e-21)
(0.538541 0.0188798 3.82943e-20)
(0.53029 0.0221401 -3.70128e-20)
(0.520676 0.0260041 0)
(0.509369 0.0305961 2.25948e-21)
(0.496547 0.0362495 0)
(0.609107 0.00563982 -6.98274e-21)
(0.608529 0.00568012 -4.0849e-24)
(0.60734 0.00588353 8.88845e-21)
(0.605961 0.006268 -4.39788e-21)
(0.604542 0.00682179 -1.10725e-20)
(0.603011 0.00754955 -2.21832e-21)
(0.601271 0.00846763 -2.21957e-21)
(0.59925 0.00960053 -2.21959e-21)
(0.596896 0.0109652 3.11825e-20)
(0.594184 0.0126263 1.68349e-22)
(0.591053 0.0146208 -3.99594e-20)
(0.587422 0.0169875 -2.22785e-21)
(0.583196 0.0197827 -4.45876e-21)
(0.578271 0.02308 0)
(0.572526 0.0269695 -4.03706e-20)
(0.565833 0.0315588 3.12762e-20)
(0.558012 0.0369867 0)
(0.548949 0.0434086 -2.24832e-21)
(0.538189 0.0510219 -2.26344e-21)
(0.526847 0.0604084 -2.26014e-21)
(0.643604 0.00785927 2.29061e-21)
(0.643201 0.00792516 6.55435e-21)
(0.642308 0.00821506 0)
(0.64123 0.00876029 -1.97423e-20)
(0.640091 0.00954743 1.75015e-20)
(0.638833 0.010583 1.97909e-20)
(0.63737 0.0118901 -1.31502e-20)
(0.635625 0.0135027 2.20114e-21)
(0.633576 0.015431 -2.87294e-20)
(0.631206 0.0177628 -1.60177e-22)
(0.628426 0.0205625 3.30856e-20)
(0.625156 0.0238872 -3.55235e-20)
(0.621318 0.0278118 -3.35526e-20)
(0.616825 0.0324352 7.54267e-20)
(0.611567 0.0378818 2.23171e-21)
(0.605442 0.0442982 6.6979e-21)
(0.59827 0.0518762 -7.19226e-20)
(0.590057 0.0608252 1.82477e-21)
(0.580109 0.071383 -4.4148e-22)
(0.570935 0.0844778 7.43886e-20)
(0.687891 0.0100064 4.49832e-21)
(0.687667 0.0101009 -1.7153e-20)
(0.687105 0.010473 8.57547e-21)
(0.686373 0.0111771 4.30714e-21)
(0.685558 0.0121984 0)
(0.684616 0.0135378 0)
(0.683479 0.0152216 -4.34003e-21)
(0.68204 0.017274 0)
(0.680327 0.0198041 -4.36341e-21)
(0.678356 0.0228506 0)
(0.676004 0.0264766 4.38813e-21)
(0.673186 0.0307659 -7.05067e-20)
(0.66984 0.0358187 -3.1883e-22)
(0.665902 0.0417618 -4.75503e-21)
(0.661281 0.0487495 7.08164e-20)
(0.655914 0.0569677 -4.45975e-21)
(0.64961 0.0666507 4.44745e-21)
(0.642565 0.0780753 -7.18201e-20)
(0.633706 0.0914285 7.61727e-20)
(0.627302 0.108235 1.44137e-19)
(0.740747 0.0119715 4.38948e-21)
(0.74067 0.0121111 -4.1791e-21)
(0.740425 0.0125729 -4.20218e-21)
(0.740035 0.0134395 -4.21817e-21)
(0.739529 0.0147057 -3.39548e-20)
(0.738879 0.0163741 6.37995e-20)
(0.738008 0.018426 -3.83619e-20)
(0.736942 0.0209508 0)
(0.735699 0.0240731 -4.29919e-21)
(0.734149 0.0278275 -4.31516e-21)
(0.732227 0.032272 -4.33114e-21)
(0.729894 0.0375109 6.54814e-20)
(0.727109 0.043665 -1.44304e-19)
(0.723827 0.0508956 7.01123e-20)
(0.719975 0.0593759 0)
(0.715545 0.0693466 -4.40497e-21)
(0.710323 0.0810493 -1.51161e-19)
(0.704756 0.0948941 1.42299e-19)
(0.697296 0.110806 -4.49028e-21)
(0.694136 0.131363 0)
(0.800917 0.0136071 4.2584e-21)
(0.800925 0.0138311 -1.22513e-20)
(0.800927 0.0144179 4.04068e-21)
(0.800833 0.0154455 2.4692e-20)
(0.800617 0.016916 4.14111e-21)
(0.800179 0.0188504 -2.5062e-20)
(0.799569 0.0213472 4.0754e-21)
(0.798876 0.0244532 3.36567e-20)
(0.798003 0.0281731 8.47369e-21)
(0.796838 0.0325929 7.25538e-20)
(0.795355 0.0378077 -5.98659e-20)
(0.793535 0.0439535 -6.04052e-20)
(0.791368 0.0511507 7.35016e-20)
(0.788822 0.0596098 4.33404e-21)
(0.785869 0.0694807 4.35095e-21)
(0.782549 0.0811052 8.7738e-21)
(0.778649 0.0946191 8.80546e-21)
(0.774861 0.110756 -4.3832e-21)
(0.769142 0.128828 0)
(0.76948 0.153186 1.41005e-19)
(0.86719 0.0147559 -1.23877e-20)
(0.867216 0.0150896 -1.28928e-23)
(0.867326 0.0158177 -3.97953e-21)
(0.867363 0.017036 -3.61534e-20)
(0.867263 0.0187991 2.41987e-20)
(0.867091 0.0211019 -4.07524e-21)
(0.866855 0.0240334 0)
(0.866425 0.0276212 0)
(0.865794 0.0318823 -8.32394e-21)
(0.864938 0.0369297 -4.18296e-21)
(0.863872 0.0428577 -4.23136e-21)
(0.862561 0.0498523 -4.2619e-21)
(0.86105 0.0579979 0)
(0.859286 0.067617 -8.6034e-21)
(0.857344 0.0787431 -4.34747e-21)
(0.855233 0.0919865 -8.68923e-21)
(0.852875 0.107033 -4.39396e-21)
(0.851129 0.125359 -1.35338e-19)
(0.847568 0.144745 1.40382e-19)
(0.851922 0.172841 0)
(0.938393 0.015435 0)
(0.938401 0.0159244 3.82174e-21)
(0.938551 0.0168848 1.93147e-21)
(0.93873 0.0183639 0)
(0.938815 0.02043 3.54296e-20)
(0.93876 0.023132 -3.17099e-20)
(0.938593 0.0264247 6.6182e-20)
(0.938284 0.0303947 -6.46258e-20)
(0.937865 0.0351067 6.12489e-21)
(0.93729 0.0407159 2.0743e-21)
(0.936647 0.0472683 0)
(0.935842 0.0550312 0)
(0.935084 0.0639518 0)
(0.934173 0.0745769 1.40224e-19)
(0.933511 0.0865549 -2.73639e-19)
(0.932695 0.101246 4.7327e-21)
(0.93223 0.117345 1.38296e-19)
(0.932407 0.138569 0)
(0.931495 0.159277 0)
(0.940517 0.192829 1.37543e-19)
(1.0144 0.0160113 0)
(1.01446 0.0165715 -1.47548e-20)
(1.01457 0.0176408 -1.30965e-20)
(1.01466 0.0192828 3.01322e-20)
(1.01468 0.0215417 3.05512e-20)
(1.01458 0.0244702 -9.26509e-20)
(1.01442 0.0280564 6.04455e-20)
(1.01418 0.0323822 0)
(1.01399 0.037466 -2.00095e-21)
(1.01372 0.0435104 -6.25642e-20)
(1.01363 0.0504669 1.30458e-19)
(1.01342 0.0587426 -6.58817e-20)
(1.01372 0.0680411 0)
(1.01376 0.0793065 -1.33762e-19)
(1.01508 0.0914611 2.69632e-19)
(1.01583 0.10698 -1.35887e-19)
(1.01939 0.122384 0)
(1.02233 0.145149 -1.34631e-19)
(1.02805 0.163734 1.36039e-19)
(1.04386 0.205001 -2.11895e-21)
(1.09318 0.0158465 0)
(1.09299 0.016379 0)
(1.09289 0.0174456 0)
(1.09286 0.0191062 0)
(1.09279 0.0213941 0)
(1.09257 0.0243629 0)
(1.09233 0.0279881 0)
(1.09199 0.0323906 0)
(1.09184 0.0375596 0)
(1.09156 0.0437935 0)
(1.09181 0.0509336 0)
(1.09171 0.0596219 0)
(1.09296 0.0692243 0)
(1.09311 0.0813833 0)
(1.09683 0.0939034 0)
(1.09697 0.111528 0)
(1.10701 0.126549 0)
(1.10525 0.154585 0)
(1.1342 0.167233 0)
(1.12124 0.221556 0)
(1.17594 0.0150852 0)
(1.17584 0.0156708 0)
(1.17587 0.0169255 0)
(1.17595 0.0188064 0)
(1.17603 0.0212931 0)
(1.17594 0.024397 0)
(1.17587 0.0280498 0)
(1.17567 0.0324198 0)
(1.17584 0.037464 0)
(1.17576 0.043555 0)
(1.1766 0.0503962 0)
(1.17667 0.0587809 0)
(1.17902 0.0677382 0)
(1.1791 0.0792784 0)
(1.18505 0.0904642 0)
(1.18417 0.106732 0)
(1.19886 0.119269 0)
(1.19318 0.143228 0)
(1.22934 0.15278 0)
(1.20527 0.188005 0)
(1.26341 0.0161144 0)
(1.26393 0.0163589 0)
(1.26452 0.0170958 0)
(1.26498 0.0187792 0)
(1.26534 0.0213024 0)
(1.26536 0.0244599 0)
(1.26544 0.0280719 0)
(1.26533 0.0323484 0)
(1.26582 0.0372219 0)
(1.26589 0.0431071 0)
(1.26728 0.0495975 0)
(1.26741 0.0575395 0)
(1.27071 0.0658088 0)
(1.27058 0.0764318 0)
(1.27813 0.0864106 0)
(1.27632 0.100684 0)
(1.29329 0.111437 0)
(1.28517 0.130643 0)
(1.32266 0.138994 0)
(1.29523 0.164243 0)
(1.35853 0.0170809 0)
(1.35841 0.0170511 0)
(1.35906 0.0174232 0)
(1.35994 0.0190581 0)
(1.36049 0.0216163 0)
(1.36036 0.0247207 0)
(1.36035 0.0281685 0)
(1.36014 0.0322447 0)
(1.36083 0.0368715 0)
(1.36088 0.0424721 0)
(1.36269 0.0485695 0)
(1.36275 0.0559959 0)
(1.36679 0.0636055 0)
(1.36636 0.0732766 0)
(1.37502 0.0822386 0)
(1.37238 0.0947092 0)
(1.39056 0.104144 0)
(1.38081 0.120034 0)
(1.41854 0.127596 0)
(1.38934 0.147799 0)
(1.45885 0.0118061 0)
(1.45783 0.0121717 0)
(1.45831 0.0142895 0)
(1.45922 0.0174814 0)
(1.45952 0.0209047 0)
(1.45892 0.0243355 0)
(1.45867 0.0278152 0)
(1.45828 0.0318072 0)
(1.4591 0.0362596 0)
(1.45907 0.0415921 0)
(1.46122 0.0473 0)
(1.46111 0.0541846 0)
(1.46574 0.0611437 0)
(1.46497 0.0698843 0)
(1.47444 0.0779035 0)
(1.47106 0.0888268 0)
(1.48996 0.097102 0)
(1.47907 0.110576 0)
(1.51648 0.117199 0)
(1.48648 0.133947 0)
(1.5534 0.0114806 0)
(1.55574 0.0124715 0)
(1.55889 0.0150951 0)
(1.56027 0.0186488 0)
(1.56017 0.0220117 0)
(1.55901 0.0250557 0)
(1.55858 0.0280953 0)
(1.55804 0.031722 0)
(1.55901 0.0358305 0)
(1.55884 0.0407664 0)
(1.56125 0.0459954 0)
(1.56093 0.052271 0)
(1.56601 0.0585525 0)
(1.56489 0.0663836 0)
(1.57492 0.0735001 0)
(1.57097 0.0830685 0)
(1.59018 0.0902717 0)
(1.57865 0.101795 0)
(1.61511 0.107451 0)
(1.58547 0.121495 0)
(1.66888 0.00499548 0)
(1.66765 0.00782288 0)
(1.66788 0.0137827 0)
(1.66684 0.0194725 0)
(1.66442 0.0232825 0)
(1.66146 0.0259727 0)
(1.66011 0.0285573 0)
(1.65896 0.0318066 0)
(1.65968 0.0355428 0)
(1.65906 0.0400264 0)
(1.66144 0.0447234 0)
(1.66076 0.050348 0)
(1.66606 0.0559336 0)
(1.66461 0.0628786 0)
(1.67489 0.0691264 0)
(1.6706 0.0774783 0)
(1.68964 0.0836877 0)
(1.6781 0.0935663 0)
(1.71289 0.0983394 0)
(1.68487 0.110216 0)
(1.76086 0.00066944 0)
(1.7664 0.00522299 0)
(1.76971 0.0141324 0)
(1.76663 0.0212673 0)
(1.76173 0.0250302 0)
(1.75761 0.0271951 0)
(1.75624 0.0292921 0)
(1.75519 0.0321192 0)
(1.75611 0.0354092 0)
(1.75541 0.0393628 0)
(1.75795 0.0434729 0)
(1.75721 0.0484182 0)
(1.76276 0.0532968 0)
(1.76128 0.0593829 0)
(1.77166 0.0647897 0)
(1.7675 0.072036 0)
(1.78598 0.0773201 0)
(1.77524 0.0857952 0)
(1.80769 0.0897682 0)
(1.78262 0.0998819 0)
(1.85826 0.0151773 0)
(1.86469 0.0187185 0)
(1.86632 0.0242699 0)
(1.85937 0.0279767 0)
(1.8515 0.0293485 0)
(1.84621 0.0300783 0)
(1.84484 0.031247 0)
(1.84398 0.0332846 0)
(1.84515 0.035799 0)
(1.84455 0.0389766 0)
(1.84737 0.0423389 0)
(1.84688 0.04652 0)
(1.85273 0.050637 0)
(1.85166 0.0558666 0)
(1.86205 0.0604282 0)
(1.85863 0.0666571 0)
(1.87628 0.07105 0)
(1.86723 0.0783225 0)
(1.89688 0.0815231 0)
(1.87594 0.0902061 0)
(1.93214 0.0378362 0)
(1.93934 0.0371468 0)
(1.94046 0.0350821 0)
(1.93222 0.0325375 0)
(1.92403 0.0308509 0)
(1.91944 0.0306261 0)
(1.91918 0.0314664 0)
(1.91928 0.0330881 0)
(1.92133 0.0350197 0)
(1.92158 0.0375572 0)
(1.92523 0.0402832 0)
(1.92567 0.043821 0)
(1.9322 0.0472629 0)
(1.9322 0.0517501 0)
(1.9428 0.0555321 0)
(1.94082 0.060888 0)
(1.95771 0.0644487 0)
(1.95112 0.0707309 0)
(1.978 0.0731831 0)
(1.96193 0.0807416 0)
(1.97483 0.0766511 0)
(1.98112 0.0705186 0)
(1.98321 0.0554636 0)
(1.97935 0.0419009 0)
(1.97647 0.0344935 0)
(1.97596 0.032062 0)
(1.97835 0.0318832 0)
(1.98033 0.0326327 0)
(1.98397 0.0336654 0)
(1.98586 0.035376 0)
(1.99097 0.0373536 0)
(1.993 0.0402142 0)
(2.00061 0.0429618 0)
(2.00221 0.0467527 0)
(2.01333 0.0497806 0)
(2.01327 0.0543741 0)
(2.02971 0.0571504 0)
(2.02592 0.0626159 0)
(2.05057 0.0643584 0)
(2.03931 0.0710294 0)
(2.02837 0.0863524 0)
(2.02067 0.0776471 0)
(2.01529 0.0591635 0)
(2.01616 0.0428904 0)
(2.02081 0.0338978 0)
(2.02527 0.0306588 0)
(2.03 0.029939 0)
(2.03331 0.0301413 0)
(2.03821 0.0305553 0)
(2.04164 0.0316559 0)
(2.04823 0.0330188 0)
(2.05195 0.0353009 0)
(2.06079 0.0374166 0)
(2.06409 0.0405926 0)
(2.07601 0.0429267 0)
(2.07792 0.0468628 0)
(2.09443 0.0489228 0)
(2.09319 0.053708 0)
(2.11661 0.0548034 0)
(2.10921 0.0607582 0)
(2.03061 0.0580851 0)
(2.02289 0.0512746 0)
(2.02172 0.0402745 0)
(2.03159 0.0307434 0)
(2.04581 0.0253537 0)
(2.05758 0.0235453 0)
(2.06726 0.023342 0)
(2.07427 0.0237313 0)
(2.08244 0.0241407 0)
(2.08905 0.0251094 0)
(2.09856 0.0262117 0)
(2.10502 0.0281649 0)
(2.11615 0.0298582 0)
(2.12174 0.0325863 0)
(2.13535 0.0344072 0)
(2.13928 0.0378294 0)
(2.15688 0.039351 0)
(2.15758 0.043581 0)
(2.18136 0.0442018 0)
(2.17604 0.049549 0)
(2.06117 0.030178 0)
(2.05453 0.0268513 0)
(2.05707 0.0211305 0)
(2.07284 0.0162252 0)
(2.09335 0.0136398 0)
(2.11033 0.0131281 0)
(2.12389 0.013431 0)
(2.13391 0.0140589 0)
(2.14478 0.0146404 0)
(2.15388 0.0156825 0)
(2.16568 0.0167662 0)
(2.1741 0.0185689 0)
(2.18693 0.0200778 0)
(2.19387 0.0225119 0)
(2.20871 0.0240972 0)
(2.21349 0.0271268 0)
(2.23201 0.0284287 0)
(2.23304 0.0321514 0)
(2.25765 0.03266 0)
(2.25195 0.0373384 0)
(2.18031 0.00133701 0)
(2.17278 0.00137354 0)
(2.17478 -0.00111721 0)
(2.19094 -0.00313156 0)
(2.21177 -0.00319354 0)
(2.22827 -0.00201092 0)
(2.24076 -0.000568932 0)
(2.24949 0.000967006 0)
(2.25908 0.00240501 0)
(2.2669 0.0040891 0)
(2.27739 0.00566159 0)
(2.28442 0.00764999 0)
(2.2958 0.00934655 0)
(2.30125 0.0116871 0)
(2.31456 0.013384 0)
(2.3178 0.0161093 0)
(2.33472 0.0175545 0)
(2.33414 0.0207197 0)
(2.35716 0.0215369 0)
(2.34977 0.0253205 0)
(2.39422 -0.0363951 0)
(2.3819 -0.027662 0)
(2.37661 -0.0188467 0)
(2.38603 -0.0128146 0)
(2.40001 -0.00997722 0)
(2.40939 -0.00889265 0)
(2.41495 -0.00808111 0)
(2.41727 -0.00671877 0)
(2.42069 -0.00497389 0)
(2.42282 -0.00302942 0)
(2.42767 -0.00126817 0)
(2.42978 0.000595837 0)
(2.43606 0.00228671 0)
(2.43744 0.00431449 0)
(2.44593 0.00601812 0)
(2.44595 0.00824718 0)
(2.45796 0.00979149 0)
(2.45528 0.0122064 0)
(2.47275 0.0133413 0)
(2.46495 0.0160168 0)
(2.62256 -0.0950472 0)
(2.60504 -0.082594 0)
(2.58602 -0.0515303 0)
(2.57704 -0.023977 0)
(2.57433 -0.0103065 0)
(2.57224 -0.00672684 0)
(2.57008 -0.0063812 0)
(2.56664 -0.00566523 0)
(2.56434 -0.00415531 0)
(2.56128 -0.00244244 0)
(2.56074 -0.000956865 0)
(2.55875 0.000332229 0)
(2.56033 0.00149357 0)
(2.55878 0.00277112 0)
(2.56265 0.00399151 0)
(2.56092 0.00542086 0)
(2.56776 0.00661461 0)
(2.56495 0.00813817 0)
(2.57582 0.00912195 0)
(2.57049 0.0107487 0)
(2.62842 -0.0725384 0)
(2.64403 -0.0680956 0)
(2.65111 -0.0453074 0)
(2.64021 -0.0219468 0)
(2.62732 -0.00883248 0)
(2.62112 -0.00427306 0)
(2.62132 -0.00312824 0)
(2.62284 -0.00250658 0)
(2.62456 -0.00163362 0)
(2.62482 -0.000665941 0)
(2.6261 0.000233104 0)
(2.62633 0.000977551 0)
(2.62872 0.00165053 0)
(2.62926 0.00233324 0)
(2.63288 0.00304536 0)
(2.63326 0.00385163 0)
(2.63843 0.0045956 0)
(2.63831 0.0054911 0)
(2.64563 0.00612021 0)
(2.6445 0.00709455 0)
(2.66262 0.0458972 0)
(2.68149 0.0413302 0)
(2.69382 0.0192272 0)
(2.68666 -0.000563972 0)
(2.67537 -0.00809145 0)
(2.67018 -0.00750416 0)
(2.67093 -0.00530432 0)
(2.67329 -0.00413376 0)
(2.67572 -0.00374223 0)
(2.67707 -0.00343244 0)
(2.67871 -0.00288697 0)
(2.67973 -0.00220953 0)
(2.68185 -0.00149855 0)
(2.68308 -0.000834727 0)
(2.68586 -0.000183233 0)
(2.68713 0.000475063 0)
(2.69072 0.00109765 0)
(2.69194 0.00176981 0)
(2.69667 0.00228543 0)
(2.69777 0.00295429 0)
(2.80556 0.0531349 0)
(2.78684 0.0489117 0)
(2.76871 0.0262646 0)
(2.76393 0.00477589 0)
(2.76388 -0.00453764 0)
(2.76088 -0.00532516 0)
(2.75546 -0.00395391 0)
(2.74988 -0.00315386 0)
(2.74552 -0.00296329 0)
(2.74178 -0.00286117 0)
(2.7389 -0.00258526 0)
(2.73614 -0.00219701 0)
(2.73433 -0.0017863 0)
(2.73261 -0.0014144 0)
(2.73204 -0.00106419 0)
(2.73129 -0.00073515 0)
(2.73185 -0.000422641 0)
(2.73193 -0.000114518 0)
(2.73358 0.0001428 0)
(2.73451 0.000420283 0)
(1.20479 0.208974 -1.79945e-21)
(1.28818 0.199574 -1.08272e-19)
(1.3679 0.195294 0)
(1.44519 0.191819 -9.21889e-20)
(1.51883 0.187404 0)
(1.5849 0.182337 -7.39385e-20)
(1.64266 0.176192 3.40817e-20)
(1.69114 0.168763 -9.70812e-22)
(1.73042 0.160379 0)
(1.75986 0.150137 0)
(1.28487 0.18183 1.16201e-19)
(1.37092 0.177376 0)
(1.45176 0.176541 9.84078e-20)
(1.52495 0.176096 0)
(1.59375 0.173176 -2.45745e-21)
(1.65493 0.168594 3.96141e-20)
(1.70836 0.162525 1.9577e-22)
(1.75248 0.155503 -8.77549e-22)
(1.78814 0.147183 8.76247e-22)
(1.81424 0.138048 2.97417e-21)
(1.37097 0.163945 -1.14982e-19)
(1.4532 0.162174 0)
(1.53281 0.160675 -9.50444e-20)
(1.60274 0.159733 -2.91221e-21)
(1.6677 0.156942 8.17959e-20)
(1.72508 0.15259 -3.72297e-20)
(1.77591 0.146877 1.21333e-21)
(1.81664 0.140774 -9.97715e-22)
(1.85022 0.133267 0)
(1.87336 0.125838 -6.06782e-21)
(1.46206 0.148661 0)
(1.53976 0.147691 1.03223e-19)
(1.6168 0.145811 -2.8855e-21)
(1.68349 0.144543 5.53628e-21)
(1.74436 0.142301 -8.68937e-20)
(1.79713 0.138579 2.43952e-21)
(1.8451 0.133366 -3.38333e-20)
(1.88222 0.127897 0)
(1.91441 0.121243 -1.44413e-20)
(1.93443 0.114894 3.50761e-21)
(1.55593 0.134867 -1.07679e-19)
(1.62846 0.134545 1.91723e-21)
(1.70134 0.132864 -5.91142e-21)
(1.76433 0.131268 5.47843e-21)
(1.82118 0.129223 -2.635e-21)
(1.86933 0.12593 -2.23843e-21)
(1.91436 0.12122 3.26188e-21)
(1.94801 0.116164 1.3736e-20)
(1.97915 0.110315 1.50245e-20)
(1.99622 0.104685 0)
(1.65099 0.122379 2.11664e-19)
(1.71796 0.122448 -2.00125e-19)
(1.78563 0.121022 -2.81022e-21)
(1.84436 0.119152 2.81323e-21)
(1.8971 0.117093 0)
(1.94079 0.114097 3.74437e-20)
(1.98258 0.109939 1.03369e-21)
(2.01308 0.105216 -1.77359e-20)
(2.04301 0.100132 9.48591e-22)
(2.05788 0.0949905 -3.3416e-21)
(1.74556 0.111024 -1.04017e-19)
(1.8065 0.11127 1.01782e-19)
(1.86819 0.11005 -5.75818e-21)
(1.9221 0.108014 2.78756e-21)
(1.97056 0.10582 4.01316e-20)
(2.01011 0.102977 -2.26003e-21)
(2.04851 0.0992893 3.71222e-20)
(2.07634 0.0948991 0)
(2.10475 0.090452 7.42806e-21)
(2.11842 0.0857438 3.3581e-21)
(1.83753 0.10053 0)
(1.892 0.100769 0)
(1.94729 0.0996253 0)
(1.99606 0.0974663 4.51565e-20)
(2.04027 0.0950775 -8.27406e-20)
(2.07611 0.0922921 -1.17582e-24)
(2.11127 0.0889568 -1.63607e-20)
(2.13689 0.0849594 -2.03273e-21)
(2.1637 0.0810122 -1.40321e-20)
(2.17685 0.0768017 0)
(1.92442 0.0905699 -4.91282e-20)
(1.97234 0.0906262 0)
(2.02135 0.0894269 -2.72174e-21)
(2.06512 0.08716 -3.71841e-20)
(2.10547 0.0845835 3.74312e-20)
(2.13818 0.0818222 -3.76258e-20)
(2.1706 0.0787515 -1.76019e-20)
(2.19443 0.0751955 -9.88367e-22)
(2.21984 0.0716634 1.62326e-20)
(2.23276 0.0680066 0)
(2.00417 0.0807119 9.67712e-20)
(2.04617 0.080454 0)
(2.08967 0.0791147 -2.69678e-21)
(2.12918 0.0767723 -3.68274e-20)
(2.1664 0.0740866 -2.57741e-21)
(2.19677 0.071377 2.27934e-21)
(2.22715 0.0685479 1.65364e-20)
(2.24961 0.0654561 -1.87134e-20)
(2.27397 0.0623318 -7.15593e-21)
(2.28671 0.059237 4.66166e-22)
(2.0764 0.070569 -4.62052e-20)
(2.11385 0.0699378 1.32788e-21)
(2.15325 0.0684441 -2.83648e-21)
(2.18969 0.0661022 4.45652e-20)
(2.22479 0.0634458 -2.57161e-21)
(2.25369 0.0608718 0)
(2.28273 0.058319 3.88749e-23)
(2.30424 0.0557024 -7.84522e-23)
(2.32778 0.0530117 -7.85282e-21)
(2.34029 0.0504953 0)
(2.14309 0.059884 -1.4246e-21)
(2.17801 0.0588969 4.21081e-21)
(2.21514 0.0573113 -5.45834e-21)
(2.24998 0.0550997 5.22386e-21)
(2.28396 0.0526601 -2.56654e-21)
(2.31214 0.0503528 -2.29217e-21)
(2.34027 0.0481605 -1.45096e-20)
(2.36107 0.0460243 1.4739e-20)
(2.38372 0.0438107 1.68514e-20)
(2.39589 0.0418141 0)
(2.2096 0.0484008 0)
(2.24439 0.0472456 -4.46468e-20)
(2.28104 0.0457789 0)
(2.31537 0.0439216 2.07594e-20)
(2.34863 0.0419339 0)
(2.37617 0.0400632 0)
(2.40314 0.0383422 1.08979e-21)
(2.42296 0.0366955 -1.09901e-21)
(2.44418 0.0349955 -7.97408e-21)
(2.45564 0.0334157 0)
(2.28687 0.0363215 4.35123e-20)
(2.32224 0.0354344 4.57611e-20)
(2.35826 0.0344495 0)
(2.39137 0.0332157 2.45764e-21)
(2.42276 0.03188 -2.23905e-20)
(2.44847 0.0305774 -2.30197e-21)
(2.47307 0.0293839 -6.70914e-21)
(2.49096 0.02822 -1.03608e-21)
(2.50976 0.0270003 -2.99781e-21)
(2.51989 0.0258094 0)
(2.3834 0.024972 -6.65584e-20)
(2.41629 0.0248076 -2.18004e-20)
(2.44862 0.0245775 -2.59094e-21)
(2.47766 0.0240741 -1.54738e-20)
(2.50465 0.0233984 3.7087e-20)
(2.52646 0.0226308 0)
(2.54704 0.0218945 1.01668e-20)
(2.56184 0.0211257 -1.11107e-21)
(2.57732 0.0202892 4.05996e-21)
(2.5856 0.0194253 9.5665e-22)
(2.49156 0.0164256 2.18918e-20)
(2.51717 0.0169526 2.42945e-20)
(2.54202 0.0173203 1.58108e-20)
(2.5642 0.0173122 2.63345e-21)
(2.58477 0.0170457 -1.9804e-20)
(2.60137 0.0165938 0)
(2.61708 0.0161305 9.09902e-21)
(2.62839 0.0155958 -5.38034e-21)
(2.64036 0.0150151 1.05748e-21)
(2.64683 0.0143651 -9.61591e-22)
(2.58756 0.011345 2.14918e-20)
(2.60444 0.011998 0)
(2.6213 0.0124607 -2.35548e-20)
(2.6367 0.0125407 1.52966e-20)
(2.65132 0.0123696 -2.54046e-21)
(2.66336 0.0120122 2.31207e-21)
(2.67496 0.0116634 -1.037e-20)
(2.68354 0.011247 -2.17904e-21)
(2.69271 0.0108354 1.064e-21)
(2.69799 0.0103306 0)
(2.65526 0.00747345 -9.3719e-21)
(2.66653 0.00790053 1.2339e-21)
(2.67828 0.0082044 -2.66391e-21)
(2.6894 0.0082355 2.45258e-21)
(2.70021 0.00810671 -2.53583e-21)
(2.70941 0.00785395 4.76127e-21)
(2.71832 0.00764516 0)
(2.72524 0.00738728 4.3697e-21)
(2.73248 0.00716847 -2.07467e-21)
(2.73718 0.00684386 4.895e-22)
(2.70448 0.00326729 -1.05103e-20)
(2.71197 0.00357161 2.56056e-21)
(2.72014 0.00378416 7.83982e-25)
(2.72815 0.00383841 -7.53673e-21)
(2.7361 0.00382506 -2.46204e-21)
(2.74308 0.00376235 -9.46796e-21)
(2.74985 0.00375665 3.475e-21)
(2.75538 0.00373002 -3.38798e-23)
(2.76101 0.00374043 2.08483e-21)
(2.76513 0.00367372 -4.92068e-22)
(2.73758 0.000587995 0)
(2.74172 0.000677918 0)
(2.74685 0.000688455 -7.68952e-21)
(2.7523 0.000636352 2.60301e-21)
(2.75798 0.000585178 2.47517e-21)
(2.76316 0.00055755 2.39968e-21)
(2.76828 0.000592907 1.12259e-21)
(2.77266 0.000659505 -3.32291e-21)
(2.7771 0.000766076 1.08628e-21)
(2.78065 0.000868751 0)
)
;

boundaryField
{
    bottom
    {
        type            symmetryPlane;
    }
    right
    {
        type            zeroGradient;
    }
    top
    {
        type            symmetryPlane;
    }
    left
    {
        type            zeroGradient;
    }
    cylinder
    {
        type            noSlip;
    }
    defaultFaces
    {
        type            empty;
    }
}


// ************************************************************************* //
