/*--------------------------------*- C++ -*----------------------------------*\
| =========                 |                                                 |
| \\      /  F ield         | OpenFOAM: The Open Source CFD Toolbox           |
|  \\    /   O peration     | Version:  4.1                                   |
|   \\  /    A nd           | Web:      www.OpenFOAM.org                      |
|    \\/     M anipulation  |                                                 |
\*---------------------------------------------------------------------------*/
FoamFile
{
    version     2.0;
    format      ascii;
    class       volVectorField;
    location    "4.6";
    object      U;
}
// * * * * * * * * * * * * * * * * * * * * * * * * * * * * * * * * * * * * * //

dimensions      [0 1 -1 0 0 0 0];

internalField   nonuniform List<vector> 
2000
(
(-0.00877666 0.0122613 2.71377e-20)
(0.0656503 -0.0144597 0)
(0.214878 -0.0536679 4.12391e-20)
(0.408387 -0.0961345 1.7849e-20)
(0.616356 -0.134089 -3.29898e-20)
(0.811598 -0.163858 -4.07089e-20)
(0.976085 -0.184764 1.32909e-20)
(1.10164 -0.199007 0)
(1.19215 -0.20338 -7.44128e-21)
(1.23864 -0.216838 0)
(0.00431995 0.00252959 -1.34042e-20)
(0.119288 -0.0371517 1.14725e-20)
(0.316568 -0.0785577 -4.5177e-20)
(0.550823 -0.115452 -5.85448e-20)
(0.780332 -0.143133 -5.97053e-22)
(0.975448 -0.161114 1.32052e-20)
(1.1232 -0.171213 -1.2249e-20)
(1.22382 -0.176005 -8.99366e-21)
(1.28534 -0.175089 7.44127e-21)
(1.31121 -0.181524 8.73136e-21)
(0.0236486 -0.00763865 1.49225e-20)
(0.189461 -0.0575756 -1.39773e-20)
(0.438353 -0.0957932 2.27877e-20)
(0.705689 -0.122172 -1.058e-21)
(0.941331 -0.137274 1.70182e-20)
(1.12064 -0.144018 1.41973e-20)
(1.24103 -0.145721 1.14929e-20)
(1.31191 -0.145008 8.99375e-21)
(1.34692 -0.142218 5.86657e-21)
(1.3572 -0.145588 -3.91681e-21)
(0.0503058 -0.0174752 -5.87398e-22)
(0.276339 -0.0728066 -1.51653e-20)
(0.574917 -0.101621 0)
(0.861634 -0.114108 1.92714e-20)
(1.08688 -0.11696 -1.8842e-20)
(1.23876 -0.115151 0)
(1.32738 -0.111961 0)
(1.37025 -0.108986 0)
(1.38423 -0.106062 -5.8668e-21)
(1.3797 -0.108527 6.15481e-21)
(0.0850074 -0.025799 3.6299e-20)
(0.378007 -0.0794943 -1.47271e-22)
(0.71793 -0.0933322 1.37225e-20)
(1.0074 -0.0911979 1.06326e-20)
(1.20882 -0.0844094 8.6993e-21)
(1.32762 -0.0777559 6.46682e-21)
(1.38561 -0.073082 0)
(1.40531 -0.0704858 3.01262e-21)
(1.4038 -0.0694498 -8.31889e-21)
(1.39186 -0.0722894 9.81445e-21)
(0.127858 -0.0310733 -5.69901e-20)
(0.490187 -0.0744966 1.28153e-21)
(0.857842 -0.0699123 -2.68059e-20)
(1.1345 -0.0550596 2.33626e-20)
(1.30397 -0.0424727 -2.39544e-20)
(1.38941 -0.0346508 7.85505e-21)
(1.42112 -0.0312071 0)
(1.42341 -0.0308008 -3.01278e-21)
(1.41197 -0.0323095 1.75615e-21)
(1.39499 -0.0360321 -9.64784e-22)
(0.178121 -0.0315763 0)
(0.606603 -0.0556575 0)
(0.986081 -0.0320562 -1.32158e-20)
(1.23824 -0.00818201 1.23033e-20)
(1.37287 0.0061302 -7.0293e-21)
(1.42813 0.0120173 6.59956e-21)
(1.43909 0.0122616 5.43207e-21)
(1.42931 0.00934908 -5.13458e-21)
(1.41181 0.00478085 -1.10527e-22)
(1.39263 -0.000415453 1.24668e-22)
(0.234075 -0.0256674 1.07703e-20)
(0.72003 -0.022351 0)
(1.09641 0.0182874 -5.87501e-21)
(1.3171 0.046721 2.13822e-20)
(1.41789 0.0590817 -1.20979e-20)
(1.44791 0.0606893 0)
(1.4436 0.0564656 0)
(1.42605 0.049605 0)
(1.40536 0.0418747 1.91256e-21)
(1.3852 0.0348555 -1.81793e-21)
(0.293071 -0.0120788 -5.62914e-21)
(0.82363 0.0244338 -3.36832e-22)
(1.18506 0.0784479 -7.10485e-21)
(1.37158 0.107063 2.29354e-21)
(1.44203 0.114472 2.30076e-21)
(1.45223 0.110177 2.33214e-21)
(1.43744 0.100732 0)
(1.41543 0.0896076 2.63081e-22)
(1.39342 0.078643 2.68989e-21)
(1.37326 0.069325 -2.02083e-21)
(0.351801 0.00981565 0)
(0.912014 0.0824793 -4.47861e-21)
(1.25033 0.14548 0)
(1.40323 0.170484 -1.43787e-21)
(1.44811 0.170695 -1.31861e-21)
(1.44369 0.159486 -8.11062e-22)
(1.42233 0.144436 0)
(1.3983 0.128914 -2.63097e-22)
(1.37633 0.114708 -5.6372e-22)
(1.35691 0.102775 -1.05688e-21)
(-0.00840335 0.0074314 0)
(-0.0304725 0.0121926 -1.59386e-21)
(-0.0577993 0.0120982 0)
(-0.0794019 0.0096897 -2.00134e-21)
(-0.0931161 0.00599108 -6.07296e-22)
(-0.0986446 0.00149982 1.01355e-21)
(-0.096054 -0.00344721 -9.54496e-22)
(-0.0858569 -0.00854767 7.85527e-22)
(-0.0689186 -0.0133189 7.55848e-23)
(-0.0469171 -0.0170882 5.34354e-22)
(-0.00974976 0.0213864 -5.09825e-21)
(-0.0308703 0.0351391 3.15966e-21)
(-0.0548511 0.0348559 -3.04529e-21)
(-0.0721814 0.0277524 1.34127e-21)
(-0.0811177 0.016825 6.14387e-21)
(-0.0815097 0.00354463 -2.25125e-21)
(-0.0736085 -0.0111218 0)
(-0.0580053 -0.0262536 -7.82892e-22)
(-0.0354178 -0.0404696 -6.36111e-22)
(-0.0070804 -0.0516016 0)
(-0.0121847 0.0327715 3.41394e-21)
(-0.0315133 0.0539865 0)
(-0.0491513 0.053399 9.2423e-21)
(-0.0583058 0.0418926 -1.14233e-20)
(-0.0579867 0.0242077 2.75238e-21)
(-0.0483673 0.00273244 0)
(-0.0299901 -0.0210724 0)
(-0.00373094 -0.0457147 0)
(0.0297717 -0.069077 5.36258e-21)
(0.069737 -0.0874066 -5.09668e-21)
(-0.015219 0.0404685 0)
(-0.0320493 0.0667086 -7.16197e-21)
(-0.0409108 0.0653718 1.32227e-20)
(-0.0385018 0.0497191 -6.13339e-21)
(-0.0248608 0.0258484 5.47499e-21)
(-0.000759321 -0.00302222 -1.49387e-20)
(0.0328275 -0.0348734 6.3448e-22)
(0.0745598 -0.0678615 8.12623e-21)
(0.123339 -0.0995146 6.06029e-21)
(0.180162 -0.124579 -8.56394e-21)
(-0.0182974 0.0441265 7.85025e-21)
(-0.0318894 0.0721975 -1.56016e-20)
(-0.0300054 0.0691887 -2.63607e-22)
(-0.0130913 0.0493293 1.64534e-22)
(0.017529 0.0197489 5.59387e-21)
(0.0603821 -0.0155682 -1.66299e-20)
(0.113689 -0.0539797 0)
(0.175141 -0.0933892 -4.43181e-21)
(0.242169 -0.13144 3.79847e-21)
(0.320084 -0.161591 -1.17255e-20)
(-0.0209002 0.044061 -2.90132e-22)
(-0.0301038 0.0703273 1.61796e-20)
(-0.0155261 0.0641599 7.28344e-21)
(0.0188495 0.0397063 7.49348e-21)
(0.0702495 0.00479413 6.15073e-21)
(0.136 -0.0359202 5.60302e-21)
(0.213004 -0.0791809 0)
(0.297566 -0.122376 4.43146e-21)
(0.383973 -0.163791 1.09161e-20)
(0.484643 -0.19562 -4.25334e-21)
(-0.0225751 0.0410108 9.36317e-23)
(-0.0253744 0.0617716 8.84779e-21)
(0.00461424 0.0506163 0)
(0.0601197 0.021019 -1.36531e-20)
(0.136594 -0.0188221 1.35062e-20)
(0.229385 -0.0636065 0)
(0.333064 -0.109446 0)
(0.441923 -0.153084 0)
(0.546154 -0.193978 -8.52752e-21)
(0.665783 -0.222626 -1.31106e-20)
(-0.0228809 0.0358001 -1.01279e-20)
(-0.0158859 0.0477004 9.48698e-21)
(0.033665 0.0298373 1.74164e-20)
(0.115221 -0.00526116 8.21992e-22)
(0.221581 -0.0490862 1.4371e-20)
(0.344729 -0.0957671 1.29941e-20)
(0.475602 -0.140999 1.15877e-20)
(0.605665 -0.181355 1.01261e-20)
(0.722713 -0.21747 8.52681e-21)
(0.849804 -0.238252 -6.93801e-21)
(-0.021251 0.0290652 -3.39239e-20)
(0.00066223 0.0294365 -9.48842e-21)
(0.0757305 0.00378323 -3.54092e-20)
(0.189362 -0.0363121 -1.60363e-20)
(0.329854 -0.0820322 6.80946e-22)
(0.483816 -0.12724 -1.23982e-20)
(0.637663 -0.167805 1.23411e-20)
(0.779989 -0.201451 -1.01254e-20)
(0.901008 -0.228675 8.51414e-21)
(1.01792 -0.239921 -1.37469e-20)
(-0.0168958 0.0211633 2.30517e-20)
(0.0269246 0.00827555 0)
(0.13503 -0.0250472 1.85282e-20)
(0.286718 -0.0681661 -1.22683e-22)
(0.462832 -0.11225 6.79104e-22)
(0.642862 -0.151724 1.28428e-20)
(0.809348 -0.183646 -3.65866e-20)
(0.950214 -0.208149 0)
(1.06271 -0.223491 -8.51372e-21)
(1.15093 -0.23 0)
(-0.0235495 -0.0190589 0)
(0.00143097 -0.0212318 -1.99767e-22)
(0.0293048 -0.0233443 2.88327e-22)
(0.0598421 -0.0251659 -8.17435e-23)
(0.0926533 -0.0266413 0)
(0.127338 -0.0277796 -2.20747e-22)
(0.163505 -0.0285964 2.21841e-22)
(0.200781 -0.0291103 0)
(0.238805 -0.0293455 0)
(0.277244 -0.0293312 -5.61886e-23)
(0.315793 -0.0290998 0)
(0.354184 -0.0286854 0)
(0.392182 -0.0281222 0)
(0.429593 -0.0274449 0)
(0.46624 -0.0266882 1.11763e-22)
(0.50211 -0.0258863 -1.12343e-22)
(0.536739 -0.0250779 0)
(0.571709 -0.0242762 2.96926e-23)
(0.601251 -0.0236104 -2.98488e-23)
(0.645878 -0.0228165 0)
(0.0198734 -0.057568 0)
(0.045166 -0.0637753 8.39943e-23)
(0.073191 -0.0698522 0)
(0.103749 -0.0751096 4.8422e-23)
(0.136256 -0.0793538 -5.73727e-23)
(0.170294 -0.082604 -2.84933e-23)
(0.205521 -0.0849079 5.51148e-22)
(0.241607 -0.0863209 -1.32502e-21)
(0.278225 -0.0869143 1.42902e-21)
(0.315072 -0.0867751 -8.68654e-22)
(0.351875 -0.0860006 -9.61204e-22)
(0.388395 -0.0846925 1.83181e-21)
(0.424426 -0.082953 -9.89036e-22)
(0.459804 -0.0808846 -5.83101e-22)
(0.49437 -0.0785908 4.68673e-22)
(0.528148 -0.0761675 -9.89947e-23)
(0.560643 -0.0737404 -8.43698e-23)
(0.593536 -0.0713067 -1.13631e-22)
(0.620993 -0.0693377 1.14182e-22)
(0.662884 -0.0668354 -2.07021e-23)
(0.10253 -0.0966367 -1.33686e-22)
(0.129091 -0.106245 -8.41386e-23)
(0.157039 -0.115701 -7.42337e-23)
(0.187341 -0.123843 0)
(0.219074 -0.130344 1.13563e-22)
(0.251715 -0.135239 -8.66411e-23)
(0.284996 -0.138613 0)
(0.318676 -0.140558 1.30813e-22)
(0.352495 -0.14119 8.97733e-23)
(0.386209 -0.140651 -1.44463e-21)
(0.419605 -0.139104 -1.16569e-22)
(0.452501 -0.136717 1.99343e-21)
(0.484748 -0.133661 1.09134e-22)
(0.516234 -0.1301 1.15907e-22)
(0.546836 -0.126207 1.00965e-22)
(0.576642 -0.122123 -2.53322e-22)
(0.605133 -0.118075 2.25515e-22)
(0.634064 -0.113969 2.89808e-22)
(0.657784 -0.11073 7.02881e-23)
(0.694445 -0.106374 8.26343e-24)
(0.21875 -0.135731 -4.07322e-21)
(0.246749 -0.147982 9.78808e-22)
(0.274137 -0.159987 1.09182e-21)
(0.303475 -0.170181 2.24207e-21)
(0.333629 -0.178167 8.66526e-23)
(0.363884 -0.184018 -1.17721e-23)
(0.394053 -0.187859 1.20275e-21)
(0.424021 -0.189815 -3.5529e-22)
(0.453635 -0.190039 -9.48324e-22)
(0.482733 -0.188725 1.47596e-21)
(0.511183 -0.186098 1.33016e-22)
(0.538886 -0.182393 -1.85084e-21)
(0.565769 -0.177846 -1.08224e-22)
(0.591795 -0.172681 -9.75799e-22)
(0.616893 -0.167136 6.87182e-22)
(0.641219 -0.161371 6.35974e-22)
(0.66427 -0.155738 -5.7562e-22)
(0.687769 -0.149971 0)
(0.70661 -0.145515 -1.09178e-22)
(0.736184 -0.139283 -1.78106e-23)
(0.362166 -0.173417 1.12962e-20)
(0.390885 -0.187357 -3.71833e-21)
(0.416633 -0.200976 4.03194e-21)
(0.443649 -0.212258 0)
(0.470871 -0.220844 -7.13671e-23)
(0.497371 -0.22689 -1.37973e-22)
(0.523007 -0.230557 8.29006e-22)
(0.547816 -0.231982 6.84637e-22)
(0.571771 -0.231349 -1.34226e-21)
(0.594815 -0.228903 -1.50054e-22)
(0.616916 -0.224926 0)
(0.638076 -0.219714 1.85828e-22)
(0.658314 -0.213568 0)
(0.677678 -0.206759 1.887e-22)
(0.696166 -0.199592 0)
(0.71398 -0.192214 0)
(0.730704 -0.185126 -1.36523e-22)
(0.747836 -0.177804 1.64958e-22)
(0.761274 -0.172283 -1.42599e-22)
(0.782705 -0.164262 4.53832e-23)
(0.525893 -0.206879 0)
(0.553131 -0.221628 -3.08728e-22)
(0.575562 -0.236014 -7.24755e-21)
(0.598382 -0.247517 7.03935e-21)
(0.62083 -0.255933 -1.45646e-22)
(0.641866 -0.261549 0)
(0.661366 -0.264525 1.00335e-22)
(0.679495 -0.264995 -8.96746e-22)
(0.696362 -0.263178 8.6971e-22)
(0.712034 -0.25937 9.09513e-23)
(0.726596 -0.253912 1.16342e-22)
(0.740164 -0.247157 1.33487e-22)
(0.752864 -0.239464 0)
(0.764821 -0.231137 -1.05696e-21)
(0.776119 -0.222541 2.45493e-21)
(0.786947 -0.213773 -1.11648e-21)
(0.797073 -0.205496 1.05932e-22)
(0.807515 -0.196871 8.16962e-23)
(0.815623 -0.190541 -3.88799e-23)
(0.828716 -0.181001 3.81056e-23)
(0.700859 -0.232626 1.34327e-20)
(0.723167 -0.247495 0)
(0.740202 -0.261913 -2.97755e-22)
(0.756868 -0.273 4.3963e-22)
(0.772628 -0.28079 3.15323e-22)
(0.786486 -0.285644 1.11436e-22)
(0.798337 -0.287669 5.73685e-23)
(0.808434 -0.287 3.46711e-22)
(0.817026 -0.283909 -4.51416e-22)
(0.824329 -0.278756 -1.59844e-21)
(0.830574 -0.271939 1.32378e-21)
(0.835991 -0.263855 -2.42176e-22)
(0.840812 -0.254915 1.04695e-21)
(0.845219 -0.245431 -1.52571e-22)
(0.849387 -0.235816 -1.28542e-21)
(0.853401 -0.226078 -1.08284e-22)
(0.8573 -0.21704 1.48562e-22)
(0.861381 -0.207521 -1.78365e-22)
(0.864737 -0.200727 -2.88853e-22)
(0.870107 -0.190096 -1.56431e-23)
(0.874205 -0.247453 0)
(0.888483 -0.26213 -1.09284e-20)
(0.898436 -0.275937 1.11794e-20)
(0.90749 -0.286303 -2.32113e-22)
(0.915064 -0.293434 -3.52724e-22)
(0.920403 -0.297544 -1.11332e-22)
(0.92349 -0.298679 -1.31374e-22)
(0.924661 -0.297032 0)
(0.924335 -0.292943 3.23475e-23)
(0.922919 -0.286824 6.58354e-23)
(0.920796 -0.279109 7.27493e-23)
(0.918279 -0.270214 1.99907e-22)
(0.915669 -0.260565 0)
(0.913142 -0.25046 0)
(0.910953 -0.240361 1.16492e-22)
(0.908993 -0.230175 9.36874e-22)
(0.907618 -0.220868 -6.44076e-22)
(0.906248 -0.21093 6.12668e-23)
(0.905791 -0.204044 1.37384e-22)
(0.904668 -0.192809 -3.83146e-23)
(1.03084 -0.250694 1.43182e-20)
(1.03686 -0.265496 0)
(1.03924 -0.278493 0)
(1.0397 -0.28835 -6.97242e-21)
(1.038 -0.295029 1.97927e-21)
(1.03394 -0.298497 8.50122e-21)
(1.02775 -0.298923 -3.31322e-21)
(1.01991 -0.29664 0)
(1.01102 -0.292037 0)
(1.00164 -0.285517 0)
(0.992209 -0.277506 -4.2205e-23)
(0.983033 -0.268398 -1.28111e-22)
(0.974386 -0.258614 -1.52325e-21)
(0.966329 -0.248408 1.46668e-21)
(0.95916 -0.238288 -7.29814e-22)
(0.95253 -0.228066 6.32954e-22)
(0.947153 -0.21885 0)
(0.941534 -0.208851 -3.23929e-23)
(0.938307 -0.202134 -3.77049e-23)
(0.93218 -0.190712 0)
(1.16063 -0.245833 -2.13248e-22)
(1.16124 -0.259131 -1.07114e-20)
(1.15521 -0.27023 1.05997e-20)
(1.14541 -0.278985 0)
(1.13353 -0.284769 4.96885e-21)
(1.1201 -0.287554 -8.27856e-21)
(1.10541 -0.287678 3.32635e-21)
(1.08999 -0.285475 0)
(1.07443 -0.281241 -2.39747e-22)
(1.0592 -0.27528 9.15147e-22)
(1.04464 -0.267948 -7.00277e-22)
(1.03089 -0.259572 3.78208e-23)
(1.01814 -0.25054 0)
(1.0063 -0.241031 1.40949e-21)
(0.995707 -0.23154 -1.99942e-21)
(0.985759 -0.221789 6.41881e-22)
(0.977564 -0.213009 4.65294e-22)
(0.968788 -0.203234 -3.22567e-22)
(0.963623 -0.196812 -1.63022e-22)
(0.953754 -0.185448 0)
(1.27147 -0.217634 0)
(1.25767 -0.228713 0)
(1.23717 -0.23774 0)
(1.21551 -0.245914 0)
(1.19478 -0.252579 0)
(1.17476 -0.257121 0)
(1.15496 -0.259422 0)
(1.13541 -0.259634 0)
(1.11638 -0.257975 0)
(1.09814 -0.254652 0)
(1.08087 -0.249908 0)
(1.06459 -0.243959 0)
(1.04947 -0.237126 0)
(1.03534 -0.229511 0)
(1.02263 -0.221608 0)
(1.01052 -0.213091 0)
(1.00045 -0.205249 0)
(0.989445 -0.196107 0)
(0.982889 -0.190032 0)
(0.970207 -0.17886 0)
(1.29791 -0.196438 0)
(1.28456 -0.209137 0)
(1.26289 -0.219526 0)
(1.23975 -0.228112 0)
(1.21804 -0.234757 0)
(1.19742 -0.239229 0)
(1.17717 -0.241536 0)
(1.15715 -0.241867 0)
(1.13765 -0.240469 0)
(1.11893 -0.237569 0)
(1.10115 -0.233406 0)
(1.08432 -0.228173 0)
(1.06862 -0.22215 0)
(1.05383 -0.215419 0)
(1.04041 -0.208439 0)
(1.02743 -0.200881 0)
(1.01656 -0.193939 0)
(1.00442 -0.18574 0)
(0.997198 -0.180339 0)
(0.982775 -0.170162 0)
(1.3081 -0.174785 0)
(1.29494 -0.18802 0)
(1.27375 -0.198824 0)
(1.25097 -0.207284 0)
(1.22956 -0.213681 0)
(1.2093 -0.218148 0)
(1.18941 -0.220761 0)
(1.1697 -0.221645 0)
(1.15045 -0.22098 0)
(1.1319 -0.218949 0)
(1.11424 -0.215756 0)
(1.09744 -0.211558 0)
(1.08169 -0.206601 0)
(1.06673 -0.200944 0)
(1.05308 -0.195007 0)
(1.03973 -0.188461 0)
(1.02851 -0.182415 0)
(1.01576 -0.175115 0)
(1.0082 -0.170327 0)
(0.992826 -0.16101 0)
(1.30648 -0.154922 0)
(1.2943 -0.168027 0)
(1.27468 -0.178818 0)
(1.25328 -0.187194 0)
(1.23295 -0.193539 0)
(1.21366 -0.198134 0)
(1.1947 -0.201088 0)
(1.17587 -0.202481 0)
(1.1574 -0.202447 0)
(1.13952 -0.201145 0)
(1.12241 -0.198761 0)
(1.10605 -0.195432 0)
(1.09062 -0.191379 0)
(1.07585 -0.186641 0)
(1.06229 -0.1816 0)
(1.0489 -0.175936 0)
(1.0376 -0.170674 0)
(1.02458 -0.164176 0)
(1.01688 -0.159926 0)
(1.001 -0.151408 0)
(1.29848 -0.137419 0)
(1.2876 -0.149912 0)
(1.26992 -0.160366 0)
(1.25035 -0.168546 0)
(1.23152 -0.174798 0)
(1.21351 -0.179435 0)
(1.19577 -0.182593 0)
(1.17809 -0.184344 0)
(1.16066 -0.184797 0)
(1.14369 -0.184086 0)
(1.12736 -0.182377 0)
(1.11164 -0.179786 0)
(1.09673 -0.17651 0)
(1.08235 -0.17257 0)
(1.06908 -0.168312 0)
(1.05584 -0.163429 0)
(1.04464 -0.158864 0)
(1.03158 -0.153096 0)
(1.02388 -0.149334 0)
(1.00778 -0.14158 0)
(1.28817 -0.122069 0)
(1.27843 -0.133703 0)
(1.26265 -0.143605 0)
(1.24497 -0.151449 0)
(1.22772 -0.15751 0)
(1.21108 -0.162093 0)
(1.19459 -0.165345 0)
(1.17811 -0.167337 0)
(1.16178 -0.168158 0)
(1.14578 -0.167917 0)
(1.1303 -0.16676 0)
(1.1153 -0.164784 0)
(1.101 -0.162161 0)
(1.0871 -0.158902 0)
(1.07422 -0.155318 0)
(1.06124 -0.151118 0)
(1.05024 -0.147164 0)
(1.03727 -0.142053 0)
(1.02965 -0.13873 0)
(1.01353 -0.131692 0)
(1.27772 -0.108594 0)
(1.26886 -0.119252 0)
(1.25476 -0.12846 0)
(1.23882 -0.13585 0)
(1.22307 -0.141633 0)
(1.20771 -0.146079 0)
(1.19241 -0.149335 0)
(1.17705 -0.151465 0)
(1.16177 -0.152544 0)
(1.14672 -0.152661 0)
(1.13206 -0.151939 0)
(1.11778 -0.150462 0)
(1.10409 -0.148379 0)
(1.09069 -0.145692 0)
(1.07823 -0.142682 0)
(1.06557 -0.139074 0)
(1.05482 -0.135655 0)
(1.04202 -0.131133 0)
(1.03451 -0.128203 0)
(1.01849 -0.121835 0)
(1.26808 -0.0966735 0)
(1.25988 -0.106306 0)
(1.24719 -0.114737 0)
(1.23277 -0.121594 0)
(1.21834 -0.127029 0)
(1.20413 -0.131273 0)
(1.1899 -0.134456 0)
(1.17555 -0.136638 0)
(1.16122 -0.13788 0)
(1.14703 -0.138256 0)
(1.13314 -0.13787 0)
(1.11953 -0.136791 0)
(1.10642 -0.135151 0)
(1.09352 -0.132944 0)
(1.08147 -0.130421 0)
(1.06914 -0.127326 0)
(1.05866 -0.124373 0)
(1.04606 -0.120381 0)
(1.0387 -0.117803 0)
(1.02284 -0.112062 0)
(1.25956 -0.0859728 0)
(1.25182 -0.0945877 0)
(1.24028 -0.102215 0)
(1.22716 -0.108496 0)
(1.21388 -0.113536 0)
(1.20068 -0.117524 0)
(1.18738 -0.120575 0)
(1.17393 -0.122738 0)
(1.16043 -0.124067 0)
(1.14701 -0.124621 0)
(1.13382 -0.124487 0)
(1.12082 -0.123724 0)
(1.10825 -0.122443 0)
(1.09581 -0.120637 0)
(1.08415 -0.118527 0)
(1.07214 -0.115878 0)
(1.06193 -0.113334 0)
(1.04956 -0.10982 0)
(1.04235 -0.107558 0)
(1.02669 -0.102405 0)
(1.25216 -0.0762282 0)
(1.24474 -0.0838691 0)
(1.23414 -0.090698 0)
(1.22211 -0.0963838 0)
(1.20981 -0.100997 0)
(1.19748 -0.104691 0)
(1.18499 -0.107562 0)
(1.17231 -0.109653 0)
(1.15956 -0.111006 0)
(1.14682 -0.111671 0)
(1.13424 -0.111722 0)
(1.1218 -0.111203 0)
(1.10971 -0.110214 0)
(1.0977 -0.108741 0)
(1.0864 -0.106983 0)
(1.07471 -0.104721 0)
(1.06475 -0.102536 0)
(1.05261 -0.0994564 0)
(1.04555 -0.0974804 0)
(1.03012 -0.0928824 0)
(1.24577 -0.0672493 0)
(1.23857 -0.0739691 0)
(1.22873 -0.0800206 0)
(1.21761 -0.0851065 0)
(1.20615 -0.0892732 0)
(1.19456 -0.0926457 0)
(1.18277 -0.0953019 0)
(1.17077 -0.0972772 0)
(1.15866 -0.0986061 0)
(1.14652 -0.0993286 0)
(1.13449 -0.0995056 0)
(1.12254 -0.0991738 0)
(1.11089 -0.0984181 0)
(1.09926 -0.097223 0)
(1.08831 -0.0957637 0)
(1.0769 -0.0938413 0)
(1.06719 -0.091974 0)
(1.05527 -0.0892895 0)
(1.04836 -0.087573 0)
(1.03315 -0.0835 0)
(1.24026 -0.0588853 0)
(1.23321 -0.064737 0)
(1.224 -0.0700397 0)
(1.21364 -0.0745318 0)
(1.20289 -0.0782439 0)
(1.19193 -0.081276 0)
(1.18075 -0.0836913 0)
(1.16933 -0.0855178 0)
(1.15778 -0.086783 0)
(1.14616 -0.087519 0)
(1.13461 -0.0877762 0)
(1.12309 -0.0875835 0)
(1.11184 -0.0870135 0)
(1.10056 -0.0860496 0)
(1.08991 -0.084845 0)
(1.07878 -0.0832209 0)
(1.06929 -0.0816348 0)
(1.05758 -0.079313 0)
(1.05081 -0.0778331 0)
(1.03583 -0.0742586 0)
(1.23556 -0.0510127 0)
(1.22861 -0.0560478 0)
(1.21989 -0.0606341 0)
(1.21017 -0.0645454 0)
(1.20002 -0.0678013 0)
(1.1896 -0.0704819 0)
(1.17892 -0.0726375 0)
(1.168 -0.0742898 0)
(1.15693 -0.0754605 0)
(1.14577 -0.0761749 0)
(1.13464 -0.0764744 0)
(1.1235 -0.0763816 0)
(1.1126 -0.0759577 0)
(1.10163 -0.0751861 0)
(1.09125 -0.0741993 0)
(1.08036 -0.0728388 0)
(1.07108 -0.0715037 0)
(1.05957 -0.0695164 0)
(1.05293 -0.0682534 0)
(1.03817 -0.0651539 0)
(1.23157 -0.0435319 0)
(1.22468 -0.0477985 0)
(1.21638 -0.0517012 0)
(1.20717 -0.0550478 0)
(1.19751 -0.0578508 0)
(1.18755 -0.0601738 0)
(1.1773 -0.0620566 0)
(1.16681 -0.0635157 0)
(1.15614 -0.064568 0)
(1.14537 -0.065233 0)
(1.1346 -0.0655443 0)
(1.12379 -0.0655194 0)
(1.11319 -0.0652092 0)
(1.10249 -0.0645979 0)
(1.09236 -0.0637981 0)
(1.08169 -0.0626724 0)
(1.07259 -0.0615626 0)
(1.06127 -0.0598859 0)
(1.05474 -0.0588231 0)
(1.04018 -0.0561781 0)
(1.22825 -0.0363616 0)
(1.22139 -0.0399028 0)
(1.21341 -0.0431526 0)
(1.20463 -0.0459514 0)
(1.19538 -0.0483073 0)
(1.18578 -0.0502704 0)
(1.17589 -0.0518719 0)
(1.16575 -0.0531239 0)
(1.15543 -0.0540393 0)
(1.14498 -0.0546331 0)
(1.13451 -0.0549319 0)
(1.12399 -0.0549493 0)
(1.11364 -0.0547265 0)
(1.10318 -0.0542495 0)
(1.09326 -0.0536116 0)
(1.08278 -0.0526967 0)
(1.07384 -0.0517911 0)
(1.06268 -0.0504049 0)
(1.05626 -0.0495282 0)
(1.04188 -0.04732 0)
(1.22553 -0.0294334 0)
(1.2187 -0.0322863 0)
(1.21098 -0.0349104 0)
(1.20253 -0.0371778 0)
(1.1936 -0.0390938 0)
(1.1843 -0.0406973 0)
(1.1747 -0.0420122 0)
(1.16485 -0.0430473 0)
(1.15481 -0.0438121 0)
(1.14462 -0.0443179 0)
(1.13441 -0.0445855 0)
(1.12412 -0.0446248 0)
(1.11398 -0.0444687 0)
(1.10372 -0.044105 0)
(1.09397 -0.0436088 0)
(1.08365 -0.0428854 0)
(1.07485 -0.0421667 0)
(1.06383 -0.0410545 0)
(1.0575 -0.0403524 0)
(1.04327 -0.038566 0)
(1.22339 -0.0226923 0)
(1.21657 -0.0248872 0)
(1.20904 -0.026908 0)
(1.20086 -0.0286579 0)
(1.19217 -0.0301409 0)
(1.18311 -0.0313862 0)
(1.17373 -0.0324115 0)
(1.1641 -0.0332229 0)
(1.15428 -0.0338272 0)
(1.14431 -0.0342327 0)
(1.13429 -0.0344547 0)
(1.12419 -0.0345005 0)
(1.11422 -0.0343948 0)
(1.10412 -0.0341283 0)
(1.09451 -0.0337578 0)
(1.08432 -0.0332109 0)
(1.07564 -0.0326651 0)
(1.06473 -0.0318141 0)
(1.05847 -0.0312769 0)
(1.04437 -0.0299006 0)
(1.22178 -0.0161021 0)
(1.21497 -0.0176607 0)
(1.20758 -0.019094 0)
(1.19959 -0.0203356 0)
(1.1911 -0.0213897 0)
(1.1822 -0.0222773 0)
(1.17299 -0.0230105 0)
(1.16353 -0.0235932 0)
(1.15387 -0.0240296 0)
(1.14406 -0.0243255 0)
(1.13419 -0.0244911 0)
(1.12422 -0.024532 0)
(1.11439 -0.0244645 0)
(1.1044 -0.0242831 0)
(1.0949 -0.024026 0)
(1.08481 -0.0236447 0)
(1.07621 -0.0232602 0)
(1.06539 -0.0226621 0)
(1.05919 -0.0222803 0)
(1.04519 -0.0213072 0)
(1.22069 -0.0095883 0)
(1.21389 -0.0105361 0)
(1.2066 -0.0114005 0)
(1.19874 -0.0121457 0)
(1.19037 -0.0127772 0)
(1.18159 -0.0133094 0)
(1.17249 -0.0137499 0)
(1.16314 -0.0141009 0)
(1.15359 -0.0143647 0)
(1.14388 -0.0145447 0)
(1.13411 -0.0146467 0)
(1.12424 -0.0146746 0)
(1.11449 -0.0146369 0)
(1.10458 -0.0145324 0)
(1.09515 -0.0143797 0)
(1.08513 -0.0141571 0)
(1.07658 -0.0139244 0)
(1.06583 -0.013576 0)
(1.05966 -0.0133385 0)
(1.04573 -0.0127689 0)
(1.22009 -0.00308448 0)
(1.21332 -0.00344131 0)
(1.20611 -0.0037542 0)
(1.19832 -0.00401717 0)
(1.19001 -0.00423625 0)
(1.18128 -0.00441885 0)
(1.17224 -0.004569 0)
(1.16294 -0.00468823 0)
(1.15345 -0.00477763 0)
(1.14379 -0.00483877 0)
(1.13407 -0.00487355 0)
(1.12424 -0.00488376 0)
(1.11454 -0.00487159 0)
(1.10467 -0.00483789 0)
(1.09527 -0.00478673 0)
(1.08529 -0.00471457 0)
(1.07676 -0.00463507 0)
(1.06605 -0.00452322 0)
(1.05989 -0.00443904 0)
(1.046 -0.00425568 0)
(1.33966 0.0902439 1.0326e-21)
(1.355 0.0630349 0)
(1.36668 0.0343885 -1.11576e-22)
(1.37456 0.00437761 -3.36903e-21)
(1.37865 -0.0267639 1.89154e-22)
(1.37825 -0.0589635 0)
(1.37407 -0.0920452 -5.08063e-21)
(1.35768 -0.126569 0)
(1.34503 -0.159522 -9.11321e-21)
(1.27604 -0.200492 1.2795e-22)
(1.32413 0.0788935 -1.39826e-21)
(1.33794 0.0550986 2.25132e-22)
(1.34888 0.0300399 -2.25568e-22)
(1.35565 0.0038022 -1.63087e-21)
(1.36098 -0.0234658 -3.42621e-21)
(1.3594 -0.0519778 -1.279e-22)
(1.36198 -0.0804664 0)
(1.34477 -0.112845 1.27024e-22)
(1.35086 -0.138359 0)
(1.3017 -0.181356 3.94991e-21)
(1.31155 0.0682513 2.95773e-21)
(1.3232 0.0471385 0)
(1.33322 0.0250891 -2.12273e-22)
(1.33818 0.00182498 -1.24515e-21)
(1.34455 -0.0216579 3.55883e-21)
(1.34117 -0.0473528 0)
(1.34768 -0.070492 5.00136e-21)
(1.33173 -0.101078 -4.61729e-23)
(1.34133 -0.119798 0)
(1.31234 -0.160503 -3.90964e-21)
(1.30135 0.0590491 -1.37313e-21)
(1.31104 0.040226 5.53962e-21)
(1.3201 0.021009 0)
(1.32346 0.000211779 6.61545e-21)
(1.32998 -0.0196478 3.17262e-22)
(1.32595 -0.0431238 -5.55838e-22)
(1.33262 -0.0617025 -4.66455e-21)
(1.32045 -0.0901893 -1.67448e-22)
(1.3262 -0.105127 -3.78627e-21)
(1.31073 -0.141119 0)
(1.29291 0.0510761 0)
(1.30109 0.0342786 -5.40563e-21)
(1.30909 0.0175998 -5.98097e-21)
(1.31148 -0.00111171 7.75732e-22)
(1.31708 -0.0179442 -4.84012e-22)
(1.31353 -0.0393674 -3.15275e-22)
(1.3179 -0.0548728 -9.51088e-21)
(1.30967 -0.0805775 -4.28683e-22)
(1.31081 -0.0937968 -2.22245e-21)
(1.30242 -0.124491 4.34397e-21)
(1.28578 0.0441021 1.92401e-21)
(1.29286 0.0291116 3.79037e-22)
(1.29969 0.0145761 -1.17391e-21)
(1.30166 -0.0022438 3.24546e-22)
(1.30575 -0.0167857 -8.57088e-21)
(1.3031 -0.0360484 0)
(1.30476 -0.0496395 1.03643e-20)
(1.29925 -0.0720953 -3.15058e-22)
(1.29746 -0.0843082 1.43829e-20)
(1.29197 -0.110245 -1.0785e-20)
(1.2797 0.0379604 -1.93348e-21)
(1.28596 0.024624 -3.57242e-21)
(1.29161 0.0118642 5.85571e-21)
(1.29342 -0.00312756 -1.03217e-20)
(1.29601 -0.0159433 -1.51658e-21)
(1.29411 -0.0329347 -8.16487e-21)
(1.29376 -0.0451968 3.776e-22)
(1.28963 -0.0644699 -6.92417e-22)
(1.28638 -0.0758282 -7.88809e-21)
(1.28161 -0.0978794 6.42029e-21)
(1.27454 0.0325426 0)
(1.2801 0.0207434 7.78444e-21)
(1.28469 0.00947484 -8.1358e-22)
(1.28635 -0.00374798 5.4743e-21)
(1.28777 -0.0151785 -8.0231e-22)
(1.28625 -0.029967 1.66501e-20)
(1.28472 -0.0411363 -7.32943e-21)
(1.281 -0.0576461 0)
(1.27706 -0.0681496 0)
(1.27219 -0.0870395 0)
(1.27016 0.0277721 0)
(1.27509 0.0173964 -7.25637e-21)
(1.27881 0.00741914 -4.55178e-22)
(1.28024 -0.00414883 5.88835e-21)
(1.28083 -0.0143811 1.03217e-20)
(1.27934 -0.0271849 -9.53807e-21)
(1.27715 -0.0373381 8.83945e-21)
(1.2734 -0.0515372 -4.77083e-22)
(1.26912 -0.0611339 0)
(1.26394 -0.0773815 5.6814e-21)
(1.26647 0.0235803 2.6581e-22)
(1.27082 0.0145105 4.16329e-21)
(1.27382 0.00568988 6.43417e-21)
(1.27495 -0.0043746 -3.34462e-22)
(1.27496 -0.013508 7.53584e-22)
(1.27331 -0.0245786 -1.09532e-20)
(1.27073 -0.0337276 1.02919e-20)
(1.2668 -0.0459683 -5.18149e-22)
(1.26231 -0.0546229 0)
(1.25685 -0.0686188 -1.19084e-20)
(1.26338 0.0199011 0)
(1.26718 0.0120199 4.22514e-21)
(1.26961 0.00426445 2.5403e-22)
(1.2704 -0.00444874 0)
(1.26998 -0.0125397 0)
(1.2681 -0.0220942 9.72509e-21)
(1.26525 -0.0302445 -8.53466e-21)
(1.26113 -0.0407904 -4.96553e-22)
(1.25646 -0.0485092 2.70658e-22)
(1.25078 -0.060556 6.43764e-21)
(1.26078 0.0167069 0)
(1.26409 0.00989029 -8.08131e-21)
(1.26605 0.00312365 -8.62197e-21)
(1.26651 -0.00437614 1.29067e-21)
(1.26576 -0.0114696 -8.23616e-22)
(1.26365 -0.0196809 -6.65295e-22)
(1.26057 -0.0268551 1.24963e-21)
(1.25628 -0.0359087 7.99517e-21)
(1.25144 -0.0427199 7.54019e-22)
(1.24559 -0.0530496 -2.3039e-22)
(1.25859 0.0138715 0)
(1.26148 0.00805467 4.36955e-21)
(1.26306 0.00222826 -4.77757e-22)
(1.26323 -0.00416792 4.73797e-22)
(1.2622 -0.0103051 0)
(1.25988 -0.0173072 0)
(1.2566 -0.0235388 0)
(1.25217 -0.031255 -9.06648e-21)
(1.24716 -0.0371898 8.49348e-21)
(1.24117 -0.045982 0)
(1.25682 0.0113361 0)
(1.25933 0.00646978 2.81984e-21)
(1.26058 0.00154293 3.60824e-21)
(1.26049 -0.00383655 4.6434e-21)
(1.25923 -0.00905726 -8.7735e-22)
(1.25673 -0.0149529 5.38182e-21)
(1.25328 -0.020277 -4.77226e-21)
(1.24872 -0.0267743 0)
(1.24355 -0.0318626 6.18363e-22)
(1.23744 -0.0392587 -8.11071e-21)
(1.25539 0.00912072 -6.33745e-22)
(1.25758 0.00512264 -2.28958e-21)
(1.25856 0.00104467 -4.6653e-21)
(1.25825 -0.003391 -3.2685e-21)
(1.25679 -0.00773429 0)
(1.25414 -0.012604 -6.83961e-21)
(1.25054 -0.0170537 6.85728e-21)
(1.24588 -0.0224244 -6.5026e-22)
(1.24057 -0.0266936 -4.21695e-21)
(1.23435 -0.0328043 1.1825e-20)
(1.25425 0.0071477 6.37004e-22)
(1.25619 0.00396283 -1.79583e-21)
(1.25694 0.000696593 1.59381e-21)
(1.25645 -0.0028494 -3.9097e-21)
(1.25483 -0.00634812 0)
(1.25206 -0.0102536 0)
(1.24833 -0.0138579 6.80494e-22)
(1.24358 -0.0181732 -6.41724e-21)
(1.23815 -0.021647 -3.89103e-21)
(1.23185 -0.0265571 -4.00219e-21)
(1.25339 0.00536772 0)
(1.25512 0.00295485 2.94188e-21)
(1.25569 0.00046843 -1.06635e-21)
(1.25506 -0.00223132 3.48898e-21)
(1.25332 -0.00491388 9.31641e-22)
(1.25045 -0.00790291 -7.71541e-22)
(1.24662 -0.0106859 1.44688e-21)
(1.2418 -0.0139996 4.4446e-21)
(1.23626 -0.016697 0)
(1.22988 -0.0204688 0)
(1.25277 0.00374464 0)
(1.25434 0.00207122 1.20833e-21)
(1.25477 0.000336656 -2.19202e-21)
(1.25404 -0.00155278 0)
(1.25221 -0.00344446 -1.81616e-21)
(1.24927 -0.00555534 -7.82224e-22)
(1.24537 -0.00753804 -2.17706e-21)
(1.24049 -0.00989269 -6.28766e-22)
(1.23486 -0.0118301 3.28898e-22)
(1.22841 -0.0145115 2.72033e-22)
(1.25236 0.00224848 0)
(1.25382 0.00129584 -1.21416e-21)
(1.25417 0.000302395 -1.09125e-21)
(1.25337 -0.00079269 1.49721e-21)
(1.25147 -0.00190346 8.66755e-22)
(1.24849 -0.00315699 8.24093e-22)
(1.24454 -0.0043503 3.64155e-21)
(1.23962 -0.0057759 -2.64239e-21)
(1.23392 -0.00696829 6.12652e-22)
(1.22741 -0.00860526 0)
(1.25214 0.000717172 0)
(1.25355 0.00049612 5.93309e-22)
(1.25386 0.000251234 -5.65989e-22)
(1.25302 -4.47189e-05 5.33011e-22)
(1.2511 -0.000366275 0)
(1.24809 -0.00075739 -8.28262e-22)
(1.24411 -0.00115086 7.14637e-22)
(1.23916 -0.00164443 6.30839e-22)
(1.23341 -0.00208195 0)
(1.22685 -0.00268827 0)
(0.967211 0.279204 0)
(0.952129 0.308158 -4.42038e-20)
(0.942624 0.34378 0)
(0.935531 0.387315 -1.44664e-19)
(0.928774 0.43899 5.59518e-20)
(0.921236 0.500189 2.07584e-21)
(0.909019 0.569687 4.35731e-20)
(0.872324 0.631933 -7.69045e-21)
(0.749284 0.62592 0)
(0.418136 0.374453 3.97794e-20)
(1.01372 0.279378 8.08317e-20)
(1.00365 0.312942 4.42023e-20)
(1.00114 0.347767 -4.0782e-20)
(1.00021 0.39053 4.86692e-20)
(0.999678 0.4418 -3.9224e-20)
(0.999324 0.502206 7.46256e-21)
(0.994453 0.569812 -4.61957e-20)
(0.961912 0.627375 -8.77448e-20)
(0.830891 0.613659 -2.30501e-20)
(0.460595 0.357907 -5.74914e-20)
(1.06156 0.274646 -3.49078e-20)
(1.05738 0.30867 3.56515e-20)
(1.05989 0.342774 4.07804e-20)
(1.06382 0.384943 4.12528e-20)
(1.06908 0.435454 4.13645e-20)
(1.07557 0.494264 4.07696e-20)
(1.07711 0.558597 8.65421e-21)
(1.04673 0.609404 3.53505e-20)
(0.90496 0.5869 1.03948e-20)
(0.494963 0.331674 -1.10964e-20)
(1.1109 0.266199 7.00436e-20)
(1.11143 0.299133 -3.565e-20)
(1.11759 0.331792 0)
(1.12561 0.372405 0)
(1.13615 0.420983 0)
(1.14871 0.476964 2.6961e-20)
(1.15516 0.53656 -2.04074e-20)
(1.12426 0.578686 0)
(0.96841 0.546782 4.49862e-21)
(0.518924 0.297282 -8.05362e-21)
(1.15836 0.253562 -1.19305e-20)
(1.16304 0.284529 4.57752e-20)
(1.17249 0.31536 0)
(1.18437 0.353682 0)
(1.1997 0.399239 1.11978e-20)
(1.21729 0.451128 9.52386e-21)
(1.22668 0.504672 1.49596e-20)
(1.19221 0.536465 3.15782e-21)
(1.01727 0.494616 -2.71889e-21)
(0.531063 0.256866 -4.16225e-21)
(1.20224 0.236651 3.68293e-20)
(1.21076 0.264944 1.32853e-20)
(1.22336 0.293657 0)
(1.23889 0.32917 0)
(1.25842 0.370877 -2.81941e-20)
(1.27978 0.417505 8.57971e-21)
(1.28994 0.46322 4.03387e-21)
(1.24757 0.4848 -4.8234e-23)
(1.04916 0.433523 7.52031e-21)
(0.530936 0.212025 6.7737e-21)
(1.24215 0.215866 -1.99498e-20)
(1.25407 0.240873 2.09897e-20)
(1.26951 0.26715 1.71911e-20)
(1.28824 0.299372 -1.81872e-20)
(1.31115 0.336555 -5.58536e-21)
(1.33465 0.376933 5.94885e-21)
(1.34234 0.413874 7.31855e-22)
(1.28693 0.424949 -7.86049e-22)
(1.06305 0.365823 0)
(0.517985 0.165363 0)
(1.27763 0.19151 -1.61899e-20)
(1.29251 0.213066 1.70345e-20)
(1.31035 0.236706 0)
(1.33174 0.265229 0)
(1.35692 0.297218 0)
(1.38033 0.330669 -2.04105e-22)
(1.38165 0.358265 3.8559e-21)
(1.30865 0.358771 -8.0963e-21)
(1.0572 0.293839 0)
(0.492174 0.119522 -8.54772e-21)
(1.30907 0.16448 -6.34188e-21)
(1.32591 0.181906 5.35159e-21)
(1.34555 0.202916 -1.06204e-21)
(1.36891 0.227412 0)
(1.39489 0.253925 -2.77872e-22)
(1.41543 0.280064 6.39443e-23)
(1.40618 0.298014 0)
(1.31097 0.288436 1.33081e-21)
(1.03019 0.220453 -7.84859e-21)
(0.454432 0.0769561 1.27959e-20)
(1.33587 0.134717 0)
(1.35393 0.149309 1.32124e-21)
(1.37495 0.166863 1.06198e-21)
(1.39928 0.186886 0)
(1.42414 0.207697 -3.76123e-22)
(1.43857 0.226327 2.90055e-22)
(1.41406 0.234805 6.2275e-22)
(1.29203 0.216434 2.58268e-21)
(0.981557 0.148893 3.86937e-21)
(0.406709 0.0398269 0)
(0.588528 0.0183095 -1.69604e-20)
(0.562622 0.0207995 1.79636e-20)
(0.531372 0.0236954 9.61208e-21)
(0.493672 0.0270224 1.04588e-20)
(0.448016 0.0309136 -1.11056e-20)
(0.392293 0.0355337 -1.82512e-20)
(0.323789 0.0409531 6.57407e-21)
(0.237225 0.0464773 -1.44595e-20)
(0.128629 0.0479733 -1.58695e-20)
(0.0366644 0.0313056 0)
(0.596713 0.0546092 0)
(0.571536 0.0619928 -8.96463e-21)
(0.54076 0.0706234 -9.58003e-21)
(0.50364 0.0805415 0)
(0.458809 0.0921331 2.23207e-20)
(0.404162 0.105895 1.20355e-20)
(0.336968 0.122046 0)
(0.251758 0.138492 -1.38617e-20)
(0.143217 0.14283 -4.79156e-23)
(0.046191 0.0931777 -1.66902e-20)
(0.612891 0.0899458 6.67283e-20)
(0.589133 0.101964 -7.02205e-20)
(0.559298 0.116155 0)
(0.523338 0.132473 0)
(0.480148 0.151517 0)
(0.427646 0.174113 -7.12256e-20)
(0.363069 0.200631 1.02315e-19)
(0.280449 0.227573 -2.7147e-20)
(0.172041 0.234403 0)
(0.0650372 0.152647 3.35533e-20)
(0.636658 0.12366 6.54456e-20)
(0.614939 0.139904 -6.88695e-20)
(0.586504 0.15937 -7.40385e-20)
(0.552285 0.181765 -9.74785e-22)
(0.511529 0.207849 1.26812e-19)
(0.462193 0.238772 -4.54194e-20)
(0.401468 0.275028 4.9815e-20)
(0.322605 0.311729 -1.07478e-19)
(0.214342 0.32057 5.82582e-20)
(0.0925912 0.208029 0)
(0.667432 0.155087 -1.58575e-19)
(0.648296 0.175103 3.2981e-20)
(0.621717 0.199508 0)
(0.589818 0.227551 0)
(0.552256 0.260098 4.21898e-20)
(0.507039 0.298628 -1.30335e-19)
(0.451292 0.343736 9.36098e-20)
(0.377231 0.389157 -1.00598e-19)
(0.268995 0.399323 2.20041e-21)
(0.127939 0.257821 -5.69067e-20)
(0.704557 0.183278 2.14788e-19)
(0.688406 0.206531 -1.62546e-19)
(0.664037 0.235451 0)
(0.634967 0.268632 0)
(0.6013 0.307004 3.99414e-20)
(0.561092 0.352345 4.28581e-20)
(0.51135 0.405279 4.03833e-20)
(0.44299 0.458151 4.95597e-20)
(0.334506 0.468775 1.92544e-21)
(0.169876 0.300624 1.11951e-19)
(0.747526 0.208281 -1.21628e-19)
(0.734659 0.234555 -6.01983e-20)
(0.712756 0.267575 0)
(0.686918 0.305084 0)
(0.657685 0.34822 0)
(0.623163 0.399163 -7.81934e-20)
(0.580222 0.458526 7.70569e-20)
(0.518221 0.51723 0)
(0.409009 0.527231 -4.65521e-20)
(0.216902 0.335189 9.92064e-20)
(0.795634 0.227394 -5.76571e-20)
(0.785804 0.256061 6.01975e-20)
(0.766392 0.292931 5.95229e-20)
(0.744308 0.334499 6.27134e-20)
(0.720203 0.381924 6.6005e-20)
(0.692016 0.437652 6.93605e-20)
(0.656444 0.502176 -7.29799e-21)
(0.601111 0.564994 7.53977e-20)
(0.490367 0.573196 -4.11943e-20)
(0.267278 0.360488 4.39725e-20)
(0.849002 0.247575 -1.07292e-19)
(0.840981 0.277755 5.2616e-20)
(0.82327 0.316523 -5.95216e-20)
(0.805131 0.359805 -6.48998e-20)
(0.786706 0.409409 5.7941e-20)
(0.765487 0.468039 -6.66862e-21)
(0.737842 0.535796 -2.0466e-19)
(0.68933 0.60054 -1.37699e-19)
(0.576034 0.605511 3.87955e-20)
(0.319059 0.375787 -2.96946e-20)
(0.909723 0.253426 0)
(0.899926 0.286399 -5.26149e-20)
(0.883846 0.329028 0)
(0.870097 0.375372 5.14573e-20)
(0.857178 0.427542 -1.76232e-19)
(0.842653 0.488577 -1.20639e-19)
(0.822763 0.558277 1.26673e-19)
(0.780582 0.622956 6.58954e-20)
(0.663312 0.623225 0)
(0.370131 0.380512 6.74621e-20)
(0.725175 0.000520658 0)
(0.724907 0.000549885 -1.11459e-21)
(0.724156 0.000621169 1.10876e-21)
(0.723107 0.000747549 0)
(0.721867 0.000930735 -2.17375e-21)
(0.720382 0.00117076 2.16254e-21)
(0.718547 0.00147072 0)
(0.716272 0.00183668 0)
(0.713473 0.00227591 0)
(0.710065 0.00279954 0)
(0.70593 0.00341427 1.04152e-21)
(0.700934 0.00413293 0)
(0.694959 0.0049706 0)
(0.68787 0.00594342 8.22717e-21)
(0.679502 0.00707318 -8.1866e-21)
(0.669651 0.00838763 0)
(0.658092 0.00991482 9.20626e-21)
(0.644528 0.0117046 -1.63401e-20)
(0.628716 0.0137458 8.15317e-21)
(0.610036 0.0163591 8.23884e-21)
(0.728868 0.00150603 2.35816e-21)
(0.728594 0.00160298 4.42122e-21)
(0.727874 0.00183535 -4.39991e-21)
(0.726876 0.0022269 2.17729e-21)
(0.725688 0.00278064 2.15962e-21)
(0.724252 0.00350036 8.56335e-21)
(0.722472 0.00439801 -6.39684e-21)
(0.720261 0.00549254 -1.68796e-20)
(0.717542 0.00680581 3.56629e-20)
(0.714226 0.00837105 -1.66888e-20)
(0.710194 0.0102078 -1.55374e-20)
(0.705323 0.0123536 3.50365e-20)
(0.699496 0.0148546 -3.0779e-20)
(0.692587 0.0177609 1.63404e-20)
(0.684441 0.0211338 2.03178e-21)
(0.674862 0.0250564 3.46016e-20)
(0.663638 0.0296134 -3.3444e-20)
(0.650476 0.0349594 0)
(0.635172 0.0410499 2.02368e-21)
(0.617199 0.0488734 0)
(0.736033 0.00242217 -6.98972e-21)
(0.735797 0.00259656 5.02755e-24)
(0.735158 0.00300433 8.68239e-21)
(0.734252 0.00366855 -4.346e-21)
(0.733155 0.00459246 -1.07244e-20)
(0.731814 0.00578636 -2.12381e-21)
(0.730143 0.00727253 -2.11246e-21)
(0.72806 0.00908146 -2.09331e-21)
(0.725499 0.01125 2.91234e-20)
(0.722364 0.0138371 -6.30767e-23)
(0.718534 0.0168731 -3.70763e-20)
(0.713908 0.0204165 -2.05143e-21)
(0.70838 0.0245459 -4.07553e-21)
(0.70183 0.0293514 0)
(0.694124 0.0349272 -3.64738e-20)
(0.685089 0.0414064 2.82624e-20)
(0.674541 0.048925 0)
(0.662195 0.0577589 -2.00555e-21)
(0.647929 0.0677937 -2.02723e-21)
(0.63136 0.0807756 -2.00578e-21)
(0.74645 0.00329404 2.29283e-21)
(0.746266 0.00354639 6.47479e-21)
(0.745733 0.00412283 0)
(0.744946 0.0050511 -1.91166e-20)
(0.743968 0.00633664 1.69427e-20)
(0.742757 0.00799544 1.88686e-20)
(0.741235 0.0100609 -1.25523e-20)
(0.739331 0.0125735 2.07592e-21)
(0.737003 0.015594 -2.67492e-20)
(0.734136 0.0191623 8.13817e-23)
(0.730602 0.0233411 3.06296e-20)
(0.726338 0.0282201 -3.24404e-20)
(0.721263 0.0339082 -3.02564e-20)
(0.71526 0.0405366 6.84475e-20)
(0.708214 0.0482433 2.01481e-21)
(0.699986 0.0572059 5.99241e-21)
(0.690459 0.0675846 -6.40457e-20)
(0.679348 0.0797977 1.85251e-21)
(0.666689 0.0935851 -1.97336e-22)
(0.652184 0.111625 6.58178e-20)
(0.759752 0.00409151 4.47526e-21)
(0.759624 0.00442284 -1.69194e-20)
(0.75921 0.00516326 8.43097e-21)
(0.758559 0.00634695 4.18358e-21)
(0.757721 0.00798272 0)
(0.75667 0.0100907 0)
(0.75534 0.0127103 -4.11436e-21)
(0.753686 0.0158878 0)
(0.751627 0.0197394 -4.07289e-21)
(0.749041 0.0242478 0)
(0.745877 0.0295064 4.03703e-21)
(0.742094 0.0356431 -6.40523e-20)
(0.737625 0.0427953 1.31057e-22)
(0.732369 0.0511283 -3.89524e-21)
(0.726237 0.0608232 6.35175e-20)
(0.7191 0.0721326 -3.98098e-21)
(0.710941 0.0852201 3.91499e-21)
(0.701477 0.100671 -6.31064e-20)
(0.691013 0.117931 6.68987e-20)
(0.679175 0.140886 1.25716e-19)
(0.775488 0.0047925 4.35699e-21)
(0.775412 0.00520531 -4.14173e-21)
(0.775116 0.00610565 -4.10606e-21)
(0.774605 0.00753366 -4.08411e-21)
(0.773916 0.00950373 -3.2472e-20)
(0.773033 0.0120457 6.07532e-20)
(0.771904 0.015199 -3.63427e-20)
(0.770551 0.0190864 0)
(0.768815 0.0236497 -3.98039e-21)
(0.766547 0.0289963 -3.9618e-21)
(0.763822 0.0352547 -3.9439e-21)
(0.760622 0.0425634 5.91209e-20)
(0.756889 0.0510726 -1.29802e-19)
(0.752548 0.060979 6.28445e-20)
(0.747569 0.0724776 0)
(0.741838 0.0859069 -3.8627e-21)
(0.735455 0.101409 -1.32031e-19)
(0.728064 0.119836 1.24271e-19)
(0.720402 0.140107 -3.91292e-21)
(0.711796 0.167751 0)
(0.793168 0.0053804 4.23602e-21)
(0.793134 0.00587368 -1.20025e-20)
(0.792942 0.00692965 4.09927e-21)
(0.792564 0.00859849 2.39599e-20)
(0.792032 0.0109003 3.96323e-21)
(0.791334 0.0138791 -2.36486e-20)
(0.790532 0.017605 4.13365e-21)
(0.789426 0.0220423 3.15121e-20)
(0.787857 0.0272273 7.82697e-21)
(0.785984 0.0333338 6.6186e-20)
(0.783822 0.0405054 -5.46241e-20)
(0.78132 0.0488873 -5.41346e-20)
(0.778453 0.0586326 6.5907e-20)
(0.775181 0.0699702 3.82286e-21)
(0.771562 0.0830856 3.80637e-21)
(0.767488 0.0984152 7.654e-21)
(0.763263 0.115989 7.62579e-21)
(0.75836 0.137101 -3.74342e-21)
(0.754147 0.159874 0)
(0.74944 0.192064 1.19217e-19)
(0.812295 0.00583826 -1.22552e-20)
(0.812294 0.00639098 2.67793e-23)
(0.812207 0.00755616 -3.87753e-21)
(0.811972 0.00944528 -3.47501e-20)
(0.811614 0.0120877 2.32824e-20)
(0.811191 0.0154431 -3.86267e-21)
(0.810515 0.0195246 0)
(0.809484 0.024353 0)
(0.808271 0.0301308 -7.65153e-21)
(0.806911 0.0369824 -3.79813e-21)
(0.80538 0.0450168 -3.82975e-21)
(0.803652 0.0543888 -3.82367e-21)
(0.801766 0.0652516 0)
(0.799713 0.0778727 -7.55508e-21)
(0.79767 0.0923853 -3.80332e-21)
(0.795513 0.109362 -7.49971e-21)
(0.793877 0.12854 -3.78304e-21)
(0.791968 0.151844 -1.14269e-19)
(0.792086 0.176006 1.18571e-19)
(0.792028 0.212228 0)
(0.832416 0.00624048 0)
(0.832423 0.00693462 3.7625e-21)
(0.832449 0.00833233 1.88492e-21)
(0.832425 0.0104054 0)
(0.832228 0.0131973 3.36192e-20)
(0.831788 0.0167684 -3.00675e-20)
(0.831175 0.0211189 6.14739e-20)
(0.830489 0.0264351 -6.0023e-20)
(0.829743 0.0328253 5.60577e-21)
(0.828932 0.040383 1.89518e-21)
(0.828083 0.0492196 0)
(0.82721 0.0595136 0)
(0.826427 0.0714131 0)
(0.825734 0.0852479 1.21482e-19)
(0.825477 0.101073 -2.35864e-19)
(0.825426 0.119725 5.20465e-21)
(0.82672 0.140498 1.17481e-19)
(0.828041 0.166479 0)
(0.833195 0.192058 0)
(0.838978 0.233226 1.11845e-19)
(0.85376 0.00637525 0)
(0.853756 0.0070148 -1.44223e-20)
(0.853681 0.00832811 -1.24837e-20)
(0.853475 0.0103248 2.91239e-20)
(0.853222 0.0130667 2.88774e-20)
(0.852941 0.0166707 -8.69263e-20)
(0.852631 0.021272 5.65059e-20)
(0.852319 0.026932 0)
(0.852046 0.033717 -1.82458e-21)
(0.851848 0.041731 -5.5938e-20)
(0.851807 0.051086 1.16045e-19)
(0.85197 0.061961 -5.82852e-20)
(0.852551 0.0744602 0)
(0.853557 0.0889209 -1.14561e-19)
(0.855617 0.105226 2.29664e-19)
(0.85832 0.124336 -1.15106e-19)
(0.863744 0.144884 0)
(0.869438 0.170916 -1.10016e-19)
(0.882021 0.194668 1.11165e-19)
(0.894854 0.238214 -1.70986e-21)
(0.873851 0.00654875 0)
(0.87384 0.00731488 0)
(0.873819 0.00883225 0)
(0.873781 0.0112091 0)
(0.873748 0.0144974 0)
(0.873733 0.0187295 0)
(0.873755 0.0239646 0)
(0.87385 0.030277 0)
(0.874087 0.0377499 0)
(0.874523 0.0464945 0)
(0.875283 0.0566195 0)
(0.87642 0.068311 0)
(0.878249 0.0816504 0)
(0.880686 0.0970391 0)
(0.884697 0.114201 0)
(0.889354 0.134532 0)
(0.898091 0.155485 0)
(0.906293 0.18414 0)
(0.927076 0.203844 0)
(0.941065 0.256791 0)
(0.894369 0.00656681 0)
(0.894378 0.00731197 0)
(0.894436 0.00883 0)
(0.894546 0.0111798 0)
(0.894702 0.0143943 0)
(0.894923 0.0185018 0)
(0.895247 0.0235509 0)
(0.895725 0.0296094 0)
(0.896435 0.0367481 0)
(0.897446 0.0450584 0)
(0.898905 0.0546141 0)
(0.900872 0.065571 0)
(0.903703 0.0779286 0)
(0.90729 0.0920842 0)
(0.912677 0.107505 0)
(0.918857 0.125796 0)
(0.929224 0.143504 0)
(0.939112 0.168329 0)
(0.959482 0.182562 0)
(0.972625 0.220146 0)
(0.915443 0.00649172 0)
(0.915468 0.00720635 0)
(0.91559 0.00867792 0)
(0.915805 0.0109499 0)
(0.916102 0.0140481 0)
(0.916507 0.0179983 0)
(0.917072 0.022839 0)
(0.917857 0.0286217 0)
(0.918945 0.0353972 0)
(0.920411 0.0432345 0)
(0.922408 0.0521731 0)
(0.925001 0.0623358 0)
(0.928537 0.0736527 0)
(0.932925 0.0864845 0)
(0.939092 0.100153 0)
(0.946176 0.116197 0)
(0.956903 0.131091 0)
(0.967467 0.151639 0)
(0.986148 0.163105 0)
(0.999675 0.191496 0)
(0.936648 0.00634924 0)
(0.936688 0.0070374 0)
(0.93687 0.0084546 0)
(0.937182 0.0106424 0)
(0.937605 0.0136222 0)
(0.938168 0.0174128 0)
(0.938934 0.0220406 0)
(0.93997 0.027542 0)
(0.941362 0.0339511 0)
(0.943186 0.0413179 0)
(0.945593 0.0496546 0)
(0.948652 0.0590568 0)
(0.952674 0.0694078 0)
(0.957594 0.0810267 0)
(0.964179 0.0931915 0)
(0.971719 0.107286 0)
(0.982386 0.120106 0)
(0.993058 0.137409 0)
(1.01044 0.147295 0)
(1.02357 0.170233 0)
(0.957659 0.00614922 0)
(0.95771 0.00680786 0)
(0.957945 0.00816067 0)
(0.958344 0.0102468 0)
(0.958876 0.0130831 0)
(0.959572 0.0166808 0)
(0.960501 0.0210556 0)
(0.961736 0.0262321 0)
(0.963363 0.0322294 0)
(0.96546 0.0390819 0)
(0.968165 0.0467797 0)
(0.971551 0.0553955 0)
(0.975887 0.0647838 0)
(0.981122 0.0752224 0)
(0.987899 0.0860042 0)
(0.995592 0.0983451 0)
(1.00604 0.109434 0)
(1.01648 0.12412 0)
(1.0327 0.132563 0)
(1.04498 0.151497 0)
(0.978195 0.00589666 0)
(0.978253 0.00652096 0)
(0.978531 0.00779895 0)
(0.979004 0.00976595 0)
(0.979625 0.0124349 0)
(0.980428 0.0158106 0)
(0.981484 0.0199003 0)
(0.98287 0.0247184 0)
(0.984671 0.0302717 0)
(0.986961 0.0365808 0)
(0.989868 0.043619 0)
(0.993458 0.0514396 0)
(0.997969 0.059883 0)
(1.00335 0.0691863 0)
(1.01015 0.0786883 0)
(1.01779 0.0894394 0)
(1.02788 0.0990011 0)
(1.03791 0.111457 0)
(1.05296 0.118567 0)
(1.06438 0.134291 0)
(0.998017 0.00559771 0)
(0.998078 0.00618388 0)
(0.99839 0.00737935 0)
(0.998922 0.00921506 0)
(0.999615 0.0117006 0)
(1.0005 0.0148361 0)
(1.00165 0.0186219 0)
(1.00314 0.0230639 0)
(1.00506 0.0281588 0)
(1.00748 0.0339164 0)
(1.01051 0.040298 0)
(1.0142 0.0473407 0)
(1.01878 0.054882 0)
(1.02417 0.063121 0)
(1.03087 0.071456 0)
(1.03833 0.0807845 0)
(1.04795 0.089005 0)
(1.05749 0.0995639 0)
(1.07137 0.10554 0)
(1.08202 0.118636 0)
(1.01692 0.00525999 0)
(1.01698 0.00580536 0)
(1.01732 0.00691325 0)
(1.0179 0.00860997 0)
(1.01865 0.0109023 0)
(1.01959 0.013787 0)
(1.02081 0.0172588 0)
(1.02237 0.0213172 0)
(1.02436 0.0259512 0)
(1.02685 0.0311618 0)
(1.02993 0.0369033 0)
(1.03365 0.0431998 0)
(1.03821 0.0498931 0)
(1.04353 0.0571482 0)
(1.05003 0.0644277 0)
(1.05722 0.0724934 0)
(1.06631 0.0795458 0)
(1.07532 0.0884911 0)
(1.08808 0.0935208 0)
(1.09803 0.104422 0)
(1.03475 0.00489131 0)
(1.03481 0.005394 0)
(1.03516 0.00641114 0)
(1.03577 0.00796439 0)
(1.03656 0.0100583 0)
(1.03754 0.0126869 0)
(1.0388 0.0158413 0)
(1.04041 0.0195158 0)
(1.04243 0.0236943 0)
(1.04494 0.0283711 0)
(1.04802 0.0334971 0)
(1.05172 0.0390861 0)
(1.05619 0.0449892 0)
(1.06137 0.0513414 0)
(1.06762 0.05767 0)
(1.0745 0.064617 0)
(1.08304 0.0706528 0)
(1.09151 0.078215 0)
(1.1032 0.0824487 0)
(1.11249 0.0914931 0)
(1.05135 0.00449885 0)
(1.05141 0.00495766 0)
(1.05177 0.00588235 0)
(1.05241 0.00729018 0)
(1.05323 0.00918373 0)
(1.05423 0.0115556 0)
(1.05551 0.0143942 0)
(1.05713 0.0176902 0)
(1.05917 0.0214243 0)
(1.06166 0.0255862 0)
(1.06471 0.0301263 0)
(1.06834 0.0350502 0)
(1.07268 0.0402213 0)
(1.07768 0.0457488 0)
(1.08365 0.0512223 0)
(1.09018 0.057178 0)
(1.09816 0.0623266 0)
(1.10611 0.0686957 0)
(1.11679 0.0722553 0)
(1.12548 0.0797239 0)
(1.06664 0.00408903 0)
(1.06669 0.00450328 0)
(1.06706 0.00533501 0)
(1.06771 0.0065974 0)
(1.06854 0.0082915 0)
(1.06956 0.0104091 0)
(1.07084 0.0129371 0)
(1.07246 0.0158641 0)
(1.07448 0.019169 0)
(1.07694 0.0228385 0)
(1.07992 0.0268245 0)
(1.08345 0.0311266 0)
(1.08764 0.0356223 0)
(1.09245 0.0403983 0)
(1.09811 0.0451032 0)
(1.1043 0.0501795 0)
(1.11173 0.0545514 0)
(1.11919 0.0598885 0)
(1.12893 0.0628744 0)
(1.13708 0.0690064 0)
(1.08052 0.00366742 0)
(1.08056 0.00403688 0)
(1.08093 0.00477599 0)
(1.08159 0.00589431 0)
(1.08243 0.00739174 0)
(1.08346 0.00925986 0)
(1.08473 0.0114852 0)
(1.08633 0.0140551 0)
(1.08832 0.0169481 0)
(1.09073 0.0201493 0)
(1.09363 0.0236136 0)
(1.09704 0.0273364 0)
(1.10107 0.0312098 0)
(1.10566 0.0353015 0)
(1.11102 0.0393147 0)
(1.11687 0.0436096 0)
(1.12379 0.0472988 0)
(1.13079 0.0517414 0)
(1.13968 0.0542356 0)
(1.14733 0.0592352 0)
(1.09294 0.00323873 0)
(1.09298 0.0035635 0)
(1.09334 0.00421091 0)
(1.094 0.00518739 0)
(1.09485 0.00649215 0)
(1.09586 0.00811707 0)
(1.09713 0.0100491 0)
(1.0987 0.0122751 0)
(1.10064 0.0147745 0)
(1.10299 0.0175316 0)
(1.1058 0.0205056 0)
(1.1091 0.0236892 0)
(1.11295 0.026989 0)
(1.11734 0.0304569 0)
(1.12241 0.0338458 0)
(1.12794 0.0374446 0)
(1.13439 0.0405306 0)
(1.14096 0.0441961 0)
(1.14908 0.0462649 0)
(1.1563 0.0503053 0)
(1.10385 0.00280678 0)
(1.10388 0.00308725 0)
(1.10424 0.0036442 0)
(1.1049 0.0044815 0)
(1.10574 0.00559812 0)
(1.10675 0.00698682 0)
(1.10799 0.00863539 0)
(1.10954 0.0105312 0)
(1.11144 0.0126548 0)
(1.11372 0.0149914 0)
(1.11644 0.0175045 0)
(1.11961 0.0201855 0)
(1.12331 0.0229555 0)
(1.12749 0.025853 0)
(1.13229 0.028676 0)
(1.13753 0.0316521 0)
(1.14355 0.0342015 0)
(1.14975 0.0371892 0)
(1.15719 0.0388861 0)
(1.16403 0.0421127 0)
(1.11323 0.00237457 0)
(1.11326 0.00261133 0)
(1.11361 0.00307917 0)
(1.11427 0.00377997 0)
(1.1151 0.00471311 0)
(1.11609 0.00587262 0)
(1.11732 0.00724755 0)
(1.11883 0.00882613 0)
(1.12068 0.010591 0)
(1.1229 0.0125285 0)
(1.12553 0.0146075 0)
(1.12859 0.0168187 0)
(1.13214 0.0190971 0)
(1.13614 0.0214706 0)
(1.1407 0.0237771 0)
(1.14568 0.0261928 0)
(1.15133 0.0282609 0)
(1.1572 0.0306537 0)
(1.16405 0.0320217 0)
(1.17056 0.0345554 0)
(1.12106 0.0019449 0)
(1.12108 0.00213824 0)
(1.12143 0.00251777 0)
(1.12208 0.00308439 0)
(1.1229 0.00383857 0)
(1.12388 0.00477568 0)
(1.12509 0.00588614 0)
(1.12657 0.00715945 0)
(1.12837 0.00858087 0)
(1.13054 0.0101384 0)
(1.13309 0.0118064 0)
(1.13605 0.0135762 0)
(1.13946 0.0153956 0)
(1.14331 0.0172842 0)
(1.14766 0.0191157 0)
(1.15242 0.0210226 0)
(1.15775 0.0226544 0)
(1.16334 0.0245205 0)
(1.16971 0.0255935 0)
(1.17594 0.027533 0)
(1.12733 0.00152185 0)
(1.12735 0.00167032 0)
(1.12768 0.00196006 0)
(1.12832 0.00239369 0)
(1.12914 0.00297321 0)
(1.13012 0.00369448 0)
(1.1313 0.00454884 0)
(1.13275 0.00552742 0)
(1.13452 0.00661851 0)
(1.13664 0.0078124 0)
(1.13912 0.00908905 0)
(1.142 0.0104409 0)
(1.1453 0.0118281 0)
(1.14901 0.0132639 0)
(1.15319 0.014654 0)
(1.15777 0.0160939 0)
(1.16284 0.0173254 0)
(1.16821 0.0187192 0)
(1.17418 0.019523 0)
(1.18019 0.0209464 0)
(1.13203 0.00111262 0)
(1.13204 0.00121283 0)
(1.13237 0.00140707 0)
(1.13301 0.00170624 0)
(1.13383 0.00211433 0)
(1.13479 0.00262556 0)
(1.13596 0.00323114 0)
(1.13739 0.00392392 0)
(1.13913 0.00469554 0)
(1.1412 0.00553899 0)
(1.14364 0.00643989 0)
(1.14645 0.00739239 0)
(1.14966 0.00836847 0)
(1.15328 0.00937644 0)
(1.15732 0.0103509 0)
(1.16176 0.0113565 0)
(1.16664 0.0122155 0)
(1.17183 0.0131792 0)
(1.17751 0.0137335 0)
(1.18335 0.0146979 0)
(1.13518 0.000731459 0)
(1.13518 0.000779109 0)
(1.1355 0.000868659 0)
(1.13614 0.00102904 0)
(1.13696 0.00126561 0)
(1.13792 0.00156917 0)
(1.13908 0.00193028 0)
(1.14049 0.0023433 0)
(1.14221 0.00280309 0)
(1.14425 0.00330545 0)
(1.14665 0.00384169 0)
(1.14941 0.00440809 0)
(1.15256 0.0049879 0)
(1.15611 0.00558581 0)
(1.16007 0.00616311 0)
(1.16441 0.00675756 0)
(1.16915 0.00726423 0)
(1.17423 0.00783012 0)
(1.17971 0.00815065 0)
(1.18543 0.0087023 0)
(1.13684 0.000275157 0)
(1.13679 0.00028526 0)
(1.13708 0.000302599 0)
(1.13772 0.000347417 0)
(1.13854 0.000422517 0)
(1.1395 0.000522335 0)
(1.14065 0.000642017 0)
(1.14205 0.000779088 0)
(1.14375 0.000931732 0)
(1.14578 0.00109853 0)
(1.14815 0.00127656 0)
(1.15089 0.00146453 0)
(1.15402 0.00165682 0)
(1.15753 0.00185504 0)
(1.16144 0.00204616 0)
(1.16574 0.00224311 0)
(1.17041 0.00240991 0)
(1.17543 0.00259813 0)
(1.18079 0.00269823 0)
(1.18643 0.00288636 0)
(0.990444 0.241579 -1.37128e-21)
(1.03762 0.231344 -8.14604e-20)
(1.08022 0.225011 0)
(1.12316 0.217338 -6.6037e-20)
(1.16472 0.207185 0)
(1.20301 0.194429 -4.95518e-20)
(1.23781 0.178969 2.23429e-20)
(1.26921 0.160626 -6.15752e-22)
(1.2968 0.140201 0)
(1.32036 0.116116 0)
(1.01149 0.212007 8.91857e-20)
(1.0572 0.205806 0)
(1.09645 0.201925 7.26946e-20)
(1.13332 0.195854 0)
(1.16954 0.186223 -1.70949e-21)
(1.2033 0.173853 2.73391e-20)
(1.23398 0.159137 5.42627e-22)
(1.26163 0.14211 -5.4282e-22)
(1.28589 0.122878 5.41976e-22)
(1.30654 0.101574 1.70754e-21)
(1.03207 0.189098 -8.82466e-20)
(1.07387 0.184731 0)
(1.11106 0.179977 -7.02286e-20)
(1.14395 0.173682 -2.13572e-21)
(1.17588 0.164459 5.84253e-20)
(1.20588 0.152843 -2.56808e-20)
(1.23299 0.139341 1.19152e-21)
(1.25708 0.123984 -6.62072e-22)
(1.27826 0.106753 0)
(1.29609 0.0881525 -3.56301e-21)
(1.05196 0.168914 0)
(1.08945 0.165187 7.75248e-20)
(1.12401 0.160012 -2.12462e-21)
(1.15356 0.153786 4.04528e-21)
(1.1816 0.145362 -6.20854e-20)
(1.20819 0.134735 1.73269e-21)
(1.23232 0.122429 -2.30082e-20)
(1.25357 0.108584 0)
(1.27224 0.0932494 -9.35252e-21)
(1.28773 0.0766532 2.11525e-21)
(1.07048 0.150212 -8.2495e-20)
(1.10387 0.147037 1.53004e-21)
(1.13541 0.141974 -4.39602e-21)
(1.1621 0.135886 4.02665e-21)
(1.18685 0.128177 -1.92371e-21)
(1.21039 0.118556 -1.57314e-21)
(1.23191 0.107434 2.27566e-21)
(1.25075 0.094997 9.3858e-21)
(1.26731 0.0813699 9.75706e-21)
(1.28087 0.0665747 0)
(1.08749 0.133079 1.62277e-19)
(1.11717 0.130349 -1.50681e-19)
(1.14559 0.125627 -2.08791e-21)
(1.16971 0.119802 2.09e-21)
(1.19167 0.112752 0)
(1.21252 0.10411 2.69786e-20)
(1.23171 0.0941346 7.19253e-22)
(1.24849 0.0829886 -1.21157e-20)
(1.26319 0.0709079 6.43811e-22)
(1.27517 0.0577316 -2.18497e-21)
(1.10298 0.117533 -7.98075e-20)
(1.12934 0.115121 7.6717e-20)
(1.15475 0.11081 -4.31378e-21)
(1.17649 0.10536 2.0805e-21)
(1.19607 0.0989309 2.96327e-20)
(1.21458 0.0912066 -1.38299e-21)
(1.2317 0.0823137 2.65101e-20)
(1.24668 0.0723649 0)
(1.25976 0.0616686 5.08527e-21)
(1.2704 0.0499612 2.19576e-21)
(1.11699 0.103423 0)
(1.14038 0.101256 0)
(1.16301 0.0973693 0)
(1.18255 0.0923701 3.38451e-20)
(1.20008 0.0865448 -6.13021e-20)
(1.21656 0.0796661 2.14219e-22)
(1.23184 0.0717803 -1.1572e-20)
(1.24526 0.0629441 -1.43176e-21)
(1.25691 0.0534872 -9.65975e-21)
(1.26641 0.0431226 0)
(1.12958 0.0906023 -3.80214e-20)
(1.15032 0.0886537 0)
(1.17043 0.0851827 -2.04979e-21)
(1.18798 0.0806704 -2.78735e-20)
(1.20372 0.0754346 2.78034e-20)
(1.21845 0.069334 -2.75633e-20)
(1.23211 0.0623742 -1.26771e-20)
(1.24415 0.0545701 -6.9626e-22)
(1.25456 0.04623 1.13221e-20)
(1.26306 0.0370967 0)
(1.14083 0.0789483 7.50348e-20)
(1.15922 0.0772082 0)
(1.17708 0.0741338 -2.03953e-21)
(1.19284 0.0701131 -2.78573e-20)
(1.20701 0.0654494 -1.93834e-21)
(1.22023 0.0600676 1.67414e-21)
(1.23248 0.0539561 1.20702e-20)
(1.24331 0.0471071 -1.34614e-20)
(1.25263 0.0397811 -5.00296e-21)
(1.26025 0.0317779 3.25156e-22)
(1.15083 0.0683472 -3.59016e-20)
(1.16712 0.0668087 1.00151e-21)
(1.18301 0.0641075 -2.16727e-21)
(1.19717 0.0605648 3.36938e-20)
(1.20997 0.0564511 -1.94189e-21)
(1.22188 0.0517357 0)
(1.23291 0.0464022 1.09564e-22)
(1.24268 0.0404366 -1.41065e-22)
(1.25106 0.0340423 -5.59917e-21)
(1.2579 0.027072 0)
(1.15962 0.0586871 -1.10519e-21)
(1.17408 0.0573426 3.24312e-21)
(1.18824 0.0549911 -4.17393e-21)
(1.20101 0.0519033 3.97042e-21)
(1.2126 0.0483133 -1.94517e-21)
(1.2234 0.0442181 -1.70266e-21)
(1.23337 0.0396 -1.06568e-20)
(1.24222 0.0344525 1.06748e-20)
(1.24978 0.0289159 1.20642e-20)
(1.25594 0.022952 0)
(1.16729 0.0498589 0)
(1.18014 0.0486995 -3.45831e-20)
(1.19281 0.0466747 0)
(1.20437 0.0440153 1.58602e-20)
(1.21494 0.0409214 0)
(1.22477 0.0374041 0)
(1.23384 0.0334497 8.0264e-22)
(1.2419 0.0290521 -8.09404e-22)
(1.24879 0.0243142 -5.72593e-21)
(1.25434 0.0192297 0)
(1.17387 0.0417562 3.42688e-20)
(1.18535 0.0407716 3.54519e-20)
(1.19675 0.0390522 0)
(1.20728 0.0367947 1.92634e-21)
(1.21697 0.0341694 -1.70587e-20)
(1.22599 0.0311931 -1.72515e-21)
(1.2343 0.0278584 -4.9996e-21)
(1.24168 0.0241516 -7.56315e-22)
(1.24797 0.0201612 -2.17367e-21)
(1.25302 0.0158345 0)
(1.17942 0.0342754 -5.24664e-20)
(1.18974 0.0334546 -1.69998e-20)
(1.20009 0.0320207 -1.99457e-21)
(1.20976 0.0301407 -1.1852e-20)
(1.21872 0.0279581 2.82831e-20)
(1.22706 0.025492 0)
(1.23474 0.022738 7.58347e-21)
(1.24154 0.0196815 -8.25687e-22)
(1.24733 0.0163912 2.94886e-21)
(1.25196 0.0128282 6.88062e-22)
(1.18398 0.0273168 1.72938e-20)
(1.19336 0.0266483 1.89374e-20)
(1.20285 0.0254813 1.22673e-20)
(1.21182 0.0239566 2.03356e-21)
(1.22018 0.022194 -1.5127e-20)
(1.22797 0.0202124 0)
(1.23513 0.0180083 6.83408e-21)
(1.24147 0.0155686 -3.98606e-21)
(1.24685 0.0129446 7.78467e-22)
(1.25113 0.010107 -6.9161e-22)
(1.18758 0.0207829 1.70727e-20)
(1.19622 0.0202573 0)
(1.20504 0.0193423 -1.82655e-20)
(1.21347 0.0181548 1.18125e-20)
(1.22136 0.0167935 -1.95397e-21)
(1.22873 0.0152747 1.74811e-21)
(1.23548 0.0135953 -7.80391e-21)
(1.24145 0.0117439 -1.62731e-21)
(1.24651 0.00975606 7.85591e-22)
(1.2505 0.00761055 0)
(1.19025 0.0145754 -7.43506e-21)
(1.19835 0.0141818 9.54675e-22)
(1.20668 0.0135094 -2.08367e-21)
(1.21472 0.0126529 1.90234e-21)
(1.22228 0.0116855 -1.95378e-21)
(1.22932 0.0106174 3.62603e-21)
(1.23577 0.00944497 0)
(1.24147 0.00815945 3.25007e-21)
(1.24628 0.00678263 -1.52643e-21)
(1.25006 0.00529559 3.55323e-22)
(1.19201 0.0085964 -8.36857e-21)
(1.19977 0.00829302 2.00578e-21)
(1.20781 0.00783146 -8.71305e-25)
(1.2156 0.00729411 -5.82096e-21)
(1.22294 0.00672104 -1.89181e-21)
(1.22977 0.00610725 -7.2034e-21)
(1.23601 0.00544371 2.62581e-21)
(1.24152 0.00472396 -2.99695e-23)
(1.24614 0.00395574 1.53386e-21)
(1.24978 0.00312975 -3.57183e-22)
(1.19284 0.00280529 0)
(1.20045 0.00256865 0)
(1.2084 0.00227208 -5.98961e-21)
(1.21611 0.00199288 2.02278e-21)
(1.22335 0.00175788 1.90169e-21)
(1.23007 0.00156047 1.82841e-21)
(1.23619 0.00138784 8.4252e-22)
(1.24157 0.00122833 -2.47951e-21)
(1.2461 0.0010722 8.05835e-22)
(1.24964 0.000911241 0)
)
;

boundaryField
{
    bottom
    {
        type            symmetryPlane;
    }
    right
    {
        type            zeroGradient;
    }
    top
    {
        type            symmetryPlane;
    }
    left
    {
        type            zeroGradient;
    }
    cylinder
    {
        type            noSlip;
    }
    defaultFaces
    {
        type            empty;
    }
}


// ************************************************************************* //
