/*--------------------------------*- C++ -*----------------------------------*\
| =========                 |                                                 |
| \\      /  F ield         | OpenFOAM: The Open Source CFD Toolbox           |
|  \\    /   O peration     | Version:  4.1                                   |
|   \\  /    A nd           | Web:      www.OpenFOAM.org                      |
|    \\/     M anipulation  |                                                 |
\*---------------------------------------------------------------------------*/
FoamFile
{
    version     2.0;
    format      ascii;
    class       volVectorField;
    location    "4";
    object      U;
}
// * * * * * * * * * * * * * * * * * * * * * * * * * * * * * * * * * * * * * //

dimensions      [0 1 -1 0 0 0 0];

internalField   nonuniform List<vector> 
2000
(
(0.00362512 0.002544 1.53358e-20)
(0.0919156 -0.0363532 0)
(0.241378 -0.0827125 2.1192e-20)
(0.419253 -0.128629 8.42371e-21)
(0.598439 -0.167408 -1.54023e-20)
(0.758293 -0.196154 -1.55212e-20)
(0.887436 -0.214862 5.35863e-21)
(0.98272 -0.225408 0)
(1.04867 -0.227109 -5.43807e-22)
(1.08096 -0.234021 0)
(0.0182128 -0.0069429 -7.52435e-21)
(0.143587 -0.0562717 6.04336e-21)
(0.331782 -0.102773 -2.48344e-20)
(0.539083 -0.142272 -3.02344e-20)
(0.731786 -0.171139 -5.06677e-22)
(0.889512 -0.189182 4.85168e-21)
(1.00551 -0.198292 -4.45094e-21)
(1.08251 -0.20092 -1.70936e-21)
(1.1283 -0.19788 5.43807e-22)
(1.14602 -0.200337 -3.56734e-21)
(0.0381506 -0.0163279 8.83125e-21)
(0.208004 -0.0731687 -8.27198e-21)
(0.436118 -0.115362 1.25442e-20)
(0.666509 -0.144746 -8.28672e-22)
(0.862111 -0.162107 8.09465e-21)
(1.00746 -0.169961 5.82149e-21)
(1.10332 -0.171438 3.65955e-21)
(1.15874 -0.169145 1.70937e-21)
(1.18508 -0.164416 -7.09412e-22)
(1.19047 -0.164285 2.12467e-21)
(0.0640503 -0.0248066 -5.15415e-22)
(0.284673 -0.0845705 -9.23595e-21)
(0.550249 -0.117603 0)
(0.794005 -0.134388 9.72938e-21)
(0.981408 -0.140519 -9.65932e-21)
(1.10645 -0.140266 0)
(1.17879 -0.136888 0)
(1.21309 -0.132315 0)
(1.22295 -0.127334 7.09432e-22)
(1.21701 -0.126581 -5.71806e-21)
(0.0961906 -0.0313327 2.2748e-20)
(0.371677 -0.0879125 -2.10903e-22)
(0.668307 -0.107488 8.03176e-21)
(0.914042 -0.111052 5.76412e-21)
(1.08387 -0.107928 4.03431e-21)
(1.18414 -0.102567 2.24851e-21)
(1.23296 -0.0972744 0)
(1.2488 -0.0928317 -4.59208e-22)
(1.24584 -0.0894853 7.3777e-21)
(1.23296 -0.0892865 -1.09081e-20)
(0.134362 -0.0346732 -3.59812e-20)
(0.465614 -0.0809389 1.01428e-21)
(0.783703 -0.0842337 -1.54003e-20)
(1.0205 -0.0758749 1.2883e-20)
(1.16648 -0.0665533 -1.00988e-20)
(1.24092 -0.0592685 3.44502e-21)
(1.26859 -0.0546033 0)
(1.26972 -0.0520564 4.59227e-22)
(1.25777 -0.0511525 -1.40505e-21)
(1.24016 -0.0521881 -1.21044e-20)
(0.177745 -0.0335363 0)
(0.561885 -0.0621468 0)
(0.890284 -0.0483227 -7.32359e-21)
(1.10939 -0.0308147 6.81802e-21)
(1.22856 -0.0187524 -2.42681e-21)
(1.27871 -0.012434 2.27844e-21)
(1.28882 -0.0103882 -1.89932e-21)
(1.2791 -0.0109603 1.7953e-21)
(1.26129 -0.0131031 5.87348e-21)
(1.24117 -0.0159103 -2.74506e-21)
(0.224857 -0.0267485 6.7456e-21)
(0.655293 -0.0311099 0)
(0.983157 -0.00127044 -2.99127e-21)
(1.17872 0.0218086 1.05312e-20)
(1.27098 0.0332943 -4.84655e-21)
(1.29995 0.0363114 0)
(1.29647 0.0343527 0)
(1.27932 0.029941 0)
(1.25811 0.0245498 7.71685e-21)
(1.23678 0.0196124 -7.33492e-21)
(0.273614 -0.0134439 -3.61113e-21)
(0.740799 0.0114283 -3.13002e-22)
(1.05895 0.0547134 -3.96174e-21)
(1.22808 0.0796351 9.41709e-22)
(1.29536 0.0876802 1.04798e-21)
(1.30702 0.0856695 2.15256e-22)
(1.29373 0.0788275 0)
(1.272 0.0701921 1.04513e-21)
(1.24918 0.0614588 6.18383e-21)
(1.22763 0.0540323 -4.6761e-21)
(0.321515 0.00675425 0)
(0.814192 0.0637538 -2.62292e-21)
(1.11575 0.117077 0)
(1.25803 0.140412 -7.28243e-22)
(1.30354 0.142755 -6.59599e-22)
(1.3019 0.134565 2.19991e-22)
(1.28212 0.12236 0)
(1.25806 0.109346 -1.04518e-21)
(1.23501 0.0972723 -1.26392e-21)
(1.21405 0.0871256 -1.65787e-21)
(-0.00688352 0.00572316 0)
(-0.0231529 0.00842891 -2.01715e-22)
(-0.0406691 0.00694332 0)
(-0.0509451 0.00348676 -1.32872e-22)
(-0.0525744 -0.000986471 -7.22283e-24)
(-0.0458045 -0.00599866 -1.26255e-22)
(-0.0312623 -0.0111923 1.18898e-22)
(-0.00977534 -0.016275 -2.43922e-22)
(0.0175687 -0.0208088 6.59213e-23)
(0.0489812 -0.0241872 -3.79025e-22)
(-0.00799278 0.0165156 -7.17181e-22)
(-0.0233221 0.0242229 4.0552e-22)
(-0.0378393 0.0197619 -4.37272e-22)
(-0.0442799 0.00949638 1.06397e-22)
(-0.0416802 -0.0037608 2.10124e-22)
(-0.0304617 -0.0185666 -1.03176e-23)
(-0.0114321 -0.0338842 0)
(0.0144459 -0.048801 2.43105e-22)
(0.0460561 -0.0622009 3.32024e-22)
(0.0816907 -0.0721659 0)
(-0.00999179 0.0254328 4.97996e-22)
(-0.0234302 0.0369692 0)
(-0.0321223 0.029459 1.35997e-21)
(-0.0310958 0.0126695 -1.49945e-21)
(-0.0201871 -0.00888937 4.30985e-22)
(-0.000220202 -0.0328201 0)
(0.0276819 -0.0574448 0)
(0.0620833 -0.0813483 0)
(0.101747 -0.102884 -2.41857e-21)
(0.145526 -0.118855 2.29869e-21)
(-0.0124488 0.0315886 0)
(-0.0229843 0.0451034 -1.55466e-21)
(-0.0232937 0.0343 2.74928e-21)
(-0.0114519 0.011379 -1.21872e-21)
(0.0116029 -0.0177955 6.79622e-22)
(0.0443422 -0.0498274 -1.24797e-21)
(0.085052 -0.082455 7.5925e-22)
(0.131634 -0.113897 -1.74487e-22)
(0.182391 -0.142123 -1.78248e-21)
(0.237489 -0.162897 2.59254e-21)
(-0.0148317 0.0345836 1.92601e-21)
(-0.0212209 0.0476575 -4.50021e-21)
(-0.0107348 0.0330524 -3.26973e-22)
(0.0150087 0.00429979 1.47486e-22)
(0.053737 -0.0316213 7.40209e-22)
(0.102924 -0.0704363 -3.16361e-21)
(0.159824 -0.109314 0)
(0.221422 -0.146105 -2.78016e-22)
(0.284987 -0.17879 -1.52105e-22)
(0.35324 -0.202251 3.0527e-21)
(-0.016591 0.0344587 -2.78983e-22)
(-0.0171339 0.0443255 5.09443e-21)
(0.00662848 0.025132 2.08741e-21)
(0.0494239 -0.00920773 2.70308e-21)
(0.107217 -0.0508427 1.46026e-21)
(0.175993 -0.0948236 1.09762e-21)
(0.25155 -0.137718 0)
(0.32964 -0.177051 2.77999e-22)
(0.405895 -0.211245 -7.58764e-22)
(0.486788 -0.234297 -4.02137e-22)
(-0.017185 0.0315868 1.02052e-22)
(-0.00940753 0.035422 3.35388e-21)
(0.0305913 0.0107449 0)
(0.0938 -0.0288506 -3.78609e-21)
(0.173904 -0.0749584 4.41885e-21)
(0.264685 -0.122022 0)
(0.359886 -0.166179 0)
(0.453788 -0.204803 0)
(0.540358 -0.237166 -8.04097e-22)
(0.629915 -0.256224 1.54749e-21)
(-0.0160866 0.0264852 -4.30828e-21)
(0.00353353 0.0217142 4.03562e-21)
(0.0635327 -0.00917119 7.36196e-21)
(0.150867 -0.0533791 9.61567e-22)
(0.256079 -0.102166 5.43003e-21)
(0.369837 -0.149608 4.41357e-21)
(0.483334 -0.191797 3.32495e-21)
(0.589414 -0.226433 2.1997e-21)
(0.681621 -0.253722 8.0405e-22)
(0.772097 -0.265859 2.70443e-22)
(-0.0127173 0.0196624 -1.65576e-20)
(0.023486 0.00428633 -4.09509e-21)
(0.108127 -0.0329715 -1.53718e-20)
(0.223341 -0.0804456 -6.63217e-21)
(0.355214 -0.129337 7.82149e-22)
(0.490392 -0.173851 -3.68333e-21)
(0.617602 -0.210679 4.3736e-21)
(0.729016 -0.238608 -2.19958e-21)
(0.820337 -0.258102 1.14494e-21)
(0.901574 -0.262769 2.04049e-22)
(-0.00640564 0.0115541 1.147e-20)
(0.0523485 -0.0155698 0)
(0.166862 -0.0584045 8.55234e-21)
(0.312933 -0.106787 -9.19157e-23)
(0.47061 -0.152438 7.73863e-22)
(0.622253 -0.190517 4.33399e-21)
(0.75527 -0.219087 -1.2469e-20)
(0.862925 -0.238591 0)
(0.945479 -0.248651 -1.14491e-21)
(1.00679 -0.250021 0)
(0.0808236 -0.0255291 0)
(0.113473 -0.0265876 6.14457e-22)
(0.147344 -0.027496 -1.30211e-21)
(0.182512 -0.0281021 5.99789e-22)
(0.218546 -0.0283659 0)
(0.254989 -0.0283184 -8.24628e-22)
(0.291462 -0.0279995 8.28718e-22)
(0.327644 -0.0274449 0)
(0.363234 -0.0266888 0)
(0.397963 -0.0257664 -1.03475e-22)
(0.431603 -0.0247131 0)
(0.463977 -0.0235632 0)
(0.494948 -0.0223485 0)
(0.524425 -0.0210979 0)
(0.552336 -0.0198376 1.31804e-22)
(0.57873 -0.0185901 -1.32487e-22)
(0.603337 -0.0173811 0)
(0.627236 -0.0162058 3.00372e-23)
(0.646876 -0.0151829 -3.01953e-23)
(0.674837 -0.0139354 0)
(0.115226 -0.0759053 0)
(0.147305 -0.0789709 -1.28411e-22)
(0.180124 -0.0815878 0)
(0.214201 -0.083295 -2.77972e-21)
(0.248985 -0.0839926 2.69982e-21)
(0.28398 -0.0837793 -1.92124e-22)
(0.318854 -0.0827746 1.64523e-21)
(0.353334 -0.0810829 -3.51577e-21)
(0.387166 -0.0788044 3.10717e-21)
(0.420109 -0.0760421 -1.75012e-21)
(0.451966 -0.0729009 -1.53371e-21)
(0.482582 -0.0694814 2.79718e-21)
(0.511842 -0.0658771 -1.44754e-21)
(0.539674 -0.0621725 -7.50614e-22)
(0.566016 -0.0584447 5.97313e-22)
(0.590933 -0.054757 -1.17819e-22)
(0.614145 -0.0511907 -9.54215e-23)
(0.636751 -0.0477113 -1.17483e-22)
(0.655217 -0.0447185 1.18052e-22)
(0.68173 -0.0409792 -1.84995e-23)
(0.181572 -0.124242 8.92018e-23)
(0.212481 -0.128983 1.28631e-22)
(0.243165 -0.132998 1.3332e-22)
(0.274999 -0.135497 0)
(0.30726 -0.136364 3.24145e-21)
(0.339379 -0.135784 -2.53168e-21)
(0.371105 -0.133954 0)
(0.402264 -0.131043 3.97162e-22)
(0.432677 -0.127211 2.03574e-22)
(0.462167 -0.122623 -2.70178e-21)
(0.490585 -0.117449 1.39799e-22)
(0.517821 -0.111851 3.3402e-21)
(0.543802 -0.105976 1.65428e-22)
(0.568489 -0.0999594 1.55137e-22)
(0.591839 -0.0939227 1.33141e-22)
(0.613942 -0.0879608 -3.00068e-22)
(0.634517 -0.0822139 2.79345e-22)
(0.654647 -0.0765857 3.27079e-22)
(0.670971 -0.071809 7.36585e-23)
(0.694686 -0.0656982 5.00654e-24)
(0.275457 -0.168948 2.79523e-21)
(0.304436 -0.174874 7.16557e-22)
(0.331801 -0.179852 5.45479e-22)
(0.360122 -0.182714 -4.31372e-21)
(0.388545 -0.183391 -4.72956e-22)
(0.416398 -0.182179 -1.79975e-22)
(0.443526 -0.179349 5.56399e-21)
(0.469888 -0.175124 -3.11264e-21)
(0.495408 -0.169718 -3.02216e-21)
(0.519988 -0.163354 3.12128e-21)
(0.543547 -0.156257 -1.23894e-22)
(0.566037 -0.148641 -3.35556e-21)
(0.587435 -0.140702 -1.64049e-22)
(0.607748 -0.132612 -1.38949e-21)
(0.626959 -0.12453 9.73953e-22)
(0.645181 -0.116567 7.96552e-22)
(0.662144 -0.108924 -7.1495e-22)
(0.678873 -0.101412 0)
(0.692318 -0.0951214 -1.22979e-22)
(0.712192 -0.0869093 -1.6965e-23)
(0.391031 -0.207994 -3.31245e-21)
(0.416919 -0.214606 2.82612e-21)
(0.439671 -0.220123 -2.97067e-21)
(0.4631 -0.222936 0)
(0.486337 -0.223094 3.04957e-22)
(0.508604 -0.221034 5.22461e-21)
(0.529838 -0.217086 6.08945e-22)
(0.550141 -0.211513 1.35303e-22)
(0.56955 -0.204576 -5.64458e-21)
(0.58806 -0.196555 -3.62363e-22)
(0.605668 -0.187724 0)
(0.622395 -0.17834 3.34832e-22)
(0.638276 -0.168635 0)
(0.65336 -0.158809 2.83545e-22)
(0.667663 -0.149043 0)
(0.681307 -0.139451 0)
(0.694049 -0.13029 -1.71786e-22)
(0.706792 -0.121244 2.02029e-22)
(0.716945 -0.113792 -1.7676e-22)
(0.732336 -0.103825 5.29021e-23)
(0.521132 -0.23906 0)
(0.542246 -0.24602 1.4049e-22)
(0.559102 -0.251791 6.31618e-21)
(0.576319 -0.254298 -6.11006e-21)
(0.593116 -0.253771 2.43536e-22)
(0.608647 -0.250795 0)
(0.62293 -0.245736 5.07008e-21)
(0.6362 -0.238888 -9.99995e-21)
(0.648609 -0.230571 5.56449e-21)
(0.660255 -0.221122 3.2154e-22)
(0.67122 -0.210855 3.14562e-22)
(0.681594 -0.200061 3.00938e-22)
(0.691463 -0.188992 0)
(0.700913 -0.177859 -1.71542e-21)
(0.709979 -0.16686 3.90812e-21)
(0.718777 -0.156084 -1.71005e-21)
(0.727103 -0.145853 1.5473e-22)
(0.735661 -0.135684 1.14096e-22)
(0.742456 -0.127462 -4.93738e-23)
(0.753165 -0.116154 4.85474e-23)
(0.657185 -0.259925 -1.15005e-21)
(0.671631 -0.267164 0)
(0.681584 -0.273078 1.34614e-22)
(0.69163 -0.275242 -3.88254e-22)
(0.701051 -0.274102 -4.63686e-22)
(0.70902 -0.270349 -2.51146e-22)
(0.71564 -0.264357 -2.7539e-22)
(0.721267 -0.256466 4.57619e-21)
(0.726179 -0.247072 -5.49767e-21)
(0.730596 -0.236572 -5.53021e-21)
(0.734697 -0.225314 4.58803e-21)
(0.738622 -0.213599 -5.8101e-22)
(0.742487 -0.201684 2.07142e-21)
(0.746384 -0.189771 -4.61259e-22)
(0.750354 -0.178058 -2.28942e-21)
(0.754474 -0.166596 -1.81226e-22)
(0.758592 -0.155775 2.17507e-22)
(0.76314 -0.144917 -2.72749e-22)
(0.766821 -0.136313 -4.16205e-22)
(0.773057 -0.124094 -2.25395e-23)
(0.789581 -0.269175 0)
(0.796129 -0.276947 3.14296e-21)
(0.798819 -0.283024 -3.26445e-21)
(0.801268 -0.285027 1.82547e-22)
(0.80278 -0.283614 4.23285e-22)
(0.802736 -0.279454 2.50915e-22)
(0.801387 -0.272922 5.32156e-22)
(0.799219 -0.264428 0)
(0.796643 -0.254431 2.98596e-22)
(0.794007 -0.243373 2.99255e-22)
(0.791575 -0.231644 2.80897e-22)
(0.789504 -0.219555 5.49329e-22)
(0.787896 -0.207353 0)
(0.786808 -0.195209 0)
(0.786259 -0.183315 2.09038e-22)
(0.78625 -0.171663 1.60257e-21)
(0.786698 -0.160713 -1.10693e-21)
(0.787712 -0.149584 1.00442e-22)
(0.78874 -0.14095 2.08575e-22)
(0.791015 -0.128216 -5.99911e-23)
(0.90935 -0.267984 -2.18888e-22)
(0.908501 -0.277002 0)
(0.90415 -0.283283 0)
(0.898696 -0.285397 5.71853e-21)
(0.891922 -0.284037 9.08636e-22)
(0.883772 -0.279767 -1.43853e-20)
(0.874699 -0.273058 7.33297e-21)
(0.86529 -0.264405 0)
(0.856029 -0.254285 0)
(0.847263 -0.243148 0)
(0.839253 -0.231415 -1.42863e-22)
(0.832149 -0.219397 -3.93949e-22)
(0.826014 -0.207329 -3.73466e-21)
(0.820843 -0.195354 3.59948e-21)
(0.816617 -0.183662 -1.44561e-21)
(0.813244 -0.172184 1.26863e-21)
(0.810723 -0.161456 0)
(0.808822 -0.150398 -4.97269e-23)
(0.807742 -0.142026 -5.94097e-23)
(0.806762 -0.12918 0)
(1.01138 -0.260143 9.64131e-24)
(1.00517 -0.268607 2.95803e-21)
(0.993185 -0.273774 -2.92718e-21)
(0.978918 -0.275571 0)
(0.963774 -0.274234 -6.73808e-21)
(0.948214 -0.270215 1.41906e-20)
(0.932626 -0.264031 -7.44519e-21)
(0.917481 -0.256125 0)
(0.903147 -0.246904 -4.28638e-21)
(0.889827 -0.236729 8.49194e-21)
(0.877677 -0.225906 -4.33862e-21)
(0.866806 -0.214689 1.26567e-22)
(0.857246 -0.20331 0)
(0.848942 -0.191918 3.30974e-21)
(0.841869 -0.180736 -4.55421e-21)
(0.835843 -0.169666 1.36898e-21)
(0.830982 -0.159344 8.72098e-22)
(0.826712 -0.148529 -6.14441e-22)
(0.823968 -0.140535 -2.92955e-22)
(0.820393 -0.127852 0)
(1.10132 -0.230267 0)
(1.08276 -0.237639 0)
(1.05908 -0.24256 0)
(1.03563 -0.245966 0)
(1.01386 -0.247384 0)
(0.993374 -0.246531 0)
(0.973816 -0.243561 0)
(0.955253 -0.238791 0)
(0.937883 -0.232537 0)
(0.92184 -0.225054 0)
(0.907196 -0.21657 0)
(0.893965 -0.207322 0)
(0.882151 -0.197563 0)
(0.871676 -0.187456 0)
(0.862549 -0.177268 0)
(0.854522 -0.166902 0)
(0.847865 -0.157075 0)
(0.841682 -0.146494 0)
(0.837604 -0.138609 0)
(0.831739 -0.125844 0)
(1.12351 -0.206591 0)
(1.10547 -0.215532 0)
(1.08125 -0.221741 0)
(1.05711 -0.22572 0)
(1.03499 -0.227506 0)
(1.01432 -0.227117 0)
(0.994523 -0.224761 0)
(0.975632 -0.220745 0)
(0.957868 -0.215355 0)
(0.941369 -0.208843 0)
(0.926177 -0.201446 0)
(0.912283 -0.193382 0)
(0.899693 -0.184868 0)
(0.888331 -0.17603 0)
(0.87825 -0.167106 0)
(0.869162 -0.157969 0)
(0.861484 -0.1493 0)
(0.854054 -0.139837 0)
(0.849134 -0.13285 0)
(0.841431 -0.121238 0)
(1.13291 -0.182437 0)
(1.11551 -0.192202 0)
(1.09218 -0.1992 0)
(1.0687 -0.203678 0)
(1.04712 -0.206011 0)
(1.02693 -0.206417 0)
(1.00756 -0.205073 0)
(0.988969 -0.202191 0)
(0.971398 -0.198008 0)
(0.954982 -0.192754 0)
(0.939763 -0.186642 0)
(0.925724 -0.179858 0)
(0.91288 -0.172594 0)
(0.901147 -0.164957 0)
(0.89061 -0.157173 0)
(0.880944 -0.149114 0)
(0.872682 -0.141436 0)
(0.864451 -0.132934 0)
(0.858989 -0.126686 0)
(0.85007 -0.116046 0)
(1.13261 -0.160414 0)
(1.11664 -0.170427 0)
(1.09511 -0.17786 0)
(1.07315 -0.182803 0)
(1.05276 -0.18569 0)
(1.0336 -0.186814 0)
(1.01514 -0.186341 0)
(0.997342 -0.184434 0)
(0.980405 -0.181295 0)
(0.964473 -0.177128 0)
(0.949595 -0.172129 0)
(0.935758 -0.166463 0)
(0.922986 -0.1603 0)
(0.911196 -0.153736 0)
(0.900505 -0.14698 0)
(0.890556 -0.139906 0)
(0.881984 -0.133133 0)
(0.873252 -0.12552 0)
(0.867467 -0.119941 0)
(0.857722 -0.110218 0)
(1.12671 -0.140861 0)
(1.11245 -0.150697 0)
(1.09306 -0.158246 0)
(1.07302 -0.163471 0)
(1.05418 -0.166764 0)
(1.03634 -0.168434 0)
(1.01906 -0.168644 0)
(1.0023 -0.167532 0)
(0.986249 -0.165266 0)
(0.971033 -0.162025 0)
(0.956718 -0.157985 0)
(0.943297 -0.153292 0)
(0.930807 -0.148099 0)
(0.919166 -0.142488 0)
(0.90852 -0.136653 0)
(0.898491 -0.130469 0)
(0.889795 -0.124519 0)
(0.880772 -0.117731 0)
(0.874811 -0.112769 0)
(0.864505 -0.103935 0)
(1.11832 -0.1237 0)
(1.10565 -0.133095 0)
(1.0884 -0.140509 0)
(1.07035 -0.145818 0)
(1.05315 -0.149354 0)
(1.03671 -0.151407 0)
(1.02068 -0.152134 0)
(1.00505 -0.151651 0)
(0.989966 -0.1501 0)
(0.975565 -0.147633 0)
(0.961916 -0.144406 0)
(0.949021 -0.140548 0)
(0.93693 -0.136195 0)
(0.925562 -0.131416 0)
(0.915088 -0.126394 0)
(0.905112 -0.121005 0)
(0.896419 -0.115792 0)
(0.887251 -0.109758 0)
(0.881214 -0.105359 0)
(0.870547 -0.0973663 0)
(1.10931 -0.108733 0)
(1.09802 -0.117502 0)
(1.08271 -0.124587 0)
(1.06651 -0.129812 0)
(1.05087 -0.133442 0)
(1.03578 -0.135734 0)
(1.02096 -0.136829 0)
(1.00642 -0.136826 0)
(0.992305 -0.135842 0)
(0.978729 -0.134007 0)
(0.965771 -0.131457 0)
(0.95344 -0.128304 0)
(0.941798 -0.124669 0)
(0.930765 -0.120613 0)
(0.920534 -0.116301 0)
(0.910693 -0.111616 0)
(0.902082 -0.10706 0)
(0.892873 -0.101712 0)
(0.88683 -0.0978232 0)
(0.875944 -0.0906189 0)
(1.10068 -0.0956159 0)
(1.0905 -0.103655 0)
(1.07687 -0.110285 0)
(1.06232 -0.115301 0)
(1.04809 -0.118906 0)
(1.03421 -0.121317 0)
(1.02051 -0.122654 0)
(1.00698 -0.123002 0)
(0.993768 -0.122457 0)
(0.980977 -0.12113 0)
(0.968687 -0.119136 0)
(0.956915 -0.116574 0)
(0.945729 -0.113552 0)
(0.935054 -0.110118 0)
(0.925098 -0.106425 0)
(0.915438 -0.102362 0)
(0.906958 -0.0983918 0)
(0.897774 -0.0936646 0)
(0.891769 -0.0902364 0)
(0.880771 -0.0837689 0)
(1.09281 -0.0839966 0)
(1.08352 -0.0912732 0)
(1.0713 -0.0973795 0)
(1.05818 -0.102102 0)
(1.04518 -0.10559 0)
(1.03239 -0.108022 0)
(1.01968 -0.1095 0)
(1.00706 -0.110091 0)
(0.994669 -0.109878 0)
(0.982599 -0.108953 0)
(0.970932 -0.107414 0)
(0.959689 -0.105345 0)
(0.948946 -0.102841 0)
(0.938626 -0.0999441 0)
(0.928954 -0.0967912 0)
(0.919497 -0.0932782 0)
(0.911173 -0.0898277 0)
(0.902059 -0.0856644 0)
(0.89612 -0.0826522 0)
(0.885084 -0.0768725 0)
(1.08581 -0.0735976 0)
(1.07722 -0.0801169 0)
(1.06617 -0.0856652 0)
(1.05427 -0.0900354 0)
(1.04235 -0.0933381 0)
(1.0305 -0.095715 0)
(1.01866 -0.0972498 0)
(1.00686 -0.0979992 0)
(0.995196 -0.0980293 0)
(0.983778 -0.0974171 0)
(0.972682 -0.0962458 0)
(0.961928 -0.0945867 0)
(0.951599 -0.092522 0)
(0.941621 -0.0900869 0)
(0.932227 -0.0874048 0)
(0.922979 -0.0843788 0)
(0.914822 -0.0813918 0)
(0.905804 -0.0777415 0)
(0.899947 -0.0751059 0)
(0.888925 -0.0699691 0)
(1.07964 -0.0641992 0)
(1.07161 -0.0699809 0)
(1.06154 -0.074958 0)
(1.05067 -0.0789394 0)
(1.03967 -0.0820053 0)
(1.02865 -0.0842682 0)
(1.01757 -0.0857953 0)
(1.00648 -0.0866319 0)
(0.995468 -0.0868318 0)
(0.984633 -0.0864585 0)
(0.974049 -0.0855818 0)
(0.96374 -0.0842613 0)
(0.953794 -0.0825681 0)
(0.944135 -0.0805313 0)
(0.935006 -0.0782608 0)
(0.925966 -0.0756674 0)
(0.917976 -0.0730951 0)
(0.909069 -0.0699132 0)
(0.903301 -0.0676201 0)
(0.892327 -0.063086 0)
(1.07424 -0.055621 0)
(1.06667 -0.0606923 0)
(1.05742 -0.0650991 0)
(1.04741 -0.0686701 0)
(1.0372 -0.0714633 0)
(1.02689 -0.0735674 0)
(1.01647 -0.0750349 0)
(1.006 -0.0759018 0)
(0.99556 -0.0762113 0)
(0.985241 -0.0760151 0)
(0.975115 -0.0753712 0)
(0.965206 -0.0743293 0)
(0.955606 -0.0729501 0)
(0.946241 -0.0712572 0)
(0.937359 -0.0693474 0)
(0.928516 -0.06714 0)
(0.920689 -0.0649402 0)
(0.911899 -0.0621881 0)
(0.906223 -0.060208 0)
(0.89532 -0.0562409 0)
(1.06956 -0.0477153 0)
(1.06235 -0.0521067 0)
(1.05377 -0.055952 0)
(1.0445 -0.0591016 0)
(1.03496 -0.0615974 0)
(1.02525 -0.0635085 0)
(1.0154 -0.0648758 0)
(1.00547 -0.0657272 0)
(0.995528 -0.0660968 0)
(0.985659 -0.0660267 0)
(0.975936 -0.0655642 0)
(0.966383 -0.0647502 0)
(0.957093 -0.0636362 0)
(0.947993 -0.062241 0)
(0.939337 -0.0606486 0)
(0.930678 -0.0587872 0)
(0.923004 -0.0569239 0)
(0.914331 -0.0545684 0)
(0.908743 -0.0528759 0)
(0.897924 -0.049445 0)
(1.06554 -0.04036 0)
(1.05863 -0.0441016 0)
(1.05061 -0.0473983 0)
(1.04194 -0.0501223 0)
(1.03296 -0.0523039 0)
(1.02376 -0.0539968 0)
(1.0144 -0.0552323 0)
(1.00492 -0.0560315 0)
(0.995412 -0.0564213 0)
(0.985933 -0.056435 0)
(0.97656 -0.0561112 0)
(0.967317 -0.055483 0)
(0.9583 -0.0545932 0)
(0.949435 -0.0534567 0)
(0.940981 -0.0521452 0)
(0.93249 -0.0505959 0)
(0.924956 -0.0490385 0)
(0.916394 -0.0470513 0)
(0.91089 -0.045625 0)
(0.90016 -0.0427036 0)
(1.06216 -0.0334516 0)
(1.05548 -0.0365713 0)
(1.04791 -0.0393336 0)
(1.03974 -0.0416321 0)
(1.03122 -0.0434889 0)
(1.02245 -0.0449451 0)
(1.01349 -0.0460243 0)
(1.0044 -0.0467425 0)
(0.995247 -0.0471202 0)
(0.986098 -0.0471838 0)
(0.977023 -0.0469637 0)
(0.968046 -0.0464865 0)
(0.959264 -0.045787 0)
(0.950603 -0.0448767 0)
(0.942325 -0.0438156 0)
(0.933982 -0.0425501 0)
(0.926573 -0.0412733 0)
(0.918115 -0.0396305 0)
(0.912686 -0.0384524 0)
(0.902044 -0.0360179 0)
(1.05937 -0.0268994 0)
(1.05287 -0.0294224 0)
(1.04567 -0.0316645 0)
(1.0379 -0.0335401 0)
(1.02975 -0.0350655 0)
(1.02132 -0.0362718 0)
(1.01269 -0.0371766 0)
(1.00392 -0.0377914 0)
(0.995061 -0.0381319 0)
(0.986184 -0.0382181 0)
(0.977356 -0.0380737 0)
(0.968601 -0.0377194 0)
(0.960015 -0.0371826 0)
(0.951526 -0.0364723 0)
(0.943398 -0.0356366 0)
(0.935182 -0.0346317 0)
(0.92788 -0.0336144 0)
(0.919514 -0.0322965 0)
(0.914151 -0.0313519 0)
(0.90359 -0.0293855 0)
(1.05715 -0.0206264 0)
(1.0508 -0.0225737 0)
(1.04387 -0.0243078 0)
(1.03641 -0.0257639 0)
(1.02855 -0.026954 0)
(1.0204 -0.0279012 0)
(1.01203 -0.0286182 0)
(1.0035 -0.0291129 0)
(0.994877 -0.0293968 0)
(0.986217 -0.0294846 0)
(0.977586 -0.0293941 0)
(0.969008 -0.0291406 0)
(0.960581 -0.0287448 0)
(0.952231 -0.0282135 0)
(0.944225 -0.0275833 0)
(0.936113 -0.0268208 0)
(0.9289 -0.026046 0)
(0.920609 -0.0250376 0)
(0.915302 -0.0243144 0)
(0.904812 -0.0228011 0)
(1.05547 -0.0145743 0)
(1.04923 -0.0159606 0)
(1.04251 -0.0171945 0)
(1.03528 -0.0182324 0)
(1.02763 -0.0190836 0)
(1.01968 -0.0197644 0)
(1.0115 -0.0202833 0)
(1.00316 -0.0206453 0)
(0.994716 -0.020858 0)
(0.986218 -0.0209317 0)
(0.977735 -0.0208785 0)
(0.969291 -0.0207091 0)
(0.960984 -0.0204378 0)
(0.95274 -0.0200696 0)
(0.944826 -0.0196296 0)
(0.936794 -0.0190956 0)
(0.929648 -0.01855 0)
(0.921418 -0.0178401 0)
(0.916153 -0.0173275 0)
(0.905719 -0.0162579 0)
(1.05433 -0.00865611 0)
(1.04817 -0.00950055 0)
(1.04159 -0.0102461 0)
(1.03451 -0.0108706 0)
(1.02701 -0.0113824 0)
(1.01919 -0.0117927 0)
(1.01115 -0.0121068 0)
(1.00293 -0.0123275 0)
(0.994599 -0.0124591 0)
(0.986209 -0.0125076 0)
(0.977824 -0.0124801 0)
(0.96947 -0.0123831 0)
(0.961242 -0.0122246 0)
(0.953069 -0.0120086 0)
(0.945217 -0.0117479 0)
(0.93724 -0.0114332 0)
(0.930138 -0.0111062 0)
(0.921951 -0.010689 0)
(0.916712 -0.0103758 0)
(0.906319 -0.00974784 0)
(1.05372 -0.00278053 0)
(1.04762 -0.00310257 0)
(1.04113 -0.00337442 0)
(1.03413 -0.00359563 0)
(1.02671 -0.00377358 0)
(1.01895 -0.00391472 0)
(1.01097 -0.0040222 0)
(1.00281 -0.00409766 0)
(0.994539 -0.00414289 0)
(0.986202 -0.00416014 0)
(0.977867 -0.00415188 0)
(0.969557 -0.00412049 0)
(0.961369 -0.00406837 0)
(0.953232 -0.00399734 0)
(0.945409 -0.00391074 0)
(0.937462 -0.00380728 0)
(0.93038 -0.00369741 0)
(0.92222 -0.00356153 0)
(0.916986 -0.00345337 0)
(0.906619 -0.00325 0)
(1.19511 0.076778 1.61975e-21)
(1.2079 0.0496852 0)
(1.21705 0.0209434 -2.72237e-22)
(1.2222 -0.00936633 -8.33929e-21)
(1.22338 -0.0410428 1.12757e-20)
(1.21949 -0.0740046 0)
(1.21116 -0.107926 6.71379e-21)
(1.1915 -0.143318 0)
(1.17248 -0.176658 3.74097e-21)
(1.11046 -0.217185 -7.14521e-23)
(1.17778 0.067241 -1.93873e-21)
(1.18936 0.0436942 3.73287e-22)
(1.19792 0.0187138 -3.74002e-22)
(1.20258 -0.00764468 -1.39409e-21)
(1.20496 -0.035155 -8.16529e-21)
(1.20147 -0.0640879 -4.58521e-22)
(1.19901 -0.0931176 0)
(1.18147 -0.125803 -1.0875e-20)
(1.17844 -0.151932 0)
(1.13238 -0.194901 -7.74631e-21)
(1.16307 0.0583422 4.02251e-21)
(1.17301 0.0376298 0)
(1.18072 0.015808 -3.59897e-22)
(1.18444 -0.0072879 -8.72195e-22)
(1.18765 -0.0308893 8.63454e-21)
(1.18389 -0.0564797 0)
(1.18502 -0.0802432 1.47938e-20)
(1.17001 -0.110445 1.12344e-20)
(1.17182 -0.130008 0)
(1.14206 -0.170985 7.66712e-21)
(1.15069 0.0506358 -1.83162e-21)
(1.1591 0.0323877 7.58493e-21)
(1.16595 0.0134322 0)
(1.16874 -0.00689093 1.13308e-20)
(1.17216 -0.0269572 6.1576e-22)
(1.16843 -0.0498586 -1.15952e-21)
(1.17044 -0.0692776 -1.41461e-20)
(1.15866 -0.0970277 -4.79217e-22)
(1.15929 -0.112693 -1.37886e-20)
(1.1412 -0.149059 0)
(1.14014 0.0439709 0)
(1.14733 0.0278871 -7.39403e-21)
(1.15331 0.0114328 -8.36215e-21)
(1.15542 -0.00655516 1.19238e-21)
(1.15838 -0.0236886 -7.64159e-22)
(1.15503 -0.0442449 -6.06527e-22)
(1.15611 -0.060568 -1.81131e-20)
(1.14739 -0.0854517 -1.02504e-21)
(1.14564 -0.0990043 -1.43454e-21)
(1.13444 -0.130029 1.39152e-20)
(1.13101 0.0381469 2.39981e-21)
(1.13725 0.0239622 5.07075e-22)
(1.14238 0.00963311 -1.35734e-21)
(1.14406 -0.00631188 4.56281e-22)
(1.14621 -0.0211163 -1.28462e-20)
(1.14339 -0.039401 0)
(1.14308 -0.0535483 1.98156e-20)
(1.13664 -0.0752314 -5.96673e-22)
(1.13319 -0.0874522 3.26789e-20)
(1.1254 -0.113604 -2.92549e-20)
(1.12306 0.0330197 -2.41162e-21)
(1.12852 0.0205281 -4.53545e-21)
(1.13285 0.00800797 7.90793e-21)
(1.13427 -0.00606294 -1.412e-20)
(1.13558 -0.0189968 -1.61828e-21)
(1.13325 -0.0350386 -1.23393e-20)
(1.13181 -0.0475621 6.46608e-22)
(1.12671 -0.0661557 -1.23075e-21)
(1.12237 -0.0773627 -1.64773e-20)
(1.11595 -0.0994517 1.53253e-20)
(1.11611 0.0284929 0)
(1.12093 0.0175296 9.81102e-21)
(1.12454 0.00656689 -1.058e-21)
(1.12575 -0.00576659 7.7008e-21)
(1.12637 -0.0171479 -6.59241e-22)
(1.12435 -0.0310797 2.45885e-20)
(1.12218 -0.0422882 -1.11068e-20)
(1.1177 -0.0581775 0)
(1.11296 -0.0684523 0)
(1.10702 -0.0871896 0)
(1.11005 0.0244943 0)
(1.11431 0.0149138 -8.99752e-21)
(1.11731 0.00531109 -5.72605e-22)
(1.1183 -0.00543424 7.86173e-21)
(1.11839 -0.0154773 1.43148e-20)
(1.11649 -0.0275138 -1.38067e-20)
(1.1139 -0.0375562 1.33571e-20)
(1.10965 -0.051146 -7.22539e-22)
(1.10477 -0.0604733 0)
(1.09897 -0.0764198 9.4808e-21)
(1.10479 0.0209619 3.21702e-22)
(1.10855 0.0126304 5.14307e-21)
(1.11102 0.00423537 8.03695e-21)
(1.11179 -0.00507873 -4.55571e-22)
(1.11149 -0.0139248 9.89925e-22)
(1.10956 -0.0242926 -1.49552e-20)
(1.10674 -0.0332357 1.45134e-20)
(1.10255 -0.0448663 -7.5391e-22)
(1.09765 -0.0532386 0)
(1.09187 -0.0668349 -1.92842e-20)
(1.10024 0.0178396 0)
(1.10354 0.0106362 5.10489e-21)
(1.10558 0.0033311 2.08498e-22)
(1.10611 -0.00470029 0)
(1.10551 -0.0124473 0)
(1.1035 -0.0213494 1.32551e-20)
(1.10053 -0.0292413 -1.20432e-20)
(1.09634 -0.0391867 -7.23329e-22)
(1.09143 -0.0466248 3.82922e-22)
(1.08566 -0.058211 1.0126e-20)
(1.09632 0.0150744 0)
(1.09923 0.00889259 -9.71953e-21)
(1.1009 0.00258503 -1.06482e-20)
(1.10119 -0.00429411 1.62906e-21)
(1.10036 -0.0110191 -1.04824e-21)
(1.09824 -0.018626 -8.90762e-22)
(1.09515 -0.0255176 1.69477e-21)
(1.09094 -0.0339934 1.10173e-20)
(1.08601 -0.0405311 1.07626e-21)
(1.08024 -0.0503695 -3.35543e-22)
(1.09298 0.0126334 0)
(1.09554 0.0073701 5.23855e-21)
(1.0969 0.00198121 -5.882e-22)
(1.09698 -0.00385642 5.83321e-22)
(1.09595 -0.00962613 0)
(1.09372 -0.0160756 0)
(1.09054 -0.0220196 0)
(1.08629 -0.0291927 -1.25113e-20)
(1.08134 -0.0348671 1.17626e-20)
(1.07556 -0.0431646 0)
(1.09014 0.0104465 0)
(1.09241 0.00603727 3.34844e-21)
(1.09352 0.00150302 4.35756e-21)
(1.09341 -0.00338484 5.72354e-21)
(1.09222 -0.00825866 -1.0931e-21)
(1.08989 -0.0136601 6.86938e-21)
(1.08662 -0.0187066 -6.23364e-21)
(1.08234 -0.0247078 0)
(1.07735 -0.0295556 6.39856e-22)
(1.07156 -0.0364767 -1.12693e-20)
(1.0878 0.00845997 -7.35603e-22)
(1.08981 0.00485928 -2.71285e-21)
(1.09071 0.00112999 -5.63211e-21)
(1.09045 -0.00288106 -4.02648e-21)
(1.08912 -0.00691026 0)
(1.0867 -0.0113496 -8.75234e-21)
(1.08335 -0.0155441 8.93878e-21)
(1.07903 -0.0204763 -8.51848e-22)
(1.07401 -0.024531 -5.82258e-21)
(1.06819 -0.0302062 1.63399e-20)
(1.08592 0.00667033 7.39385e-22)
(1.08772 0.00381678 -2.10516e-21)
(1.08844 0.000846134 1.90927e-21)
(1.08804 -0.00234727 -4.75203e-21)
(1.0866 -0.00557573 0)
(1.0841 -0.00912049 0)
(1.08069 -0.012502 8.8251e-22)
(1.07634 -0.0164456 -8.37204e-21)
(1.07127 -0.019736 -5.2309e-21)
(1.06543 -0.0242668 -5.47074e-21)
(1.08445 0.00503929 0)
(1.08608 0.00288625 3.46317e-21)
(1.08667 0.000634146 -1.27972e-21)
(1.08616 -0.00178918 4.22719e-21)
(1.08463 -0.00425382 1.13905e-21)
(1.08207 -0.00695682 -9.76003e-22)
(1.07861 -0.00955747 1.84546e-21)
(1.07422 -0.0125739 5.80602e-21)
(1.06912 -0.0151229 0)
(1.06324 -0.0185856 0)
(1.08338 0.00353041 0)
(1.08488 0.0020424 1.41445e-21)
(1.08535 0.000476875 -2.61133e-21)
(1.08477 -0.001214 0)
(1.08318 -0.00294571 -2.22826e-21)
(1.08057 -0.00484869 -9.84635e-22)
(1.07706 -0.00669535 -2.7653e-21)
(1.07265 -0.00883222 -8.1766e-22)
(1.06751 -0.0106592 4.21838e-22)
(1.0616 -0.0131113 3.59374e-22)
(1.08266 0.00212686 0)
(1.08407 0.0012818 -1.42127e-21)
(1.08448 0.000387262 -1.30033e-21)
(1.08384 -0.000590295 1.80958e-21)
(1.08221 -0.00160465 1.07452e-21)
(1.07957 -0.00273207 1.02515e-21)
(1.07604 -0.00384094 4.61996e-21)
(1.07159 -0.00513258 -3.39289e-21)
(1.06642 -0.00625552 7.93237e-22)
(1.06048 -0.00775037 0)
(1.08229 0.000692637 0)
(1.08366 0.000500594 6.98522e-22)
(1.08403 0.000283313 -6.70615e-22)
(1.08337 2.312e-05 6.37063e-22)
(1.08172 -0.000267831 0)
(1.07906 -0.000616857 -1.03035e-21)
(1.07551 -0.000981311 9.09035e-22)
(1.07104 -0.0014295 8.17992e-22)
(1.06584 -0.00184404 0)
(1.05987 -0.00240695 0)
(0.869399 0.258492 0)
(0.858026 0.285709 -4.49723e-20)
(0.851474 0.318811 0)
(0.846578 0.359008 -1.47339e-19)
(0.841517 0.406564 5.62572e-20)
(0.835106 0.462352 1.78965e-21)
(0.822694 0.52397 4.67117e-20)
(0.784871 0.57487 -6.54e-21)
(0.666962 0.55897 0)
(0.365428 0.326708 4.66416e-20)
(0.910064 0.258627 8.28531e-20)
(0.903684 0.289587 4.49708e-20)
(0.903738 0.321989 -4.22959e-20)
(0.904675 0.361602 4.9504e-20)
(0.905548 0.408799 -4.17977e-20)
(0.905797 0.463756 6.42755e-21)
(0.899797 0.523377 -4.88583e-20)
(0.864956 0.56967 -9.52305e-20)
(0.738764 0.546832 -2.50979e-20)
(0.402057 0.311819 -6.79995e-20)
(0.952575 0.254189 -3.65625e-20)
(0.951577 0.28533 3.7491e-20)
(0.956264 0.317031 4.22944e-20)
(0.961854 0.35608 4.30919e-20)
(0.968266 0.402493 4.36339e-20)
(0.974792 0.455816 4.36369e-20)
(0.974244 0.512164 7.44153e-21)
(0.940519 0.5521 4.04375e-20)
(0.803689 0.521675 1.47417e-20)
(0.431789 0.288642 -1.57369e-20)
(0.996443 0.246074 7.33499e-20)
(0.999751 0.27611 -3.74896e-20)
(1.00787 0.306457 0)
(1.01745 0.344026 0)
(1.02889 0.388547 0)
(1.04089 0.43907 3.1762e-20)
(1.04433 0.490803 -2.67095e-20)
(1.00929 0.522813 0)
(0.85904 0.484536 9.71523e-21)
(0.452778 0.258476 -1.9552e-20)
(1.03858 0.233856 -1.34485e-20)
(1.04575 0.262034 4.95583e-20)
(1.05703 0.290656 0)
(1.07036 0.326043 0)
(1.0863 0.367668 1.36083e-20)
(1.10271 0.414218 1.24359e-20)
(1.10826 0.460105 1.74742e-20)
(1.06919 0.482968 7.74976e-21)
(0.901515 0.436716 9.24557e-21)
(0.463844 0.223081 -3.46918e-21)
(1.07758 0.217512 4.12953e-20)
(1.08832 0.243206 1.47953e-20)
(1.10263 0.269789 0)
(1.11946 0.302469 0)
(1.13926 0.340412 -3.61646e-20)
(1.15882 0.381919 1.15897e-20)
(1.16443 0.420416 3.42287e-21)
(1.11751 0.434321 -1.05754e-22)
(0.929202 0.381025 -5.08743e-21)
(0.464642 0.183966 -6.60823e-22)
(1.11307 0.197423 -2.34897e-20)
(1.12699 0.220084 2.4714e-20)
(1.14403 0.244289 2.17931e-20)
(1.16388 0.273767 -2.30559e-20)
(1.18668 0.307358 -8.73783e-21)
(1.20777 0.342895 9.30654e-21)
(1.21045 0.373281 -3.96246e-21)
(1.15138 0.378116 4.2559e-21)
(0.941253 0.319488 0)
(0.454804 0.143368 0)
(1.14458 0.173844 -2.0183e-20)
(1.16127 0.193284 2.12359e-20)
(1.18062 0.214891 0)
(1.20293 0.240738 0)
(1.22758 0.269328 0)
(1.24805 0.298291 1.93386e-21)
(1.24434 0.320157 -5.66976e-21)
(1.16951 0.316113 3.47188e-22)
(0.936307 0.254262 0)
(0.434401 0.103482 -4.33575e-21)
(1.17241 0.147607 -8.54247e-21)
(1.19097 0.163131 7.04635e-21)
(1.21202 0.182068 -1.76167e-21)
(1.23604 0.203956 0)
(1.26106 0.227257 -2.15157e-21)
(1.27833 0.249307 5.15568e-21)
(1.26462 0.262539 0)
(1.17045 0.250354 -1.03215e-22)
(0.91338 0.187978 -4.0407e-21)
(0.404248 0.066315 6.52206e-21)
(1.19595 0.118524 0)
(1.21566 0.13133 1.94192e-21)
(1.23797 0.146797 1.76157e-21)
(1.26265 0.164273 0)
(1.28617 0.182047 6.14658e-22)
(1.29731 0.197064 -1.25755e-21)
(1.26972 0.20203 -1.86812e-25)
(1.15284 0.183168 1.02773e-21)
(0.872376 0.123513 1.99278e-21)
(0.365904 0.0336187 0)
(0.539086 0.0171123 -1.63795e-20)
(0.514885 0.0194165 1.73161e-20)
(0.485747 0.0220854 9.23419e-21)
(0.450643 0.0251486 9.99834e-21)
(0.408181 0.0287278 -1.06167e-20)
(0.356433 0.0329597 -1.7359e-20)
(0.292896 0.0378461 6.24433e-21)
(0.212965 0.0425958 -1.3678e-20)
(0.114224 0.0433293 -1.49781e-20)
(0.0321286 0.0276952 0)
(0.546159 0.0510264 0)
(0.522676 0.0578621 -8.63679e-21)
(0.49403 0.0658175 -9.2034e-21)
(0.459523 0.0749496 0)
(0.417876 0.0856122 2.1285e-20)
(0.367157 0.0982177 1.14376e-20)
(0.304842 0.112778 0)
(0.226113 0.126906 -1.31534e-20)
(0.127317 0.12897 -4.36084e-23)
(0.0405406 0.0824047 -1.57735e-20)
(0.560152 0.0840051 6.44448e-20)
(0.538065 0.0951414 -6.78165e-20)
(0.510395 0.108227 0)
(0.477078 0.123252 0)
(0.437047 0.140771 0)
(0.388382 0.161468 -6.78374e-20)
(0.328496 0.185366 9.72909e-20)
(0.252058 0.208477 -2.58412e-20)
(0.153174 0.211557 0)
(0.0571732 0.134914 3.16879e-20)
(0.580737 0.115414 6.32987e-20)
(0.560657 0.130491 -6.66089e-20)
(0.534434 0.148451 -7.12596e-20)
(0.502892 0.169075 -7.31977e-22)
(0.465254 0.193072 1.21611e-19)
(0.419614 0.221394 -4.34787e-20)
(0.363295 0.254045 4.74503e-20)
(0.290165 0.285456 -1.02292e-19)
(0.19109 0.289134 5.54025e-20)
(0.0814633 0.183695 0)
(0.607457 0.144568 -1.53955e-19)
(0.589903 0.163206 3.19905e-20)
(0.565578 0.18574 0)
(0.536385 0.211567 0)
(0.501874 0.241516 4.03971e-20)
(0.460159 0.276809 -1.25242e-19)
(0.408436 0.317403 8.97166e-20)
(0.339509 0.356168 -9.63695e-20)
(0.240024 0.359849 1.9137e-21)
(0.112574 0.227394 -5.46478e-20)
(0.639889 0.170671 2.08919e-19)
(0.625195 0.192414 -1.57942e-19)
(0.603092 0.219158 0)
(0.57674 0.249722 0)
(0.54602 0.285023 3.84911e-20)
(0.509051 0.326531 4.12183e-20)
(0.462841 0.374098 3.93179e-20)
(0.398858 0.419046 4.75367e-20)
(0.298593 0.42198 1.60564e-21)
(0.149411 0.264769 1.07736e-19)
(0.677543 0.193798 -1.18492e-19)
(0.665978 0.218309 -5.8912e-20)
(0.646351 0.248803 0)
(0.623236 0.283353 0)
(0.596826 0.323074 0)
(0.565235 0.369734 -7.58758e-20)
(0.525235 0.423025 7.54783e-20)
(0.4667 0.472708 0)
(0.365092 0.473989 -4.54315e-20)
(0.190627 0.294726 9.68945e-20)
(0.719635 0.211651 -5.64307e-20)
(0.711025 0.238521 5.89111e-20)
(0.693978 0.272554 5.8605e-20)
(0.674608 0.310758 6.16938e-20)
(0.653138 0.354344 6.49226e-20)
(0.627517 0.405296 6.82745e-20)
(0.594228 0.463075 -6.28512e-21)
(0.541339 0.51592 7.47059e-20)
(0.437558 0.514564 -4.08766e-20)
(0.234653 0.316379 4.36338e-20)
(0.766704 0.229717 -1.05859e-19)
(0.759892 0.257969 5.23053e-20)
(0.744728 0.293832 -5.86038e-20)
(0.729256 0.333766 -6.35609e-20)
(0.713179 0.379495 5.79759e-20)
(0.694046 0.43315 -5.7529e-21)
(0.667899 0.493716 -2.03542e-19)
(0.620675 0.547814 -1.38292e-19)
(0.513688 0.542696 3.86179e-20)
(0.279719 0.329104 -3.16851e-20)
(0.820126 0.235441 0)
(0.81219 0.266417 -5.23043e-20)
(0.79898 0.305636 0)
(0.787754 0.348201 5.18742e-20)
(0.776861 0.396178 -1.75966e-19)
(0.763946 0.451918 -1.20946e-19)
(0.744731 0.514002 1.27299e-19)
(0.702636 0.567556 6.65681e-20)
(0.591033 0.557618 0)
(0.323964 0.332569 7.00508e-20)
(0.667586 0.000435595 0)
(0.6673 0.000466004 -1.112e-21)
(0.666599 0.000538 1.10618e-21)
(0.665656 0.000660867 0)
(0.664535 0.000835704 -2.1602e-21)
(0.66317 0.00106314 2.14907e-21)
(0.661469 0.00134647 0)
(0.659352 0.00169147 0)
(0.656745 0.00210487 0)
(0.653569 0.00259798 0)
(0.649704 0.00317456 1.02669e-21)
(0.645011 0.00384722 0)
(0.639376 0.00463193 0)
(0.632673 0.0055463 8.06041e-21)
(0.624755 0.00661003 -8.02066e-21)
(0.615443 0.00784571 0)
(0.60453 0.00927994 8.96666e-21)
(0.591743 0.0109545 -1.58951e-20)
(0.576841 0.0128806 7.92234e-21)
(0.559241 0.0152934 7.96728e-21)
(0.670374 0.00126575 2.34999e-21)
(0.670088 0.00136439 4.4109e-21)
(0.669415 0.00159385 -4.38964e-21)
(0.668514 0.00197075 2.1681e-21)
(0.667436 0.00249741 2.14767e-21)
(0.666114 0.00317878 8.49855e-21)
(0.664461 0.0040268 -6.34984e-21)
(0.662402 0.00505927 -1.67042e-20)
(0.65987 0.00629624 3.52659e-20)
(0.656779 0.00777037 -1.64905e-20)
(0.653007 0.00949261 -1.53029e-20)
(0.648431 0.0114997 3.44813e-20)
(0.642942 0.0138397 -3.02389e-20)
(0.63642 0.0165663 1.60397e-20)
(0.628718 0.0197391 1.98915e-21)
(0.619665 0.0234282 3.37748e-20)
(0.609071 0.0277094 -3.26416e-20)
(0.59667 0.032709 0)
(0.582262 0.0384545 1.96505e-21)
(0.565305 0.0456751 0)
(0.675798 0.00204126 -6.96381e-21)
(0.675547 0.00221534 6.2833e-24)
(0.674942 0.00261192 8.65135e-21)
(0.674116 0.00324682 -4.33883e-21)
(0.673113 0.00412313 -1.06709e-20)
(0.671873 0.00525197 -2.10935e-21)
(0.670317 0.00665435 -2.09508e-21)
(0.668375 0.00835787 -2.07334e-21)
(0.665991 0.0103974 2.87767e-20)
(0.663064 0.0128326 -1.12701e-22)
(0.659471 0.0156804 -3.65795e-20)
(0.655123 0.0189946 -2.01909e-21)
(0.649926 0.0228533 -4.00492e-21)
(0.643763 0.0273466 0)
(0.636498 0.0325754 -3.56825e-20)
(0.627967 0.0386629 2.76497e-20)
(0.618012 0.0457345 0)
(0.606388 0.0539986 -1.95272e-21)
(0.592986 0.0634669 -1.9685e-21)
(0.577309 0.075441 -1.94471e-21)
(0.683694 0.00277553 2.2846e-21)
(0.68349 0.00302476 6.46363e-21)
(0.682975 0.00358255 0)
(0.682247 0.00446815 -1.90259e-20)
(0.681344 0.00568685 1.6861e-20)
(0.680215 0.00725579 1.87295e-20)
(0.678791 0.00920717 -1.24615e-20)
(0.677011 0.0115785 2.05611e-21)
(0.674846 0.0144307 -2.64332e-20)
(0.672169 0.0177777 1.29359e-22)
(0.668842 0.0216861 3.02281e-20)
(0.664827 0.0262437 -3.1913e-20)
(0.660057 0.0315527 -2.96596e-20)
(0.654427 0.037733 6.72192e-20)
(0.647821 0.0449237 1.97311e-21)
(0.640093 0.053302 5.85965e-21)
(0.631118 0.063047 -6.24381e-20)
(0.620662 0.0744748 1.92613e-21)
(0.608797 0.0875042 -6.62601e-23)
(0.595002 0.104144 6.39072e-20)
(0.693792 0.00344511 4.4563e-21)
(0.69364 0.00376959 -1.68877e-20)
(0.693228 0.00448381 8.41153e-21)
(0.692614 0.00561208 4.16621e-21)
(0.691833 0.00716242 0)
(0.69085 0.00915596 0)
(0.689606 0.0116279 -4.08123e-21)
(0.688071 0.0146208 0)
(0.686137 0.0182565 -4.02882e-21)
(0.683684 0.0224871 0)
(0.680695 0.0274042 3.98156e-21)
(0.677138 0.0331351 -6.30358e-20)
(0.67294 0.0398096 2.29541e-22)
(0.668016 0.0475761 -3.71943e-21)
(0.662287 0.0566029 6.2306e-20)
(0.655638 0.0671188 -3.89351e-21)
(0.648019 0.0793322 3.82587e-21)
(0.639165 0.093715 -6.14647e-20)
(0.629403 0.11001 6.51583e-20)
(0.618042 0.131182 1.2204e-19)
(0.705762 0.00403413 4.33821e-21)
(0.705662 0.00443471 -4.13704e-21)
(0.705353 0.00529948 -4.0945e-21)
(0.704861 0.00665739 -4.0678e-21)
(0.704212 0.00852084 -3.22803e-20)
(0.703378 0.0109198 6.03557e-20)
(0.702313 0.0138926 -3.60801e-20)
(0.701058 0.017571 0)
(0.699427 0.0218477 -3.9395e-21)
(0.697266 0.0268549 -3.91587e-21)
(0.694682 0.0327124 -3.89286e-21)
(0.691669 0.0395438 5.82093e-20)
(0.688164 0.0474906 -1.27716e-19)
(0.684101 0.0567293 6.17874e-20)
(0.679452 0.0674492 0)
(0.674133 0.0799334 -3.78564e-21)
(0.668212 0.094377 -1.29012e-19)
(0.661379 0.111445 1.21423e-19)
(0.654356 0.130541 -3.81105e-21)
(0.646078 0.155979 0)
(0.719247 0.00453226 4.21985e-21)
(0.719188 0.00500851 -1.19735e-20)
(0.718974 0.00602289 4.10592e-21)
(0.718598 0.0076139 2.38748e-20)
(0.718089 0.00980105 3.94323e-21)
(0.717429 0.0126315 -2.34796e-20)
(0.716704 0.0161628 4.14162e-21)
(0.715663 0.020331 3.12536e-20)
(0.714136 0.0251775 7.74807e-21)
(0.712349 0.0308856 6.53912e-20)
(0.710308 0.0375935 -5.39717e-20)
(0.707959 0.045427 -5.33346e-20)
(0.705274 0.0545324 6.49356e-20)
(0.702229 0.0651099 3.76116e-21)
(0.698864 0.0773558 3.7403e-21)
(0.695123 0.0916228 7.50673e-21)
(0.691245 0.108044 7.46945e-21)
(0.686813 0.12758 -3.66648e-21)
(0.683151 0.149028 0)
(0.678596 0.178528 1.1639e-19)
(0.733882 0.00492366 -1.22031e-20)
(0.733865 0.00544749 3.08925e-23)
(0.733756 0.00655675 -3.8673e-21)
(0.733521 0.00834923 -3.45994e-20)
(0.733191 0.0108547 2.31843e-20)
(0.732806 0.0140219 -3.83857e-21)
(0.732136 0.0178665 0)
(0.731107 0.022378 0)
(0.729943 0.027786 -7.57783e-21)
(0.728662 0.0342015 -3.75814e-21)
(0.727224 0.0417223 -3.78232e-21)
(0.725613 0.0504817 -3.77149e-21)
(0.72386 0.0606332 0)
(0.721983 0.0723991 -7.43779e-21)
(0.720118 0.085952 -3.73729e-21)
(0.718223 0.101724 -7.36768e-21)
(0.716797 0.119664 -3.70881e-21)
(0.715231 0.141174 -1.1203e-19)
(0.715663 0.164015 1.16245e-19)
(0.715446 0.19714 0)
(0.749285 0.00529771 0)
(0.749285 0.00596271 3.75654e-21)
(0.749291 0.00730237 1.87973e-21)
(0.749265 0.0092813 0)
(0.749078 0.0119225 3.34447e-20)
(0.748647 0.015277 -2.99101e-20)
(0.748047 0.0193486 6.10181e-20)
(0.747383 0.0243459 -5.95767e-20)
(0.746672 0.0303522 5.55418e-21)
(0.745912 0.0374401 1.87399e-21)
(0.745119 0.0457187 0)
(0.744323 0.0553427 0)
(0.743612 0.0664726 0)
(0.743038 0.0793637 1.19708e-19)
(0.742853 0.0941598 -2.32337e-19)
(0.742987 0.111441 5.18388e-21)
(0.744324 0.130896 1.15617e-19)
(0.745893 0.154685 0)
(0.751151 0.178816 0)
(0.756465 0.216103 1.10354e-19)
(0.765811 0.00540768 0)
(0.765806 0.00599874 -1.43938e-20)
(0.765727 0.00722725 -1.24309e-20)
(0.765518 0.00910376 2.90369e-20)
(0.765261 0.0116707 2.8732e-20)
(0.764983 0.0150444 -8.64295e-20)
(0.76468 0.0193559 5.61647e-20)
(0.764376 0.0246619 0)
(0.764112 0.0310203 -1.80845e-21)
(0.763933 0.0385201 -5.53779e-20)
(0.763902 0.0472745 1.14833e-19)
(0.764089 0.057432 -5.76507e-20)
(0.764656 0.0691252 0)
(0.765696 0.0825897 -1.13088e-19)
(0.767652 0.0978646 2.26683e-19)
(0.770407 0.115546 -1.13597e-19)
(0.775476 0.134906 0)
(0.78116 0.158687 -1.08794e-19)
(0.793134 0.181376 1.0993e-19)
(0.804842 0.220684 -1.69173e-21)
(0.781064 0.005596 0)
(0.78106 0.00633384 0)
(0.781047 0.00779609 0)
(0.781014 0.0100748 0)
(0.780982 0.0132178 0)
(0.780968 0.0172491 0)
(0.78099 0.0222202 0)
(0.781087 0.0281995 0)
(0.78132 0.0352648 0)
(0.781756 0.04351 0)
(0.782491 0.0530439 0)
(0.783618 0.0640106 0)
(0.785354 0.0765358 0)
(0.787775 0.0908655 0)
(0.791495 0.106989 0)
(0.79617 0.125651 0)
(0.804073 0.145578 0)
(0.812419 0.171103 0)
(0.830848 0.190891 0)
(0.845289 0.237419 0)
(0.796608 0.00560862 0)
(0.796625 0.00632484 0)
(0.796686 0.00778246 0)
(0.796787 0.010026 0)
(0.79693 0.013082 0)
(0.797136 0.0169749 0)
(0.797443 0.0217501 0)
(0.797903 0.0274687 0)
(0.798584 0.0341967 0)
(0.799564 0.0420085 0)
(0.800957 0.0509837 0)
(0.802868 0.0612287 0)
(0.805535 0.0728132 0)
(0.809037 0.0859353 0)
(0.814009 0.100438 0)
(0.820113 0.117092 0)
(0.829427 0.134061 0)
(0.839413 0.155984 0)
(0.857201 0.170479 0)
(0.871358 0.203771 0)
(0.812504 0.00553428 0)
(0.812542 0.00622147 0)
(0.812665 0.00763406 0)
(0.812862 0.00980193 0)
(0.813133 0.0127441 0)
(0.81351 0.0164841 0)
(0.814044 0.0210575 0)
(0.814793 0.026509 0)
(0.815829 0.0328862 0)
(0.817234 0.0402421 0)
(0.819129 0.0486276 0)
(0.821624 0.0581131 0)
(0.824947 0.0687162 0)
(0.829188 0.0805831 0)
(0.834884 0.0934518 0)
(0.841806 0.108024 0)
(0.85147 0.122336 0)
(0.862078 0.140539 0)
(0.878382 0.152139 0)
(0.89292 0.177548 0)
(0.828445 0.0054065 0)
(0.828504 0.00606926 0)
(0.828686 0.00743149 0)
(0.828971 0.00952036 0)
(0.829356 0.0123503 0)
(0.829879 0.0159378 0)
(0.830601 0.0203075 0)
(0.831583 0.02549 0)
(0.832901 0.0315177 0)
(0.834639 0.0384256 0)
(0.836915 0.0462415 0)
(0.839839 0.055008 0)
(0.843613 0.0647039 0)
(0.848336 0.0754378 0)
(0.854428 0.086894 0)
(0.861752 0.0996986 0)
(0.87139 0.112005 0)
(0.882069 0.127398 0)
(0.897258 0.137273 0)
(0.911323 0.157866 0)
(0.844197 0.00523204 0)
(0.844273 0.00586636 0)
(0.844507 0.00716717 0)
(0.84487 0.00915894 0)
(0.845352 0.0118513 0)
(0.845996 0.0152533 0)
(0.846868 0.0193803 0)
(0.848034 0.0242517 0)
(0.849569 0.0298869 0)
(0.851557 0.0363059 0)
(0.854107 0.043517 0)
(0.857328 0.0515417 0)
(0.861392 0.060331 0)
(0.866395 0.0699658 0)
(0.872666 0.0801134 0)
(0.880112 0.0913265 0)
(0.889562 0.101945 0)
(0.899984 0.115029 0)
(0.914159 0.123397 0)
(0.927307 0.14038 0)
(0.859552 0.00501351 0)
(0.859641 0.00561416 0)
(0.85992 0.00684261 0)
(0.860347 0.00871985 0)
(0.860908 0.0112514 0)
(0.861648 0.0144406 0)
(0.862635 0.0182949 0)
(0.863938 0.0228244 0)
(0.865631 0.0280374 0)
(0.867793 0.0339411 0)
(0.870526 0.0405286 0)
(0.873929 0.0478049 0)
(0.878149 0.0557031 0)
(0.883273 0.0642825 0)
(0.889564 0.0732154 0)
(0.896939 0.0829803 0)
(0.906068 0.0921139 0)
(0.916047 0.103208 0)
(0.929201 0.110231 0)
(0.94141 0.124312 0)
(0.874336 0.00475618 0)
(0.874435 0.00531941 0)
(0.874748 0.0064678 0)
(0.875228 0.00821875 0)
(0.87585 0.0105747 0)
(0.876661 0.0135343 0)
(0.877733 0.0170988 0)
(0.879133 0.0212707 0)
(0.880931 0.0260492 0)
(0.883204 0.0314313 0)
(0.886043 0.0373989 0)
(0.889535 0.0439451 0)
(0.893807 0.0509929 0)
(0.898931 0.0585842 0)
(0.905122 0.0664098 0)
(0.912298 0.0748772 0)
(0.921008 0.082713 0)
(0.930456 0.092109 0)
(0.942606 0.0979987 0)
(0.953933 0.109704 0)
(0.888403 0.00446683 0)
(0.888508 0.00499007 0)
(0.888848 0.00605338 0)
(0.889368 0.00767063 0)
(0.890037 0.00984184 0)
(0.890899 0.0125624 0)
(0.892027 0.0158284 0)
(0.893489 0.0196364 0)
(0.895351 0.0239787 0)
(0.897682 0.028845 0)
(0.900563 0.0342092 0)
(0.904072 0.0400562 0)
(0.908317 0.0463053 0)
(0.913356 0.0529842 0)
(0.919363 0.0598096 0)
(0.926258 0.0671249 0)
(0.934495 0.0738338 0)
(0.943377 0.0817847 0)
(0.954561 0.0867282 0)
(0.96505 0.0964498 0)
(0.901635 0.00415208 0)
(0.901743 0.00463356 0)
(0.902103 0.00560867 0)
(0.902653 0.00708798 0)
(0.903354 0.00906966 0)
(0.90425 0.0115467 0)
(0.905413 0.0145116 0)
(0.906908 0.0179563 0)
(0.908797 0.0218683 0)
(0.911144 0.026232 0)
(0.91402 0.031017 0)
(0.917493 0.0362022 0)
(0.921653 0.0417078 0)
(0.926547 0.0475503 0)
(0.932316 0.0534756 0)
(0.938885 0.0597708 0)
(0.946623 0.0655004 0)
(0.954935 0.0722126 0)
(0.965199 0.0763597 0)
(0.974897 0.0844046 0)
(0.913937 0.00381793 0)
(0.914047 0.00425654 0)
(0.914419 0.00514186 0)
(0.91499 0.00648144 0)
(0.915713 0.00827214 0)
(0.916628 0.0105054 0)
(0.917806 0.0131712 0)
(0.919312 0.0162585 0)
(0.921202 0.0197515 0)
(0.923533 0.0236315 0)
(0.926368 0.0278656 0)
(0.929766 0.0324298 0)
(0.933802 0.0372475 0)
(0.938514 0.0423271 0)
(0.944013 0.0474441 0)
(0.950234 0.0528361 0)
(0.957472 0.0577121 0)
(0.965225 0.0633573 0)
(0.974628 0.0668307 0)
(0.983589 0.0734561 0)
(0.925237 0.00346964 0)
(0.925347 0.00386487 0)
(0.925727 0.00466 0)
(0.926311 0.00586001 0)
(0.927046 0.00746085 0)
(0.927968 0.00945312 0)
(0.929148 0.0118255 0)
(0.930647 0.0145649 0)
(0.932517 0.0176539 0)
(0.934809 0.0210721 0)
(0.937579 0.0247862 0)
(0.940877 0.0287707 0)
(0.944765 0.0329545 0)
(0.949273 0.0373398 0)
(0.954491 0.0417315 0)
(0.960358 0.0463233 0)
(0.967111 0.0504535 0)
(0.974332 0.0551777 0)
(0.982937 0.0580791 0)
(0.991222 0.0635042 0)
(0.935482 0.00311174 0)
(0.93559 0.00346351 0)
(0.935974 0.00416898 0)
(0.936564 0.00523095 0)
(0.937303 0.0066449 0)
(0.938225 0.00840125 0)
(0.939396 0.010488 0)
(0.940876 0.0128915 0)
(0.942712 0.0155934 0)
(0.944951 0.0185731 0)
(0.94764 0.0217983 0)
(0.950823 0.0252436 0)
(0.954551 0.0288445 0)
(0.958849 0.0325985 0)
(0.963785 0.0363386 0)
(0.969309 0.0402205 0)
(0.975603 0.0436969 0)
(0.982327 0.0476247 0)
(0.990207 0.0500377 0)
(0.997878 0.0544494 0)
(0.944631 0.00274801 0)
(0.944737 0.00305656 0)
(0.945121 0.00367348 0)
(0.945714 0.00459987 0)
(0.946452 0.00583108 0)
(0.947366 0.00735787 0)
(0.948521 0.00916838 0)
(0.949974 0.0112488 0)
(0.951768 0.0135814 0)
(0.953945 0.0161461 0)
(0.956546 0.0189126 0)
(0.959609 0.0218567 0)
(0.963176 0.0249212 0)
(0.967266 0.0281005 0)
(0.971933 0.031254 0)
(0.977133 0.0345045 0)
(0.983004 0.0374051 0)
(0.989276 0.0406426 0)
(0.996505 0.0426352 0)
(1.00363 0.0461916 0)
(0.952661 0.00238147 0)
(0.952764 0.00264728 0)
(0.953146 0.00317712 0)
(0.953737 0.00397083 0)
(0.95447 0.00502404 0)
(0.955373 0.00632826 0)
(0.956508 0.00787231 0)
(0.95793 0.00964303 0)
(0.959678 0.0116237 0)
(0.96179 0.0137957 0)
(0.964302 0.0161319 0)
(0.967246 0.0186096 0)
(0.970658 0.0211795 0)
(0.974553 0.0238343 0)
(0.978969 0.0264572 0)
(0.983874 0.0291438 0)
(0.989364 0.0315342 0)
(0.995232 0.0341708 0)
(1.00189 0.0357982 0)
(1.00853 0.0386318 0)
(0.959553 0.00201439 0)
(0.959653 0.0022381 0)
(0.960032 0.00268244 0)
(0.960619 0.0033465 0)
(0.961345 0.00422659 0)
(0.962235 0.00531531 0)
(0.963349 0.00660252 0)
(0.964739 0.00807623 0)
(0.966441 0.00972145 0)
(0.968489 0.0115215 0)
(0.970916 0.0134527 0)
(0.97375 0.0154951 0)
(0.977019 0.0176071 0)
(0.980737 0.0197805 0)
(0.984929 0.0219207 0)
(0.989572 0.0241004 0)
(0.994728 0.0260351 0)
(1.00024 0.0281454 0)
(1.00641 0.029452 0)
(1.01264 0.0316727 0)
(0.9653 0.00164857 0)
(0.965397 0.00183066 0)
(0.965771 0.00219086 0)
(0.966353 0.00272813 0)
(0.967071 0.00343982 0)
(0.967948 0.00431976 0)
(0.969042 0.00535909 0)
(0.970401 0.00654739 0)
(0.972061 0.00787186 0)
(0.974052 0.00931828 0)
(0.976402 0.0108669 0)
(0.979137 0.0125007 0)
(0.982281 0.0141859 0)
(0.985844 0.0159145 0)
(0.989843 0.017612 0)
(0.994262 0.0193319 0)
(0.999136 0.0208555 0)
(1.00436 0.0225005 0)
(1.01011 0.0235217 0)
(1.016 0.0252188 0)
(0.969896 0.00128632 0)
(0.969991 0.00142633 0)
(0.97036 0.00170257 0)
(0.970936 0.00211527 0)
(0.971648 0.00266294 0)
(0.972514 0.0033403 0)
(0.973589 0.00413975 0)
(0.974922 0.00505277 0)
(0.976545 0.00606913 0)
(0.978486 0.00717749 0)
(0.980772 0.00836218 0)
(0.983424 0.00960965 0)
(0.986463 0.0108937 0)
(0.989898 0.0122073 0)
(0.99374 0.0134943 0)
(0.997975 0.0147927 0)
(1.00262 0.0159406 0)
(1.0076 0.0171689 0)
(1.01302 0.017932 0)
(1.01863 0.019176 0)
(0.973341 0.00093151 0)
(0.973432 0.00102786 0)
(0.973798 0.0012181 0)
(0.974372 0.00150694 0)
(0.975079 0.00189412 0)
(0.975936 0.0023742 0)
(0.976996 0.00294051 0)
(0.978307 0.0035866 0)
(0.979901 0.00430513 0)
(0.981803 0.00508786 0)
(0.984038 0.00592348 0)
(0.986626 0.00680207 0)
(0.989584 0.00770498 0)
(0.992921 0.00862683 0)
(0.996641 0.00952833 0)
(1.00074 0.0104348 0)
(1.00521 0.0112345 0)
(1.01 0.0120836 0)
(1.01518 0.0126089 0)
(1.02058 0.0134516 0)
(0.975644 0.000586797 0)
(0.975729 0.000638341 0)
(0.976091 0.000739993 0)
(0.976665 0.000904674 0)
(0.977371 0.00113315 0)
(0.97822 0.00141925 0)
(0.979269 0.00175706 0)
(0.980564 0.00214221 0)
(0.982137 0.00257029 0)
(0.984012 0.00303635 0)
(0.986211 0.00353351 0)
(0.988755 0.00405572 0)
(0.991657 0.00459179 0)
(0.994927 0.0051384 0)
(0.998566 0.00567215 0)
(1.00257 0.00620778 0)
(1.00692 0.00667909 0)
(1.01159 0.00717748 0)
(1.0166 0.00748092 0)
(1.02185 0.00796295 0)
(0.976828 0.000208516 0)
(0.976889 0.000223049 0)
(0.977239 0.000251499 0)
(0.977815 0.000302757 0)
(0.978521 0.000377408 0)
(0.979366 0.000472206 0)
(0.980408 0.000584396 0)
(0.981694 0.000712304 0)
(0.983255 0.000854456 0)
(0.985116 0.0010092 0)
(0.987297 0.00117422 0)
(0.989818 0.00134747 0)
(0.992692 0.00152522 0)
(0.995928 0.00170636 0)
(0.999525 0.00188305 0)
(1.00348 0.00206037 0)
(1.00777 0.00221567 0)
(1.01238 0.00238107 0)
(1.0173 0.00247632 0)
(1.02246 0.00264129 0)
(0.888476 0.22344 -1.39789e-21)
(0.929823 0.214549 -8.35223e-20)
(0.967304 0.208824 0)
(1.00511 0.201531 -6.9874e-20)
(1.04162 0.191732 0)
(1.07532 0.179298 -5.52923e-20)
(1.10603 0.164156 2.56655e-20)
(1.13376 0.14618 -7.22947e-22)
(1.15799 0.126076 0)
(1.17853 0.102358 0)
(0.904938 0.196429 9.06338e-20)
(0.944733 0.190951 0)
(0.978712 0.187145 7.59245e-20)
(1.01089 0.180998 0)
(1.04252 0.171588 -1.87299e-21)
(1.07208 0.159631 3.02971e-20)
(1.09903 0.145402 4.75633e-22)
(1.12339 0.128914 -6.58815e-22)
(1.14466 0.11023 6.57777e-22)
(1.1627 0.0894744 2.21708e-21)
(0.920671 0.175296 -8.96804e-20)
(0.957018 0.17124 0)
(0.988878 0.166655 -7.3329e-20)
(1.0173 0.160366 -2.24982e-21)
(1.04502 0.151374 6.32224e-20)
(1.0711 0.140209 -2.84806e-20)
(1.09472 0.12722 1.22365e-21)
(1.11584 0.112419 -7.6489e-22)
(1.13429 0.095787 0)
(1.14989 0.0777571 -4.56822e-21)
(0.9355 0.156508 0)
(0.968045 0.152913 8.01276e-20)
(0.997434 0.147953 -2.24188e-21)
(1.02273 0.14181 4.30128e-21)
(1.04699 0.133586 -6.71818e-20)
(1.07004 0.123402 1.89307e-21)
(1.09094 0.111634 -2.61152e-20)
(1.10948 0.0983871 0)
(1.12564 0.0836554 -1.12077e-20)
(1.13919 0.067711 2.66975e-21)
(0.948958 0.139058 -8.45219e-20)
(0.977888 0.135917 1.75356e-21)
(1.00458 0.131054 -4.61005e-21)
(1.02724 0.125134 4.28498e-21)
(1.04857 0.11764 -2.0632e-21)
(1.06895 0.108453 -1.75198e-21)
(1.08752 0.0978761 2.55316e-21)
(1.10391 0.0860662 1.08092e-20)
(1.11817 0.0730361 1.16686e-20)
(1.13005 0.0589488 0)
(0.961008 0.123072 1.66468e-19)
(0.986675 0.120318 -1.56183e-19)
(1.01065 0.115759 -2.2079e-21)
(1.031 0.110159 2.21008e-21)
(1.04986 0.103355 0)
(1.0679 0.0951351 2.96366e-20)
(1.08443 0.0856922 8.15941e-22)
(1.09899 0.0751936 -1.39525e-20)
(1.11164 0.0637016 7.48494e-22)
(1.12213 0.0512721 -2.63832e-21)
(0.971704 0.108568 -8.19701e-20)
(0.994466 0.106103 7.96066e-20)
(1.01587 0.101923 -4.53435e-21)
(1.03413 0.0967292 2.2015e-21)
(1.05092 0.090579 3.19986e-20)
(1.06693 0.0832655 -1.59095e-21)
(1.08167 0.0748847 2.95712e-20)
(1.09466 0.0655844 0)
(1.10591 0.055468 5.9223e-21)
(1.11523 0.0445208 2.65134e-21)
(0.981143 0.0954124 0)
(1.00133 0.0931832 0)
(1.02038 0.0894062 0)
(1.03678 0.084673 3.60771e-20)
(1.05178 0.0791493 -6.61586e-20)
(1.06605 0.0726723 1.81401e-22)
(1.07923 0.0652736 -1.29525e-20)
(1.09086 0.0570686 -1.6256e-21)
(1.10091 0.0481818 -1.12206e-20)
(1.10921 0.0385657 0)
(0.989436 0.0834735 -3.92829e-20)
(1.00734 0.0814641 0)
(1.02429 0.0780892 -2.17075e-21)
(1.03903 0.0738388 -2.97025e-20)
(1.0525 0.068915 3.00156e-20)
(1.06527 0.063205 -3.01664e-20)
(1.07709 0.0567064 -1.41032e-20)
(1.08753 0.0495019 -7.94755e-22)
(1.09653 0.0417186 1.3051e-20)
(1.10396 0.033302 0)
(0.996693 0.0726407 7.75835e-20)
(1.01259 0.0708453 0)
(1.02769 0.0678576 -2.16032e-21)
(1.04095 0.0640866 -2.96768e-20)
(1.0531 0.0597338 -2.07665e-21)
(1.06459 0.0547271 1.84075e-21)
(1.07522 0.0490498 1.33778e-20)
(1.08464 0.042759 -1.51397e-20)
(1.09273 0.0359709 -5.76662e-21)
(1.0994 0.0286389 3.76571e-22)
(1.00301 0.0628068 -3.71443e-20)
(1.01714 0.0612199 1.06063e-21)
(1.03062 0.0585986 -2.27265e-21)
(1.0426 0.0552888 3.59039e-20)
(1.05361 0.0514752 -2.07952e-21)
(1.064 0.0471146 0)
(1.07361 0.0421863 9.00551e-23)
(1.08213 0.0367304 -1.1586e-22)
(1.08944 0.0308446 -6.38052e-21)
(1.09545 0.0244969 0)
(1.00848 0.0538655 -1.14994e-21)
(1.02106 0.05248 3.39302e-21)
(1.03315 0.0502022 -4.39999e-21)
(1.04402 0.047328 4.22737e-21)
(1.05404 0.0440202 -2.08209e-21)
(1.06349 0.0402544 -1.86568e-21)
(1.07222 0.0360109 -1.17776e-20)
(1.07998 0.0313198 1.19692e-20)
(1.08662 0.026258 1.37157e-20)
(1.09205 0.020804 0)
(1.01317 0.0457126 0)
(1.02442 0.0445194 -3.61594e-20)
(1.03532 0.0425622 0)
(1.04523 0.0400954 1.6884e-20)
(1.05441 0.0372599 0)
(1.06306 0.0340433 0)
(1.07105 0.0304278 8.89827e-22)
(1.07815 0.0264399 -8.97322e-22)
(1.08421 0.0221351 -6.50147e-21)
(1.08915 0.017538 0)
(1.01715 0.0382464 3.56013e-20)
(1.02726 0.0372349 3.70635e-20)
(1.03715 0.0355764 0)
(1.04626 0.0334893 2.05677e-21)
(1.05474 0.0310943 -1.83231e-20)
(1.06271 0.0283867 -1.88538e-21)
(1.07008 0.0253505 -5.50503e-21)
(1.07662 0.0220092 -8.48548e-22)
(1.08221 0.0184002 -2.45938e-21)
(1.08672 0.0145588 0)
(1.02046 0.0313681 -5.45236e-20)
(1.02962 0.0305266 -1.77906e-20)
(1.03869 0.0291466 -2.11296e-21)
(1.04713 0.0274136 -1.2615e-20)
(1.05502 0.0254308 3.03996e-20)
(1.06244 0.0231973 0)
(1.06928 0.0207002 8.33888e-21)
(1.07536 0.0179554 -9.12401e-22)
(1.08054 0.0149926 3.3292e-21)
(1.0847 0.0118095 7.86459e-22)
(1.02316 0.0249823 1.79794e-20)
(1.03154 0.0242988 1.98266e-20)
(1.03994 0.0231784 1.29413e-20)
(1.04784 0.0217768 2.1542e-21)
(1.05526 0.0201814 -1.62497e-20)
(1.06223 0.0183932 0)
(1.06865 0.016402 7.49557e-21)
(1.07435 0.0142163 -4.431e-21)
(1.07919 0.0118622 8.70207e-22)
(1.08307 0.00933217 -7.90514e-22)
(1.02527 0.018997 1.77646e-20)
(1.03305 0.0184611 0)
(1.04092 0.0175844 -1.92772e-20)
(1.04842 0.0164952 1.25668e-20)
(1.05547 0.0152665 -2.08811e-21)
(1.06209 0.0139 1.90582e-21)
(1.06818 0.0123874 -8.54264e-21)
(1.07358 0.0107325 -1.80199e-21)
(1.07816 0.00895548 8.77078e-22)
(1.0818 0.00704766 0)
(1.02683 0.0133199 -7.73089e-21)
(1.03417 0.0129218 1.01108e-21)
(1.04166 0.0122793 -2.18996e-21)
(1.04886 0.0114944 2.03257e-21)
(1.05565 0.0106219 -2.08766e-21)
(1.06202 0.00966193 3.93077e-21)
(1.06786 0.00860786 0)
(1.07303 0.00746085 3.60469e-21)
(1.07741 0.00623363 -1.71325e-21)
(1.08087 0.00491413 4.0415e-22)
(1.02785 0.00785491 -8.71019e-21)
(1.03492 0.00755694 2.10832e-21)
(1.04219 0.00712302 -9.2213e-25)
(1.0492 0.00663434 -6.20148e-21)
(1.05582 0.0061187 -2.0308e-21)
(1.06201 0.00556662 -7.81837e-21)
(1.06768 0.00496978 2.87113e-21)
(1.07269 0.00432762 -2.76867e-23)
(1.07692 0.00364391 1.72158e-21)
(1.08026 0.00291204 -4.06265e-22)
(1.02832 0.00255787 0)
(1.03528 0.00232784 0)
(1.04248 0.00205233 -6.32809e-21)
(1.04944 0.00180225 2.14294e-21)
(1.05598 0.00159559 2.04139e-21)
(1.06207 0.00142293 1.98197e-21)
(1.06763 0.0012723 9.28155e-22)
(1.07254 0.00113456 -2.74741e-21)
(1.07669 0.00100018 8.98322e-22)
(1.07995 0.00086241 0)
)
;

boundaryField
{
    bottom
    {
        type            symmetryPlane;
    }
    right
    {
        type            zeroGradient;
    }
    top
    {
        type            symmetryPlane;
    }
    left
    {
        type            zeroGradient;
    }
    cylinder
    {
        type            noSlip;
    }
    defaultFaces
    {
        type            empty;
    }
}


// ************************************************************************* //
