/*--------------------------------*- C++ -*----------------------------------*\
| =========                 |                                                 |
| \\      /  F ield         | OpenFOAM: The Open Source CFD Toolbox           |
|  \\    /   O peration     | Version:  4.1                                   |
|   \\  /    A nd           | Web:      www.OpenFOAM.org                      |
|    \\/     M anipulation  |                                                 |
\*---------------------------------------------------------------------------*/
FoamFile
{
    version     2.0;
    format      ascii;
    class       surfaceScalarField;
    location    "0.4";
    object      phi;
}
// * * * * * * * * * * * * * * * * * * * * * * * * * * * * * * * * * * * * * //

dimensions      [0 3 -1 0 0 0 0];

internalField   nonuniform List<scalar> 
3890
(
0.000225454
-0.00310155
0.0028761
0.00060799
-0.0053443
0.00496176
0.00102546
-0.00587951
0.00546204
0.00143606
-0.00581305
0.00540245
0.00182895
-0.00559478
0.00520189
0.00220181
-0.00537111
0.00499825
0.00255272
-0.00517673
0.00482582
0.002881
-0.00501123
0.00468295
0.00319448
-0.00486547
0.00455199
-0.00472901
0.0044359
0.0034876
0.000206726
-0.00330828
0.000555452
-0.00569303
0.000934409
-0.00625847
0.00130568
-0.00618432
0.00165957
-0.00594866
0.00199455
-0.00570609
0.00231093
-0.00549311
0.00261131
-0.00531161
0.00290357
-0.00515773
-0.00503224
0.0032068
0.000186874
-0.00349515
0.000500095
-0.00600625
0.000839242
-0.00659761
0.00117092
-0.006516
0.00148717
-0.00626491
0.00178768
-0.0060066
0.00207415
-0.00577958
0.00234968
-0.00558714
0.00261895
-0.00542701
-0.0052988
0.00288552
0.000166009
-0.00366116
0.000442206
-0.00628245
0.000740169
-0.00689558
0.00103121
-0.00680704
0.00130899
-0.00654269
0.00157381
-0.00627142
0.00182758
-0.00603335
0.00207279
-0.00583235
0.002312
-0.00566621
-0.00553264
0.00254584
0.000144185
-0.00380534
0.000381929
-0.00652019
0.00063731
-0.00715096
0.000886406
-0.00705614
0.00112434
-0.00678062
0.00135169
-0.00649878
0.00157021
-0.00625187
0.00178177
-0.00604391
0.00198789
-0.00587234
-0.00573345
0.0021887
0.000121448
-0.00392679
0.000319393
-0.00671814
0.000530856
-0.00736242
0.000736672
-0.00726195
0.000933317
-0.00697727
0.00112152
-0.00668698
0.00130278
-0.00643313
0.00147855
-0.00621968
0.00164991
-0.0060437
-0.00590039
0.00181686
9.78664e-05
-0.00402466
0.000254785
-0.00687506
0.000421131
-0.00752876
0.000582442
-0.00742326
0.000736486
-0.00713131
0.000884082
-0.00683457
0.00102647
-0.00657552
0.00116479
-0.006358
0.00129984
-0.00617875
-0.00603215
0.0014316
7.35414e-05
-0.0040982
0.000188392
-0.00698991
0.000308605
-0.00764898
0.000424383
-0.00753904
0.000534734
-0.00724166
0.000640532
-0.00694037
0.000742758
-0.00667774
0.000842251
-0.00645749
0.000939577
-0.00627608
-0.00612726
0.00103469
4.86282e-05
-0.00414683
0.000120583
-0.00706186
0.000193897
-0.00772229
0.000263354
-0.0076085
0.000329187
-0.00730749
0.000392297
-0.00700348
0.000453391
-0.00673884
0.000513008
-0.00651711
0.000571476
-0.00633455
-0.0061845
0.000628715
2.34173e-05
-0.00417024
5.21031e-05
-0.00709055
7.77951e-05
-0.00774798
0.000100341
-0.00763104
0.000121128
-0.00732828
0.00014101
-0.00702337
0.000160384
-0.00675821
0.000179456
-0.00653618
0.000198329
-0.00635342
0.00021692
-0.00620309
0.000311437
-0.000311435
0.000852218
-0.000540779
0.00144722
-0.000595002
0.00203416
-0.000586944
0.00259648
-0.000562318
0.00313279
-0.000536306
0.00364564
-0.000512857
0.0041382
-0.000492553
0.00461316
-0.000474964
-0.000458842
0.005072
0.000310536
-0.000621975
0.000848038
-0.00107828
0.00144037
-0.00118733
0.00202483
-0.0011714
0.00258479
-0.00112227
0.00311891
-0.00107043
0.00362975
-0.00102369
0.00412041
-0.000983208
0.00459364
-0.000948193
-0.000916211
0.00505101
0.000307696
-0.000929671
0.000840473
-0.00161105
0.00142729
-0.00177415
0.00200645
-0.00175056
0.00256157
-0.00167739
0.00309128
-0.00160015
0.00359806
-0.00153047
0.00408491
-0.00147006
0.00455468
-0.00141796
-0.00137077
0.00500924
0.00030357
-0.00123324
0.000828897
-0.00213638
0.00140744
-0.00235269
0.00197865
-0.00232178
0.00252652
-0.00222525
0.00304967
-0.0021233
0.00355036
-0.00203117
0.00403136
-0.00195106
0.0044953
-0.0018819
-0.00181933
0.00494386
0.000298008
-0.00153125
0.000813167
-0.00265154
0.0013805
-0.00292002
0.00194105
-0.00288233
0.00247932
-0.00276353
0.00299399
-0.00263797
0.0034871
-0.00252428
0.00396106
-0.00242502
0.00441824
-0.00233908
-0.00226185
0.00486075
0.000290872
-0.00182212
0.000792969
-0.00315364
0.00134595
-0.003473
0.00189296
-0.00342934
0.00241927
-0.00328983
0.00292367
-0.00314237
0.00340792
-0.00300852
0.0038736
-0.00289069
0.00432183
-0.00278732
-0.00269307
0.00475305
0.00028199
-0.00210411
0.000767836
-0.00363948
0.00130298
-0.00400814
0.00183324
-0.0039596
0.00234506
-0.00380166
0.00283783
-0.00363514
0.00331348
-0.00348418
0.0037731
-0.00335031
0.00421622
-0.00323043
-0.00311928
0.00464242
0.000271139
-0.00237525
0.000737151
-0.0041055
0.00125039
-0.00452138
0.00175993
-0.00446914
0.00225383
-0.00429556
0.00273266
-0.00411397
0.00319923
-0.00395075
0.0036541
-0.00380517
0.00409283
-0.00366916
-0.00353011
0.00450366
0.000258091
-0.00263334
0.000700254
-0.00454766
0.00118674
-0.00500787
0.00167018
-0.00495257
0.00214057
-0.00476596
0.00260065
-0.00457405
0.00305678
-0.00440687
0.00351391
-0.0042623
0.0039699
-0.00412516
-0.0039626
0.00440239
0.000242758
0.000656863
0.00111104
0.00156091
0.00199685
0.00242104
0.00283999
0.00326065
0.00368748
0.00416077
0.005253
-0.000180994
0.0054073
-0.000154302
0.00553658
-0.000129289
0.0056446
-0.00010802
0.0057344
-8.97989e-05
0.00580838
-7.39815e-05
0.00586857
-6.01812e-05
0.00591663
-4.8068e-05
0.00595398
-3.73487e-05
0.00598175
-2.77653e-05
0.00600082
-1.90722e-05
0.0060118
-1.09816e-05
0.00601446
-2.66189e-06
0.00601148
2.98233e-06
0.00600432
7.15953e-06
0.00599302
1.13002e-05
0.00597769
1.5333e-05
0.00595845
1.92383e-05
0.00593554
2.29117e-05
2.57402e-05
0.0052341
-0.000364082
0.00538908
-0.000309282
0.00551872
-0.00025893
0.00562732
-0.000216619
0.00571785
-0.000180326
0.0057927
-0.000148828
0.00585389
-0.000121379
0.00590313
-9.73023e-05
0.00594179
-7.60116e-05
0.00597103
-5.70023e-05
0.00599176
-3.98074e-05
0.00600469
-2.39097e-05
0.00601022
-8.19201e-06
0.00600876
4.45029e-06
0.00600322
1.26989e-05
0.00599353
2.09902e-05
0.00597979
2.90693e-05
0.00596215
3.68828e-05
0.00594084
4.42195e-05
4.98558e-05
0.00519624
-0.000551079
0.00535274
-0.000465789
0.00548372
-0.0003899
0.00559397
-0.000326877
0.00568627
-0.000272617
0.00576301
-0.000225573
0.00582628
-0.000184651
0.00587778
-0.000148802
0.00591891
-0.000117144
0.00595083
-8.89212e-05
0.00597446
-6.34381e-05
0.0059905
-3.99437e-05
0.00599942
-1.71148e-05
0.00600043
3.44154e-06
0.00599742
1.57081e-05
0.00599068
2.77298e-05
0.00598023
3.95218e-05
0.00596609
5.10185e-05
0.00594838
6.19301e-05
7.05204e-05
0.00513461
-0.000741821
0.00529226
-0.000623446
0.00542515
-0.000522791
0.00553801
-0.000439733
0.00563327
-0.00036788
0.00571339
-0.00030569
0.00578039
-0.000251648
0.00583591
-0.000204323
0.00588134
-0.000162579
0.00591788
-0.00012546
0.00594655
-9.21108e-05
0.0059683
-6.16912e-05
0.00598434
-3.31499e-05
0.00599187
-4.09063e-06
0.00599386
1.37155e-05
0.00599208
2.95139e-05
0.00598645
4.51488e-05
0.0059771
6.03736e-05
0.00596422
7.48033e-05
8.61486e-05
0.00505535
-0.000936414
0.00521444
-0.000782537
0.00535035
-0.000658703
0.00546665
-0.000556029
0.00556553
-0.000466766
0.00564959
-0.000389744
0.00572085
-0.000322907
0.00578098
-0.00026446
0.0058314
-0.000212998
0.00587327
-0.000167327
0.00590756
-0.000126398
0.00593509
-8.92266e-05
0.00595668
-5.47384e-05
0.00597336
-2.07682e-05
0.00597934
7.73536e-06
0.00598316
2.56884e-05
0.005984
4.43102e-05
0.00598172
6.26521e-05
0.00597621
8.03164e-05
9.47362e-05
0.00494759
-0.00113095
0.00510645
-0.000941397
0.00524586
-0.000798111
0.00536726
-0.000677431
0.00547244
-0.000571949
0.00556352
-0.000480824
0.00564213
-0.000401515
0.00570975
-0.000332078
0.00576773
-0.000270976
0.00581728
-0.000216877
0.0058595
-0.000168618
0.00589542
-0.000125152
0.00592616
-8.54779e-05
0.00595393
-4.85391e-05
0.00597326
-1.15891e-05
0.005985
1.39462e-05
0.00599403
3.52851e-05
0.00599961
5.70706e-05
0.00600199
7.79314e-05
9.48711e-05
0.00483367
-0.0013222
0.00499134
-0.00109907
0.00513164
-0.000938407
0.00525457
-0.000800361
0.0053626
-0.000679983
0.00545797
-0.000576186
0.00554223
-0.000485777
0.00561669
-0.000406544
0.00568245
-0.000336738
0.00574046
-0.000274878
0.00579154
-0.000219703
0.00583649
-0.000170104
0.00587608
-0.000125067
0.00591121
-8.36654e-05
0.00594454
-4.49164e-05
0.0059651
-6.61374e-06
0.00598224
1.8144e-05
0.00599845
4.08554e-05
0.0060121
6.42829e-05
8.4125e-05
0.00467754
-0.00149608
0.00483762
-0.00125915
0.00498701
-0.00108779
0.00512159
-0.000934942
0.00524172
-0.000800118
0.00534832
-0.000682785
0.00544282
-0.000580275
0.00552681
-0.000490532
0.00560175
-0.000411682
0.00566893
-0.000342056
0.00572944
-0.000280215
0.00578425
-0.000224918
0.00583427
-0.000175084
0.00588037
-0.00012977
0.00592374
-8.82824e-05
0.00596748
-5.03491e-05
0.00599896
-1.33402e-05
0.006025
1.48096e-05
0.00604994
3.93497e-05
6.11137e-05
0.00454145
-0.00163514
0.00468147
-0.00139917
0.00481354
-0.00121986
0.00493984
-0.00106124
0.00506039
-0.000920668
0.00517378
-0.00079618
0.00527919
-0.000685677
0.00537637
-0.000587712
0.00546558
-0.000500892
0.00554737
-0.000423848
0.00562243
-0.000355276
0.00569149
-0.000293972
0.00575525
-0.000238852
0.00581444
-0.000188952
0.00586964
-0.000143486
0.0059213
-0.000102012
0.00597235
-6.43938e-05
0.00601569
-2.85238e-05
0.00605037
4.669e-06
2.36782e-05
0.00432599
-0.00180035
0.00453287
-0.00160605
0.00471128
-0.00139827
0.00486087
-0.00121083
0.00499076
-0.00105055
0.00510738
-0.000912806
0.00521439
-0.000792688
0.0053137
-0.000687015
0.00540643
-0.000593625
0.00549342
-0.000510841
0.00557539
-0.000437243
0.005653
-0.00037158
0.00572689
-0.000312742
0.00579768
-0.000259746
0.00586595
-0.000211754
0.00593203
-0.000168093
0.00599585
-0.000128209
0.00605912
-9.18014e-05
0.00612234
-5.85469e-05
-3.19514e-05
0.00604552
-0.00153842
-0.00630745
0.00589837
-0.00145891
0.00580406
-0.00130396
0.00574039
-0.00114716
0.00569648
-0.00100664
0.00566652
-0.00088285
0.00564701
-0.000773179
0.00563541
-0.00067541
0.0056297
-0.000587918
0.00562829
-0.000509427
0.0056299
-0.000438849
0.00563353
-0.00037521
0.00563841
-0.000317624
0.00564395
-0.000265283
0.00564966
-0.000217471
0.00565512
-0.000173555
0.00565985
-0.000132937
0.0056632
-9.51553e-05
0.00566514
-6.04846e-05
-3.3111e-05
0.00626439
-0.00132114
-0.00648167
0.00608614
-0.00128066
0.00595839
-0.00117621
0.00586942
-0.00105819
0.00580701
-0.000944227
0.00576279
-0.000838631
0.00573154
-0.000741927
0.00570983
-0.000653704
0.00569526
-0.000573344
0.00568602
-0.000500188
0.00568074
-0.000433565
0.00567833
-0.000372807
0.00567797
-0.000317259
0.00567898
-0.000266294
0.00568083
-0.000219317
0.00568304
-0.000175767
0.0056852
-0.000135103
0.00568696
-9.69083e-05
0.00568803
-6.15623e-05
-3.34298e-05
0.00634604
-0.00116269
-0.00650449
0.00619291
-0.00112753
0.00607021
-0.0010535
0.00597709
-0.000965081
0.00590718
-0.000874319
0.00585467
-0.000786122
0.00581529
-0.000702538
0.00578592
-0.000624343
0.00576429
-0.000551714
0.00574864
-0.000484531
0.00573758
-0.00042251
0.00573005
-0.000365269
0.00572516
-0.000312377
0.00572225
-0.000263375
0.00572072
-0.000217796
0.00572013
-0.000175171
0.00572006
-0.000135038
0.00572021
-9.70586e-05
0.00572035
-6.16962e-05
-3.34432e-05
0.00639443
-0.00102676
-0.00653036
0.00626557
-0.00099867
0.00615515
-0.000943085
0.00606535
-0.000875272
0.00599376
-0.000802729
0.00593717
-0.000729534
0.00589268
-0.000658055
0.00585791
-0.000589573
0.00583093
-0.000524726
0.00581016
-0.000463766
0.00579436
-0.000406706
0.00578249
-0.000353403
0.00577373
-0.000303617
0.0057674
-0.000257041
0.00576293
-0.000213332
0.00575988
-0.000172118
0.00575786
-0.000133022
0.00575659
-9.57869e-05
0.00575585
-6.09571e-05
-3.30849e-05
0.00643199
-0.000909503
-0.00654925
0.0063201
-0.000886778
0.00622081
-0.000843802
0.00613629
-0.000790748
0.00606589
-0.000732326
0.00600799
-0.000671634
0.00596077
-0.000610842
0.00592254
-0.000551335
0.00589176
-0.000493953
0.00586716
-0.000439165
0.00584764
-0.000387183
0.00583228
-0.000338044
0.00582032
-0.000291658
0.00581113
-0.00024785
0.00580418
-0.000206384
0.00579904
-0.000166982
0.00579537
-0.00012935
0.00579289
-9.33075e-05
0.0057914
-5.94589e-05
-3.2323e-05
0.006462
-0.000804746
-0.00656675
0.00636255
-0.000787334
0.00627252
-0.000753773
0.00619356
-0.000711787
0.0061257
-0.000664462
0.00606817
-0.000614105
0.00601989
-0.000562558
0.00597968
-0.000511125
0.00594642
-0.000460693
0.00591908
-0.00041183
0.00589677
-0.00036487
0.00587869
-0.000319967
0.00586418
-0.000277147
0.00585267
-0.000236336
0.00584367
-0.000197391
0.00583681
-0.000160116
0.00583175
-0.000124293
0.00582825
-8.98088e-05
0.0058261
-5.73082e-05
-3.12062e-05
0.00648526
-0.000710737
-0.00657927
0.00639578
-0.000697846
0.00631364
-0.000671636
0.00624008
-0.000638224
0.00617536
-0.000599745
0.00611919
-0.000557936
0.00607095
-0.000514315
0.00602986
-0.00047004
0.00599513
-0.000425958
0.00596596
-0.000382665
0.00594165
-0.000340552
0.00592153
-0.000299848
0.00590503
-0.000260656
0.00589168
-0.000222979
0.00588104
-0.000186749
0.00587276
-0.000151838
0.00586656
-0.000118094
0.00586221
-8.54622e-05
0.00585951
-5.46068e-05
-2.97835e-05
0.00650284
-0.000625879
-0.0065877
0.00642174
-0.000616744
0.00634646
-0.000596359
0.00627797
-0.000569731
0.00621662
-0.000538394
0.00616236
-0.000503683
0.00611489
-0.000466838
0.0060737
-0.000428857
0.00603826
-0.000390513
0.00600798
-0.000352383
0.0059823
-0.000314875
0.00596071
-0.000278256
0.00594273
-0.000242679
0.00592795
-0.000208201
0.00591601
-0.00017481
0.00590661
-0.000142433
0.00589949
-0.000110975
0.00589445
-8.04239e-05
0.00589129
-5.1451e-05
-2.81033e-05
0.00651572
-0.000549089
-0.00659251
0.00644187
-0.000542894
0.00637265
-0.000527139
0.00630886
-0.000505939
0.00625089
-0.000480419
0.00619883
-0.000451626
0.00615257
-0.000420574
0.00611182
-0.00038811
0.00607623
-0.000354918
0.00604538
-0.000321533
0.00601886
-0.000288354
0.00599626
-0.00025566
0.00597721
-0.000223631
0.00596137
-0.000192361
0.00594844
-0.000161876
0.00593815
-0.000132149
0.0059303
-0.000103126
0.00592471
-7.48332e-05
0.00592119
-4.79282e-05
-2.62128e-05
0.00652489
-0.00047933
-0.00659465
0.00645737
-0.000475374
0.00639352
-0.000463289
0.00633404
-0.000446454
0.00627932
-0.000425704
0.00622957
-0.000401868
0.00618477
-0.000375778
0.00614481
-0.000348146
0.00610946
-0.000319567
0.00607844
-0.000290522
0.00605148
-0.000261385
0.00602825
-0.000232432
0.00600847
-0.00020385
0.00599186
-0.000175757
0.00597819
-0.000148205
0.00596724
-0.000121199
0.00595883
-9.47165e-05
0.00595281
-6.88111e-05
0.005949
-4.4116e-05
-2.41548e-05
0.00653119
-0.000415689
-0.00659483
0.0064692
-0.000413382
0.0064101
-0.000404189
0.00635452
-0.000390875
0.00630287
-0.000374054
0.00625539
-0.000354389
0.00621218
-0.000332562
0.0061732
-0.00030917
0.00613836
-0.000284722
0.00610747
-0.00025964
0.00608035
-0.000234266
0.00605678
-0.000208859
0.00603654
-0.000183606
0.00601941
-0.000158633
0.00600521
-0.000134008
0.00599377
-0.000109757
0.00598494
-8.58852e-05
0.00597859
-6.24605e-05
0.00597455
-4.00807e-05
-2.19665e-05
0.00653533
-0.000357313
-0.00659371
0.00647814
-0.000356185
0.00642321
-0.000349263
0.00637113
-0.000338793
0.0063223
-0.000325224
0.006277
-0.000309086
0.00623538
-0.000290941
0.00619749
-0.000271282
0.00616331
-0.000250539
0.00613275
-0.000229081
0.00610569
-0.000207207
0.00608198
-0.000185155
0.00606148
-0.000163104
0.00604403
-0.000141177
0.00602947
-0.000119452
0.00601768
-9.79692e-05
0.00600854
-7.67477e-05
0.00600195
-5.58668e-05
0.00599775
-3.58781e-05
-1.96794e-05
0.00653789
-0.00030343
-0.00659177
0.00648482
-0.000303115
0.00643353
-0.000297969
0.00638453
-0.000289801
0.00633825
-0.000278937
0.00629496
-0.000265802
0.00625488
-0.000250854
0.00621809
-0.000234499
0.00618465
-0.000217097
0.00615453
-0.000198959
0.00612767
-0.000180347
0.00610399
-0.000161472
0.00608338
-0.000142495
0.00606574
-0.000123534
0.00605095
-0.000104669
0.00603893
-8.59469e-05
0.00602958
-6.73961e-05
0.00602281
-4.90992e-05
0.00601849
-3.15537e-05
-1.73196e-05
0.00653931
-0.000253325
-0.00658941
0.00648975
-0.000253554
0.00644157
-0.000249793
0.00639527
-0.000243496
0.00635123
-0.000234897
0.00630976
-0.000224338
0.0062711
-0.000212189
0.00623538
-0.000198781
0.00620269
-0.000184408
0.00617306
-0.00016933
0.00614648
-0.000153769
0.00612292
-0.000137906
0.00610231
-0.000121884
0.00608458
-0.000105809
0.00606967
-8.97573e-05
0.0060575
-7.3777e-05
0.00604801
-5.79019e-05
0.00604112
-4.22117e-05
0.00603671
-2.71435e-05
-1.49076e-05
0.00653993
-0.000206384
-0.00658687
0.00649332
-0.00020694
0.00644778
-0.000204256
0.00640377
-0.000199482
0.00636166
-0.000192796
0.00632179
-0.000184469
0.0062844
-0.000174796
0.00624966
-0.00016404
0.00621769
-0.000152437
0.00618856
-0.000140199
0.00616229
-0.000127508
0.0061389
-0.000114513
0.00611835
-0.000101336
0.00610062
-8.80713e-05
0.00608564
-7.47846e-05
0.00607339
-6.15222e-05
0.0060638
-4.83183e-05
0.00605684
-3.52455e-05
0.00605237
-2.26753e-05
-1.24597e-05
0.00654003
-0.000161988
-0.00658442
0.00649584
-0.000162754
0.00645248
-0.000160899
0.00641037
-0.000157372
0.00636989
-0.000152317
0.00633137
-0.000145948
0.00629507
-0.000138493
0.00626118
-0.000130154
0.00622986
-0.000121112
0.00620119
-0.000111533
0.00617524
-0.00010156
0.00615204
-9.1312e-05
0.00613159
-8.08878e-05
0.00611389
-7.03637e-05
0.0060989
-5.97965e-05
0.0060866
-4.9226e-05
0.00607697
-3.86833e-05
0.00606995
-2.82307e-05
0.00606545
-1.81698e-05
-9.98809e-06
0.00653977
-0.000119805
-0.00658195
0.00649756
-0.000120544
0.00645595
-0.000119297
0.00641537
-0.000116785
0.00637619
-0.00011314
0.00633876
-0.000108518
0.00630335
-0.000103083
0.00627017
-9.69768e-05
0.00623939
-9.03328e-05
0.00621113
-8.32703e-05
0.00618546
-7.58947e-05
0.00616245
-6.82955e-05
0.0061421
-6.05465e-05
0.00612445
-5.27061e-05
0.00610947
-4.48185e-05
0.00609716
-3.69154e-05
0.0060875
-2.90221e-05
0.00608045
-2.11878e-05
0.00607593
-1.36414e-05
-7.50186e-06
0.00653948
-7.89734e-05
-0.00658031
0.00649875
-7.98141e-05
0.00645844
-7.89912e-05
0.00641898
-7.73237e-05
0.00638077
-7.49301e-05
0.00634416
-7.19059e-05
0.00630942
-6.83479e-05
0.00627679
-6.43443e-05
0.00624643
-5.99783e-05
0.00621849
-5.53272e-05
0.00619305
-5.04597e-05
0.00617019
-4.5435e-05
0.00614995
-4.03024e-05
0.00613234
-3.51011e-05
0.00611739
-2.98613e-05
0.00610508
-2.4605e-05
0.00609541
-1.935e-05
0.00608835
-1.41303e-05
0.00608381
-9.10019e-06
-5.00763e-06
0.00653922
-4.00846e-05
-0.00657811
0.00649957
-4.01667e-05
0.00646011
-3.95346e-05
0.00642137
-3.85835e-05
0.00638379
-3.73457e-05
0.00634771
-3.58311e-05
0.00631343
-3.40646e-05
0.00628116
-3.20801e-05
0.0062511
-2.99152e-05
0.00622338
-2.76064e-05
0.00619811
-2.51875e-05
0.00617536
-2.26877e-05
0.00615519
-2.01315e-05
0.00613763
-1.75386e-05
0.00612269
-1.49245e-05
0.00611039
-1.23002e-05
0.00610071
-9.67491e-06
0.00609365
-7.06561e-06
0.0060891
-4.55183e-06
-2.51381e-06
0.00654096
-0.00658104
0.00650079
0.00646126
0.00642267
0.00638533
0.0063495
0.00631543
0.00628335
0.00625344
0.00622583
0.00620064
0.00617795
0.00615782
0.00614028
0.00612536
0.00611306
0.00610339
0.00609632
0.00609177
0.00608859
0.000212575
-0.00608424
0.00609773
0.000619577
0.00611174
0.00102067
0.00613076
0.00141258
0.00615483
0.00179279
0.00618363
0.00215989
0.00621583
0.00251365
0.00624684
0.00285451
0.00625834
0.0031953
0.00343848
0.00597418
0.000205552
-0.00596715
0.0059914
0.000602351
0.00601838
0.000993696
0.00605447
0.00137649
0.00609905
0.00174821
0.00615189
0.00210705
0.00621374
0.00245179
0.00628638
0.00278188
0.0063717
0.00310998
0.00332851
0.00588558
0.000197965
-0.00587799
0.00590568
0.000582244
0.00593806
0.000961321
0.0059824
0.00133215
0.00603842
0.00169218
0.00610595
0.00203953
0.00618521
0.00237253
0.00627704
0.00269004
0.00638096
0.00300606
0.00320499
0.0058106
0.000189379
-0.00580201
0.00583424
0.0005586
0.0058727
0.000922859
0.00592565
0.0012792
0.00599274
0.0016251
0.00607368
0.00195859
0.00616845
0.00227776
0.00627714
0.00258136
0.00639976
0.00288343
0.00307439
0.00574683
0.000180076
-0.00573753
0.00577312
0.000532313
0.00581617
0.000879812
0.00587566
0.00121971
0.00595122
0.00154954
0.00604246
0.00186735
0.00614905
0.00217117
0.00627064
0.00245977
0.0064079
0.00274617
0.00293305
0.00569154
0.000170132
-0.00568159
0.00572006
0.000503789
0.00576694
0.000832928
0.00583186
0.0011548
0.0059144
0.001467
0.00601413
0.00176762
0.00613056
0.00205473
0.00626306
0.00232728
0.0064129
0.00259633
0.00277919
0.00564351
0.000159662
-0.00563304
0.00567386
0.000473438
0.00572386
0.000782924
0.00579317
0.00108548
0.00588135
0.00137882
0.00598791
0.00166107
0.00611227
0.00193036
0.00625369
0.00218587
0.00641368
0.00243633
0.0026136
0.0056017
0.000148745
-0.00559079
0.00563358
0.000441566
0.00568617
0.000730334
0.00575911
0.00101255
0.00585192
0.001286
0.00596408
0.00154891
0.00609497
0.00179947
0.00624376
0.00203708
0.00641195
0.00226814
0.00243785
0.0055654
0.000137454
-0.00555411
0.00559854
0.000408425
0.00565328
0.000675595
0.00572922
0.000936602
0.00582586
0.00118936
0.00594262
0.00143215
0.00607882
0.00166327
0.00623364
0.00188225
0.00640834
0.00209345
0.00225368
0.00553396
0.000125844
-0.00552235
0.00556816
0.000374218
0.0056247
0.000619056
0.00570315
0.000858154
0.00580296
0.00108955
0.00592352
0.00131159
0.00606408
0.00152271
0.00622382
0.0017225
0.00640367
0.0019136
0.00206271
0.00550686
0.000113964
-0.00549498
0.00554196
0.000339111
0.00560001
0.000561005
0.00568056
0.000777607
0.00578302
0.000987093
0.00590671
0.0011879
0.00605084
0.00137858
0.00621458
0.00155876
0.00639847
0.00172971
0.00186635
0.00548365
0.000101854
-0.00547154
0.00551952
0.000303244
0.00557885
0.000501679
0.00566116
0.000695298
0.00576582
0.000882427
0.00589211
0.00106161
0.00603917
0.00123153
0.00620613
0.00139179
0.00639317
0.00154268
0.0016658
0.00546398
8.95482e-05
-0.00545167
0.00550049
0.000266735
0.00556089
0.000441278
0.00564468
0.00061151
0.00575119
0.000775918
0.00587963
0.000933174
0.00602907
0.00108209
0.00619861
0.00122225
0.00638804
0.00135325
0.00146207
0.00544752
7.70773e-05
-0.00543505
0.00548457
0.000229684
0.00554587
0.000379976
0.0056309
0.000526487
0.00573893
0.000667881
0.00586914
0.000802972
0.00602051
0.000930713
0.00619209
0.00105067
0.00638331
0.00116203
0.00125597
0.00543402
6.44669e-05
-0.00542141
0.00547153
0.000192179
0.00553358
0.000317921
0.00561963
0.000440442
0.00572892
0.000558593
0.00586054
0.000671346
0.00601345
0.000777807
0.00618659
0.00087753
0.00637908
0.000969543
0.00104818
0.00542324
5.17412e-05
-0.00541051
0.00546112
0.0001543
0.00552379
0.00025525
0.00561067
0.000353566
0.00572096
0.0004483
0.00585371
0.000538597
0.0060078
0.000623715
0.0061821
0.000703232
0.00637546
0.000776182
0.000839213
0.00541502
3.8918e-05
-0.0054022
0.00545321
0.000116108
0.00551639
0.000192071
0.00560394
0.00026602
0.00571501
0.000337226
0.00584859
0.000405017
0.0060035
0.000468808
0.00617852
0.00052821
0.00637232
0.000582383
0.000629582
0.00540886
2.6019e-05
-0.00539596
0.00544731
7.76619e-05
0.00551091
0.000128474
0.00559901
0.000177921
0.00571073
0.000225502
0.005845
0.000270748
0.00600057
0.000313237
0.00617613
0.000352648
0.00637019
0.00038832
0.000419466
0.00540492
1.30501e-05
-0.00539195
0.00544359
3.89885e-05
0.00550755
6.45206e-05
0.00559608
8.93843e-05
0.00570826
0.000113327
0.0058429
0.000136101
0.00599869
0.000157454
0.00617421
0.000177122
0.00636797
0.000194557
0.000209335
0.00540026
-0.00538721
0.00543924
0.00550376
0.00559315
0.00570648
0.00584258
0.00600003
0.00617715
0.00637171
0.00320364
0.00469785
-0.00440957
-0.00349192
0.00288596
0.00484457
-0.00452688
0.0025548
0.00499593
-0.00466477
0.00220252
0.00516086
-0.00480858
0.00182856
0.00535209
-0.00497813
0.00143463
0.00557506
-0.00518113
0.00102325
0.00580322
-0.00539184
0.000605612
0.00590361
-0.00548597
0.0002239
0.00543367
-0.00505196
0.0032346
-0.0030107
0.00289258
0.00500956
-0.00320429
0.00259819
0.00513896
0.00229905
0.00529507
0.00198438
0.00547552
0.00165023
0.00568625
0.00129636
0.00592893
0.000924999
0.00617459
0.000546999
0.00628161
0.000201649
0.00577902
0.00343625
0.00260669
0.00528211
-0.00287924
0.00233464
0.005411
0.00205881
0.0055709
0.00177268
0.00576165
0.00147213
0.0059868
0.00115541
0.00624565
0.000823546
0.00650645
0.000486105
0.00661906
0.000178535
0.00608659
0.00361479
0.0022997
0.00552006
-0.00253765
0.00205762
0.00565308
0.0018108
0.00581772
0.00155586
0.0060166
0.00128978
0.00625288
0.00101067
0.00652475
0.000719067
0.00679805
0.000423312
0.00691481
0.000154739
0.00635516
0.00376952
0.00197401
0.00572382
-0.00217777
0.00176536
0.00586174
0.00155165
0.00603143
0.00133106
0.00623718
0.00110156
0.00648238
0.000861577
0.00676474
0.000611538
0.00704809
0.000358758
0.00716759
0.000130333
0.00658359
0.00389986
0.00163391
0.00589301
-0.0018031
0.0014603
0.00603535
0.00128217
0.00620956
0.00109835
0.006421
0.000907405
0.00667332
0.000708163
0.00696398
0.000501109
0.00725515
0.000292599
0.0073761
0.00010539
0.0067708
0.00400525
0.00128179
0.00602672
-0.0014155
0.00114462
0.00617253
0.00100384
0.00635034
0.000858607
0.00656623
0.000707891
0.00682404
0.000550864
0.00712101
0.000388115
0.0074179
0.000225066
0.00753915
8.00179e-05
0.00691585
0.00408527
0.000919808
0.00612367
-0.00101676
0.000820401
0.00627194
0.000718388
0.00645236
0.000613153
0.00667146
0.000503987
0.00693321
0.000390387
0.00723461
0.00027304
0.00753524
0.00015647
0.00765572
5.44729e-05
0.00701784
0.00413974
0.000550474
0.00618271
-0.000609516
0.000489936
0.00633248
0.00042776
0.00651453
0.00036355
0.00673567
0.000296905
0.00699985
0.000227627
0.00730388
0.000156455
0.00760642
8.70531e-05
0.00772512
2.91689e-05
0.00707573
0.00416891
0.000176684
-0.000197065
0.000155741
0.000134091
0.000111551
8.80381e-05
6.36395e-05
3.90115e-05
1.61562e-05
1.33316e-06
0.00463231
0.000456294
-0.0050886
0.00415987
0.000472436
0.00367015
0.000489716
0.00316066
0.000509493
0.00262814
0.000532523
0.0020695
0.000558635
0.00148453
0.000584977
0.000886124
0.000598402
0.00033178
0.000554343
0.00033178
0.00461249
0.000911265
-0.00506747
0.00414166
0.000943271
0.00365375
0.000977621
0.0031462
0.00101705
0.00261577
0.00106295
0.00205943
0.00111497
0.00147691
0.0011675
0.000881237
0.00119408
0.000330467
0.00110511
0.000662246
0.00457293
0.00136376
-0.00502542
0.00410526
0.00141094
0.00362096
0.00146192
0.0031173
0.0015207
0.00259114
0.00158911
0.0020395
0.00166661
0.00146222
0.00174478
0.000872232
0.00178406
0.000326766
0.00165058
0.000989013
0.00451206
0.00181052
-0.00495882
0.00404999
0.001873
0.00357142
0.0019405
0.0030737
0.00201842
0.00255393
0.00210889
0.00200936
0.00221117
0.00143994
0.0023142
0.000858492
0.00236551
0.000321356
0.00218772
0.00131037
0.00443309
0.00225179
-0.00487436
0.00397744
0.00232865
0.00350572
0.00241222
0.00301542
0.00250872
0.00250391
0.0026204
0.00196869
0.00274639
0.00140982
0.00287308
0.000839895
0.00293544
0.000314084
0.00271353
0.00162445
0.00433251
0.00268182
-0.00476254
0.00388617
0.002775
0.00342314
0.00287525
0.00294183
0.00299002
0.00244043
0.0031218
0.0019169
0.00326993
0.00137138
0.00341859
0.000816159
0.00349066
0.000304823
0.00322486
0.00192928
0.00422281
0.00310693
-0.00464793
0.00378212
0.00321569
0.00332552
0.00333185
0.00285276
0.00346279
0.0023626
0.00361195
0.00185304
0.00377949
0.00132393
0.0039477
0.000786879
0.00402771
0.000293425
0.00371832
0.0022227
0.00409082
0.00351472
-0.00449861
0.00365763
0.00364888
0.00320785
0.00378163
0.00274451
0.00392613
0.00226775
0.00408871
0.00177532
0.00427191
0.00126639
0.00445663
0.000751519
0.00454258
0.000279707
0.00419013
0.00250241
0.00397554
0.0039406
-0.00440142
0.00352566
0.00409877
0.00307028
0.00423701
0.00261338
0.00438303
0.00215236
0.00454973
0.00168146
0.00474281
0.00119754
0.00494056
0.000709537
0.00503058
0.000263509
0.00463616
0.00276592
0.00371541
-0.00418438
0.00328729
0.00285954
0.00243399
0.00200559
0.00156726
0.00111598
0.00066059
0.000244782
0.0059261
-2.6149e-05
0.00594981
-2.37026e-05
0.00596995
-2.0145e-05
0.00598618
-1.62258e-05
0.00599831
-1.21327e-05
0.00600623
-7.92259e-06
0.00600989
-3.66248e-06
0.00600837
1.51893e-06
0.00599841
9.96789e-06
0.00598029
1.81159e-05
0.00595348
2.68059e-05
0.00591713
3.63485e-05
0.00587015
4.69877e-05
0.00581117
5.89757e-05
0.00573858
7.25942e-05
0.00565041
8.81628e-05
0.00554437
0.000106041
0.00541762
0.000126757
0.0052665
0.000151119
0.000177898
0.00593173
-5.06842e-05
0.00595383
-4.58092e-05
0.00597239
-3.87048e-05
0.00598704
-3.08676e-05
0.00599757
-2.26708e-05
0.00600389
-1.42357e-05
0.00600599
-5.76286e-06
0.00600177
5.73746e-06
0.00598978
2.19536e-05
0.00596998
3.79171e-05
0.0059417
5.50929e-05
0.00590403
7.40159e-05
0.00585587
9.51471e-05
0.00579587
0.000118979
0.00572239
0.000146072
0.00563347
0.000177078
0.00552679
0.000212726
0.00539954
0.000254004
0.0052477
0.000302956
0.000358133
0.0059399
-7.1753e-05
0.00595836
-6.42706e-05
0.00597333
-5.3677e-05
0.00598459
-4.21271e-05
0.00599208
-3.01559e-05
0.00599577
-1.79293e-05
0.00599589
-5.88033e-06
0.00598796
1.36624e-05
0.00597289
3.70265e-05
0.0059502
6.06086e-05
0.00591924
8.60519e-05
0.00587912
0.000114135
0.00582872
0.000145548
0.00576667
0.00018103
0.00569131
0.000221427
0.00560064
0.000267746
0.00549226
0.000321114
0.00536346
0.000382796
0.00521003
0.000456393
0.000542738
0.00595622
-8.78155e-05
0.00596989
-7.79366e-05
0.00598015
-6.39432e-05
0.00598669
-4.86658e-05
0.00598936
-3.28206e-05
0.00598816
-1.67323e-05
0.00598179
4.85716e-07
0.00596658
2.88805e-05
0.00594579
5.78115e-05
0.00591808
8.83215e-05
0.00588252
0.000121609
0.00583811
0.000158542
0.00578368
0.000199977
0.00571786
0.000246854
0.00563902
0.000300265
0.00554521
0.000361554
0.00543399
0.000432333
0.00530281
0.00051398
0.00514794
0.000611263
0.000731858
0.00596915
-9.67979e-05
0.00597534
-8.41295e-05
0.00597835
-6.69513e-05
0.0059782
-4.85184e-05
0.005975
-2.96173e-05
0.00596939
-1.11229e-05
0.00595518
1.46956e-05
0.00593419
4.98718e-05
0.00590741
8.45895e-05
0.00587394
0.000121793
0.00583294
0.000162608
0.00578345
0.000208027
0.00572434
0.000259091
0.00565422
0.000316974
0.00557144
0.000383045
0.00547402
0.000458979
0.00535939
0.000546957
0.00522491
0.000648464
0.0050684
0.000767768
0.000925903
0.00599525
-9.74005e-05
0.00599362
-8.25023e-05
0.00598891
-6.22452e-05
0.00598081
-4.04196e-05
0.00596953
-1.833e-05
0.0059533
5.10667e-06
0.00592533
4.26561e-05
0.00589532
7.98907e-05
0.00586026
0.000119649
0.00581899
0.000163055
0.00577048
0.000211123
0.0057136
0.000264903
0.00564714
0.000325553
0.00556971
0.000394402
0.00547977
0.000472987
0.00537563
0.000563119
0.00525523
0.000667359
0.00511612
0.000787576
0.0049587
0.000925182
0.00112206
0.00600659
-8.70467e-05
0.00599355
-6.94614e-05
0.00597805
-4.67483e-05
0.00596108
-2.3453e-05
0.00594235
4.01472e-07
0.00590993
3.75291e-05
0.0058756
7.69774e-05
0.00583682
0.000118679
0.00579263
0.000163834
0.00574229
0.000213391
0.00568503
0.000268392
0.00561998
0.000329952
0.0055462
0.000399326
0.00546264
0.000477966
0.00536802
0.000567603
0.00526084
0.000670302
0.00513907
0.00078913
0.00499947
0.000927173
0.00484337
0.00108128
0.0013175
0.00604427
-6.45628e-05
0.00601996
-4.5148e-05
0.00599389
-2.0682e-05
0.00596623
4.20637e-06
0.00592368
4.29487e-05
0.0058802
8.10124e-05
0.00583458
0.000122602
0.00578526
0.000167994
0.0057313
0.000217796
0.00567176
0.000272932
0.00560567
0.000334476
0.00553197
0.000403658
0.00544939
0.000481909
0.00535644
0.00057091
0.00525142
0.000672621
0.00513254
0.000789186
0.00499839
0.00092328
0.00484762
0.00107794
0.00468382
0.00124508
0.00150271
0.00604594
-2.73342e-05
0.00601064
-9.85276e-06
0.00597114
1.88221e-05
0.00591952
5.583e-05
0.00586867
9.37961e-05
0.00581431
0.000135371
0.00575591
0.000181005
0.00569288
0.000231019
0.00562454
0.000286138
0.00555014
0.000347325
0.00546894
0.000415679
0.00538018
0.000492423
0.00528319
0.0005789
0.00517756
0.000676534
0.0050634
0.000786779
0.00494156
0.000911032
0.00481387
0.00105096
0.00468233
0.00120948
0.00454281
0.00138461
0.0016441
0.00611848
2.74172e-05
0.00605777
5.08546e-05
0.00599381
8.27859e-05
0.0059306
0.000119035
0.00586525
0.000159144
0.00579761
0.000203018
0.00572745
0.000251166
0.00565424
0.000304227
0.00557736
0.000363014
0.00549619
0.000428501
0.00541007
0.000501792
0.00531837
0.000584125
0.00522039
0.000676882
0.00511529
0.000781633
0.00500179
0.000900283
0.00487733
0.00103549
0.00473669
0.00119161
0.00457059
0.00137557
0.00436423
0.00159097
0.00182396
0.00566173
2.81281e-05
0.00566037
5.22057e-05
0.0056575
8.56623e-05
0.00565309
0.000123438
0.00564788
0.000164356
0.00564236
0.000208544
0.00563697
0.000256552
0.0056322
0.000308998
0.00562863
0.000366583
0.00562702
0.000430106
0.00562837
0.000500441
0.00563396
0.000578538
0.00564541
0.00066543
0.00566478
0.000762266
0.00569465
0.000870412
0.00573843
0.00099171
0.0058012
0.00112883
0.00589206
0.00128471
0.00603064
0.00145239
0.00156652
0.00628808
0.00568574
2.8317e-05
0.00568498
5.29575e-05
0.00568347
8.7174e-05
0.00568149
0.000125423
0.00567942
0.000166422
0.00567768
0.000210286
0.00567673
0.000257498
0.00567712
0.000308606
0.00567951
0.000364197
0.00568472
0.000424895
0.00569382
0.000491345
0.00570816
0.000564198
0.00572949
0.000644094
0.00576013
0.000731636
0.00580318
0.000827358
0.00586323
0.00093166
0.00594757
0.0010445
0.00606841
0.00116387
0.00624259
0.00127821
0.00133954
0.00646956
0.00571888
2.82351e-05
0.00571888
5.29585e-05
0.00571882
8.72313e-05
0.00571894
0.000125303
0.00571956
0.000165804
0.00572107
0.000208782
0.00572393
0.000254637
0.00572871
0.000303827
0.00573609
0.000356818
0.00574691
0.000414068
0.00576225
0.000476008
0.00578343
0.000543014
0.00581216
0.000615365
0.00585062
0.000693179
0.00590168
0.000776297
0.00596927
0.00086407
0.00605889
0.000954873
0.00617777
0.00104499
0.00633072
0.00112527
0.00117142
0.00649884
0.00575523
2.78765e-05
0.00575596
5.22297e-05
0.0057572
8.59931e-05
0.00575916
0.000123345
0.00576212
0.000162837
0.00576647
0.000204436
0.00577265
0.000248458
0.00578121
0.000295266
0.00579282
0.000345207
0.00580829
0.000398591
0.00582864
0.000455663
0.00585508
0.000516572
0.00588913
0.000581315
0.00593265
0.000649663
0.00598791
0.000721033
0.00605771
0.000794275
0.00614527
0.000867305
0.00625371
0.000936554
0.00638307
0.000995908
0.00103103
0.00652345
0.00579163
2.71946e-05
0.005793
5.08638e-05
0.00579533
8.36691e-05
0.00579883
0.000119843
0.00580378
0.000157887
0.00581052
0.000197697
0.00581947
0.000239506
0.00583115
0.000283585
0.00584618
0.000330175
0.00586531
0.000379459
0.00588944
0.000431535
0.00591963
0.00048638
0.00595715
0.000543798
0.00600346
0.000603351
0.00606024
0.000664255
0.00612929
0.000725226
0.00621233
0.000784265
0.00631042
0.000838466
0.00642242
0.000883906
0.000911836
0.00654162
0.00582718
2.62171e-05
0.00582909
4.89479e-05
0.00583233
8.04352e-05
0.00583711
0.000115057
0.0058437
0.000151299
0.0058524
0.000188995
0.0058636
0.000228304
0.00587777
0.000269416
0.00589547
0.000312482
0.00591734
0.000357581
0.00594417
0.000404704
0.00597685
0.000453708
0.00601636
0.00050428
0.00606383
0.000555881
0.00612042
0.000607671
0.00618723
0.000658417
0.00626511
0.000706381
0.00635427
0.000749311
0.00645354
0.000784638
0.000806197
0.00655918
0.00586139
2.49863e-05
0.00586377
4.65695e-05
0.00586776
7.64495e-05
0.00587359
0.000109221
0.00588151
0.000143381
0.00589179
0.000178717
0.00590477
0.000215323
0.00592086
0.000253322
0.00594055
0.00029279
0.0059644
0.000333731
0.00599305
0.000376057
0.00602721
0.000419554
0.00606764
0.000463848
0.00611515
0.00050837
0.00617051
0.000552307
0.00623438
0.000594552
0.00630711
0.000633652
0.00638855
0.000667871
0.00647773
0.000695457
0.000711804
0.00657212
0.00589394
2.35435e-05
0.00589669
4.3813e-05
0.00590129
7.18568e-05
0.00590796
0.000102543
0.00591694
0.000134409
0.00592845
0.000167206
0.0059428
0.000200976
0.00596033
0.000235787
0.00598146
0.00027166
0.00600665
0.000308543
0.00603641
0.000346299
0.00607129
0.000384675
0.00611186
0.000423278
0.00615867
0.000461551
0.00621223
0.00049875
0.00627287
0.000533912
0.00634068
0.00056584
0.00641537
0.000593182
0.00649614
0.000614694
0.000626755
0.00658119
0.00592455
2.19291e-05
0.00592761
4.07544e-05
0.00593268
6.67841e-05
0.00594001
9.5207e-05
0.0059498
0.00012462
0.00596225
0.000154755
0.00597762
0.000185613
0.00599619
0.000217219
0.00601829
0.000249552
0.00604431
0.000282526
0.00607464
0.000315975
0.00610968
0.00034963
0.00614985
0.000383106
0.00619552
0.000415887
0.00624696
0.000447306
0.00630433
0.000476545
0.00636755
0.00050262
0.00643627
0.000524462
0.0065098
0.000541164
0.000549844
0.00658671
0.00595301
2.01798e-05
0.00595631
3.74611e-05
0.00596175
6.13418e-05
0.00596959
8.73684e-05
0.00597999
0.000114218
0.00599313
0.000141614
0.00600922
0.000169526
0.00602849
0.000197949
0.00605121
0.000226833
0.00607766
0.000256072
0.00610815
0.000285486
0.00614297
0.000314811
0.00618239
0.000343685
0.00622664
0.000371639
0.00627585
0.000398094
0.00633004
0.000422358
0.00638903
0.000443625
0.00645246
0.000461039
0.00651969
0.000473929
0.000479987
0.00658955
0.00597917
1.83277e-05
0.00598264
3.39907e-05
0.00598836
5.5623e-05
0.00599657
7.91587e-05
0.00600742
0.000103371
0.00602105
0.000127985
0.00603763
0.000152951
0.00605733
0.00017824
0.00608038
0.000203787
0.00610698
0.000229474
0.00613734
0.000255123
0.00617167
0.000280483
0.00621013
0.000305223
0.00625284
0.00032893
0.00629983
0.000351108
0.00635101
0.000371175
0.00640617
0.000388469
0.0064649
0.000402305
0.00652665
0.00041218
0.000416256
0.00659038
0.00600291
1.63999e-05
0.00600651
3.03908e-05
0.00601243
4.97039e-05
0.0060209
7.06845e-05
0.00603206
9.22153e-05
0.00604601
0.000114031
0.00606289
0.000136072
0.00608284
0.000158293
0.006106
0.000180623
0.00613254
0.000202941
0.00616258
0.000225078
0.00619626
0.000246804
0.00623366
0.000267824
0.00627481
0.000287782
0.00631966
0.000306255
0.00636808
0.000322761
0.00641979
0.000336759
0.0064744
0.000347694
0.00653139
0.000355193
0.000357798
0.00658984
0.00602413
1.4419e-05
0.00602782
2.67005e-05
0.00603388
4.36463e-05
0.00604253
6.20309e-05
0.00605389
8.08568e-05
0.00606804
9.98776e-05
0.00608509
0.000119028
0.00610513
0.000138257
0.00612826
0.000157489
0.00615459
0.000176611
0.0061842
0.000195467
0.00621715
0.000213852
0.00625347
0.000231512
0.00629311
0.000248141
0.00633598
0.000263387
0.00638189
0.000276851
0.00643055
0.000288095
0.00648157
0.000296671
0.00653446
0.000302303
0.000303843
0.00658842
0.00604277
1.24028e-05
0.00604652
2.29504e-05
0.00605267
3.74979e-05
0.00606144
5.32627e-05
0.00607292
6.93761e-05
0.00608718
8.56167e-05
0.00610429
0.000101919
0.00612432
0.000118231
0.00614733
0.00013448
0.00617337
0.000150564
0.0062025
0.000166345
0.0062347
0.000181644
0.00626997
0.000196247
0.00630821
0.000209899
0.00634929
0.00022231
0.00639298
0.000233156
0.00643899
0.000242084
0.00648693
0.000248733
0.00653634
0.000252899
0.000253678
0.0065865
0.0060588
1.03645e-05
0.00606258
1.91633e-05
0.00606879
3.12943e-05
0.00607762
4.44277e-05
0.00608917
5.78307e-05
0.00610347
7.13126e-05
0.00612058
8.48118e-05
0.00614053
9.82799e-05
0.00616336
0.000111651
0.00618909
0.000124836
0.00621772
0.000137717
0.00624921
0.000150146
0.00628352
0.000161946
0.0063205
0.000172911
0.00636001
0.000182806
0.00640179
0.000191374
0.00644554
0.000198335
0.00649087
0.000203404
0.00653735
0.000206423
0.000206689
0.00658434
0.00607217
8.31386e-06
0.00607598
1.53557e-05
0.00608221
2.50606e-05
0.00609108
3.55588e-05
0.00610265
4.62596e-05
0.00611696
5.70063e-05
0.00613402
6.77454e-05
0.00615387
7.84346e-05
0.0061765
8.90181e-05
0.00620192
9.94225e-05
0.00623008
0.000109552
0.00626094
0.000119287
0.0062944
0.00012849
0.00633031
0.000137
0.00636848
0.000144634
0.00640866
0.000151195
0.00645053
0.000156467
0.0064937
0.00016023
0.00653777
0.000162358
0.00016226
0.0065822
0.00608287
6.25532e-06
0.00608669
1.15365e-05
0.00609294
1.88118e-05
0.00610182
2.6676e-05
0.0061134
3.46853e-05
0.00612768
4.27195e-05
0.00614469
5.07366e-05
0.00616442
5.87021e-05
0.00618687
6.65728e-05
0.006212
7.42922e-05
0.00623977
8.17871e-05
0.00627008
8.89694e-05
0.00630284
9.57364e-05
0.00633787
0.00010197
0.00637496
0.000107539
0.00641386
0.0001123
0.00645422
0.000116101
0.00649567
0.000118781
0.00653779
0.000120237
0.00012004
0.00658001
0.00609088
4.1872e-06
0.00609471
7.70619e-06
0.00610097
1.25524e-05
0.00610986
1.77879e-05
0.00612143
2.31174e-05
0.00613569
2.84597e-05
0.00615264
3.37855e-05
0.00617227
3.90707e-05
0.00619456
4.42857e-05
0.00621946
4.9392e-05
0.0062469
5.43403e-05
0.0062768
5.90726e-05
0.00630902
6.35214e-05
0.00634338
6.76099e-05
0.00637966
7.12537e-05
0.0064176
7.43641e-05
0.00645685
7.68487e-05
0.00649702
7.86151e-05
0.00653767
7.95828e-05
7.9193e-05
0.00657852
0.00609619
2.10943e-06
0.00610003
3.86011e-06
0.00610631
6.28029e-06
0.0061152
8.89534e-06
0.00612676
1.15564e-05
0.006141
1.42232e-05
0.0061579
1.68802e-05
0.00617746
1.95151e-05
0.00619963
2.2113e-05
0.00622437
2.46542e-05
0.0062516
2.7114e-05
0.0062812
2.94637e-05
0.00631306
3.167e-05
0.00634697
3.36957e-05
0.00638272
3.5501e-05
0.00642004
3.70477e-05
0.00645858
3.83056e-05
0.00649793
3.92658e-05
0.00653756
3.99543e-05
4.02064e-05
0.00657655
0.00609881
0.00610267
0.00610895
0.00611784
0.0061294
0.00614362
0.0061605
0.00618002
0.00620213
0.00622678
0.0062539
0.00628336
0.00631503
0.00634873
0.00638423
0.00642128
0.00645958
0.00649885
0.0065388
0.00657901
0.00623512
-0.00343896
0.00622811
-0.00319729
0.00620063
-0.00285175
0.00616929
-0.00250632
0.0061413
-0.00214978
0.00611851
-0.00178031
0.00610155
-0.00139854
0.00609039
-0.0010056
0.00608474
-0.000603867
-0.000196564
0.00635996
-0.00332936
0.00626954
-0.00310686
0.00619607
-0.00277828
0.00613409
-0.00244434
0.00608277
-0.00209846
0.00604075
-0.00173829
0.00600776
-0.00136555
0.00598419
-0.000982033
0.00597054
-0.000590212
-0.00019318
0.00637249
-0.00320301
0.00626519
-0.00299956
0.00617368
-0.00268677
0.00609465
-0.00236531
0.00602802
-0.00203183
0.00597343
-0.0016837
0.00593093
-0.00132306
0.00590074
-0.000951839
0.00588305
-0.000572518
-0.000188121
0.00639124
-0.0030708
0.00626725
-0.00287556
0.00615876
-0.00257828
0.0060643
-0.00227085
0.00598417
-0.00195169
0.00591836
-0.00161788
0.00586698
-0.00127169
0.00583031
-0.000915168
0.0058086
-0.000550802
-0.000181533
0.00639941
-0.00292859
0.0062621
-0.00273825
0.00614085
-0.00245703
0.0060349
-0.0021649
0.0059445
-0.00186129
0.00587001
-0.0015434
0.00581177
-0.00121344
0.00577011
-0.000873505
0.0057453
-0.000525996
-0.000173759
0.00640506
-0.00277447
0.0062558
-0.002589
0.00612358
-0.00232482
0.00600784
-0.00204916
0.00590888
-0.00176234
0.00582727
-0.00146178
0.0057634
-0.00114957
0.00571765
-0.000827754
0.00569031
-0.000498663
-0.000165036
0.00640662
-0.00260897
0.00624745
-0.00242982
0.00610628
-0.00218365
0.00598264
-0.00192552
0.00587681
-0.00165651
0.00578944
-0.00137441
0.005721
-0.00108114
0.00567192
-0.000778674
0.00564253
-0.000469271
-0.000155542
0.00640575
-0.00243354
0.00623843
-0.00226249
0.00608985
-0.00203507
0.00595965
-0.00179532
0.00584815
-0.001545
0.00575603
-0.00128229
0.00568383
-0.00100894
0.005632
-0.00072685
0.00560091
-0.000438183
-0.000145419
0.00640296
-0.00224979
0.00622907
-0.0020886
0.00607444
-0.00188044
0.00593888
-0.00165976
0.00582271
-0.00142883
0.00572667
-0.00118625
0.00565135
-0.000933619
0.00559725
-0.000672747
0.00556475
-0.000405686
-0.000134775
0.00639904
-0.00205928
0.0062199
-0.00190945
0.00606033
-0.00172087
0.00592035
-0.00151977
0.00580032
-0.0013088
0.00570102
-0.00108696
0.00562311
-0.000855701
0.0055671
-0.000616741
0.00553343
-0.000372011
-0.000123697
0.00639449
-0.00186339
0.00621121
-0.00172617
0.00604764
-0.0015573
0.00590402
-0.00137615
0.00578079
-0.00118557
0.00567878
-0.000984957
0.00559868
-0.000775606
0.00554108
-0.000559137
0.00550642
-0.000337347
-0.000112256
0.00638974
-0.00166329
0.00620324
-0.00153967
0.00603643
-0.0013905
0.00588982
-0.00122953
0.00576393
-0.00105969
0.00565966
-0.00088068
0.00557773
-0.000693683
0.00551879
-0.000500187
0.00548329
-0.000301849
-0.00010051
0.00638509
-0.00145997
0.00619612
-0.00135069
0.00602673
-0.0012211
0.00587767
-0.00108047
0.00574958
-0.000931604
0.00564341
-0.00077451
0.00555996
-0.000610225
0.00549987
-0.000440105
0.00546367
-0.000265648
-8.85078e-05
0.00638076
-0.00125423
0.00618994
-0.00115987
0.0060185
-0.00104967
0.00586745
-0.00092942
0.00573756
-0.000801715
0.00562982
-0.000666768
0.00554508
-0.000525487
0.00548405
-0.000379074
0.00544726
-0.000228856
-7.62901e-05
0.00637686
-0.00104675
0.00618471
-0.000967728
0.00601171
-0.000876665
0.00585908
-0.000776793
0.00572774
-0.000670368
0.00561871
-0.00055774
0.00553291
-0.000439689
0.00547109
-0.000317252
0.00543381
-0.000191572
-6.38928e-05
0.0063735
-0.000838056
0.00618046
-0.00077468
0.00600629
-0.000702496
0.00585244
-0.000622943
0.00571994
-0.000537868
0.00560988
-0.000447679
0.00552322
-0.000353031
0.00546075
-0.000254783
0.00542306
-0.000153881
-5.13472e-05
0.00637058
-0.000628621
0.00617705
-0.000581148
0.00600215
-0.000527597
0.00584746
-0.000468251
0.00571411
-0.000404519
0.00560325
-0.00033682
0.0055159
-0.000265682
0.0054529
-0.000191781
0.00541487
-0.000115851
-3.8677e-05
0.0063686
-0.000418707
0.00617482
-0.000387367
0.00599941
-0.000352183
0.00584404
-0.000312882
0.00570998
-0.00027046
0.00559844
-0.000225285
0.00551051
-0.000177749
0.00544706
-0.000128329
0.00540874
-7.75343e-05
-2.58994e-05
0.00636653
-0.000208691
0.00617302
-0.000193859
0.00599766
-0.000176824
0.00584208
-0.000157301
0.00570764
-0.000136014
0.00559563
-0.00011328
0.00550723
-8.93525e-05
0.0054434
-6.44936e-05
0.00540483
-3.89627e-05
-1.30243e-05
0.00637032
0.00617646
0.00599963
0.00584233
0.00570632
0.00559304
0.00550369
0.00543919
0.00540023
)
;

boundaryField
{
    bottom
    {
        type            symmetryPlane;
        value           uniform 0;
    }
    right
    {
        type            calculated;
        value           nonuniform List<scalar> 
30
(
0.0059098
0.00591672
0.00592772
0.0059486
0.00596762
0.00600186
0.00602285
0.00607295
0.0060878
0.00617797
0.0056663
0.00568835
0.00572036
0.00575549
0.00579063
0.00582498
0.00585809
0.00588961
0.0059193
0.00594694
0.00597237
0.00599546
0.00601613
0.0060343
0.00604992
0.00606298
0.00607344
0.00608131
0.0060866
0.00608925
)
;
    }
    top
    {
        type            symmetryPlane;
        value           uniform 0;
    }
    left
    {
        type            calculated;
        value           nonuniform List<scalar> 
30
(
-0.00589996
-0.00590719
-0.00591883
-0.00594016
-0.00596017
-0.00599464
-0.00601694
-0.00606676
-0.00608317
-0.00617323
-0.00566244
-0.00568593
-0.0057188
-0.00575487
-0.00579095
-0.0058262
-0.00586016
-0.00589249
-0.00592293
-0.00595126
-0.00597732
-0.00600098
-0.00602215
-0.00604076
-0.00605676
-0.00607012
-0.00608081
-0.00608881
-0.00609411
-0.0060967
)
;
    }
    cylinder
    {
        type            calculated;
        value           uniform 0;
    }
    defaultFaces
    {
        type            empty;
        value           nonuniform 0();
    }
}


// ************************************************************************* //
