/*--------------------------------*- C++ -*----------------------------------*\
| =========                 |                                                 |
| \\      /  F ield         | OpenFOAM: The Open Source CFD Toolbox           |
|  \\    /   O peration     | Version:  4.1                                   |
|   \\  /    A nd           | Web:      www.OpenFOAM.org                      |
|    \\/     M anipulation  |                                                 |
\*---------------------------------------------------------------------------*/
FoamFile
{
    version     2.0;
    format      ascii;
    class       volVectorField;
    location    "0.4";
    object      U;
}
// * * * * * * * * * * * * * * * * * * * * * * * * * * * * * * * * * * * * * //

dimensions      [0 1 -1 0 0 0 0];

internalField   nonuniform List<vector> 
2000
(
(0.0456526 -0.0388244 -3.78079e-20)
(0.0818925 -0.0635187 0)
(0.0948181 -0.0648184 -6.5101e-20)
(0.0984069 -0.0590702 -3.04094e-20)
(0.0990098 -0.0522375 5.62205e-20)
(0.0988704 -0.0460962 7.76257e-20)
(0.0986242 -0.0409807 -2.36146e-20)
(0.0983216 -0.0368085 0)
(0.097553 -0.0336739 2.14581e-20)
(0.0964545 -0.0314543 0)
(0.0518347 -0.0379581 1.84171e-20)
(0.0919181 -0.062011 -1.82581e-20)
(0.104969 -0.0632616 6.75941e-20)
(0.107578 -0.0576593 9.40536e-20)
(0.107018 -0.0510016 1.45163e-21)
(0.105784 -0.0449963 -2.55713e-20)
(0.104558 -0.0399256 2.6757e-20)
(0.103432 -0.0356943 2.42832e-20)
(0.10205 -0.0325515 -2.14582e-20)
(0.100519 -0.0304217 -4.13228e-20)
(0.0578134 -0.0361393 -2.03335e-20)
(0.101577 -0.0589408 1.9047e-20)
(0.114733 -0.0601004 -3.45733e-20)
(0.116402 -0.0547684 1.61635e-21)
(0.114752 -0.0484316 -2.98609e-20)
(0.112528 -0.0426964 -2.78242e-20)
(0.110465 -0.0378155 -2.59724e-20)
(0.108687 -0.0337065 -2.42833e-20)
(0.106917 -0.0306775 -2.40772e-20)
(0.105165 -0.0287069 2.26488e-20)
(0.0634451 -0.0334128 -4.61441e-23)
(0.110637 -0.0543902 1.99842e-20)
(0.123878 -0.0554277 0)
(0.124669 -0.0504966 -3.27861e-20)
(0.122013 -0.044639 3.22544e-20)
(0.118888 -0.0393291 0)
(0.116072 -0.0347952 0)
(0.113686 -0.0309714 0)
(0.111505 -0.0281743 2.40772e-20)
(0.109507 -0.0263652 -4.52094e-20)
(0.0685943 -0.0298449 -4.52793e-20)
(0.118877 -0.0484769 -5.58452e-22)
(0.132179 -0.04937 -1.99828e-20)
(0.13217 -0.0449653 -1.682e-20)
(0.128608 -0.0397368 -1.73653e-20)
(0.124678 -0.0349939 -1.62495e-20)
(0.121185 -0.0309379 0)
(0.118242 -0.0275156 -1.43271e-20)
(0.11566 -0.0250237 6.57387e-20)
(0.113395 -0.0233947 -8.64391e-20)
(0.0731356 -0.0255214 6.98219e-20)
(0.126098 -0.0413501 -4.71828e-22)
(0.139433 -0.0420848 4.04503e-20)
(0.13872 -0.0383217 -3.76594e-20)
(0.134369 -0.033857 5.29157e-20)
(0.12974 -0.0298062 -1.71274e-20)
(0.12566 -0.0263393 0)
(0.122231 -0.0234138 1.43272e-20)
(0.119297 -0.0212897 -1.34909e-20)
(0.116792 -0.0198783 -5.31522e-20)
(0.0769574 -0.0205462 0)
(0.132122 -0.0331872 0)
(0.145463 -0.0337572 2.14721e-20)
(0.144155 -0.0307358 -1.99911e-20)
(0.139148 -0.0271505 1.86818e-20)
(0.133942 -0.0238972 -1.75397e-20)
(0.129378 -0.0211116 -3.28907e-20)
(0.125547 -0.0187611 3.10886e-20)
(0.122323 -0.0170581 2.92412e-20)
(0.119618 -0.0159051 -1.43076e-20)
(0.0799643 -0.0150387 -1.31819e-20)
(0.136801 -0.0241903 0)
(0.15012 -0.0245956 1.09991e-20)
(0.148341 -0.022398 -4.19271e-20)
(0.142826 -0.019785 2.96583e-20)
(0.137176 -0.0174134 0)
(0.132241 -0.0153821 0)
(0.128102 -0.0136685 0)
(0.124659 -0.0124291 3.08664e-20)
(0.1218 -0.0115716 -2.93362e-20)
(0.0820808 -0.00913167 6.43069e-21)
(0.140019 -0.0145814 -1.52198e-22)
(0.153291 -0.0148277 1.15063e-20)
(0.151174 -0.0135141 -5.61528e-21)
(0.145309 -0.0119424 -5.02177e-21)
(0.139359 -0.0105138 -9.65294e-21)
(0.134175 -0.00928965 0)
(0.12983 -0.0082579 4.40208e-21)
(0.126241 -0.00751216 2.04326e-20)
(0.123277 -0.00697966 -1.54545e-20)
(0.0832552 -0.00296709 0)
(0.141698 -0.00459631 6.47632e-21)
(0.154897 -0.00469445 0)
(0.152584 -0.0043018 2.74234e-21)
(0.146535 -0.00381468 2.56412e-21)
(0.140435 -0.0033664 5.05256e-21)
(0.135129 -0.00298123 0)
(0.130685 -0.00265782 -4.4021e-21)
(0.127026 -0.00242276 -4.17122e-21)
(0.12401 -0.00223496 -4.06382e-21)
(0.00351514 -0.00298151 0)
(0.0125487 -0.00492481 3.30132e-21)
(0.0237463 -0.00502893 0)
(0.0333294 -0.00457098 4.16929e-21)
(0.0411149 -0.00401773 1.27344e-21)
(0.0474573 -0.00350744 -2.31101e-21)
(0.0526536 -0.00306795 2.17637e-21)
(0.0569419 -0.00269572 -1.97516e-21)
(0.0605082 -0.00237898 -4.05298e-23)
(0.0634882 -0.00209978 -1.68054e-21)
(0.00444939 -0.00888395 1.05158e-20)
(0.0141096 -0.0146564 -6.55308e-21)
(0.0253653 -0.0149706 6.09453e-21)
(0.0348159 -0.0136081 -2.77535e-21)
(0.0424409 -0.0119599 -1.27602e-20)
(0.0486369 -0.0104398 4.75073e-21)
(0.0537066 -0.00913065 0)
(0.0578903 -0.00802141 1.96859e-21)
(0.0613857 -0.00707593 1.80395e-21)
(0.0642823 -0.00624531 0)
(0.00630967 -0.0145875 -7.01786e-21)
(0.0172026 -0.0240408 0)
(0.0285604 -0.0245589 -1.82877e-20)
(0.0377554 -0.0223228 2.25398e-20)
(0.0450652 -0.0196163 -5.31148e-21)
(0.0509716 -0.0171202 0)
(0.0557915 -0.0149704 0)
(0.0597682 -0.0131478 0)
(0.0631227 -0.0115902 -1.44755e-20)
(0.0658702 -0.0102328 1.37581e-20)
(0.00905416 -0.0199516 0)
(0.0217578 -0.0328603 1.35195e-20)
(0.0332592 -0.0335624 -2.49485e-20)
(0.0420796 -0.0305024 1.1567e-20)
(0.0489267 -0.0267997 -1.04707e-20)
(0.0544086 -0.0233841 2.90493e-20)
(0.0588621 -0.0204408 -4.71855e-22)
(0.0625312 -0.017942 -1.66698e-20)
(0.0656684 -0.0157944 -1.48415e-20)
(0.068203 -0.0139328 2.1153e-20)
(0.0126221 -0.0248525 -1.45528e-20)
(0.0276718 -0.0409052 2.79053e-20)
(0.0393541 -0.0417675 2.55271e-22)
(0.0476875 -0.0379533 -1.15232e-22)
(0.0539368 -0.0333407 -1.04734e-20)
(0.0588728 -0.0290836 3.03405e-20)
(0.0628581 -0.0254108 0)
(0.0661339 -0.0222854 8.61676e-21)
(0.0689948 -0.0195764 -7.93833e-21)
(0.0713003 -0.0172347 2.83699e-20)
(0.0169346 -0.0291735 2.57389e-22)
(0.0348078 -0.04798 -2.8305e-20)
(0.0467005 -0.0489763 -1.29856e-20)
(0.0544447 -0.0444987 -1.27522e-20)
(0.0599768 -0.0390874 -1.10255e-20)
(0.0642629 -0.0340885 -1.0156e-20)
(0.0676943 -0.0297666 0)
(0.0705001 -0.0260732 -8.61677e-21)
(0.0730107 -0.0228286 -2.39214e-20)
(0.0750291 -0.0200049 7.72903e-21)
(0.0218943 -0.0328075 4.51358e-23)
(0.0429969 -0.0539085 -1.47076e-20)
(0.0551191 -0.0550129 0)
(0.0621839 -0.0499848 2.40643e-20)
(0.0668991 -0.0439124 -2.33641e-20)
(0.0704566 -0.0382963 0)
(0.0732827 -0.0334243 0)
(0.0755892 -0.0292297 0)
(0.0777453 -0.0254652 1.72954e-20)
(0.0795471 -0.0221255 2.98813e-20)
(0.0273855 -0.0356598 1.62899e-20)
(0.0520385 -0.058538 -1.52592e-20)
(0.064396 -0.0597275 -2.88725e-20)
(0.0707024 -0.0542851 -1.05121e-21)
(0.0745196 -0.0477201 -2.46852e-20)
(0.0772914 -0.0416459 -2.28424e-20)
(0.0794846 -0.036357 -2.11486e-20)
(0.0812765 -0.0317477 -1.95924e-20)
(0.0830191 -0.0274567 -1.72954e-20)
(0.0844525 -0.0234556 1.60009e-20)
(0.033275 -0.0376508 5.1518e-20)
(0.0617032 -0.0617423 1.59453e-20)
(0.0742851 -0.0629972 5.88643e-20)
(0.0797618 -0.0572986 2.72205e-20)
(0.0826128 -0.050445 -1.12693e-21)
(0.0845644 -0.0441288 2.20807e-20)
(0.086156 -0.038642 -2.28728e-20)
(0.0875617 -0.033809 1.95925e-20)
(0.0891271 -0.0290642 -1.91524e-20)
(0.0906016 -0.0242466 3.39519e-20)
(0.0394153 -0.0387186 -3.45615e-20)
(0.0717395 -0.0634238 0)
(0.0845136 -0.0647208 -3.01132e-20)
(0.0890805 -0.0589304 4.95493e-22)
(0.0908622 -0.0520086 -7.13207e-22)
(0.091864 -0.0457107 -2.47198e-20)
(0.0926979 -0.0403495 6.80302e-20)
(0.0935079 -0.0357127 0)
(0.0944541 -0.0311063 1.91524e-20)
(0.0954007 -0.0258392 0)
(0.0660271 -0.00186638 0)
(0.0685111 -0.00162626 1.44986e-21)
(0.0706939 -0.00140239 -2.8415e-21)
(0.0725753 -0.00121349 1.22132e-21)
(0.0742179 -0.00105421 0)
(0.0756584 -0.000918194 -1.17452e-21)
(0.0769207 -0.00080146 1.18034e-21)
(0.0780257 -0.000700741 0)
(0.0789913 -0.00061321 0)
(0.0798324 -0.000536477 -1.14129e-22)
(0.0805605 -0.000468459 0)
(0.0811828 -0.000407208 0)
(0.0816998 -0.000350134 0)
(0.0821259 -0.000292716 0)
(0.0824897 -0.000239632 1.12186e-22)
(0.0828025 -0.000190645 -1.12767e-22)
(0.0830626 -0.000145092 0)
(0.0832701 -0.00010304 2.28587e-23)
(0.0834308 -6.58719e-05 -2.2979e-23)
(0.083547 -3.90563e-05 0)
(0.0664964 -0.00557253 0)
(0.0689457 -0.00483159 -3.77295e-22)
(0.071084 -0.00415022 0)
(0.0729061 -0.00357849 -5.12896e-21)
(0.074501 -0.00309346 4.99697e-21)
(0.0759042 -0.00267706 -3.07484e-22)
(0.0771359 -0.00231829 2.21068e-21)
(0.0782159 -0.00200767 -4.5474e-21)
(0.0791616 -0.00173705 3.71673e-21)
(0.079987 -0.00149955 -2.02509e-21)
(0.0807036 -0.00128933 -1.57691e-21)
(0.0813195 -0.00110126 2.8068e-21)
(0.081839 -0.000929686 -1.41775e-21)
(0.0822656 -0.000767351 -6.81959e-22)
(0.0826217 -0.000621895 5.38439e-22)
(0.0829274 -0.000492091 -1.02357e-22)
(0.0831814 -0.000374265 -8.00735e-23)
(0.0833829 -0.00026661 -9.14255e-23)
(0.0835376 -0.000171535 9.18682e-23)
(0.0836485 -0.000103173 -1.18281e-23)
(0.0674737 -0.00921865 4.02754e-22)
(0.0698582 -0.00795004 3.77949e-22)
(0.0718898 -0.00682453 3.68701e-22)
(0.0735915 -0.00589683 0)
(0.0750938 -0.00510999 5.75176e-21)
(0.0764226 -0.00443636 -4.49309e-21)
(0.0775919 -0.00385781 0)
(0.0786203 -0.00335767 5.43077e-22)
(0.0795235 -0.0029221 2.49136e-22)
(0.0803142 -0.00253971 -3.05647e-21)
(0.0810024 -0.00220082 3.46563e-22)
(0.0815962 -0.00189669 3.57795e-21)
(0.0820996 -0.00161749 1.6971e-22)
(0.0825076 -0.00135224 1.4514e-22)
(0.0828391 -0.00110313 1.25777e-22)
(0.0831238 -0.000875795 -2.62142e-22)
(0.083364 -0.000666604 2.51297e-22)
(0.0835568 -0.000473915 2.7524e-22)
(0.0837047 -0.000302852 5.80613e-23)
(0.083808 -0.000178437 9.77994e-26)
(0.0689453 -0.0127092 1.23978e-20)
(0.0712197 -0.0108543 -6.0903e-22)
(0.0730421 -0.00928385 -9.9313e-22)
(0.0745514 -0.00799822 -1.16844e-20)
(0.0759131 -0.00689926 -1.01502e-21)
(0.0771297 -0.00595874 -3.13002e-22)
(0.0782084 -0.00515263 8.55672e-21)
(0.0791647 -0.00445765 -5.20669e-21)
(0.0800107 -0.00385487 -4.26491e-21)
(0.0807566 -0.00332854 3.82679e-21)
(0.0814114 -0.00286512 -3.52536e-22)
(0.0819848 -0.00245261 -3.8294e-21)
(0.0824862 -0.00207963 -1.68297e-22)
(0.0829014 -0.00173539 -1.39505e-21)
(0.0832268 -0.00140177 9.73523e-22)
(0.0834933 -0.0011054 7.35685e-22)
(0.083716 -0.000839185 -6.54146e-22)
(0.0838919 -0.00059643 0)
(0.0840228 -0.000381125 -1.05083e-22)
(0.0841101 -0.000224317 -1.17075e-23)
(0.0710082 -0.0160019 -2.77692e-20)
(0.0731408 -0.0135561 1.1855e-20)
(0.0746473 -0.0116264 -1.27049e-20)
(0.0759043 -0.0100542 0)
(0.0770768 -0.00870546 6.82721e-22)
(0.0781332 -0.00755418 1.00775e-20)
(0.0790783 -0.0065659 -9.35716e-23)
(0.0799244 -0.00571044 -7.02023e-22)
(0.0806798 -0.00496508 -8.7259e-21)
(0.0813515 -0.00431133 -4.7309e-22)
(0.0819455 -0.00373364 0)
(0.0824676 -0.00321863 3.85645e-22)
(0.0829248 -0.00275499 0)
(0.0833227 -0.00232967 2.96637e-22)
(0.0836235 -0.00191523 0)
(0.0838412 -0.00151644 0)
(0.0840313 -0.00115136 -1.60885e-22)
(0.0841898 -0.000816081 1.86635e-22)
(0.0843095 -0.000516846 -1.64424e-22)
(0.084385 -0.000296183 4.74474e-23)
(0.0735123 -0.0189397 0)
(0.0754109 -0.0158196 8.33869e-22)
(0.076458 -0.0135208 2.51269e-20)
(0.0774005 -0.0116092 -2.43459e-20)
(0.0783455 -0.00996056 7.34389e-22)
(0.0792222 -0.00856232 0)
(0.0800285 -0.00737089 9.72435e-21)
(0.0807657 -0.00634991 -1.81246e-20)
(0.081434 -0.00547053 9.54609e-21)
(0.0820359 -0.00470829 5.02636e-22)
(0.0825747 -0.00404257 4.55424e-22)
(0.0830548 -0.00345586 4.07992e-22)
(0.0834859 -0.00293298 0)
(0.0838831 -0.00246111 -1.95788e-21)
(0.084217 -0.00203016 4.42791e-21)
(0.0844474 -0.00159458 -1.89282e-21)
(0.0846091 -0.00119689 1.68414e-22)
(0.0847382 -0.000844792 1.2033e-22)
(0.084829 -0.000534339 -4.73631e-23)
(0.0848787 -0.00030542 4.79422e-23)
(0.0767511 -0.0215187 -3.06993e-20)
(0.0783854 -0.0179124 0)
(0.078874 -0.0155129 8.67624e-22)
(0.0794318 -0.0134696 -1.60016e-21)
(0.0800545 -0.01169 -1.50369e-21)
(0.0806545 -0.01016 -7.19105e-22)
(0.081234 -0.00883067 -6.69372e-22)
(0.0817873 -0.00767043 8.69297e-21)
(0.0823081 -0.0066549 -1.03819e-20)
(0.0827924 -0.00576267 -8.7467e-21)
(0.0832373 -0.00497498 7.26224e-21)
(0.0836411 -0.00427528 -8.22694e-22)
(0.0840039 -0.00364926 2.69632e-21)
(0.0843333 -0.00308682 -6.90191e-22)
(0.0846412 -0.00258256 -2.83316e-21)
(0.0848625 -0.00210511 -2.21194e-22)
(0.0849781 -0.00160668 2.37177e-22)
(0.0850663 -0.00112889 -3.0787e-22)
(0.0851405 -0.000705967 -4.54062e-22)
(0.085179 -0.000388526 -2.46331e-23)
(0.0800943 -0.0233092 0)
(0.0812356 -0.018997 2.95413e-20)
(0.0811054 -0.0162166 -3.02827e-20)
(0.0813042 -0.0137991 8.21516e-22)
(0.0816705 -0.0117478 1.57589e-21)
(0.0820765 -0.0100323 7.18492e-22)
(0.082502 -0.00858125 1.36479e-21)
(0.0829266 -0.00734548 0)
(0.083338 -0.00628621 5.65248e-22)
(0.0837296 -0.00537244 5.14569e-22)
(0.0840974 -0.00457934 4.84509e-22)
(0.0844388 -0.00388653 8.45932e-22)
(0.0847528 -0.00327683 0)
(0.0850416 -0.0027359 0)
(0.0853157 -0.00225562 2.65041e-22)
(0.0855885 -0.00183441 2.01769e-21)
(0.0857871 -0.00142173 -1.40219e-21)
(0.0858648 -0.000998233 1.24063e-22)
(0.0858896 -0.000604827 2.42259e-22)
(0.0858945 -0.000331746 -7.39573e-23)
(0.084778 -0.0247637 -3.54015e-20)
(0.0853493 -0.0210877 0)
(0.08449 -0.0187589 0)
(0.0840439 -0.0164863 2.74354e-20)
(0.0838511 -0.0144082 -2.49614e-21)
(0.083818 -0.012552 -4.90598e-20)
(0.0839084 -0.0109054 2.28288e-20)
(0.0840785 -0.00945522 0)
(0.0842954 -0.00818039 0)
(0.0845363 -0.00705785 0)
(0.0847849 -0.00606534 -2.26416e-22)
(0.0850304 -0.00518271 -6.48903e-22)
(0.0852652 -0.00439233 -5.66839e-21)
(0.0854845 -0.00367908 5.46053e-21)
(0.0856857 -0.00303177 -1.99826e-21)
(0.0858689 -0.00244799 1.76506e-21)
(0.0860396 -0.00193318 0)
(0.0861569 -0.001434 -5.69817e-23)
(0.0861609 -0.000933582 -7.16157e-23)
(0.0861124 -0.000499407 0)
(0.0879113 -0.0231495 5.59719e-22)
(0.0874342 -0.0185943 3.3815e-20)
(0.0868611 -0.0156089 -3.34632e-20)
(0.0864396 -0.0132035 0)
(0.0861317 -0.0112091 -2.73602e-20)
(0.0859278 -0.009521 5.23755e-20)
(0.0858299 -0.0080716 -2.50383e-20)
(0.0858217 -0.00682231 0)
(0.0858829 -0.00574591 -9.66374e-21)
(0.0859936 -0.00481973 1.82746e-20)
(0.086137 -0.00402352 -8.86898e-21)
(0.0862994 -0.00333887 2.199e-22)
(0.0864704 -0.00274915 0)
(0.0866426 -0.00223951 5.20545e-21)
(0.0868106 -0.00179707 -7.07427e-21)
(0.0869684 -0.00141155 2.06213e-21)
(0.0871098 -0.00107689 1.22751e-21)
(0.0872338 -0.000796163 -8.71598e-22)
(0.0873396 -0.000544186 -4.02062e-22)
(0.0873879 -0.000325015 0)
(0.0961906 -0.0280051 0)
(0.0921874 -0.0266532 0)
(0.0903078 -0.0236737 0)
(0.0892092 -0.0206854 0)
(0.0884145 -0.0180695 0)
(0.0878529 -0.0158048 0)
(0.0874785 -0.0138195 0)
(0.0872447 -0.0120608 0)
(0.0871162 -0.0104928 0)
(0.0870653 -0.00908872 0)
(0.0870701 -0.00782687 0)
(0.0871132 -0.00668849 0)
(0.087181 -0.00565707 0)
(0.0872631 -0.00471814 0)
(0.0873517 -0.00385931 0)
(0.0874395 -0.00307005 0)
(0.0875192 -0.00234009 0)
(0.087583 -0.00166189 0)
(0.0876262 -0.00104494 0)
(0.087649 -0.000563961 0)
(0.0993004 -0.0219583 0)
(0.0954673 -0.0208619 0)
(0.0929763 -0.0188646 0)
(0.0913836 -0.0167702 0)
(0.0902508 -0.0148293 0)
(0.0894424 -0.0130779 0)
(0.0888707 -0.011502 0)
(0.0884697 -0.0100823 0)
(0.0881954 -0.00880209 0)
(0.0880159 -0.00764669 0)
(0.0879072 -0.00660279 0)
(0.0878506 -0.00565787 0)
(0.0878314 -0.00480008 0)
(0.0878382 -0.0040183 0)
(0.0878619 -0.00330224 0)
(0.0878947 -0.00264248 0)
(0.0879299 -0.00203001 0)
(0.0879611 -0.00145713 0)
(0.0879831 -0.000927367 0)
(0.0879944 -0.000506483 0)
(0.100157 -0.0189946 0)
(0.0969544 -0.0184064 0)
(0.0947031 -0.0170969 0)
(0.0930975 -0.0155513 0)
(0.0918629 -0.0139968 0)
(0.0909282 -0.0125147 0)
(0.0902281 -0.0111312 0)
(0.0897045 -0.00985201 0)
(0.0893161 -0.00867507 0)
(0.0890323 -0.00759488 0)
(0.0888294 -0.00660431 0)
(0.0886884 -0.00569539 0)
(0.0885947 -0.00485981 0)
(0.0885362 -0.00408926 0)
(0.0885035 -0.00337555 0)
(0.0884884 -0.00271074 0)
(0.0884845 -0.00208716 0)
(0.088486 -0.00149907 0)
(0.0884885 -0.000952822 0)
(0.0884899 -0.000516892 0)
(0.100617 -0.0168805 0)
(0.097898 -0.0164047 0)
(0.095959 -0.0154282 0)
(0.0944603 -0.0142413 0)
(0.093226 -0.0129911 0)
(0.0922408 -0.0117494 0)
(0.0914668 -0.0105526 0)
(0.0908604 -0.00941853 0)
(0.0903879 -0.00835435 0)
(0.0900227 -0.00736163 0)
(0.0897433 -0.00643854 0)
(0.089532 -0.00558123 0)
(0.0893747 -0.00478458 0)
(0.0892598 -0.00404275 0)
(0.0891778 -0.00334951 0)
(0.0891209 -0.00269836 0)
(0.0890828 -0.00208283 0)
(0.0890581 -0.00149836 0)
(0.0890429 -0.000952911 0)
(0.0890346 -0.000516865 0)
(0.100957 -0.0149385 0)
(0.0986036 -0.0145462 0)
(0.0969143 -0.0137941 0)
(0.0955341 -0.0128719 0)
(0.0943425 -0.0118692 0)
(0.0933524 -0.0108405 0)
(0.0925444 -0.00982156 0)
(0.0918885 -0.00883392 0)
(0.0913589 -0.00788958 0)
(0.0909341 -0.00699455 0)
(0.0905958 -0.00615088 0)
(0.0903285 -0.00535792 0)
(0.0901192 -0.00461323 0)
(0.0899574 -0.00391318 0)
(0.089834 -0.00325332 0)
(0.0897417 -0.00262865 0)
(0.0896745 -0.002034 0)
(0.0896277 -0.00146597 0)
(0.0895972 -0.000933547 0)
(0.0895797 -0.000507136 0)
(0.101241 -0.0132259 0)
(0.0991606 -0.0129152 0)
(0.0976596 -0.0123294 0)
(0.0963883 -0.0116029 0)
(0.0952557 -0.0107929 0)
(0.094286 -0.00994008 0)
(0.0934707 -0.00907553 0)
(0.0927898 -0.0082204 0)
(0.0922247 -0.00738837 0)
(0.0917589 -0.00658776 0)
(0.0913774 -0.00582299 0)
(0.0910671 -0.00509572 0)
(0.0908169 -0.00440554 0)
(0.0906171 -0.00375063 0)
(0.0904598 -0.0031281 0)
(0.0903382 -0.00253432 0)
(0.0902469 -0.00196537 0)
(0.0901814 -0.00141898 0)
(0.090138 -0.000904902 0)
(0.0901125 -0.000492415 0)
(0.101446 -0.0116931 0)
(0.0995947 -0.0114604 0)
(0.0982469 -0.0110028 0)
(0.0970738 -0.0104257 0)
(0.0960054 -0.00976777 0)
(0.0950694 -0.00905974 0)
(0.0942637 -0.0083274 0)
(0.0935752 -0.00758988 0)
(0.0929911 -0.00686076 0)
(0.0924991 -0.0061492 0)
(0.0920874 -0.00546095 0)
(0.0917455 -0.00479911 0)
(0.0914639 -0.00416475 0)
(0.0912344 -0.00355744 0)
(0.0910499 -0.00297554 0)
(0.0909046 -0.00241663 0)
(0.0907934 -0.00187787 0)
(0.0907125 -0.00135799 0)
(0.0906582 -0.000867182 0)
(0.0906258 -0.000472674 0)
(0.101584 -0.0103138 0)
(0.0999305 -0.0101454 0)
(0.0987113 -0.00978854 0)
(0.0976262 -0.0093285 0)
(0.096622 -0.00879283 0)
(0.0957263 -0.00820482 0)
(0.0949405 -0.00758561 0)
(0.0942564 -0.00695185 0)
(0.0936653 -0.00631614 0)
(0.0931586 -0.00568764 0)
(0.0927274 -0.00507261 0)
(0.0923632 -0.004475 0)
(0.0920585 -0.00389683 0)
(0.0918063 -0.00333867 0)
(0.0916006 -0.00279991 0)
(0.0914364 -0.00227906 0)
(0.0913093 -0.00177423 0)
(0.0912159 -0.00128495 0)
(0.0911526 -0.000821587 0)
(0.0911145 -0.000448506 0)
(0.101664 -0.00906652 0)
(0.100186 -0.00894985 0)
(0.0990778 -0.00867318 0)
(0.0980719 -0.00830658 0)
(0.0971294 -0.00787019 0)
(0.0962767 -0.0073821 0)
(0.0955167 -0.0068596 0)
(0.0948447 -0.00631691 0)
(0.0942553 -0.00576529 0)
(0.0937426 -0.0052134 0)
(0.0933 -0.00466752 0)
(0.0929213 -0.00413196 0)
(0.0926002 -0.00360932 0)
(0.0923313 -0.00310085 0)
(0.0921096 -0.00260667 0)
(0.0919307 -0.00212607 0)
(0.0917911 -0.00165791 0)
(0.0916877 -0.00120233 0)
(0.0916173 -0.000769668 0)
(0.0915746 -0.000420734 0)
(0.1017 -0.00793585 0)
(0.100378 -0.00785897 0)
(0.0993661 -0.00764593 0)
(0.0984311 -0.00735437 0)
(0.0975468 -0.00699916 0)
(0.096737 -0.0065946 0)
(0.0960057 -0.00615485 0)
(0.0953507 -0.00569191 0)
(0.0947689 -0.00521565 0)
(0.0942564 -0.00473394 0)
(0.0938088 -0.0042528 0)
(0.0934214 -0.00377657 0)
(0.0930896 -0.00330811 0)
(0.092809 -0.00284911 0)
(0.0925755 -0.00240021 0)
(0.0923856 -0.00196126 0)
(0.0922364 -0.0015317 0)
(0.0921253 -0.00111217 0)
(0.0920493 -0.000712712 0)
(0.0920028 -0.000390061 0)
(0.101704 -0.00690661 0)
(0.100521 -0.0068595 0)
(0.0995918 -0.00669677 0)
(0.0987202 -0.00646567 0)
(0.0978894 -0.0061772 0)
(0.097121 -0.00584277 0)
(0.0964194 -0.005474 0)
(0.0957839 -0.00508095 0)
(0.0952133 -0.00467214 0)
(0.0947054 -0.00425455 0)
(0.0942574 -0.00383374 0)
(0.093866 -0.00341386 0)
(0.0935277 -0.00299785 0)
(0.0932392 -0.0025876 0)
(0.0929975 -0.0021841 0)
(0.0927997 -0.00178759 0)
(0.0926433 -0.00139796 0)
(0.0925264 -0.00101619 0)
(0.092446 -0.000651827 0)
(0.0923967 -0.000357104 0)
(0.101686 -0.00596519 0)
(0.100625 -0.00593967 0)
(0.0997675 -0.00581649 0)
(0.098952 -0.0056342 0)
(0.0981699 -0.00540085 0)
(0.0974402 -0.00512558 0)
(0.0967675 -0.00481794 0)
(0.0961526 -0.00448631 0)
(0.0955953 -0.00413792 0)
(0.0950948 -0.0037789 0)
(0.0946495 -0.00341419 0)
(0.0942573 -0.00304767 0)
(0.0939159 -0.00268218 0)
(0.0936227 -0.00231965 0)
(0.0933755 -0.00196126 0)
(0.0931721 -0.00160754 0)
(0.0930107 -0.00125867 0)
(0.0928894 -0.00091584 0)
(0.0928058 -0.000587955 0)
(0.0927544 -0.000322395 0)
(0.101654 -0.00509904 0)
(0.100699 -0.00508867 0)
(0.0999034 -0.00499648 0)
(0.0991369 -0.00485365 0)
(0.0983982 -0.00466603 0)
(0.0977039 -0.00444096 0)
(0.0970586 -0.00418625 0)
(0.0964639 -0.00390882 0)
(0.0959207 -0.00361477 0)
(0.0954292 -0.00330933 0)
(0.0949887 -0.00299685 0)
(0.094598 -0.0026808 0)
(0.0942557 -0.00236383 0)
(0.0939602 -0.00204782 0)
(0.0937097 -0.00173401 0)
(0.0935026 -0.00142308 0)
(0.0933376 -0.00111542 0)
(0.0932133 -0.000812311 0)
(0.0931274 -0.000521877 0)
(0.0930744 -0.000286376 0)
(0.101615 -0.00429662 0)
(0.100751 -0.00429654 0)
(0.100007 -0.00422856 0)
(0.0992832 -0.00411773 0)
(0.0985827 -0.00396829 0)
(0.09792 -0.00378611 0)
(0.0972997 -0.00357755 0)
(0.096724 -0.00334827 0)
(0.0961948 -0.00310332 0)
(0.0957127 -0.00284711 0)
(0.0952781 -0.00258337 0)
(0.0948904 -0.00231513 0)
(0.0945488 -0.00204476 0)
(0.0942525 -0.00177401 0)
(0.0940003 -0.00150409 0)
(0.093791 -0.00123574 0)
(0.0936237 -0.000969474 0)
(0.0934974 -0.000706551 0)
(0.0934098 -0.00045422 0)
(0.0933557 -0.000249407 0)
(0.101573 -0.00354779 0)
(0.100787 -0.00355424 0)
(0.100086 -0.00350508 0)
(0.0993978 -0.00342029 0)
(0.0987299 -0.00330293 0)
(0.0980947 -0.00315772 0)
(0.0974965 -0.00298976 0)
(0.0969381 -0.00280361 0)
(0.0964219 -0.00260337 0)
(0.0959491 -0.00239268 0)
(0.0955206 -0.00217464 0)
(0.0951366 -0.00195182 0)
(0.0947968 -0.00172627 0)
(0.0945008 -0.00149955 0)
(0.094248 -0.00127278 0)
(0.0940375 -0.00104667 0)
(0.0938688 -0.000821779 0)
(0.0937411 -0.000599292 0)
(0.0936525 -0.000385476 0)
(0.0935976 -0.000211772 0)
(0.101533 -0.00284262 0)
(0.10081 -0.00285325 0)
(0.100145 -0.00281876 0)
(0.0994859 -0.00275525 0)
(0.0988453 -0.00266513 0)
(0.0982332 -0.00255214 0)
(0.0976538 -0.00242031 0)
(0.0971105 -0.0022732 0)
(0.0966057 -0.00211406 0)
(0.0961415 -0.00194579 0)
(0.0957189 -0.00177087 0)
(0.0953387 -0.00159142 0)
(0.0950011 -0.00140913 0)
(0.0947061 -0.00122531 0)
(0.0944533 -0.00104094 0)
(0.0942423 -0.000856675 0)
(0.0940728 -0.000673038 0)
(0.0939443 -0.000491078 0)
(0.093855 -0.000316013 0)
(0.0937996 -0.000173686 0)
(0.101493 -0.00217459 0)
(0.100823 -0.00218639 0)
(0.100187 -0.00216286 0)
(0.0995519 -0.00211671 0)
(0.0989331 -0.00204995 0)
(0.0983396 -0.00196546 0)
(0.0977755 -0.00186624 0)
(0.0972445 -0.00175496 0)
(0.0967494 -0.00163404 0)
(0.0962924 -0.00150568 0)
(0.0958751 -0.00137179 0)
(0.0954985 -0.001234 0)
(0.0951631 -0.00109364 0)
(0.0948692 -0.000951747 0)
(0.0946168 -0.000809111 0)
(0.0944057 -0.000666291 0)
(0.0942359 -0.000523731 0)
(0.094107 -0.000382297 0)
(0.0940173 -0.000246102 0)
(0.0939615 -0.000135314 0)
(0.101465 -0.00153233 0)
(0.100833 -0.00154579 0)
(0.100217 -0.00153056 0)
(0.0995995 -0.00149871 0)
(0.0989968 -0.00145237 0)
(0.0984172 -0.00139357 0)
(0.0978646 -0.00132433 0)
(0.097343 -0.00124644 0)
(0.0968554 -0.00116156 0)
(0.0964041 -0.00107121 0)
(0.095991 -0.000976731 0)
(0.0956173 -0.000879269 0)
(0.0952838 -0.000779779 0)
(0.0949911 -0.000679017 0)
(0.0947392 -0.00057756 0)
(0.0945283 -0.000475829 0)
(0.0943584 -0.000374162 0)
(0.0942292 -0.000273204 0)
(0.0941393 -0.000175928 0)
(0.0940833 -9.67824e-05 0)
(0.101437 -0.000923818 0)
(0.100838 -0.000927887 0)
(0.100237 -0.000915757 0)
(0.0996312 -0.000895229 0)
(0.0990389 -0.000867122 0)
(0.0984683 -0.000832118 0)
(0.0979234 -0.000791088 0)
(0.0974081 -0.000744941 0)
(0.0969255 -0.000694591 0)
(0.0964782 -0.00064091 0)
(0.0960681 -0.000584685 0)
(0.0956965 -0.000526599 0)
(0.0953644 -0.000467222 0)
(0.0950725 -0.000407011 0)
(0.0948211 -0.000346319 0)
(0.0946104 -0.000285404 0)
(0.0944405 -0.000224479 0)
(0.0943112 -0.00016394 0)
(0.0942212 -0.000105602 0)
(0.0941652 -5.81881e-05 0)
(0.101471 -0.000300575 0)
(0.100861 -0.00030954 0)
(0.100255 -0.00030555 0)
(0.0996498 -0.000298109 0)
(0.0990609 -0.000288444 0)
(0.0984942 -0.000276717 0)
(0.0979529 -0.000263088 0)
(0.0974408 -0.000247791 0)
(0.0969608 -0.000231101 0)
(0.0965155 -0.000213297 0)
(0.0961069 -0.000194635 0)
(0.0957365 -0.000175341 0)
(0.0954051 -0.000155605 0)
(0.0951137 -0.000135579 0)
(0.0948626 -0.000115382 0)
(0.094652 -9.5102e-05 0)
(0.0944821 -7.48095e-05 0)
(0.0943528 -5.46382e-05 0)
(0.0942626 -3.52046e-05 0)
(0.0942067 -1.94424e-05 0)
(0.121689 -0.00147117 3.96983e-21)
(0.121208 -0.0045852 0)
(0.120237 -0.00762734 -8.72904e-22)
(0.118799 -0.010542 -2.64737e-20)
(0.116927 -0.0132705 5.17731e-20)
(0.114667 -0.0157493 0)
(0.112063 -0.0179066 4.67156e-20)
(0.109114 -0.0196686 0)
(0.106031 -0.0209619 4.30671e-20)
(0.100986 -0.0220786 -6.50981e-22)
(0.119338 -0.00137282 -3.99636e-21)
(0.118883 -0.00431076 9.273e-22)
(0.117965 -0.0071827 -9.28927e-22)
(0.11661 -0.00994001 -1.44766e-22)
(0.114858 -0.0125323 -2.46428e-20)
(0.112764 -0.0149075 -1.59826e-21)
(0.110397 -0.0170086 0)
(0.107872 -0.0187846 -4.5154e-20)
(0.105673 -0.0201461 0)
(0.100815 -0.0208615 -4.09769e-20)
(0.117556 -0.00116749 8.03457e-21)
(0.117173 -0.00362394 0)
(0.116408 -0.00602714 -8.87977e-22)
(0.115284 -0.00833881 7.78584e-22)
(0.113838 -0.0105221 2.62746e-20)
(0.112113 -0.0125431 0)
(0.110144 -0.0143722 4.62512e-20)
(0.107986 -0.0160023 4.64037e-20)
(0.1062 -0.0174605 0)
(0.101421 -0.018565 4.05516e-20)
(0.116035 -0.00101517 -3.54515e-21)
(0.115698 -0.00315366 1.49324e-20)
(0.115028 -0.00525192 0)
(0.114045 -0.00728196 2.78636e-20)
(0.11278 -0.0092164 1.61356e-21)
(0.111277 -0.0110289 -3.14727e-21)
(0.109566 -0.0126943 -4.46081e-20)
(0.107692 -0.0141943 -1.45736e-21)
(0.106247 -0.0155238 -4.32626e-20)
(0.101882 -0.016657 0)
(0.114745 -0.000880986 0)
(0.114449 -0.00272637 -1.45497e-20)
(0.113862 -0.00453963 -1.66356e-20)
(0.113004 -0.00629872 2.61199e-21)
(0.111902 -0.00798267 -1.71146e-21)
(0.110594 -0.00957241 -1.53972e-21)
(0.109103 -0.0110523 -4.51284e-20)
(0.107456 -0.0124107 -2.84331e-21)
(0.106213 -0.0136322 1.04002e-21)
(0.102296 -0.0147636 4.09652e-20)
(0.113626 -0.000765306 4.08578e-21)
(0.113362 -0.0023649 9.5231e-22)
(0.112838 -0.00393978 -1.8894e-21)
(0.112074 -0.00547328 9.05483e-22)
(0.111095 -0.00694945 -2.68797e-20)
(0.109935 -0.00835328 0)
(0.108613 -0.00967248 4.94924e-20)
(0.107157 -0.0108945 -1.4638e-21)
(0.106065 -0.0119914 8.62758e-20)
(0.102608 -0.0130606 -8.1428e-20)
(0.112655 -0.000664337 -4.10592e-21)
(0.112416 -0.0020487 -7.85015e-21)
(0.111944 -0.00341372 1.49365e-20)
(0.111256 -0.00474652 -2.67302e-20)
(0.110376 -0.00603481 -1.82057e-21)
(0.109334 -0.00726712 -2.55945e-20)
(0.108148 -0.00843476 1.47018e-21)
(0.106847 -0.00952726 -2.85413e-21)
(0.105855 -0.010514 -4.15969e-20)
(0.102815 -0.0115111 4.0467e-20)
(0.11181 -0.000575905 0)
(0.111592 -0.00177325 1.67452e-20)
(0.11116 -0.00295569 -1.87981e-21)
(0.110532 -0.0041134 1.51541e-20)
(0.109729 -0.00523699 -8.34731e-23)
(0.10878 -0.00631753 4.97185e-20)
(0.1077 -0.00734847 -2.27177e-20)
(0.106526 -0.00832014 0)
(0.105602 -0.00920386 0)
(0.102929 -0.0101183 0)
(0.111077 -0.000497953 0)
(0.110874 -0.00153085 -1.49005e-20)
(0.110475 -0.00255229 -9.67035e-22)
(0.109894 -0.00355481 1.43495e-20)
(0.109153 -0.00453128 2.71832e-20)
(0.108276 -0.00547493 -2.72535e-20)
(0.107281 -0.00638108 2.72547e-20)
(0.106206 -0.00724107 -1.46641e-21)
(0.105327 -0.00803159 0)
(0.102969 -0.00886313 2.02094e-20)
(0.110441 -0.000428877 5.10672e-22)
(0.110252 -0.00131668 8.4417e-21)
(0.109878 -0.00219582 1.33135e-20)
(0.109335 -0.00306075 -8.3855e-22)
(0.108642 -0.00390615 1.75043e-21)
(0.107822 -0.00472697 -2.74222e-20)
(0.106892 -0.00551991 2.73912e-20)
(0.105895 -0.00627712 -1.46581e-21)
(0.105043 -0.00698182 0)
(0.102953 -0.00773196 -4.0118e-20)
(0.109894 -0.000367292 0)
(0.109715 -0.00112613 8.0267e-21)
(0.109362 -0.00187859 1.9818e-23)
(0.108848 -0.00262062 0)
(0.108192 -0.00334837 0)
(0.107417 -0.00405823 2.42679e-20)
(0.106538 -0.004748 -2.27399e-20)
(0.105599 -0.00541072 -1.39049e-21)
(0.10476 -0.00603626 7.21668e-22)
(0.102898 -0.00670827 2.05519e-20)
(0.109425 -0.00031203 0)
(0.109254 -0.000955545 -1.51479e-20)
(0.108917 -0.00159456 -1.72763e-20)
(0.108427 -0.00222625 2.71211e-21)
(0.1078 -0.00284796 -1.76317e-21)
(0.107059 -0.00345728 -1.58228e-21)
(0.106218 -0.00405281 3.04608e-21)
(0.105322 -0.00462853 1.99938e-20)
(0.104487 -0.00518031 2.01548e-21)
(0.102818 -0.00577739 -6.37099e-22)
(0.109028 -0.000262092 0)
(0.108863 -0.000801732 8.10831e-21)
(0.108539 -0.00133844 -9.43969e-22)
(0.108067 -0.00187042 9.36114e-22)
(0.107463 -0.00239598 0)
(0.106747 -0.00291365 0)
(0.105935 -0.00342267 0)
(0.105068 -0.00391804 -2.27456e-20)
(0.104229 -0.00440048 2.12567e-20)
(0.102723 -0.00492551 0)
(0.108695 -0.000216586 0)
(0.108536 -0.000661838 5.07639e-21)
(0.108221 -0.00110549 6.77321e-21)
(0.107763 -0.0015466 9.15413e-21)
(0.107176 -0.00198427 -1.77475e-21)
(0.106479 -0.00241782 1.14529e-20)
(0.105687 -0.00284694 -1.0644e-20)
(0.10484 -0.00326769 0)
(0.103993 -0.00368438 6.98193e-22)
(0.102623 -0.00413983 -2.0236e-20)
(0.108422 -0.000174796 -1.07184e-21)
(0.108267 -0.000533738 -4.09795e-21)
(0.10796 -0.000892235 -8.74982e-21)
(0.107512 -0.00125004 -6.4353e-21)
(0.106938 -0.00160693 0)
(0.106254 -0.00196283 -1.46333e-20)
(0.105477 -0.00231775 1.52295e-20)
(0.10464 -0.00266877 -1.45506e-21)
(0.103782 -0.00302232 -1.04867e-20)
(0.102524 -0.00340982 2.91543e-20)
(0.108204 -0.000135879 1.07735e-21)
(0.108052 -0.000414371 -3.11305e-21)
(0.107751 -0.000693387 2.91956e-21)
(0.107311 -0.0009733 -7.41877e-21)
(0.106745 -0.00125449 0)
(0.106071 -0.00153745 0)
(0.105303 -0.00182259 1.48664e-21)
(0.104471 -0.00210804 -1.4163e-20)
(0.103599 -0.00240111 -9.11839e-21)
(0.102432 -0.00272326 -9.64121e-21)
(0.108038 -9.98673e-05 0)
(0.107888 -0.000304973 5.15601e-21)
(0.107591 -0.000511381 -1.96618e-21)
(0.107156 -0.000719905 6.57204e-21)
(0.106597 -0.000931298 1.79032e-21)
(0.105927 -0.00114634 -1.59793e-21)
(0.105164 -0.00136559 3.04741e-21)
(0.104331 -0.00158808 9.83455e-21)
(0.103446 -0.00182079 0)
(0.102348 -0.00207688 0)
(0.107913 -6.38092e-05 0)
(0.107765 -0.0001933 2.08262e-21)
(0.107472 -0.000324937 -3.95546e-21)
(0.107042 -0.000460162 0)
(0.106488 -0.000600476 -3.51116e-21)
(0.105824 -0.000747534 -1.60012e-21)
(0.105064 -0.00090294 -4.53341e-21)
(0.10423 -0.00106731 -1.37212e-21)
(0.103333 -0.00124692 6.99686e-22)
(0.102287 -0.00144765 6.10352e-22)
(0.107833 -3.70496e-05 0)
(0.107686 -0.000115556 -2.09271e-21)
(0.107395 -0.000195452 -1.96715e-21)
(0.106969 -0.000277465 2.79329e-21)
(0.106418 -0.000362205 1.717e-21)
(0.105754 -0.000450285 1.64147e-21)
(0.104994 -0.000542392 7.56467e-21)
(0.104154 -0.000639327 -5.61616e-21)
(0.103244 -0.0007473 1.32329e-21)
(0.102229 -0.000872531 0)
(0.107737 1.2542e-05 0)
(0.107594 4.09178e-05 1.0373e-21)
(0.10731 6.46512e-05 -1.00533e-21)
(0.106896 8.05577e-05 9.67951e-22)
(0.10636 8.52543e-05 0)
(0.105718 7.49488e-05 -1.6499e-21)
(0.104981 4.51464e-05 1.49043e-21)
(0.104164 -9.82045e-06 1.3674e-21)
(0.103268 -9.90608e-05 0)
(0.102271 -0.000227557 0)
(0.096429 0.0308096 0)
(0.0972439 0.0334199 -4.88792e-20)
(0.0981106 0.0365979 0)
(0.0984221 0.0407438 -1.62506e-19)
(0.0986009 0.0458204 5.85708e-20)
(0.0987105 0.0519563 6.09929e-22)
(0.0982346 0.0589371 6.37395e-20)
(0.095097 0.0652056 -9.91316e-22)
(0.0830667 0.0648855 0)
(0.0475853 0.0406836 7.87523e-20)
(0.100124 0.0300742 9.24406e-20)
(0.101549 0.0325485 4.88791e-20)
(0.103073 0.035649 -4.98357e-20)
(0.10421 0.0398323 5.43943e-20)
(0.10539 0.0448626 -5.4741e-20)
(0.106615 0.0508615 1.55865e-21)
(0.107314 0.0576567 -6.32948e-20)
(0.105179 0.0637385 -1.35445e-19)
(0.0930781 0.0633638 -3.64995e-20)
(0.0538226 0.0396601 -1.17624e-19)
(0.104774 0.0285358 -4.41772e-20)
(0.106446 0.03072 4.61707e-20)
(0.10828 0.0336921 4.98355e-20)
(0.11004 0.0377817 5.23999e-20)
(0.11206 0.0426552 5.52991e-20)
(0.11428 0.0484085 5.8594e-20)
(0.116074 0.0548862 1.74123e-21)
(0.114883 0.0606566 6.67288e-20)
(0.102693 0.0602544 3.54244e-20)
(0.0597895 0.0376461 -3.78167e-20)
(0.109194 0.026312 8.84281e-20)
(0.111115 0.0282619 -4.61705e-20)
(0.113298 0.0310076 0)
(0.115637 0.0348324 0)
(0.118401 0.039383 0)
(0.121517 0.0447321 5.59837e-20)
(0.124308 0.0507317 -5.80456e-20)
(0.123978 0.0560556 0)
(0.11168 0.055648 3.43892e-20)
(0.0653401 0.0347026 -7.34168e-20)
(0.113128 0.0234403 -2.04288e-20)
(0.115332 0.02516 6.65605e-20)
(0.117888 0.0276167 0)
(0.120772 0.0310568 0)
(0.124209 0.0351475 2.51996e-20)
(0.128125 0.0399457 2.6724e-20)
(0.131807 0.0453139 3.03466e-20)
(0.132242 0.050063 3.04546e-20)
(0.11982 0.0496709 6.60875e-20)
(0.0703394 0.0309124 -6.0512e-22)
(0.116558 0.020008 6.04209e-20)
(0.119022 0.021473 2.15908e-20)
(0.12192 0.0235825 0)
(0.125291 0.0265411 0)
(0.129317 0.0300567 -7.4631e-20)
(0.133929 0.0341753 2.59262e-20)
(0.138382 0.0387753 5.31344e-22)
(0.13947 0.0428351 -4.56381e-22)
(0.126914 0.0424793 -6.49796e-20)
(0.074666 0.0263772 -3.49425e-20)
(0.119424 0.0161062 -3.8868e-20)
(0.122104 0.0172837 4.08929e-20)
(0.125291 0.0189931 4.27828e-20)
(0.12907 0.0213899 -4.52626e-20)
(0.133588 0.0242352 -2.38362e-20)
(0.138777 0.0275659 2.53883e-20)
(0.143865 0.0312814 -2.69511e-20)
(0.14548 0.0345546 2.89475e-20)
(0.132788 0.0342564 0)
(0.0782154 0.021215 0)
(0.121653 0.0118297 -3.72984e-20)
(0.124498 0.0126893 3.92441e-20)
(0.127911 0.0139531 0)
(0.13201 0.0157237 0)
(0.136909 0.0178233 0)
(0.142544 0.0202798 1.23963e-20)
(0.148117 0.0230181 -5.19988e-20)
(0.150124 0.0254274 4.15262e-20)
(0.137297 0.0252075 0)
(0.0809049 0.0155572 1.56488e-20)
(0.123185 0.00727777 -1.78536e-20)
(0.126143 0.00779669 1.41988e-20)
(0.129712 0.00857989 -4.82944e-21)
(0.134031 0.00967653 0)
(0.139192 0.010975 -1.10166e-20)
(0.145132 0.0124944 2.94308e-20)
(0.15103 0.014189 0)
(0.153283 0.0156799 -7.09283e-21)
(0.140324 0.0155527 1.42432e-20)
(0.0826746 0.00954152 -2.3325e-20)
(0.123979 0.00255377 0)
(0.126993 0.00271986 4.58696e-21)
(0.130645 0.00299929 4.82942e-21)
(0.13508 0.00339182 0)
(0.140379 0.00385491 5.28032e-21)
(0.146474 0.0043984 -8.55713e-21)
(0.152533 0.00501086 -3.00049e-21)
(0.15489 0.00555726 -6.55458e-21)
(0.1418 0.00552643 -7.05263e-21)
(0.0834625 0.00330752 0)
(0.0637116 0.00206501 -1.35549e-20)
(0.0607873 0.00234201 1.41617e-20)
(0.057278 0.00265335 7.38802e-21)
(0.0530584 0.00301752 7.73884e-21)
(0.0479498 0.00344922 -8.21757e-21)
(0.0417142 0.00395615 -1.2989e-20)
(0.0340453 0.00452189 4.62886e-21)
(0.0245309 0.0050309 -9.88104e-21)
(0.01321 0.00503375 -1.066e-20)
(0.00380432 0.00317371 0)
(0.0644841 0.00614329 0)
(0.0616555 0.0069665 -7.03979e-21)
(0.0582102 0.00789641 -7.3634e-21)
(0.0540891 0.00898209 0)
(0.0491036 0.0102682 1.62206e-20)
(0.043012 0.0117784 8.5302e-21)
(0.0355054 0.0134639 0)
(0.0261375 0.0149782 -9.75096e-21)
(0.0147918 0.0149808 2.65219e-24)
(0.00479371 0.00945409 -1.12589e-20)
(0.0660327 0.0100758 5.3458e-20)
(0.0633744 0.0114153 -5.62475e-20)
(0.0600553 0.0129475 0)
(0.0561298 0.014732 0)
(0.0513876 0.0168441 0)
(0.045581 0.0193242 -5.13913e-20)
(0.0383938 0.0220917 7.2998e-20)
(0.0293082 0.0245751 -1.95494e-20)
(0.0179246 0.0245717 0)
(0.00676112 0.0155147 2.25504e-20)
(0.0683034 0.0137335 5.30926e-20)
(0.0658874 0.0155623 -5.58594e-20)
(0.0627664 0.0176769 -5.79426e-20)
(0.0591343 0.0201249 4.55005e-22)
(0.0547501 0.0230173 9.6655e-20)
(0.049362 0.0264115 -3.41648e-20)
(0.0426434 0.0301969 3.61732e-20)
(0.0339709 0.0335912 -7.76003e-20)
(0.0225357 0.033582 4.1825e-20)
(0.00965839 0.0212011 0)
(0.0713345 0.0170184 -1.32515e-19)
(0.0691753 0.019301 2.73887e-20)
(0.0663028 0.0219704 0)
(0.0630467 0.0250338 0)
(0.0591205 0.0286439 3.18683e-20)
(0.0542703 0.0328758 -1.01276e-19)
(0.0481566 0.0375907 7.15561e-20)
(0.0400182 0.0418146 -7.67141e-20)
(0.0285169 0.0417973 2.69398e-22)
(0.0134155 0.0263779 -4.39818e-20)
(0.0749583 0.0197884 1.82166e-19)
(0.0731233 0.0225203 -1.36799e-19)
(0.0705787 0.0257218 0)
(0.067781 0.0293451 0)
(0.0644005 0.033596 3.17052e-20)
(0.0601922 0.0385686 3.35633e-20)
(0.0548036 0.0441001 3.48237e-20)
(0.0473075 0.0490494 3.8213e-20)
(0.0357263 0.0490182 2.06587e-22)
(0.0179417 0.0309187 8.77449e-20)
(0.0794001 0.0219618 -1.0442e-19)
(0.0778006 0.0251423 -5.32663e-20)
(0.0755773 0.0288553 0)
(0.0732655 0.0329738 0)
(0.0704802 0.0377713 0)
(0.0669896 0.0433648 -6.5674e-20)
(0.0624239 0.0495743 6.91919e-20)
(0.0556616 0.0551214 0)
(0.043989 0.0550661 -4.03987e-20)
(0.0231258 0.0347089 8.6281e-20)
(0.0841162 0.0233258 -5.11078e-20)
(0.0829354 0.0270842 5.32662e-20)
(0.0811332 0.0313274 5.47841e-20)
(0.0793512 0.0358744 5.75315e-20)
(0.0771992 0.0411028 6.06471e-20)
(0.0744853 0.0471687 6.42115e-20)
(0.0708223 0.0538889 -1.17744e-21)
(0.0648703 0.0598826 7.30993e-20)
(0.0530987 0.0597872 -3.97498e-20)
(0.028837 0.0376499 4.24341e-20)
(0.0903834 0.0240843 -1.00171e-19)
(0.0890692 0.0285073 5.12913e-20)
(0.0873955 0.0332646 -5.4784e-20)
(0.085984 0.0381052 -5.79312e-20)
(0.084403 0.0435803 5.91151e-20)
(0.0824797 0.0499188 -1.23676e-21)
(0.0797745 0.0569468 -2.02895e-19)
(0.0746932 0.0632123 -1.4457e-19)
(0.062821 0.0630558 3.90719e-20)
(0.0349268 0.039661 -4.08318e-20)
(0.0952031 0.0249947 0)
(0.0943948 0.0302969 -5.12912e-20)
(0.0934057 0.0351348 0)
(0.0925732 0.0398625 5.48544e-20)
(0.091684 0.0452422 -1.77557e-19)
(0.0906591 0.0515711 -1.25145e-19)
(0.0890029 0.0586674 1.33489e-19)
(0.0848593 0.0650146 7.16932e-20)
(0.0728983 0.0647765 0)
(0.0412323 0.0406834 8.24878e-20)
(0.0834037 3.27852e-05 0)
(0.0833049 5.59951e-05 -1.10028e-21)
(0.083156 9.15112e-05 1.09452e-21)
(0.0829612 0.000133468 0)
(0.0827138 0.0001796 -2.09937e-21)
(0.0824121 0.000229318 2.08855e-21)
(0.0820575 0.000282909 0)
(0.0816439 0.000340928 0)
(0.0811427 0.000399 0)
(0.0805342 0.000460865 0)
(0.0798186 0.000529114 9.59167e-22)
(0.0789904 0.000605788 0)
(0.0780383 0.000692919 0)
(0.076948 0.000792809 7.28286e-21)
(0.0757022 0.000908163 -7.24694e-21)
(0.0742805 0.00104212 0)
(0.0726596 0.00119835 7.82556e-21)
(0.0708079 0.00138218 -1.37674e-20)
(0.0686681 0.00160043 6.81538e-21)
(0.0662165 0.00184098 6.65015e-21)
(0.0835102 8.72891e-05 2.2782e-21)
(0.0834159 0.000146764 4.36455e-21)
(0.0832728 0.000238074 -4.34351e-21)
(0.0830839 0.000345622 2.12699e-21)
(0.0828426 0.000464405 2.09433e-21)
(0.0825475 0.000594807 8.20765e-21)
(0.0822004 0.000740212 -6.13862e-21)
(0.0817873 0.000904418 -1.59128e-20)
(0.0812836 0.00107703 3.34723e-20)
(0.0806803 0.00126517 -1.55934e-20)
(0.0799756 0.00147485 -1.42336e-20)
(0.0791624 0.0017111 3.19436e-20)
(0.0782294 0.00197963 -2.77549e-20)
(0.077163 0.00228711 1.46531e-20)
(0.0759466 0.0026414 1.7913e-21)
(0.0745606 0.00305167 2.98791e-20)
(0.0729839 0.00352836 -2.88584e-20)
(0.071188 0.00408638 0)
(0.0690959 0.00475089 1.68541e-21)
(0.0666677 0.0054957 0)
(0.083679 0.000150324 -6.74577e-21)
(0.0835907 0.000258485 1.1854e-23)
(0.0834531 0.000422732 8.51296e-21)
(0.0832711 0.000615329 -4.30659e-21)
(0.0830412 0.000826837 -1.04321e-20)
(0.082765 0.0010566 -2.04512e-21)
(0.0824449 0.00130776 -2.01727e-21)
(0.0820518 0.00157753 -1.98418e-21)
(0.0815618 0.00185843 2.72194e-20)
(0.0809796 0.00216284 -3.42811e-22)
(0.0803026 0.00250138 -3.43391e-20)
(0.0795233 0.00288249 -1.87177e-21)
(0.0786319 0.00331549 -3.68251e-21)
(0.0776159 0.00381136 0)
(0.0764604 0.00438321 -3.20131e-20)
(0.0751468 0.00504701 2.48089e-20)
(0.0736578 0.00582083 0)
(0.071975 0.00672754 -1.70485e-21)
(0.0699958 0.00782093 -1.68835e-21)
(0.0676126 0.00909918 -1.65489e-21)
(0.0839884 0.000189323 2.21525e-21)
(0.0839147 0.000325946 6.41471e-21)
(0.0837944 0.000533092 0)
(0.0836299 0.00077558 -1.86251e-20)
(0.083418 0.00104348 1.64992e-20)
(0.0831607 0.00133995 1.81124e-20)
(0.0828483 0.00167291 -1.20573e-20)
(0.082447 0.00202269 1.96767e-21)
(0.0819557 0.00239841 -2.50187e-20)
(0.0813926 0.00281106 3.49029e-22)
(0.0807483 0.00327281 2.84268e-20)
(0.0800127 0.00379573 -2.95266e-20)
(0.0791766 0.00439316 -2.69353e-20)
(0.07823 0.00508059 6.1636e-20)
(0.0771611 0.00587631 1.78133e-21)
(0.0759551 0.00680263 5.2502e-21)
(0.0745986 0.00788508 -5.49688e-20)
(0.0730935 0.00914803 2.31869e-21)
(0.0713296 0.0106709 5.96316e-22)
(0.0690308 0.0125504 5.49161e-20)
(0.084277 0.000248983 4.31115e-21)
(0.0842126 0.000440684 -1.67502e-20)
(0.0841007 0.000727803 8.32695e-21)
(0.0839495 0.00106185 4.08976e-21)
(0.0837643 0.00142826 0)
(0.0835515 0.00182775 0)
(0.0832703 0.00225438 -3.93516e-21)
(0.0828923 0.00268399 0)
(0.0824416 0.0031499 -3.83365e-21)
(0.0819262 0.00366591 0)
(0.0813398 0.00424318 3.73381e-21)
(0.0806756 0.00489507 -5.84874e-20)
(0.0799276 0.00563693 6.94259e-22)
(0.0790886 0.00648675 -2.90186e-21)
(0.0781506 0.0074662 5.68334e-20)
(0.0771025 0.00860295 -3.49366e-21)
(0.075932 0.00993287 3.42151e-21)
(0.0746628 0.0114833 -5.39242e-20)
(0.0732241 0.0133423 5.71658e-20)
(0.0710387 0.0158284 1.04958e-19)
(0.0847759 0.000256968 4.19819e-21)
(0.0847355 0.000456544 -4.11691e-21)
(0.0846535 0.000755858 -4.04494e-21)
(0.0845322 0.00110671 -3.99776e-21)
(0.0843764 0.00150379 -3.14462e-20)
(0.0841698 0.00194638 5.86236e-20)
(0.0838561 0.00238678 -3.49367e-20)
(0.0834589 0.00285952 0)
(0.0830327 0.00338135 -3.76258e-21)
(0.0825606 0.00396566 -3.71598e-21)
(0.0820298 0.00462697 -3.66958e-21)
(0.0814353 0.00538227 5.41544e-20)
(0.0807732 0.00625169 -1.18425e-19)
(0.0800404 0.0072593 5.7069e-20)
(0.0792353 0.00843374 0)
(0.0783579 0.00980952 -3.44154e-21)
(0.0774039 0.0114327 -1.15369e-19)
(0.0764182 0.0133316 1.0855e-19)
(0.0754396 0.0155459 -3.3452e-21)
(0.0734514 0.0187514 0)
(0.0850942 0.000324848 4.09531e-21)
(0.085062 0.000600807 -1.1851e-20)
(0.0849917 0.00100445 4.13421e-21)
(0.0849032 0.00147381 2.35132e-20)
(0.0847991 0.00198644 3.85826e-21)
(0.0845971 0.00248385 -2.27588e-20)
(0.0842978 0.00298868 4.17073e-21)
(0.0839731 0.00355204 3.01537e-20)
(0.0836156 0.00417928 7.40817e-21)
(0.0832166 0.00487901 6.19555e-20)
(0.082775 0.00566564 -5.11555e-20)
(0.0822925 0.00655601 -4.9847e-20)
(0.0817718 0.00756912 6.06955e-20)
(0.0812167 0.00872653 3.49089e-21)
(0.0806332 0.0100527 3.45011e-21)
(0.0800296 0.011576 6.8535e-21)
(0.0794037 0.0133408 6.77491e-21)
(0.0787904 0.0153882 -3.32798e-21)
(0.078395 0.017676 0)
(0.0766344 0.0214007 1.03885e-19)
(0.0858089 0.000276645 -1.18292e-20)
(0.0858056 0.000511547 4.78143e-23)
(0.0857802 0.000883961 -3.82463e-21)
(0.0857268 0.00131776 -3.39595e-20)
(0.0855633 0.00174019 2.27665e-20)
(0.0852951 0.00216536 -3.73616e-21)
(0.0850159 0.00264753 0)
(0.0847286 0.00318926 0)
(0.0844194 0.00379782 -7.26372e-21)
(0.0840832 0.00448722 -3.5883e-21)
(0.0837204 0.00527437 -3.57684e-21)
(0.0833332 0.00617904 -3.54457e-21)
(0.0829253 0.00722499 0)
(0.0825025 0.00844178 -6.92847e-21)
(0.0820741 0.00986714 -3.4472e-21)
(0.0816583 0.0115482 -6.79212e-21)
(0.0812739 0.0135532 -3.38184e-21)
(0.0809727 0.0159653 -1.02324e-19)
(0.0811774 0.0186329 1.06148e-19)
(0.0798221 0.0232137 0)
(0.0860451 0.000419468 0)
(0.0860827 0.000804498 3.73181e-21)
(0.0860981 0.00130331 1.85763e-21)
(0.0860012 0.00181549 0)
(0.0858277 0.00232906 3.27294e-20)
(0.0856476 0.00290668 -2.92661e-20)
(0.0854507 0.00355311 5.91339e-20)
(0.085235 0.00426697 -5.77316e-20)
(0.0850027 0.00505721 5.33668e-21)
(0.084758 0.00593852 1.78302e-21)
(0.084508 0.00692859 0)
(0.0842626 0.00804791 0)
(0.0840367 0.00931964 0)
(0.083852 0.0107689 1.12209e-19)
(0.0837397 0.0124204 -2.17433e-19)
(0.0837456 0.0142927 5.07685e-21)
(0.0839203 0.0163964 1.07747e-19)
(0.0843018 0.0187489 0)
(0.0853797 0.0210502 0)
(0.0845945 0.0250633 1.04425e-19)
(0.087323 0.00026922 0)
(0.087296 0.000455337 -1.42776e-20)
(0.0872012 0.000705208 -1.22157e-20)
(0.0870719 0.000979703 2.86823e-20)
(0.086933 0.0013169 2.81317e-20)
(0.0867791 0.00170619 -8.43688e-20)
(0.0866134 0.00215136 5.4747e-20)
(0.0864429 0.00266193 0)
(0.086273 0.00325062 -1.74098e-21)
(0.0861105 0.00393231 -5.30093e-20)
(0.0859658 0.00472357 1.097e-19)
(0.0858524 0.00564273 -5.49592e-20)
(0.0857882 0.00670972 0)
(0.0857947 0.00794612 -1.06812e-19)
(0.0858962 0.00937621 2.13996e-19)
(0.0861168 0.011031 -1.07186e-19)
(0.0864666 0.0129622 0)
(0.0869441 0.0152725 -1.03814e-19)
(0.0877301 0.0180855 1.04904e-19)
(0.0875993 0.0229014 -1.62255e-21)
(0.0875904 0.000482937 0)
(0.087578 0.000906848 0)
(0.0875438 0.00149555 0)
(0.0874856 0.00217132 0)
(0.0874105 0.00290497 0)
(0.0873262 0.00369686 0)
(0.0872402 0.00455694 0)
(0.0871601 0.00549556 0)
(0.0870939 0.00652471 0)
(0.0870515 0.00765865 0)
(0.0870464 0.0089136 0)
(0.0870963 0.0103078 0)
(0.0872231 0.0118621 0)
(0.0874551 0.0136004 0)
(0.0878282 0.0155535 0)
(0.0883893 0.0177654 0)
(0.0891922 0.0203065 0)
(0.0902959 0.0232688 0)
(0.0920694 0.0265633 0)
(0.0957021 0.0288518 0)
(0.0879567 0.000430672 0)
(0.0879501 0.000800901 0)
(0.0879327 0.00131503 0)
(0.0879049 0.00188992 0)
(0.0878723 0.00250834 0)
(0.0878414 0.00317376 0)
(0.0878191 0.00389452 0)
(0.0878131 0.00467987 0)
(0.0878326 0.00553998 0)
(0.0878887 0.00648597 0)
(0.0879959 0.00752964 0)
(0.088173 0.00868329 0)
(0.0884434 0.00995975 0)
(0.0888378 0.0113724 0)
(0.0893973 0.0129356 0)
(0.0901812 0.0146664 0)
(0.0912732 0.0165838 0)
(0.0927828 0.0186929 0)
(0.0950679 0.0208533 0)
(0.0990627 0.0222478 0)
(0.0884662 0.000436204 0)
(0.088467 0.000817617 0)
(0.0884663 0.00134662 0)
(0.088466 0.00193557 0)
(0.0884707 0.00256427 0)
(0.0884859 0.00323393 0)
(0.0885181 0.0039512 0)
(0.0885754 0.00472383 0)
(0.0886674 0.00555991 0)
(0.0888055 0.0064677 0)
(0.0890044 0.0074554 0)
(0.0892827 0.00853076 0)
(0.0896635 0.00970063 0)
(0.0901759 0.0109702 0)
(0.0908586 0.0123413 0)
(0.0917647 0.0138101 0)
(0.0929624 0.0153588 0)
(0.0945143 0.0169338 0)
(0.0966296 0.018368 0)
(0.100056 0.0191614 0)
(0.0890253 0.000435773 0)
(0.0890334 0.000816909 0)
(0.0890482 0.00134551 0)
(0.0890723 0.00193155 0)
(0.0891094 0.00255297 0)
(0.0891648 0.00320982 0)
(0.0892447 0.00390759 0)
(0.089357 0.00465264 0)
(0.089511 0.00545123 0)
(0.0897179 0.00630922 0)
(0.0899917 0.00723178 0)
(0.0903498 0.00822278 0)
(0.090813 0.00928414 0)
(0.0914069 0.0104146 0)
(0.0921634 0.0116076 0)
(0.0931234 0.0128479 0)
(0.0943314 0.0141043 0)
(0.0958046 0.0153166 0)
(0.0976531 0.016366 0)
(0.100543 0.0169697 0)
(0.089585 0.000426965 0)
(0.0896002 0.000799183 0)
(0.0896283 0.00131526 0)
(0.0896727 0.00188526 0)
(0.0897372 0.00248622 0)
(0.0898265 0.00311709 0)
(0.0899465 0.00378208 0)
(0.0901045 0.0044861 0)
(0.0903092 0.00523366 0)
(0.0905711 0.00602851 0)
(0.0909028 0.00687321 0)
(0.0913197 0.00776855 0)
(0.0918396 0.00871277 0)
(0.0924833 0.00970036 0)
(0.0932754 0.0107202 0)
(0.0942446 0.0117526 0)
(0.0954178 0.012765 0)
(0.0967872 0.0137069 0)
(0.0984106 0.0145036 0)
(0.10088 0.0149857 0)
(0.0901316 0.00041391 0)
(0.0901532 0.000773379 0)
(0.0901925 0.00127151 0)
(0.0902539 0.00182 0)
(0.0903411 0.00239543 0)
(0.0904584 0.00299567 0)
(0.0906111 0.00362371 0)
(0.0908058 0.00428311 0)
(0.0910506 0.00497683 0)
(0.0913546 0.00570684 0)
(0.0917289 0.00647374 0)
(0.0921865 0.00727609 0)
(0.0927418 0.00810974 0)
(0.0934112 0.00896689 0)
(0.0942125 0.00983466 0)
(0.0951651 0.0106932 0)
(0.0962839 0.0115133 0)
(0.097551 0.0122555 0)
(0.0990007 0.0128719 0)
(0.101162 0.0132523 0)
(0.0906583 0.000396758 0)
(0.0906851 0.000740011 0)
(0.0907339 0.0012154 0)
(0.0908092 0.00173744 0)
(0.0909149 0.0022827 0)
(0.0910548 0.0028482 0)
(0.0912336 0.00343586 0)
(0.0914571 0.00404807 0)
(0.0917325 0.00468652 0)
(0.0920675 0.00535181 0)
(0.0924716 0.00604309 0)
(0.0929552 0.0067575 0)
(0.0935299 0.00748956 0)
(0.0942077 0.00823054 0)
(0.0950012 0.00896749 0)
(0.0959228 0.00968219 0)
(0.0969803 0.01035 0)
(0.0981523 0.0109404 0)
(0.0994598 0.0114214 0)
(0.101368 0.011712 0)
(0.0911595 0.000375951 0)
(0.0911908 0.000700063 0)
(0.0912473 0.00114866 0)
(0.0913338 0.00164009 0)
(0.0914542 0.00215132 0)
(0.0916119 0.00267875 0)
(0.0918109 0.0032234 0)
(0.0920564 0.00378671 0)
(0.0923543 0.00436936 0)
(0.0927111 0.00497095 0)
(0.0931345 0.00558965 0)
(0.0936329 0.00622179 0)
(0.0942148 0.00686133 0)
(0.0948891 0.00749945 0)
(0.0956641 0.00812403 0)
(0.0965475 0.00871905 0)
(0.0975427 0.00926414 0)
(0.098628 0.00973577 0)
(0.0998157 0.0101115 0)
(0.10151 0.0103287 0)
(0.0916312 0.000352181 0)
(0.0916661 0.000654871 0)
(0.0917286 0.00107355 0)
(0.091824 0.00153119 0)
(0.0919559 0.00200556 0)
(0.0921272 0.00249261 0)
(0.0923416 0.00299265 0)
(0.0926031 0.00350637 0)
(0.0929167 0.00403372 0)
(0.0932878 0.00457359 0)
(0.0937224 0.00512356 0)
(0.0942269 0.00567957 0)
(0.0948075 0.00623553 0)
(0.0954704 0.00678309 0)
(0.0962208 0.0073113 0)
(0.0970629 0.0078064 0)
(0.0979975 0.00825168 0)
(0.0990042 0.00862864 0)
(0.100089 0.00892107 0)
(0.101596 0.00907931 0)
(0.0920701 0.000326058 0)
(0.0921078 0.000605561 0)
(0.0921751 0.00099193 0)
(0.0922772 0.00141341 0)
(0.0924178 0.00184886 0)
(0.0925993 0.00229402 0)
(0.0928248 0.00274864 0)
(0.0930975 0.00321285 0)
(0.0934215 0.00368607 0)
(0.0938009 0.00416676 0)
(0.0942405 0.00465221 0)
(0.0947449 0.00513826 0)
(0.0953183 0.0056191 0)
(0.0959649 0.00608709 0)
(0.0966874 0.00653262 0)
(0.0974879 0.006944 0)
(0.0983653 0.00730751 0)
(0.099301 0.00760844 0)
(0.100296 0.00783483 0)
(0.101638 0.00794697 0)
(0.0924738 0.000298112 0)
(0.0925135 0.000553094 0)
(0.0925843 0.00090536 0)
(0.0926915 0.00128894 0)
(0.0928385 0.00168407 0)
(0.0930273 0.00208644 0)
(0.0932604 0.00249541 0)
(0.0935405 0.00291069 0)
(0.0938706 0.00333138 0)
(0.094254 0.00375569 0)
(0.0946939 0.00418086 0)
(0.0951938 0.00460285 0)
(0.0957564 0.00501626 0)
(0.0963839 0.00541431 0)
(0.0970777 0.00578869 0)
(0.0978378 0.00612958 0)
(0.0986623 0.00642572 0)
(0.0995344 0.0066653 0)
(0.100451 0.0068394 0)
(0.101649 0.00691626 0)
(0.0928401 0.000268799 0)
(0.0928815 0.000498282 0)
(0.0929548 0.000815148 0)
(0.0930656 0.00115962 0)
(0.0932171 0.00151353 0)
(0.093411 0.00187268 0)
(0.0936491 0.00223619 0)
(0.0939335 0.00260348 0)
(0.0942665 0.00297345 0)
(0.0946504 0.00334424 0)
(0.0950877 0.00371318 0)
(0.0955802 0.00407651 0)
(0.0961298 0.00442936 0)
(0.0967373 0.00476579 0)
(0.0974027 0.00507872 0)
(0.098125 0.00535996 0)
(0.0989013 0.00560029 0)
(0.0997171 0.00579018 0)
(0.100566 0.005923 0)
(0.101637 0.00597347 0)
(0.0931678 0.000238503 0)
(0.0932103 0.000441794 0)
(0.0932854 0.000722357 0)
(0.0933987 0.00102693 0)
(0.0935533 0.00133912 0)
(0.0937503 0.00165496 0)
(0.0939913 0.00197346 0)
(0.0942778 0.00229386 0)
(0.0946114 0.002615 0)
(0.0949937 0.00293505 0)
(0.0954262 0.00325151 0)
(0.09591 0.00356099 0)
(0.0964457 0.00385925 0)
(0.0970333 0.00414116 0)
(0.0976718 0.00440074 0)
(0.0983594 0.00463122 0)
(0.0990927 0.00482507 0)
(0.099859 0.00497462 0)
(0.10065 0.00507495 0)
(0.101611 0.00510607 0)
(0.0934559 0.000207536 0)
(0.093499 0.000384166 0)
(0.0935754 0.000627829 0)
(0.0936903 0.000892019 0)
(0.0938467 0.00116228 0)
(0.0940456 0.00143496 0)
(0.094288 0.00170906 0)
(0.094575 0.00198376 0)
(0.0949077 0.00225789 0)
(0.0952869 0.00252977 0)
(0.0957136 0.00279713 0)
(0.096188 0.003057 0)
(0.09671 0.00330576 0)
(0.0972788 0.00353909 0)
(0.0978927 0.00375201 0)
(0.0985493 0.00393898 0)
(0.0992448 0.0040939 0)
(0.0999684 0.00421059 0)
(0.10071 0.00428539 0)
(0.101578 0.00430261 0)
(0.0937035 0.000176143 0)
(0.0937471 0.000325812 0)
(0.0938242 0.000532202 0)
(0.0939401 0.000755746 0)
(0.0940975 0.000984037 0)
(0.0942973 0.00121387 0)
(0.0945401 0.00144425 0)
(0.0948266 0.00167441 0)
(0.0951574 0.00190325 0)
(0.095533 0.00212928 0)
(0.0959534 0.00235051 0)
(0.0964186 0.00256442 0)
(0.0969277 0.00276798 0)
(0.0974795 0.00295765 0)
(0.0980717 0.00312938 0)
(0.0987013 0.0032787 0)
(0.0993644 0.00340072 0)
(0.100052 0.0034905 0)
(0.100752 0.0035453 0)
(0.10154 0.00355285 0)
(0.0939102 0.000144494 0)
(0.093954 0.000267034 0)
(0.0940316 0.000435949 0)
(0.094148 0.000618741 0)
(0.0943059 0.00080515 0)
(0.094506 0.000992489 0)
(0.0947486 0.00117985 0)
(0.095034 0.00136652 0)
(0.0953625 0.00155157 0)
(0.0957342 0.00173374 0)
(0.0961487 0.00191136 0)
(0.0966054 0.00208235 0)
(0.0971032 0.00224429 0)
(0.0976402 0.00239433 0)
(0.0982138 0.00252928 0)
(0.0988207 0.00264563 0)
(0.0994567 0.00273956 0)
(0.100114 0.00280718 0)
(0.10078 0.00284633 0)
(0.101504 0.00284718 0)
(0.0940757 0.0001127 0)
(0.0941197 0.000208025 0)
(0.0941974 0.000339372 0)
(0.094314 0.000481398 0)
(0.0944722 0.00062609 0)
(0.0946721 0.000771297 0)
(0.0949142 0.000916276 0)
(0.0951983 0.00106042 0)
(0.0955246 0.00120297 0)
(0.0958927 0.00134291 0)
(0.096302 0.00147894 0)
(0.0967515 0.00160946 0)
(0.0972397 0.0017326 0)
(0.0977645 0.0018462 0)
(0.098323 0.00194785 0)
(0.0989116 0.00203492 0)
(0.099526 0.00210457 0)
(0.100159 0.00215385 0)
(0.100798 0.00218102 0)
(0.101468 0.00217826 0)
(0.0941995 8.08201e-05 0)
(0.0942436 0.000148878 0)
(0.0943216 0.000242625 0)
(0.0944383 0.000343928 0)
(0.0945965 0.000447074 0)
(0.0947962 0.00055049 0)
(0.0950376 0.000653623 0)
(0.0953206 0.000756013 0)
(0.0956449 0.000857095 0)
(0.09601 0.000956123 0)
(0.0964151 0.00105216 0)
(0.096859 0.00114407 0)
(0.0973398 0.00123055 0)
(0.0978553 0.0013101 0)
(0.0984023 0.00138104 0)
(0.0989772 0.00144159 0)
(0.0995756 0.00148987 0)
(0.100191 0.00152389 0)
(0.10081 0.0015421 0)
(0.101442 0.0015367 0)
(0.0942815 4.87863e-05 0)
(0.0943258 8.95399e-05 0)
(0.094404 0.000145716 0)
(0.0945209 0.000206395 0)
(0.0946791 0.000268154 0)
(0.0948786 0.000330054 0)
(0.0951195 0.00039174 0)
(0.0954015 0.000452933 0)
(0.0957244 0.000513286 0)
(0.0960874 0.000572335 0)
(0.0964896 0.000629507 0)
(0.0969295 0.000684135 0)
(0.0974053 0.000735448 0)
(0.0979145 0.000782569 0)
(0.0984541 0.000824544 0)
(0.09902 0.000860415 0)
(0.099608 0.00088928 0)
(0.100212 0.00091044 0)
(0.100817 0.000923691 0)
(0.101417 0.000924556 0)
(0.0943222 1.63512e-05 0)
(0.0943666 2.98965e-05 0)
(0.094445 4.85988e-05 0)
(0.094562 6.88004e-05 0)
(0.0947202 8.93559e-05 0)
(0.0949195 0.000109957 0)
(0.0951601 0.000130481 0)
(0.0954417 0.000150834 0)
(0.0957638 0.0001709 0)
(0.0961257 0.00019052 0)
(0.0965264 0.000209502 0)
(0.0969643 0.000227626 0)
(0.0974376 0.000244636 0)
(0.0979437 0.000260247 0)
(0.0984795 0.000274159 0)
(0.0990414 0.000286091 0)
(0.0996253 0.000295843 0)
(0.100227 0.000303374 0)
(0.100834 0.000308612 0)
(0.101443 0.000306414 0)
(0.100874 0.0220903 -1.52666e-21)
(0.105694 0.0206018 -9.3366e-20)
(0.108863 0.0194242 0)
(0.111855 0.0177647 -8.72043e-20)
(0.114497 0.0157048 0)
(0.116779 0.0133057 -8.00627e-20)
(0.118678 0.0106388 3.94226e-20)
(0.120147 0.00777051 -1.16956e-21)
(0.121153 0.00475974 0)
(0.121671 0.00166157 0)
(0.100945 0.0206929 9.74733e-20)
(0.105533 0.01997 0)
(0.107734 0.018758 8.99831e-20)
(0.110179 0.0170389 0)
(0.112568 0.0149919 -2.55596e-21)
(0.114687 0.0126628 4.24327e-20)
(0.116472 0.0101044 -1.25804e-22)
(0.117865 0.00737131 -1.12242e-21)
(0.118822 0.00451491 1.1205e-21)
(0.119317 0.00158448 4.18821e-21)
(0.10143 0.0184665 -9.64583e-20)
(0.106059 0.0173549 0)
(0.107951 0.0159555 -8.68303e-20)
(0.110021 0.0143472 -2.73488e-21)
(0.112015 0.0125547 8.28045e-20)
(0.113753 0.0105724 -3.99542e-20)
(0.115214 0.00842205 1.08176e-21)
(0.116355 0.00613629 -1.17238e-21)
(0.11714 0.00375093 0)
(0.117545 0.00130356 -8.41637e-21)
(0.101837 0.0165727 0)
(0.106107 0.0154892 9.14704e-20)
(0.10768 0.0142059 -2.72831e-21)
(0.10945 0.0127325 5.35113e-21)
(0.111189 0.0110899 -8.79657e-20)
(0.112706 0.00929766 2.53432e-21)
(0.113985 0.00737894 -3.83901e-20)
(0.114984 0.00536056 0)
(0.115672 0.00327007 -1.81991e-20)
(0.116026 0.00113546 4.76861e-21)
(0.102215 0.0146936 -9.32568e-20)
(0.106082 0.0136213 2.45786e-21)
(0.107461 0.0124175 -5.493e-21)
(0.109011 0.0110809 5.32187e-21)
(0.110533 0.00961683 -2.61751e-21)
(0.111853 0.00804252 -2.44298e-21)
(0.112963 0.00637167 3.61973e-21)
(0.113833 0.0046226 1.61427e-20)
(0.114432 0.00281606 1.88705e-20)
(0.114739 0.000974029 0)
(0.102514 0.0130083 1.84295e-19)
(0.105951 0.0119993 -1.7936e-19)
(0.107166 0.0109088 -2.68573e-21)
(0.108534 0.00970915 2.68805e-21)
(0.109883 0.00840124 0)
(0.111055 0.00700703 3.97196e-20)
(0.112042 0.0055387 1.17799e-21)
(0.112815 0.00401089 -2.08364e-20)
(0.113348 0.00243973 1.13519e-21)
(0.113622 0.00084197 -4.26796e-21)
(0.102719 0.0114743 -9.10582e-20)
(0.105758 0.0105302 9.16295e-20)
(0.106858 0.00954088 -5.40993e-21)
(0.108081 0.00846813 2.67466e-21)
(0.109292 0.00730848 4.09253e-20)
(0.110344 0.0060829 -2.5231e-21)
(0.111231 0.00480031 4.08704e-20)
(0.111927 0.00347159 0)
(0.112406 0.00210919 8.93024e-21)
(0.112652 0.000726092 4.289e-21)
(0.102837 0.0100935 0)
(0.105521 0.00922419 0)
(0.106536 0.00833396 0)
(0.107644 0.00737985 4.44936e-20)
(0.108744 0.00635482 -8.43507e-20)
(0.109702 0.00527872 -7.51358e-23)
(0.110511 0.00415888 -1.81162e-20)
(0.111146 0.0030037 -2.32611e-21)
(0.111583 0.00182282 -1.67936e-20)
(0.111807 0.000626205 0)
(0.102884 0.0088474 -4.42572e-20)
(0.10526 0.00805307 0)
(0.106215 0.00725383 -2.62945e-21)
(0.107233 0.00640865 -3.66023e-20)
(0.108246 0.00550693 3.82392e-20)
(0.10913 0.00456627 -3.97513e-20)
(0.109877 0.0035924 -1.92947e-20)
(0.110463 0.00259155 -1.14442e-21)
(0.110867 0.0015711 1.91565e-20)
(0.111074 0.000538645 0)
(0.102876 0.0077228 8.75494e-20)
(0.104986 0.00700295 0)
(0.105902 0.0062886 -2.61232e-21)
(0.106852 0.00554371 -3.63647e-20)
(0.107795 0.00475426 -2.58453e-21)
(0.108622 0.00393541 2.43998e-21)
(0.10932 0.00309177 1.8028e-20)
(0.109868 0.00222789 -2.10497e-20)
(0.110246 0.00134931 -8.44544e-21)
(0.110439 0.00046175 5.55014e-22)
(0.102828 0.00670381 -4.19665e-20)
(0.104712 0.00605624 1.2814e-21)
(0.105603 0.00542066 -2.67072e-21)
(0.106504 0.00476791 4.40276e-20)
(0.107393 0.00408099 -2.57959e-21)
(0.108175 0.00337242 0)
(0.108835 0.00264588 -2.30764e-23)
(0.109352 0.00190452 1.66132e-23)
(0.109709 0.00115238 -9.07599e-21)
(0.109892 0.000393656 0)
(0.102755 0.00577621 -1.31899e-21)
(0.104445 0.00519875 3.95429e-21)
(0.105323 0.00463691 -5.2344e-21)
(0.106189 0.00406908 5.15953e-21)
(0.107037 0.00347596 -2.57507e-21)
(0.107785 0.00286748 -2.44116e-21)
(0.108415 0.00224658 -1.57356e-20)
(0.108909 0.00161531 1.64886e-20)
(0.109249 0.000976458 1.93941e-20)
(0.109424 0.000332987 0)
(0.102667 0.00492656 0)
(0.104192 0.00441722 -4.19878e-20)
(0.105067 0.00392492 0)
(0.105909 0.00343561 2.05517e-20)
(0.106727 0.00292866 0)
(0.107448 0.00241152 0)
(0.108055 0.00188651 1.19233e-21)
(0.108531 0.0013548 -1.20234e-21)
(0.108859 0.000818171 -9.15714e-21)
(0.109026 0.000278539 0)
(0.102572 0.00414247 4.05169e-20)
(0.103959 0.00369944 4.30198e-20)
(0.104836 0.00327331 0)
(0.105665 0.00285697 2.49628e-21)
(0.10646 0.0024296 -2.27767e-20)
(0.107162 0.00199636 -2.4433e-21)
(0.107752 0.00155903 -7.24914e-21)
(0.108214 0.0011181 -1.16342e-21)
(0.108531 0.000674475 -3.42531e-21)
(0.108694 0.000229217 0)
(0.102478 0.00341337 -6.20951e-20)
(0.10375 0.00303557 -2.06595e-20)
(0.104633 0.00267323 -2.53569e-21)
(0.105456 0.00232523 -1.53323e-20)
(0.106236 0.00197176 3.78271e-20)
(0.106925 0.00161604 0)
(0.107502 0.00125938 1.09488e-20)
(0.107953 0.000901708 -1.21002e-21)
(0.108263 0.000543247 4.61805e-21)
(0.108421 0.000184307 1.11503e-21)
(0.102391 0.00272788 2.04898e-20)
(0.103569 0.00241313 2.30479e-20)
(0.10446 0.00211196 1.53427e-20)
(0.105284 0.00182811 2.58251e-21)
(0.106054 0.0015439 -2.01809e-20)
(0.106733 0.00126088 0)
(0.107301 0.000979753 9.764e-21)
(0.107744 0.000699911 -5.9416e-21)
(0.108048 0.000420924 1.18078e-21)
(0.108203 0.000142443 -1.12077e-21)
(0.102311 0.00208139 2.02681e-20)
(0.103416 0.00183061 0)
(0.104318 0.00159087 -2.28791e-20)
(0.105145 0.00136911 1.52162e-20)
(0.105911 0.00115061 -2.55737e-21)
(0.106584 0.000935629 2.44795e-21)
(0.107147 0.000724413 -1.10789e-20)
(0.107584 0.000516084 -2.39108e-21)
(0.107884 0.000309812 1.18587e-21)
(0.108037 0.000104777 0)
(0.102252 0.00145497 -8.80714e-21)
(0.103304 0.00125774 1.21034e-21)
(0.104215 0.00107132 -2.56792e-21)
(0.105047 0.000905672 2.48276e-21)
(0.105809 0.000749643 -2.55459e-21)
(0.106477 0.000601888 4.97923e-21)
(0.107034 0.000461288 0)
(0.107466 0.000326014 4.80615e-21)
(0.107762 0.000194408 -2.33901e-21)
(0.107912 6.49513e-05 5.66034e-22)
(0.102198 0.000875618 -9.94264e-21)
(0.103216 0.000752166 2.47202e-21)
(0.104138 0.000639831 -1.21592e-24)
(0.104978 0.000542843 -7.53216e-21)
(0.105741 0.000451486 -2.51228e-21)
(0.106408 0.000364064 -9.93044e-21)
(0.106962 0.000280037 3.70837e-21)
(0.10739 0.000198645 -2.14151e-23)
(0.107683 0.000119186 2.35034e-21)
(0.107832 4.0904e-05 -5.68993e-22)
(0.102236 0.000240119 0)
(0.103243 0.000111106 0)
(0.104157 1.47157e-05 -7.52008e-21)
(0.104976 -4.47281e-05 2.5645e-21)
(0.105713 -7.71308e-05 2.52521e-21)
(0.106357 -8.89271e-05 2.50939e-21)
(0.106893 -8.49606e-05 1.21837e-21)
(0.107309 -6.93589e-05 -3.65153e-21)
(0.107592 -4.57259e-05 1.20902e-21)
(0.107737 -1.7371e-05 0)
)
;

boundaryField
{
    bottom
    {
        type            symmetryPlane;
    }
    right
    {
        type            zeroGradient;
    }
    top
    {
        type            symmetryPlane;
    }
    left
    {
        type            zeroGradient;
    }
    cylinder
    {
        type            noSlip;
    }
    defaultFaces
    {
        type            empty;
    }
}


// ************************************************************************* //
