/*--------------------------------*- C++ -*----------------------------------*\
| =========                 |                                                 |
| \\      /  F ield         | OpenFOAM: The Open Source CFD Toolbox           |
|  \\    /   O peration     | Version:  4.1                                   |
|   \\  /    A nd           | Web:      www.OpenFOAM.org                      |
|    \\/     M anipulation  |                                                 |
\*---------------------------------------------------------------------------*/
FoamFile
{
    version     2.0;
    format      ascii;
    class       volVectorField;
    location    "8.1";
    object      U;
}
// * * * * * * * * * * * * * * * * * * * * * * * * * * * * * * * * * * * * * //

dimensions      [0 1 -1 0 0 0 0];

internalField   nonuniform List<vector> 
2000
(
(-0.0425691 0.0361446 4.80691e-20)
(-0.020004 0.0429568 0)
(0.0960401 0.0273891 7.68653e-20)
(0.29068 0.00456615 3.44378e-20)
(0.542088 -0.0155763 -6.41692e-20)
(0.81714 -0.0294721 -8.68439e-20)
(1.08431 -0.035592 2.73603e-20)
(1.31477 -0.0413879 0)
(1.51882 -0.0359489 -2.22817e-20)
(1.63941 -0.0475144 0)
(-0.0379764 0.0287905 -2.38044e-20)
(0.0260537 0.0199638 2.11346e-20)
(0.211736 -0.00149211 -8.14013e-20)
(0.487149 -0.0205886 -1.08664e-19)
(0.803329 -0.0301352 -9.91796e-22)
(1.10832 -0.0309423 2.85584e-20)
(1.36678 -0.0266037 -2.73982e-20)
(1.56622 -0.0229435 -2.41078e-20)
(1.70794 -0.0161819 2.22809e-20)
(1.7835 -0.0252403 3.85094e-20)
(-0.0258708 0.019246 2.5793e-20)
(0.0990864 -0.00467182 -2.41593e-20)
(0.372635 -0.0249448 4.09603e-20)
(0.72694 -0.031622 -1.71909e-21)
(1.07941 -0.0258528 3.3108e-20)
(1.37312 -0.0145324 2.98277e-20)
(1.58852 -0.00354479 2.68368e-20)
(1.73045 0.00268616 2.41075e-20)
(1.81515 0.00691052 2.07081e-20)
(1.86691 -0.000618052 -1.83114e-20)
(-0.00341724 0.00780757 -7.45624e-22)
(0.204452 -0.0274758 -2.58814e-20)
(0.574836 -0.0361782 0)
(0.984113 -0.0240518 3.64206e-20)
(1.3311 -0.00413081 -3.5782e-20)
(1.57886 0.0137827 0)
(1.73462 0.0252992 0)
(1.82281 0.0294348 0)
(1.8719 0.0304793 -2.07094e-20)
(1.89321 0.0219641 3.52003e-20)
(0.0323345 -0.00441103 6.17017e-20)
(0.34409 -0.0424551 6.79003e-23)
(0.801899 -0.0293343 2.43713e-20)
(1.22618 0.00166749 1.92984e-20)
(1.53188 0.0296624 1.79013e-20)
(1.71902 0.0477263 1.51384e-20)
(1.82035 0.055779 0)
(1.87127 0.0565569 1.08203e-20)
(1.89604 0.0537296 -4.55651e-20)
(1.91203 0.0442132 5.95424e-20)
(0.0838563 -0.0151084 -9.72043e-20)
(0.513187 -0.0423854 2.08652e-21)
(1.02875 -0.00265565 -4.84375e-20)
(1.42938 0.0414545 4.34346e-20)
(1.67617 0.0705248 -5.19644e-20)
(1.80587 0.0843942 1.68403e-20)
(1.86628 0.0874869 0)
(1.89296 0.0842482 -1.08212e-20)
(1.90756 0.0779225 9.1768e-21)
(1.91849 0.0684926 2.70251e-20)
(0.152065 -0.0209567 0)
(0.698535 -0.0221121 0)
(1.23293 0.0415475 -2.49576e-20)
(1.58521 0.090951 2.32333e-20)
(1.77132 0.115725 -1.67324e-20)
(1.85414 0.123041 1.57095e-20)
(1.88636 0.120463 2.20734e-20)
(1.89975 0.11312 -2.08648e-20)
(1.90872 0.103738 -1.46704e-20)
(1.91892 0.0936687 7.01377e-21)
(0.235375 -0.0183081 1.93233e-20)
(0.882126 0.0192194 0)
(1.40181 0.0994812 -1.17602e-20)
(1.69547 0.146991 4.39371e-20)
(1.82734 0.163815 -2.7433e-20)
(1.87508 0.163322 0)
(1.8896 0.154911 0)
(1.89583 0.143418 0)
(1.90313 0.131143 -1.22423e-20)
(1.91308 0.120282 1.16373e-20)
(0.32915 -0.00421097 -9.88546e-21)
(1.04779 0.0787174 -3.67554e-22)
(1.53111 0.167351 -1.36303e-20)
(1.7657 0.207302 5.18567e-21)
(1.85303 0.213832 4.91956e-21)
(1.87626 0.205006 6.9763e-21)
(1.88034 0.190707 0)
(1.8835 0.175034 -1.56302e-21)
(1.8903 0.160024 -5.75664e-21)
(1.90036 0.147376 4.42005e-21)
(0.426356 0.0228327 0)
(1.18527 0.151871 -8.47168e-21)
(1.62114 0.241634 0)
(1.802 0.270105 -2.93615e-21)
(1.85495 0.264978 -2.71491e-21)
(1.86206 0.247628 -3.08846e-21)
(1.86064 0.227402 0)
(1.86286 0.207452 1.56318e-21)
(1.87014 0.189575 1.10639e-21)
(1.88079 0.174499 4.03498e-22)
(-0.0100334 0.00954625 0)
(-0.0396457 0.0174473 -4.22579e-21)
(-0.0811709 0.0200533 0)
(-0.121037 0.0204035 -5.57185e-21)
(-0.156806 0.0197877 -1.77136e-21)
(-0.188421 0.0188213 3.32466e-21)
(-0.216134 0.0178246 -3.13102e-21)
(-0.240384 0.0169797 3.00667e-21)
(-0.261855 0.0164437 5.78872e-24)
(-0.281738 0.0163899 2.71507e-21)
(-0.0116413 0.0273955 -1.33775e-20)
(-0.0404736 0.0504203 8.36727e-21)
(-0.0785814 0.0582083 -7.95954e-21)
(-0.114095 0.0592698 3.69325e-21)
(-0.144907 0.0573378 1.76088e-20)
(-0.170913 0.0542315 -6.61852e-21)
(-0.192288 0.0509186 0)
(-0.20932 0.0479909 -2.99655e-21)
(-0.222403 0.0459552 -2.85501e-21)
(-0.233131 0.0454085 0)
(-0.0145806 0.0417829 8.9225e-21)
(-0.0422008 0.0779908 0)
(-0.0741959 0.0907314 2.40852e-20)
(-0.101815 0.0925067 -3.01715e-20)
(-0.123581 0.0890873 7.10652e-21)
(-0.13942 0.0833654 0)
(-0.149448 0.0769171 0)
(-0.153827 0.0708015 0)
(-0.152295 0.0659967 2.32607e-20)
(-0.14606 0.0638169 -2.21065e-20)
(-0.0183455 0.051358 0)
(-0.0448664 0.0976815 -1.76347e-20)
(-0.0692223 0.114673 3.27847e-20)
(-0.0865512 0.117046 -1.53131e-20)
(-0.0963447 0.112 1.45564e-20)
(-0.0987324 0.103247 -4.12176e-20)
(-0.0938558 0.0927791 -1.68992e-22)
(-0.0820342 0.0819447 2.46958e-20)
(-0.06263 0.0724088 2.3464e-20)
(-0.0324132 0.0676601 -3.34423e-20)
(-0.022449 0.0559447 1.88983e-20)
(-0.0483961 0.108386 -3.62045e-20)
(-0.0646531 0.128193 -1.28822e-22)
(-0.0702436 0.13068 1.5378e-22)
(-0.0658534 0.123844 1.47268e-20)
(-0.051985 0.111934 -4.16938e-20)
(-0.0288573 0.0970995 0)
(0.00310235 0.0807024 -1.25218e-20)
(0.0441427 0.0647573 1.18586e-20)
(0.101854 0.0547028 -4.52823e-20)
(-0.0266165 0.0563732 -2.84268e-22)
(-0.0524914 0.110384 3.6689e-20)
(-0.0606034 0.130728 1.68999e-20)
(-0.0531447 0.13215 1.62073e-20)
(-0.0319381 0.123014 1.48047e-20)
(0.00215927 0.107896 1.39664e-20)
(0.0489663 0.0890545 0)
(0.108091 0.06787 1.25207e-20)
(0.175743 0.0452955 3.51957e-20)
(0.2761 0.0280035 -1.16011e-20)
(-0.0308451 0.0540563 5.09784e-23)
(-0.0564378 0.105142 1.89285e-20)
(-0.055494 0.122966 0)
(-0.0323951 0.12138 -3.17462e-20)
(0.0104848 0.108871 3.00495e-20)
(0.0720157 0.0901473 0)
(0.151682 0.0678474 0)
(0.249967 0.0441986 0)
(0.349804 0.0171612 -2.37514e-20)
(0.511989 -0.00506772 -4.51155e-20)
(-0.0351551 0.0504082 -2.07323e-20)
(-0.0587424 0.0945832 1.94205e-20)
(-0.0453032 0.106598 3.57138e-20)
(-0.000531673 0.0998238 4.24723e-22)
(0.0731337 0.082786 3.03439e-20)
(0.173999 0.0604387 2.83006e-20)
(0.299122 0.0355558 2.65473e-20)
(0.448765 0.0124228 2.49108e-20)
(0.585557 -0.01498 2.3748e-20)
(0.814169 -0.0349696 -2.17855e-20)
(-0.0392626 0.0462765 -6.51418e-20)
(-0.0565355 0.0803009 -1.93164e-20)
(-0.0230158 0.0838458 -7.16253e-20)
(0.054713 0.0703966 -3.28417e-20)
(0.173471 0.048838 3.79702e-22)
(0.328077 0.0244179 -2.80634e-20)
(0.509501 0.000204381 2.67066e-20)
(0.710375 -0.0194827 -2.49071e-20)
(0.888147 -0.0411777 2.33903e-20)
(1.14959 -0.0508273 -4.41857e-20)
(-0.0422659 0.0417177 4.38096e-20)
(-0.0454617 0.0630827 0)
(0.0207366 0.0567806 3.6542e-20)
(0.147793 0.0369931 -4.72848e-23)
(0.327845 0.0133521 5.19307e-22)
(0.545646 -0.00894403 2.84311e-20)
(0.781851 -0.0263061 -8.02482e-20)
(1.01301 -0.0402254 0)
(1.22389 -0.0491961 -2.33867e-20)
(1.4461 -0.0507613 0)
(-0.301017 0.0166307 0)
(-0.321215 0.0155257 -2.67899e-21)
(-0.33967 0.0141772 5.37331e-21)
(-0.356473 0.0127217 -2.35622e-21)
(-0.371495 0.0111449 0)
(-0.38453 0.00943555 2.61918e-21)
(-0.395356 0.00758481 -2.63216e-21)
(-0.403717 0.00558656 0)
(-0.409359 0.00344673 0)
(-0.412088 0.00116168 2.98863e-22)
(-0.411779 -0.00135584 0)
(-0.408226 -0.00409567 0)
(-0.401074 -0.00707733 0)
(-0.389925 -0.0103385 0)
(-0.374333 -0.0139343 -3.41024e-22)
(-0.354001 -0.0178984 3.42791e-22)
(-0.328799 -0.0221162 0)
(-0.297252 -0.0262627 -6.25794e-23)
(-0.254873 -0.0302369 6.29087e-23)
(-0.206723 -0.034313 0)
(-0.244755 0.0460841 0)
(-0.260937 0.0427731 6.83823e-22)
(-0.275137 0.0389018 0)
(-0.287756 0.0346707 1.04844e-20)
(-0.298786 0.0300829 -1.01868e-20)
(-0.308019 0.0251045 6.78645e-22)
(-0.315232 0.0197169 -5.21219e-21)
(-0.320162 0.0139207 1.0969e-20)
(-0.322557 0.00769853 -9.36643e-21)
(-0.322423 0.000999538 5.24e-21)
(-0.31957 -0.00628619 4.41747e-21)
(-0.313745 -0.0141277 -7.99337e-21)
(-0.304739 -0.0225596 4.12176e-21)
(-0.292323 -0.0316584 2.11342e-21)
(-0.276247 -0.0415504 -1.66539e-21)
(-0.256344 -0.0523577 3.37278e-22)
(-0.232658 -0.0639188 2.6806e-22)
(-0.204601 -0.0754402 2.78597e-22)
(-0.168583 -0.0862507 -2.79948e-22)
(-0.122924 -0.0972964 1.77221e-23)
(-0.145499 0.0653859 -6.94168e-22)
(-0.154327 0.0595804 -6.85025e-22)
(-0.160766 0.0538642 -7.00091e-22)
(-0.165951 0.0471906 0)
(-0.169879 0.040006 -1.23889e-20)
(-0.172386 0.0321722 9.67535e-21)
(-0.173214 0.0236656 0)
(-0.172135 0.0145014 -1.3268e-21)
(-0.169038 0.00475013 -6.34681e-22)
(-0.163948 -0.00589705 8.44386e-21)
(-0.15657 -0.0172946 -5.56585e-22)
(-0.146696 -0.0294077 -1.03187e-20)
(-0.134262 -0.0422404 -5.26867e-22)
(-0.119211 -0.0558185 -4.53025e-22)
(-0.101525 -0.0702187 -4.2232e-22)
(-0.0812355 -0.0855743 9.12837e-22)
(-0.0584857 -0.101928 -8.49251e-22)
(-0.0336001 -0.11883 -9.62083e-22)
(-0.00658617 -0.134929 -1.97791e-22)
(0.034284 -0.148616 2.46928e-23)
(-0.018223 0.0676244 -2.17872e-20)
(-0.0188302 0.0621634 4.19167e-24)
(-0.0149652 0.0553847 6.91295e-22)
(-0.0110714 0.047062 2.27009e-20)
(-0.00597364 0.0379892 2.12496e-21)
(-6.14488e-05 0.0280292 6.93974e-22)
(0.00705699 0.0171945 -2.05468e-20)
(0.0157317 0.00549997 1.19501e-20)
(0.0255959 -0.00734737 1.07651e-20)
(0.0368131 -0.0212099 -1.06737e-20)
(0.0499155 -0.0358885 5.39525e-22)
(0.0648266 -0.0513728 1.1259e-20)
(0.0815557 -0.0676002 5.22486e-22)
(0.100069 -0.0844925 4.65287e-21)
(0.12026 -0.101985 -3.25362e-21)
(0.14194 -0.120032 -2.65167e-21)
(0.164698 -0.138587 2.33552e-21)
(0.188267 -0.157694 0)
(0.211531 -0.176301 4.0269e-22)
(0.245338 -0.192629 2.88341e-23)
(0.131005 0.053854 4.47645e-20)
(0.142557 0.0502869 -2.15041e-20)
(0.153726 0.0426499 2.2979e-20)
(0.166776 0.0334705 0)
(0.18096 0.0232568 -1.42539e-21)
(0.195779 0.0120622 -2.27102e-20)
(0.211286 -0.00029575 -1.05284e-21)
(0.227327 -0.0140226 4.99683e-22)
(0.244089 -0.0291169 2.19712e-20)
(0.262084 -0.0451441 1.29077e-21)
(0.281202 -0.0621324 0)
(0.301372 -0.0799791 -1.16207e-21)
(0.322561 -0.0985342 0)
(0.344648 -0.117605 -9.80077e-22)
(0.367449 -0.136999 0)
(0.390784 -0.156503 0)
(0.413932 -0.175794 5.99541e-22)
(0.437645 -0.194892 -7.38592e-22)
(0.457373 -0.212244 6.53637e-22)
(0.487767 -0.231159 -1.84943e-22)
(0.314294 0.0293203 0)
(0.335231 0.0257434 -1.44576e-21)
(0.352331 0.0179276 -4.64107e-20)
(0.372088 0.00827263 4.49587e-20)
(0.393657 -0.00245772 -1.44677e-21)
(0.415723 -0.0144436 0)
(0.437815 -0.0279484 -2.25973e-20)
(0.460286 -0.0429798 4.33164e-20)
(0.483408 -0.05917 -2.34871e-20)
(0.507084 -0.076489 -1.32173e-21)
(0.531238 -0.0948443 -1.26413e-21)
(0.555721 -0.114018 -1.1932e-21)
(0.580445 -0.133797 0)
(0.605143 -0.153858 6.59048e-21)
(0.629586 -0.17393 -1.51144e-20)
(0.653629 -0.193645 6.62233e-21)
(0.676161 -0.21251 -6.1812e-22)
(0.699095 -0.230614 -4.57459e-22)
(0.715677 -0.245623 1.8899e-22)
(0.742038 -0.26276 -1.85904e-22)
(0.55107 -0.00258964 4.49808e-20)
(0.576151 -0.0057437 0)
(0.595772 -0.0137705 -1.45226e-21)
(0.617995 -0.0238057 2.89756e-21)
(0.642661 -0.0348487 2.88721e-21)
(0.668194 -0.0473016 1.43022e-21)
(0.694036 -0.0613629 1.4131e-21)
(0.720169 -0.0768517 -2.0657e-20)
(0.746626 -0.0936397 2.47119e-20)
(0.773182 -0.11156 2.3141e-20)
(0.799729 -0.13045 -1.9235e-20)
(0.825865 -0.149984 2.34835e-21)
(0.851557 -0.169935 -8.34971e-21)
(0.876197 -0.189817 1.83807e-21)
(0.899812 -0.20939 9.21368e-21)
(0.921821 -0.228063 7.38801e-22)
(0.941662 -0.245427 -8.99865e-22)
(0.960552 -0.26137 1.0978e-21)
(0.973517 -0.273737 1.71092e-21)
(0.992109 -0.286913 8.83133e-23)
(0.846021 -0.0306767 0)
(0.869131 -0.0337439 -4.67809e-20)
(0.886544 -0.0434015 4.8033e-20)
(0.906582 -0.0544553 -1.45014e-21)
(0.929859 -0.0660398 -2.8588e-21)
(0.954424 -0.0790383 -1.42892e-21)
(0.97952 -0.0936317 -2.79121e-21)
(1.00489 -0.109526 0)
(1.03042 -0.126549 -1.33996e-21)
(1.05555 -0.144481 -1.29001e-21)
(1.08025 -0.163167 -1.20178e-21)
(1.10368 -0.182176 -2.28105e-21)
(1.12619 -0.201327 0)
(1.14641 -0.219964 0)
(1.16541 -0.238012 -8.49707e-22)
(1.18103 -0.25457 -6.57328e-21)
(1.1953 -0.269655 4.55054e-21)
(1.20553 -0.282473 -4.10966e-22)
(1.21369 -0.292212 -8.60026e-22)
(1.2197 -0.300648 2.47391e-22)
(1.16999 -0.0470085 4.60839e-20)
(1.18526 -0.0534971 0)
(1.19836 -0.0650571 0)
(1.21468 -0.0767257 -4.5359e-20)
(1.2336 -0.0891922 1.62941e-21)
(1.25352 -0.103154 8.86191e-20)
(1.2739 -0.118351 -4.24242e-20)
(1.29415 -0.134452 0)
(1.3141 -0.151367 0)
(1.33288 -0.168846 0)
(1.35081 -0.186741 6.16116e-22)
(1.36653 -0.204563 1.64145e-21)
(1.3812 -0.222209 1.53025e-20)
(1.3923 -0.238926 -1.47585e-20)
(1.40282 -0.254825 5.84815e-21)
(1.40796 -0.268759 -5.12767e-21)
(1.4141 -0.281256 0)
(1.4122 -0.290726 2.09651e-22)
(1.4146 -0.29805 2.43552e-22)
(1.4052 -0.301986 0)
(1.46838 -0.0556924 -7.29427e-22)
(1.48315 -0.066419 -4.58935e-20)
(1.49489 -0.077726 4.54163e-20)
(1.50633 -0.0891338 0)
(1.51786 -0.101662 4.32781e-20)
(1.52924 -0.115307 -8.51619e-20)
(1.54047 -0.129834 4.18968e-20)
(1.55085 -0.145125 0)
(1.56055 -0.161127 1.91049e-20)
(1.56855 -0.177551 -3.70457e-20)
(1.57572 -0.194205 1.85131e-20)
(1.58021 -0.210597 -5.22885e-22)
(1.58414 -0.226596 0)
(1.5839 -0.241482 -1.29799e-20)
(1.58436 -0.255359 1.78053e-20)
(1.57825 -0.267135 -5.32326e-21)
(1.57599 -0.277453 -3.36886e-21)
(1.56275 -0.284552 2.37738e-21)
(1.56002 -0.290092 1.13223e-21)
(1.53756 -0.291178 0)
(1.74558 -0.0502393 0)
(1.74069 -0.0622995 0)
(1.735 -0.0728146 0)
(1.73004 -0.084023 0)
(1.72687 -0.0964684 0)
(1.72509 -0.109763 0)
(1.72441 -0.123603 0)
(1.72358 -0.137818 0)
(1.72281 -0.152387 0)
(1.72073 -0.167123 0)
(1.71853 -0.181945 0)
(1.71389 -0.196476 0)
(1.70956 -0.210642 0)
(1.70117 -0.223882 0)
(1.69463 -0.236269 0)
(1.6814 -0.247006 0)
(1.67367 -0.256464 0)
(1.65423 -0.263512 0)
(1.64808 -0.268924 0)
(1.6197 -0.271275 0)
(1.83756 -0.0421775 0)
(1.84018 -0.0548002 0)
(1.83773 -0.0666001 0)
(1.83298 -0.0790529 0)
(1.82855 -0.0924042 0)
(1.82469 -0.106306 0)
(1.82127 -0.120476 0)
(1.81708 -0.134729 0)
(1.81255 -0.14904 0)
(1.80636 -0.163248 0)
(1.8 -0.177299 0)
(1.79115 -0.190862 0)
(1.78285 -0.203882 0)
(1.77061 -0.215876 0)
(1.76067 -0.226924 0)
(1.74421 -0.23634 0)
(1.73392 -0.244494 0)
(1.71203 -0.250346 0)
(1.70432 -0.254792 0)
(1.67449 -0.256145 0)
(1.89177 -0.0367821 0)
(1.89588 -0.0503419 0)
(1.89374 -0.0632972 0)
(1.88859 -0.0763049 0)
(1.8835 -0.0895963 0)
(1.87884 -0.103073 0)
(1.87447 -0.11661 0)
(1.86909 -0.130068 0)
(1.86318 -0.143416 0)
(1.85546 -0.156511 0)
(1.84754 -0.169305 0)
(1.83713 -0.181533 0)
(1.8274 -0.193144 0)
(1.81383 -0.20376 0)
(1.80281 -0.213425 0)
(1.78543 -0.221628 0)
(1.77452 -0.228609 0)
(1.75223 -0.233636 0)
(1.74442 -0.237303 0)
(1.71471 -0.238503 0)
(1.92494 -0.0324672 0)
(1.92964 -0.0465507 0)
(1.92789 -0.0600367 0)
(1.92278 -0.0730453 0)
(1.91746 -0.0858594 0)
(1.91242 -0.0986051 0)
(1.90761 -0.111298 0)
(1.90174 -0.12384 0)
(1.89531 -0.136185 0)
(1.88705 -0.148199 0)
(1.87865 -0.15984 0)
(1.86781 -0.170895 0)
(1.85778 -0.181321 0)
(1.84404 -0.190821 0)
(1.83298 -0.199411 0)
(1.81578 -0.206709 0)
(1.80509 -0.212853 0)
(1.78342 -0.217359 0)
(1.77592 -0.220555 0)
(1.74736 -0.22186 0)
(1.94844 -0.0296131 0)
(1.95337 -0.0435577 0)
(1.95221 -0.0569278 0)
(1.94755 -0.0695852 0)
(1.94235 -0.0817957 0)
(1.93723 -0.0937808 0)
(1.93227 -0.105634 0)
(1.92625 -0.117285 0)
(1.91971 -0.128684 0)
(1.91137 -0.139702 0)
(1.90296 -0.150302 0)
(1.89219 -0.160312 0)
(1.88233 -0.1697 0)
(1.86889 -0.178226 0)
(1.8582 -0.185894 0)
(1.84161 -0.192413 0)
(1.83145 -0.197863 0)
(1.81071 -0.201916 0)
(1.80368 -0.204752 0)
(1.77653 -0.206059 0)
(1.97012 -0.0279829 0)
(1.97493 -0.0412588 0)
(1.97421 -0.0540885 0)
(1.96998 -0.0661893 0)
(1.96498 -0.0777395 0)
(1.95982 -0.0889609 0)
(1.95478 -0.0999795 0)
(1.9487 -0.110752 0)
(1.94216 -0.121233 0)
(1.93388 -0.131305 0)
(1.92559 -0.140938 0)
(1.91503 -0.149988 0)
(1.90546 -0.158434 0)
(1.89243 -0.166082 0)
(1.8822 -0.172931 0)
(1.86624 -0.178756 0)
(1.85664 -0.183603 0)
(1.83681 -0.187251 0)
(1.83026 -0.189773 0)
(1.8044 -0.191045 0)
(1.99343 -0.0269264 0)
(1.99777 -0.039282 0)
(1.9972 -0.0513656 0)
(1.99325 -0.062794 0)
(1.98836 -0.0736432 0)
(1.98314 -0.0840969 0)
(1.97797 -0.09429 0)
(1.97179 -0.104202 0)
(1.96522 -0.113802 0)
(1.95697 -0.122982 0)
(1.94878 -0.131719 0)
(1.93838 -0.13989 0)
(1.92905 -0.147486 0)
(1.91635 -0.154342 0)
(1.90651 -0.160466 0)
(1.89106 -0.165671 0)
(1.88194 -0.169991 0)
(1.86283 -0.173265 0)
(1.85666 -0.175515 0)
(1.83183 -0.176715 0)
(2.01885 -0.0260131 0)
(2.02248 -0.0373896 0)
(2.0218 -0.048635 0)
(2.01798 -0.059314 0)
(2.01315 -0.0694238 0)
(2.00781 -0.0791044 0)
(2.00246 -0.0884867 0)
(1.99611 -0.0975664 0)
(1.98945 -0.106326 0)
(1.98114 -0.114668 0)
(1.97298 -0.122578 0)
(1.96264 -0.129944 0)
(1.95345 -0.136768 0)
(1.94095 -0.142909 0)
(1.93139 -0.148381 0)
(1.9163 -0.153025 0)
(1.90752 -0.156875 0)
(1.88892 -0.1598 0)
(1.88305 -0.161807 0)
(1.85897 -0.162907 0)
(2.04563 -0.0250808 0)
(2.04841 -0.0354726 0)
(2.0475 -0.0458249 0)
(2.0437 -0.0556954 0)
(2.03885 -0.0650307 0)
(2.03337 -0.0739314 0)
(2.02782 -0.0825171 0)
(2.02125 -0.0907917 0)
(2.01443 -0.0987482 0)
(2.006 -0.1063 0)
(1.9978 -0.113437 0)
(1.98744 -0.120058 0)
(1.97831 -0.126174 0)
(1.9659 -0.13166 0)
(1.9565 -0.13654 0)
(1.94161 -0.140673 0)
(1.93306 -0.144097 0)
(1.9148 -0.146697 0)
(1.90913 -0.148481 0)
(1.88556 -0.149466 0)
(2.07278 -0.0240487 0)
(2.0747 -0.0334509 0)
(2.07346 -0.0428755 0)
(2.06962 -0.0518974 0)
(2.06472 -0.0604319 0)
(2.05907 -0.068547 0)
(2.0533 -0.0763472 0)
(2.04649 -0.0838393 0)
(2.03948 -0.0910235 0)
(2.03089 -0.0978223 0)
(2.02259 -0.104229 0)
(2.01214 -0.110155 0)
(2.00301 -0.115614 0)
(1.9906 -0.120496 0)
(1.98128 -0.124832 0)
(1.96649 -0.128494 0)
(1.95809 -0.131528 0)
(1.94002 -0.133824 0)
(1.93449 -0.135404 0)
(1.91124 -0.13627 0)
(2.09948 -0.0228344 0)
(2.10053 -0.0312503 0)
(2.09893 -0.0397352 0)
(2.09498 -0.0478887 0)
(2.08999 -0.0556079 0)
(2.08417 -0.0629347 0)
(2.07817 -0.0699587 0)
(2.07112 -0.0766866 0)
(2.0639 -0.0831233 0)
(2.05513 -0.0891993 0)
(2.0467 -0.0949124 0)
(2.03613 -0.10018 0)
(2.02695 -0.105024 0)
(2.01448 -0.109343 0)
(2.00519 -0.113174 0)
(1.99041 -0.1164 0)
(1.9821 -0.119074 0)
(1.96411 -0.121087 0)
(1.95868 -0.122478 0)
(1.93561 -0.123226 0)
(2.12501 -0.0213781 0)
(2.12524 -0.0288258 0)
(2.12325 -0.0363751 0)
(2.11915 -0.0436544 0)
(2.11406 -0.050552 0)
(2.10807 -0.0570908 0)
(2.10185 -0.0633468 0)
(2.09454 -0.0693256 0)
(2.08712 -0.0750353 0)
(2.07815 -0.0804134 0)
(2.06959 -0.0854611 0)
(2.05888 -0.0901036 0)
(2.04962 -0.0943653 0)
(2.03706 -0.098154 0)
(2.02776 -0.101513 0)
(2.01293 -0.104331 0)
(2.00467 -0.106669 0)
(1.9867 -0.108419 0)
(1.98132 -0.109633 0)
(1.95834 -0.110269 0)
(2.14884 -0.0196589 0)
(2.14829 -0.0261632 0)
(2.14589 -0.0327873 0)
(2.14163 -0.0391932 0)
(2.13643 -0.0452676 0)
(2.13027 -0.0510204 0)
(2.12384 -0.056516 0)
(2.1163 -0.0617588 0)
(2.10868 -0.0667584 0)
(2.09951 -0.0714592 0)
(2.09081 -0.0758648 0)
(2.07995 -0.0799078 0)
(2.0706 -0.0836141 0)
(2.05792 -0.0869004 0)
(2.04859 -0.0898124 0)
(2.03369 -0.092247 0)
(2.02545 -0.0942689 0)
(2.00744 -0.0957718 0)
(2.0021 -0.0968197 0)
(1.97914 -0.0973522 0)
(2.17052 -0.0176791 0)
(2.16926 -0.0232645 0)
(2.16648 -0.0289753 0)
(2.16204 -0.0345112 0)
(2.15673 -0.0397639 0)
(2.1504 -0.0447346 0)
(2.14378 -0.0494773 0)
(2.13602 -0.0539955 0)
(2.12822 -0.0582994 0)
(2.11886 -0.0623401 0)
(2.11002 -0.0661225 0)
(2.09901 -0.069587 0)
(2.08957 -0.0727595 0)
(2.07677 -0.075566 0)
(2.06739 -0.0780517 0)
(2.0524 -0.0801229 0)
(2.04416 -0.081845 0)
(2.02608 -0.0831158 0)
(2.02076 -0.0840067 0)
(1.99777 -0.0844438 0)
(2.18972 -0.0154505 0)
(2.18782 -0.0201394 0)
(2.18469 -0.024949 0)
(2.18009 -0.0296206 0)
(2.17466 -0.0340553 0)
(2.16818 -0.0382488 0)
(2.16138 -0.0422461 0)
(2.15343 -0.04605 0)
(2.14545 -0.0496703 0)
(2.13593 -0.053065 0)
(2.12696 -0.0562398 0)
(2.1158 -0.059143 0)
(2.10627 -0.0617992 0)
(2.09335 -0.064144 0)
(2.08392 -0.0662202 0)
(2.06883 -0.0679448 0)
(2.06057 -0.0693803 0)
(2.04242 -0.0704318 0)
(2.03711 -0.0711732 0)
(2.01407 -0.0715237 0)
(2.2062 -0.0129909 0)
(2.20375 -0.0168035 0)
(2.2003 -0.0207239 0)
(2.19554 -0.0245373 0)
(2.19 -0.0281582 0)
(2.18339 -0.0315802 0)
(2.17644 -0.0348394 0)
(2.16831 -0.0379383 0)
(2.16018 -0.0408854 0)
(2.1505 -0.0436463 0)
(2.14141 -0.0462261 0)
(2.13012 -0.0485822 0)
(2.1205 -0.0507361 0)
(2.10747 -0.0526342 0)
(2.09799 -0.0543144 0)
(2.0828 -0.0557061 0)
(2.07452 -0.0568658 0)
(2.05628 -0.0577093 0)
(2.05097 -0.0583072 0)
(2.02787 -0.0585795 0)
(2.21974 -0.0103343 0)
(2.21683 -0.0132874 0)
(2.21312 -0.0163278 0)
(2.20822 -0.0192874 0)
(2.20258 -0.0220974 0)
(2.19584 -0.0247521 0)
(2.18876 -0.0272789 0)
(2.18048 -0.0296803 0)
(2.17222 -0.0319625 0)
(2.1624 -0.0340995 0)
(2.15321 -0.0360944 0)
(2.14181 -0.037915 0)
(2.13211 -0.0395776 0)
(2.11897 -0.0410414 0)
(2.10944 -0.0423361 0)
(2.09416 -0.0434067 0)
(2.08585 -0.0442988 0)
(2.06754 -0.0449442 0)
(2.06222 -0.0454034 0)
(2.03905 -0.0456054 0)
(2.23016 -0.00752616 0)
(2.2269 -0.00963499 0)
(2.22297 -0.0118027 0)
(2.21795 -0.0139108 0)
(2.21222 -0.0159105 0)
(2.20539 -0.0177995 0)
(2.19819 -0.0195965 0)
(2.18979 -0.0213052 0)
(2.18141 -0.0229277 0)
(2.17149 -0.0244479 0)
(2.16221 -0.0258645 0)
(2.15072 -0.0271588 0)
(2.14095 -0.0283374 0)
(2.12773 -0.0293774 0)
(2.11815 -0.0302932 0)
(2.1028 -0.0310533 0)
(2.09446 -0.0316825 0)
(2.07608 -0.0321398 0)
(2.07076 -0.032462 0)
(2.04753 -0.0326017 0)
(2.23726 -0.00451493 0)
(2.23376 -0.00580848 0)
(2.22968 -0.00712387 0)
(2.22457 -0.00839513 0)
(2.21878 -0.00959542 0)
(2.21187 -0.0107282 0)
(2.20458 -0.0118033 0)
(2.19609 -0.0128272 0)
(2.18764 -0.0137966 0)
(2.17764 -0.014708 0)
(2.16829 -0.0155524 0)
(2.15673 -0.0163291 0)
(2.14691 -0.0170289 0)
(2.13363 -0.0176551 0)
(2.12402 -0.0181952 0)
(2.10861 -0.0186562 0)
(2.10026 -0.0190224 0)
(2.08183 -0.0193039 0)
(2.0765 -0.0194865 0)
(2.05322 -0.0195744 0)
(2.2408 -0.00134232 0)
(2.2372 -0.00182105 0)
(2.23306 -0.00229313 0)
(2.22791 -0.00274073 0)
(2.22209 -0.00315733 0)
(2.21514 -0.00354727 0)
(2.20782 -0.003914 0)
(2.19928 -0.00426239 0)
(2.19078 -0.00458958 0)
(2.18074 -0.00489783 0)
(2.17136 -0.00518051 0)
(2.15976 -0.00544273 0)
(2.14992 -0.00567504 0)
(2.13661 -0.00588709 0)
(2.12697 -0.00606431 0)
(2.11154 -0.00622217 0)
(2.10317 -0.00633975 0)
(2.08472 -0.00643865 0)
(2.07938 -0.00649469 0)
(2.05608 -0.00652744 0)
(1.89376 0.156218 -3.94261e-22)
(1.91268 0.136085 0)
(1.92454 0.115236 2.98019e-22)
(1.93174 0.0938615 9.54962e-21)
(1.93104 0.0721744 -2.76245e-20)
(1.92858 0.0512191 0)
(1.91762 0.0294915 -3.41774e-20)
(1.89495 0.0107803 0)
(1.88675 -0.0113989 -4.03036e-20)
(1.75032 -0.0353976 6.30866e-22)
(1.91066 0.141069 -3.53109e-23)
(1.92769 0.123705 -1.58244e-22)
(1.9389 0.105309 1.58565e-22)
(1.94416 0.0875544 -1.87458e-21)
(1.94655 0.0681488 9.35918e-21)
(1.93764 0.050893 7.5308e-22)
(1.94303 0.0313194 0)
(1.90281 0.0138158 3.04834e-20)
(1.93519 -0.00211919 0)
(1.83241 -0.0274723 3.63264e-20)
(1.93265 0.125902 2.51176e-22)
(1.94559 0.110766 0)
(1.95797 0.0940855 1.84522e-22)
(1.95716 0.0785742 -1.94978e-21)
(1.96617 0.0614138 -1.01234e-20)
(1.94624 0.0456339 0)
(1.96484 0.0299866 -2.26291e-20)
(1.9159 0.0115742 -3.11846e-20)
(1.95029 0.000318347 0)
(1.88419 -0.0222789 -3.59571e-20)
(1.95737 0.112579 -2.01964e-22)
(1.96581 0.0988913 6.00426e-23)
(1.98057 0.0842801 0)
(1.97358 0.069873 -6.28479e-21)
(1.98763 0.0556318 -5.24132e-22)
(1.96159 0.0398717 1.15471e-21)
(1.98185 0.0278762 2.20581e-20)
(1.93825 0.00948621 7.2821e-22)
(1.95893 -0.000222727 2.56003e-20)
(1.91646 -0.0185287 0)
(1.98306 0.10068 0)
(1.9883 0.0880332 -8.86291e-23)
(2.00422 0.0757708 6.18668e-22)
(1.99455 0.0619986 -3.97549e-22)
(2.00885 0.0505202 3.09253e-22)
(1.98413 0.0351348 5.31506e-22)
(1.99801 0.0252089 1.59e-20)
(1.96456 0.00868576 1.3346e-21)
(1.97302 -0.00117239 -3.6782e-21)
(1.94028 -0.0162231 -2.51072e-20)
(2.00865 0.0899169 6.58258e-22)
(2.01267 0.0781807 2.54814e-23)
(2.02756 0.0679041 -5.89184e-22)
(2.01882 0.0549531 -4.74472e-23)
(2.02994 0.045264 3.91094e-21)
(2.01018 0.0311878 0)
(2.01692 0.0219254 -1.75524e-20)
(1.99092 0.00787773 5.33426e-22)
(1.99311 -0.00235587 -4.17356e-20)
(1.96269 -0.0153414 4.6776e-20)
(2.03374 0.0800236 -6.61496e-22)
(2.03796 0.0693176 -9.0463e-22)
(2.05056 0.0603968 9.27196e-23)
(2.04426 0.0486628 7.13035e-22)
(2.05178 0.0398634 -1.05648e-21)
(2.03659 0.0275579 4.43656e-21)
(2.03909 0.0184206 -4.48967e-22)
(2.01672 0.00641886 9.74604e-22)
(2.0169 -0.00371703 1.87907e-20)
(1.98691 -0.0152678 -2.17019e-20)
(2.05829 0.0708741 0)
(2.06308 0.0613314 2.14348e-21)
(2.07347 0.0532969 -1.16177e-22)
(2.06933 0.0429716 -9.38152e-22)
(2.07452 0.0346828 -1.0971e-21)
(2.06217 0.0240482 -7.44264e-21)
(2.06319 0.015169 4.40543e-21)
(2.04258 0.00465021 0)
(2.04256 -0.00489794 0)
(2.01341 -0.0153684 0)
(2.08219 0.0624456 0)
(2.08731 0.0540701 -2.38224e-21)
(2.09618 0.0467269 -1.21715e-22)
(2.09336 0.0377357 9.87978e-23)
(2.09757 0.0299677 -1.62244e-21)
(2.08683 0.0206909 3.50718e-21)
(2.08774 0.0123749 -5.19186e-21)
(2.06863 0.00297479 2.96797e-22)
(2.06879 -0.00577655 0)
(2.04133 -0.0153889 -6.93851e-21)
(2.10516 0.0547212 1.10583e-22)
(2.11031 0.0474101 1.40159e-21)
(2.11827 0.0407372 1.78358e-21)
(2.11622 0.0328887 3.6404e-23)
(2.12012 0.0257651 4.51124e-23)
(2.11062 0.0175698 1.47438e-21)
(2.11175 0.00999862 -3.04951e-21)
(2.09441 0.00150983 2.32389e-22)
(2.09464 -0.00642851 0)
(2.06959 -0.0152803 1.27194e-20)
(2.12687 0.0476547 0)
(2.1319 0.0412761 1.72796e-21)
(2.13925 0.0353012 3.62761e-22)
(2.13779 0.0284176 0)
(2.14159 0.0220228 0)
(2.13335 0.0147327 -1.22315e-21)
(2.13461 0.00795144 2.56031e-21)
(2.11934 0.000267652 2.45123e-22)
(2.11947 -0.00687485 -8.91878e-23)
(2.09732 -0.0149866 -5.94213e-21)
(2.14702 0.0411763 0)
(2.15193 0.0356208 -3.42746e-21)
(2.15879 0.0303579 -2.71698e-21)
(2.15793 0.0243195 2.74142e-22)
(2.16158 0.0186766 -1.43642e-22)
(2.15472 0.0121983 4.72352e-23)
(2.15596 0.00619785 -1.71697e-22)
(2.14293 -0.000717927 -1.88157e-21)
(2.14286 -0.00706929 -3.13503e-22)
(2.12383 -0.0144373 1.22655e-22)
(2.16537 0.0352091 0)
(2.17023 0.0304023 1.89426e-21)
(2.17661 0.0258427 -1.50217e-22)
(2.17641 0.0205806 1.48976e-22)
(2.17985 0.0156783 0)
(2.17443 0.00997164 0)
(2.17554 0.00473432 0)
(2.16478 -0.00141661 2.18645e-21)
(2.16446 -0.00698492 -2.43238e-21)
(2.14855 -0.0135976 0)
(2.18177 0.0296781 0)
(2.18665 0.0255742 1.30412e-21)
(2.19257 0.0216958 1.40408e-21)
(2.19305 0.0171739 1.38438e-21)
(2.19624 0.0129898 -2.20793e-22)
(2.19222 0.00804142 7.02196e-22)
(2.19315 0.00354798 -6.56964e-23)
(2.18458 -0.00183143 0)
(2.18397 -0.00663312 5.10792e-22)
(2.17104 -0.0124693 2.70979e-21)
(2.1961 0.0245118 -3.50956e-22)
(2.20105 0.0210844 -1.07905e-21)
(2.20654 0.0178626 -1.82255e-21)
(2.20769 0.0140627 -9.82791e-22)
(2.21062 0.0105732 0)
(2.2079 0.00638015 -8.07005e-22)
(2.20864 0.0026101 1.62818e-22)
(2.20207 -0.00198762 5.61502e-24)
(2.20118 -0.00603934 1.15427e-21)
(2.19095 -0.0110694 -3.65777e-21)
(2.20831 0.0196416 3.52758e-22)
(2.21334 0.0168751 -9.14006e-22)
(2.21846 0.0142888 6.62047e-22)
(2.22021 0.0112029 -1.36986e-21)
(2.2229 0.00838744 0)
(2.22132 0.00495129 0)
(2.22187 0.00188626 2.25302e-23)
(2.21704 -0.00191558 1.90793e-23)
(2.2159 -0.00522977 6.13962e-22)
(2.20804 -0.00941957 1.04016e-21)
(2.21837 0.0150279 0)
(2.22348 0.0129061 1.44492e-21)
(2.22828 0.0109331 -4.39113e-22)
(2.23052 0.00855338 1.27444e-21)
(2.23299 0.00639143 2.98863e-22)
(2.23237 0.00371357 -1.19344e-22)
(2.23275 0.00133696 1.6186e-22)
(2.22936 -0.00165401 -4.47742e-23)
(2.228 -0.00424115 0)
(2.22208 -0.00755713 0)
(2.22621 0.0105994 0)
(2.23135 0.00912937 6.17831e-22)
(2.23589 0.0077641 -9.5854e-22)
(2.23851 0.00608897 0)
(2.24081 0.00456485 -5.44457e-22)
(2.24091 0.00264489 -1.36585e-22)
(2.24114 0.000940729 -2.74104e-22)
(2.23887 -0.00123245 -1.02635e-25)
(2.23732 -0.00310567 2.60171e-23)
(2.23291 -0.00552993 -2.51357e-23)
(2.23169 0.00633841 0)
(2.23683 0.00552473 -6.20796e-22)
(2.24116 0.00477531 -4.72164e-22)
(2.24401 0.00381969 5.51659e-22)
(2.24617 0.0029392 2.18407e-22)
(2.24676 0.0017922 1.89896e-22)
(2.24688 0.000760894 4.81079e-22)
(2.24536 -0.000581027 -1.7204e-22)
(2.24367 -0.00174951 1.18548e-23)
(2.24028 -0.00327179 0)
(2.23452 0.00198895 0)
(2.23964 0.00184151 2.87635e-22)
(2.24386 0.00170959 -2.5808e-22)
(2.24682 0.00148778 2.22949e-22)
(2.2489 0.00126619 0)
(2.24972 0.000925312 -1.90844e-22)
(2.24978 0.000595846 8.17092e-23)
(2.24863 0.000133436 8.24612e-24)
(2.24686 -0.000294078 0)
(2.24397 -0.000861727 0)
(1.29483 0.319777 0)
(1.25298 0.350166 -4.78217e-20)
(1.22083 0.389573 0)
(1.19514 0.43941 -1.57545e-19)
(1.17249 0.499073 6.23838e-20)
(1.15111 0.570828 3.05942e-21)
(1.12946 0.656645 4.3651e-20)
(1.08964 0.747179 -1.08215e-20)
(0.95497 0.776055 0)
(0.556507 0.495782 3.15706e-20)
(1.37306 0.321625 8.54511e-20)
(1.33444 0.360038 4.78198e-20)
(1.30754 0.398252 -4.25888e-20)
(1.28644 0.446394 5.32291e-20)
(1.26864 0.505382 -3.88553e-20)
(1.25379 0.576424 1.05834e-20)
(1.24026 0.660761 -4.70772e-20)
(1.20702 0.747434 -8.54303e-20)
(1.06618 0.76827 -2.2552e-20)
(0.619184 0.479493 -4.46059e-20)
(1.44825 0.317965 -3.51803e-20)
(1.41624 0.358518 3.58596e-20)
(1.39399 0.396086 4.25868e-20)
(1.37619 0.443352 4.2575e-20)
(1.36255 0.501589 4.19889e-20)
(1.35393 0.571145 4.03581e-20)
(1.34786 0.65243 1.23555e-20)
(1.31933 0.732456 3.04853e-20)
(1.16898 0.742732 3.22063e-21)
(0.671499 0.449418 -3.43795e-21)
(1.52358 0.311222 7.04029e-20)
(1.49691 0.351337 -3.58576e-20)
(1.47797 0.387389 0)
(1.46278 0.432856 0)
(1.45291 0.489051 0)
(1.44994 0.555727 2.07831e-20)
(1.45 0.632209 -1.01569e-20)
(1.4232 0.702972 0)
(1.25885 0.700167 -5.3567e-21)
(0.708276 0.406278 1.42047e-20)
(1.59582 0.300888 -9.91014e-21)
(1.57321 0.339092 4.21994e-20)
(1.55697 0.373194 0)
(1.54435 0.41613 0)
(1.53806 0.469016 7.31737e-21)
(1.53999 0.531404 4.59052e-21)
(1.54438 0.601567 1.19959e-20)
(1.51577 0.659747 -5.52619e-21)
(1.33074 0.642713 -2.72076e-20)
(0.727052 0.354665 -6.36682e-21)
(1.66182 0.286897 2.96714e-20)
(1.64282 0.32197 1.12851e-20)
(1.62908 0.35379 0)
(1.6191 0.393744 0)
(1.61627 0.442343 -1.4418e-20)
(1.62225 0.498972 2.97306e-21)
(1.62882 0.560978 5.72169e-21)
(1.59331 0.605745 -9.62312e-23)
(1.37919 0.572859 3.40285e-20)
(0.726666 0.296201 2.31848e-20)
(1.72095 0.269393 -1.34636e-20)
(1.70497 0.300309 1.41658e-20)
(1.69335 0.329646 8.43466e-21)
(1.68582 0.366243 -8.92331e-21)
(1.68596 0.409877 6.01705e-22)
(1.69471 0.459675 -6.40856e-22)
(1.70018 0.511859 1.03453e-20)
(1.65117 0.542671 -1.11112e-20)
(1.40209 0.49409 0)
(0.705635 0.233808 0)
(1.77238 0.248767 -7.99225e-21)
(1.75903 0.2753 8.40925e-21)
(1.74907 0.301872 0)
(1.74359 0.334856 0)
(1.74609 0.372929 0)
(1.75573 0.415011 -4.63215e-21)
(1.75575 0.456296 2.39595e-20)
(1.68605 0.472342 -2.61247e-20)
(1.39675 0.409185 0)
(0.663043 0.171418 -1.81352e-20)
(1.81676 0.225779 -1.47864e-21)
(1.8048 0.24724 1.63672e-21)
(1.79583 0.271513 5.05676e-22)
(1.79206 0.300453 0)
(1.796 0.332675 3.76974e-21)
(1.80387 0.366757 -1.08671e-20)
(1.79315 0.396318 0)
(1.69499 0.397001 4.39827e-21)
(1.36008 0.321298 -1.63758e-20)
(0.599766 0.113084 2.70308e-20)
(1.85334 0.200903 0)
(1.84183 0.218866 -8.09054e-23)
(1.83374 0.239845 -5.05626e-22)
(1.83113 0.264269 0)
(1.83489 0.290495 -2.55528e-21)
(1.83759 0.316319 3.67623e-21)
(1.80971 0.333685 1.9776e-21)
(1.67459 0.319182 5.96056e-21)
(1.28985 0.234167 8.04339e-21)
(0.519016 0.0625463 0)
(0.667759 0.0195724 -1.95186e-20)
(0.639918 0.0223742 2.07678e-20)
(0.606092 0.0256762 1.1195e-20)
(0.565022 0.0294961 1.22828e-20)
(0.514976 0.0339882 -1.30424e-20)
(0.453479 0.0393648 -2.16267e-20)
(0.377411 0.0458175 7.80288e-21)
(0.280398 0.052887 -1.72831e-20)
(0.154904 0.0560912 -1.90329e-20)
(0.0450783 0.0378848 0)
(0.681964 0.05846 0)
(0.654361 0.0667634 -1.03806e-20)
(0.620501 0.0766038 -1.11577e-20)
(0.579531 0.087991 0)
(0.529911 0.10137 2.63613e-20)
(0.469186 0.117383 1.43225e-20)
(0.39424 0.136623 0)
(0.298525 0.15772 -1.65568e-20)
(0.172923 0.167227 -6.4686e-23)
(0.0569381 0.113001 -2.00169e-20)
(0.709918 0.0965782 7.71467e-20)
(0.68281 0.11007 -8.11862e-20)
(0.648912 0.126246 0)
(0.60817 0.144982 0)
(0.559413 0.166961 0)
(0.500248 0.193255 -8.44746e-20)
(0.427578 0.224874 1.21712e-19)
(0.334373 0.259593 -3.22863e-20)
(0.208624 0.275167 0)
(0.080511 0.185904 4.02487e-20)
(0.750706 0.133375 7.57456e-20)
(0.724381 0.151551 -7.97115e-20)
(0.690511 0.173717 -8.65907e-20)
(0.650183 0.199414 -1.61416e-21)
(0.602751 0.2295 1.49309e-19)
(0.545926 0.265484 -5.36475e-20)
(0.476653 0.308794 5.93274e-20)
(0.387166 0.356416 -1.28176e-19)
(0.261264 0.377758 6.95702e-20)
(0.115263 0.254907 0)
(0.803046 0.168205 -1.82925e-19)
(0.777814 0.190509 3.82626e-20)
(0.744116 0.218343 0)
(0.704478 0.250588 0)
(0.658896 0.288142 4.99363e-20)
(0.605203 0.33296 -1.53833e-19)
(0.540407 0.386917 1.11064e-19)
(0.455806 0.446334 -1.19476e-19)
(0.329721 0.472902 2.78595e-21)
(0.160354 0.318413 -6.74217e-20)
(0.865474 0.200277 2.48386e-19)
(0.841715 0.225768 -1.88252e-19)
(0.808358 0.258551 0)
(0.769644 0.296642 0)
(0.726387 0.340934 4.69823e-20)
(0.676607 0.393777 5.06072e-20)
(0.61736 0.457367 4.7317e-20)
(0.538794 0.527349 5.88279e-20)
(0.412463 0.55846 2.6019e-21)
(0.214611 0.374792 1.32354e-19)
(0.936084 0.229567 -1.40387e-19)
(0.914243 0.258413 -6.93991e-20)
(0.88156 0.296063 0)
(0.844162 0.339196 0)
(0.803726 0.388811 0)
(0.758496 0.447966 -9.17711e-20)
(0.70567 0.519332 8.95914e-20)
(0.634137 0.597926 0)
(0.507429 0.632419 -5.42387e-20)
(0.276493 0.422454 1.15409e-19)
(1.01437 0.251809 -6.63787e-20)
(0.994206 0.282507 6.93989e-20)
(0.9618 0.324381 6.82492e-20)
(0.926014 0.3725 7.2173e-20)
(0.889178 0.427487 7.61309e-20)
(0.849309 0.492604 8.00356e-20)
(0.803636 0.570714 -9.70703e-21)
(0.739783 0.656163 8.64062e-20)
(0.612291 0.692701 -4.69807e-20)
(0.344204 0.459859 5.01475e-20)
(1.09883 0.27755 -1.22478e-19)
(1.07951 0.310586 5.93386e-20)
(1.04661 0.354678 -6.82481e-20)
(1.01266 0.404238 -7.52529e-20)
(0.979988 0.461102 6.51971e-20)
(0.946167 0.529275 -9.01128e-21)
(0.908414 0.611554 -2.33171e-19)
(0.852811 0.701168 -1.5477e-19)
(0.724092 0.737609 4.43208e-20)
(0.415447 0.485396 -2.97082e-20)
(1.19358 0.284633 0)
(1.16799 0.319621 -5.93377e-20)
(1.13392 0.369069 0)
(1.1033 0.423213 5.72544e-20)
(1.07547 0.483603 -1.98818e-19)
(1.04773 0.554914 -1.35649e-19)
(1.01793 0.640183 1.42041e-19)
(0.970456 0.731688 7.34368e-20)
(0.839556 0.765694 0)
(0.487335 0.497658 7.12921e-20)
(0.813587 0.0010533 0)
(0.813353 0.00105865 -1.12996e-21)
(0.812313 0.00109209 1.12405e-21)
(0.810754 0.00118872 0)
(0.809013 0.00135324 -2.25212e-21)
(0.807109 0.00158041 2.24051e-21)
(0.804909 0.00186975 0)
(0.802282 0.0022255 0)
(0.799125 0.00265613 0)
(0.79532 0.00316764 0)
(0.790782 0.00378152 1.12264e-21)
(0.785442 0.00451001 0)
(0.779159 0.0053663 0)
(0.771756 0.00636941 9.08295e-21)
(0.763038 0.00754235 -9.03816e-21)
(0.752787 0.00891697 0)
(0.740757 0.0105188 1.03641e-20)
(0.726638 0.0124194 -1.84599e-20)
(0.710111 0.0145665 9.24009e-21)
(0.690652 0.0174203 9.4528e-21)
(0.823357 0.00300258 2.37763e-21)
(0.823084 0.00304246 4.48278e-21)
(0.822095 0.00319813 -4.46118e-21)
(0.820648 0.00353086 2.23209e-21)
(0.819018 0.00404546 2.23033e-21)
(0.81721 0.0047356 8.9387e-21)
(0.8151 0.00560792 -6.66859e-21)
(0.812567 0.00667819 -1.78752e-20)
(0.809509 0.00797218 3.79033e-20)
(0.80582 0.00950833 -1.78007e-20)
(0.801427 0.0113469 -1.68135e-20)
(0.796242 0.0135271 3.80429e-20)
(0.790127 0.0160894 -3.36517e-20)
(0.782916 0.0190909 1.7928e-20)
(0.774421 0.0225995 2.25346e-21)
(0.764436 0.0267115 3.87343e-20)
(0.752714 0.0315004 -3.74477e-20)
(0.738996 0.0371884 0)
(0.722879 0.0435978 2.3041e-21)
(0.704364 0.0521475 0)
(0.842209 0.0048091 -7.05954e-21)
(0.842013 0.00490924 -2.9334e-24)
(0.841201 0.0052311 8.86966e-21)
(0.839962 0.00583229 -4.39096e-21)
(0.838527 0.0067128 -1.10446e-20)
(0.836902 0.00787293 -2.21066e-21)
(0.834973 0.00933247 -2.21365e-21)
(0.832631 0.0111219 -2.21121e-21)
(0.829769 0.0132834 3.11043e-20)
(0.82631 0.0158459 1.89799e-22)
(0.822198 0.0189009 -3.98823e-20)
(0.817319 0.0225201 -2.22851e-21)
(0.81154 0.0267726 -4.46118e-21)
(0.804712 0.0317533 0)
(0.796666 0.0375708 -4.06001e-20)
(0.787217 0.0443896 3.14555e-20)
(0.776122 0.0523185 0)
(0.763219 0.0617575 -2.27265e-21)
(0.747946 0.0723279 -2.30815e-21)
(0.731284 0.0865423 -2.30175e-21)
(0.86961 0.00659039 2.31482e-21)
(0.869505 0.00675425 6.54517e-21)
(0.868916 0.00722736 0)
(0.867938 0.00808293 -1.96767e-20)
(0.866751 0.00932336 1.74449e-20)
(0.865367 0.0109521 1.97107e-20)
(0.863687 0.0129956 -1.31002e-20)
(0.861612 0.0154993 2.19283e-21)
(0.859023 0.0185123 -2.86073e-20)
(0.855887 0.0221059 -1.72026e-22)
(0.852171 0.0263756 3.29609e-20)
(0.847736 0.0314191 -3.54303e-20)
(0.842452 0.0373359 -3.35415e-20)
(0.836194 0.0442628 7.53079e-20)
(0.82882 0.0523419 2.23774e-21)
(0.820183 0.0618163 6.70874e-21)
(0.810046 0.0728013 -7.24008e-20)
(0.798388 0.0859319 1.62845e-21)
(0.784432 0.100478 -6.8559e-22)
(0.770446 0.120318 7.53683e-20)
(0.904572 0.00826026 4.53951e-21)
(0.904554 0.00849312 -1.71229e-20)
(0.904204 0.00911252 8.55637e-21)
(0.903514 0.0102165 4.29268e-21)
(0.902605 0.0118153 0)
(0.901486 0.0139124 0)
(0.900085 0.0165362 -4.31787e-21)
(0.898303 0.0197516 0)
(0.896059 0.0235812 -4.33887e-21)
(0.893352 0.0281953 0)
(0.890123 0.03367 4.36486e-21)
(0.886233 0.0401124 -7.00631e-20)
(0.88158 0.0476475 -3.61496e-22)
(0.876067 0.0564652 -4.80347e-21)
(0.869589 0.0667263 7.04798e-20)
(0.86204 0.0787761 -4.45949e-21)
(0.853214 0.0926766 4.42307e-21)
(0.843241 0.109404 -7.1935e-20)
(0.831139 0.127623 7.62751e-20)
(0.820526 0.153033 1.44952e-19)
(0.945912 0.00973773 4.42494e-21)
(0.945955 0.0100514 -4.1734e-21)
(0.945823 0.0108196 -4.1857e-21)
(0.945416 0.0121673 -4.19542e-21)
(0.944779 0.0141184 -3.37346e-20)
(0.943922 0.0166718 6.33571e-20)
(0.942806 0.0198696 -3.80662e-20)
(0.941305 0.0237359 0)
(0.939449 0.028422 -4.25109e-21)
(0.937264 0.034037 -4.26314e-21)
(0.934587 0.0406626 -4.27567e-21)
(0.931319 0.0484424 6.47799e-20)
(0.927419 0.0575153 -1.42721e-19)
(0.922816 0.0681383 6.93494e-20)
(0.917462 0.0804564 0)
(0.911274 0.0949735 -4.34081e-21)
(0.90413 0.11159 -1.4975e-19)
(0.896268 0.131814 1.40978e-19)
(0.886625 0.153295 -4.47757e-21)
(0.87995 0.184213 0)
(0.992396 0.010894 4.29073e-21)
(0.992438 0.0113191 -1.22065e-20)
(0.992452 0.012266 4.05282e-21)
(0.992277 0.0138654 2.45569e-20)
(0.991867 0.0161526 4.10584e-21)
(0.991244 0.019131 -2.4813e-20)
(0.990329 0.0228427 4.08255e-21)
(0.989162 0.0274046 3.32845e-20)
(0.987808 0.0329294 8.36356e-21)
(0.986106 0.0394849 7.15108e-20)
(0.983991 0.047169 -5.90025e-20)
(0.981413 0.0561914 -5.94151e-20)
(0.978394 0.0666756 7.23101e-20)
(0.974859 0.078979 4.24134e-21)
(0.97087 0.0931469 4.25246e-21)
(0.966324 0.109945 8.60471e-21)
(0.961293 0.128899 8.62879e-21)
(0.955971 0.152379 -4.26213e-21)
(0.949432 0.176514 0)
(0.946932 0.212905 1.37407e-19)
(1.0428 0.0115886 -1.24599e-20)
(1.04277 0.0121803 -4.09346e-24)
(1.04283 0.0133749 -3.9557e-21)
(1.04277 0.0152532 -3.58542e-20)
(1.0425 0.0178673 2.40022e-20)
(1.04201 0.0212817 -4.03368e-21)
(1.04138 0.0255208 0)
(1.04062 0.030744 0)
(1.03964 0.0369737 -8.18332e-21)
(1.03838 0.0443518 -4.09481e-21)
(1.03687 0.0529729 -4.1568e-21)
(1.03505 0.0631285 -4.1813e-21)
(1.03304 0.0748568 0)
(1.0307 0.0887062 -8.38402e-21)
(1.0283 0.104449 -4.24911e-21)
(1.0256 0.123361 -8.43344e-21)
(1.02308 0.144089 -4.28172e-21)
(1.0207 0.170521 -1.30408e-19)
(1.01808 0.195871 1.35308e-19)
(1.02065 0.237294 0)
(1.09591 0.0117848 0)
(1.09584 0.0125609 3.80791e-21)
(1.09584 0.0140471 1.92235e-21)
(1.09578 0.0162053 0)
(1.09559 0.019106 3.49862e-20)
(1.09527 0.0228661 -3.13052e-20)
(1.09486 0.0275643 6.50185e-20)
(1.09435 0.0332688 -6.34906e-20)
(1.09374 0.0400439 5.9993e-21)
(1.09296 0.0481174 2.04149e-21)
(1.09215 0.0575101 0)
(1.09116 0.0686399 0)
(1.09032 0.0813387 0)
(1.08929 0.0965296 1.35265e-19)
(1.08879 0.113422 -2.63461e-19)
(1.08803 0.134404 5.09087e-21)
(1.08847 0.156545 1.32397e-19)
(1.08893 0.186981 0)
(1.09078 0.214158 0)
(1.09934 0.263219 1.27666e-19)
(1.1507 0.0121657 0)
(1.15078 0.0129652 -1.46616e-20)
(1.15076 0.0144889 -1.29259e-20)
(1.15061 0.0167244 2.98515e-20)
(1.15043 0.0197408 3.00873e-20)
(1.15022 0.0236684 -9.10579e-20)
(1.15003 0.0285716 5.93453e-20)
(1.1498 0.0345911 0)
(1.14966 0.0417416 -1.95379e-21)
(1.14946 0.0503123 -6.06321e-20)
(1.14953 0.060201 1.26229e-19)
(1.14951 0.0719974 -6.3635e-20)
(1.15023 0.0852034 0)
(1.15075 0.101203 -1.27611e-19)
(1.15303 0.118308 2.56534e-19)
(1.15484 0.140141 -1.28932e-19)
(1.16045 0.161361 0)
(1.16553 0.192676 -1.24526e-19)
(1.17607 0.216702 1.25826e-19)
(1.19413 0.271509 -1.94387e-21)
(1.20615 0.0125479 0)
(1.20606 0.0133401 0)
(1.20589 0.0148442 0)
(1.20568 0.0171101 0)
(1.20553 0.0202118 0)
(1.20542 0.0242914 0)
(1.20545 0.029391 0)
(1.20547 0.0356991 0)
(1.20577 0.0431713 0)
(1.20601 0.0522035 0)
(1.20692 0.0625329 0)
(1.20758 0.0750789 0)
(1.20986 0.0888336 0)
(1.21123 0.106188 0)
(1.21656 0.123724 0)
(1.21885 0.148413 0)
(1.2313 0.168683 0)
(1.23422 0.207103 0)
(1.26587 0.222883 0)
(1.26701 0.294414 0)
(1.26354 0.0126549 0)
(1.2635 0.0134408 0)
(1.26336 0.0149277 0)
(1.26322 0.0171516 0)
(1.26325 0.0201871 0)
(1.26339 0.024188 0)
(1.26377 0.0291601 0)
(1.26417 0.035314 0)
(1.26503 0.0425255 0)
(1.26579 0.0512646 0)
(1.26758 0.0610679 0)
(1.2689 0.0730815 0)
(1.27261 0.0857921 0)
(1.27468 0.102216 0)
(1.28242 0.117725 0)
(1.2851 0.140675 0)
(1.30163 0.157331 0)
(1.30352 0.190875 0)
(1.33909 0.202334 0)
(1.33384 0.250867 0)
(1.32384 0.0130691 0)
(1.32385 0.0137657 0)
(1.32373 0.0150713 0)
(1.32367 0.0171092 0)
(1.32388 0.0199679 0)
(1.32425 0.0237966 0)
(1.32495 0.0285561 0)
(1.32568 0.0344624 0)
(1.32702 0.0413256 0)
(1.32822 0.0496499 0)
(1.33074 0.0588442 0)
(1.3326 0.0701266 0)
(1.33736 0.0817731 0)
(1.33999 0.0968454 0)
(1.34914 0.110596 0)
(1.35218 0.130788 0)
(1.37002 0.144975 0)
(1.37154 0.17211 0)
(1.40597 0.182097 0)
(1.39982 0.217449 0)
(1.38646 0.0134816 0)
(1.38631 0.0140829 0)
(1.38611 0.0151565 0)
(1.38611 0.0169423 0)
(1.38651 0.0195664 0)
(1.3871 0.0231734 0)
(1.38809 0.0276811 0)
(1.3891 0.0332954 0)
(1.39085 0.0397803 0)
(1.39242 0.0476396 0)
(1.39551 0.0562278 0)
(1.39781 0.0667269 0)
(1.40332 0.0774143 0)
(1.40638 0.0911047 0)
(1.4163 0.10344 0)
(1.41959 0.121071 0)
(1.43768 0.133548 0)
(1.43898 0.156012 0)
(1.47197 0.165225 0)
(1.46534 0.193604 0)
(1.45033 0.0135795 0)
(1.44996 0.0141458 0)
(1.4496 0.0150528 0)
(1.44965 0.0166004 0)
(1.45024 0.0189711 0)
(1.45104 0.0223245 0)
(1.45229 0.026548 0)
(1.45353 0.0318277 0)
(1.45561 0.0378965 0)
(1.45747 0.0452364 0)
(1.461 0.0531918 0)
(1.46363 0.062861 0)
(1.46964 0.0726102 0)
(1.47299 0.084945 0)
(1.48332 0.0959853 0)
(1.4867 0.111397 0)
(1.50467 0.122386 0)
(1.50578 0.14143 0)
(1.53729 0.149581 0)
(1.53025 0.173225 0)
(1.51458 0.0135568 0)
(1.51395 0.014098 0)
(1.51336 0.0148423 0)
(1.51341 0.0161344 0)
(1.51419 0.018221 0)
(1.51519 0.0212864 0)
(1.51667 0.0251956 0)
(1.5181 0.0301063 0)
(1.52044 0.0357292 0)
(1.52251 0.0425129 0)
(1.52636 0.0498154 0)
(1.52922 0.058639 0)
(1.53554 0.067465 0)
(1.53904 0.0785119 0)
(1.54952 0.0883354 0)
(1.55291 0.101822 0)
(1.57048 0.111434 0)
(1.57145 0.127722 0)
(1.60123 0.134725 0)
(1.59423 0.154614 0)
(1.57857 0.0134908 0)
(1.5776 0.0140002 0)
(1.57666 0.0145563 0)
(1.57666 0.0155608 0)
(1.57761 0.0173348 0)
(1.57881 0.020088 0)
(1.58048 0.0236659 0)
(1.58205 0.028189 0)
(1.58457 0.0333519 0)
(1.58678 0.0395647 0)
(1.59083 0.046213 0)
(1.59382 0.0542045 0)
(1.60029 0.0621412 0)
(1.60386 0.0719891 0)
(1.61427 0.0806852 0)
(1.61763 0.0924822 0)
(1.63453 0.100846 0)
(1.6355 0.114816 0)
(1.66332 0.120802 0)
(1.65683 0.137614 0)
(1.64165 0.0133566 0)
(1.64025 0.0138338 0)
(1.63882 0.0141861 0)
(1.63871 0.0148816 0)
(1.63982 0.0163289 0)
(1.64121 0.0187629 0)
(1.64304 0.0220075 0)
(1.6447 0.0261388 0)
(1.64731 0.0308407 0)
(1.6496 0.0364835 0)
(1.65373 0.0424906 0)
(1.65678 0.0496791 0)
(1.66325 0.0567724 0)
(1.66684 0.0655112 0)
(1.67697 0.0731751 0)
(1.68033 0.0834743 0)
(1.69634 0.0907342 0)
(1.69745 0.102727 0)
(1.72313 0.107864 0)
(1.71753 0.122102 0)
(1.70318 0.0131533 0)
(1.70125 0.0135975 0)
(1.69921 0.0137333 0)
(1.69893 0.0141072 0)
(1.70018 0.0152291 0)
(1.70177 0.0173535 0)
(1.70372 0.0202763 0)
(1.70542 0.0240222 0)
(1.70803 0.0282705 0)
(1.71032 0.033354 0)
(1.71444 0.0387415 0)
(1.7175 0.0451631 0)
(1.72382 0.0514641 0)
(1.7274 0.0591771 0)
(1.73709 0.0659017 0)
(1.74046 0.0748633 0)
(1.75543 0.081155 0)
(1.7568 0.0914388 0)
(1.78024 0.0958617 0)
(1.77578 0.107908 0)
(1.76251 0.0129037 0)
(1.75995 0.0132977 0)
(1.75717 0.0131889 0)
(1.75667 0.0132349 0)
(1.75808 0.0140548 0)
(1.75986 0.0159018 0)
(1.7619 0.0185277 0)
(1.76358 0.0219016 0)
(1.76612 0.0257094 0)
(1.76837 0.030251 0)
(1.77238 0.0350465 0)
(1.77539 0.0407396 0)
(1.78147 0.0462996 0)
(1.785 0.0530629 0)
(1.79413 0.0589336 0)
(1.79756 0.0666929 0)
(1.81136 0.0721322 0)
(1.8131 0.0809186 0)
(1.83425 0.0847307 0)
(1.83108 0.0948838 0)
(1.8189 0.0126629 0)
(1.81561 0.0129404 0)
(1.81199 0.0125179 0)
(1.81129 0.0122387 0)
(1.81291 0.0128152 0)
(1.81491 0.0144452 0)
(1.81699 0.016811 0)
(1.81861 0.0198304 0)
(1.82101 0.0232148 0)
(1.82317 0.0272371 0)
(1.82699 0.0314716 0)
(1.82993 0.0364756 0)
(1.83566 0.041343 0)
(1.83915 0.0472252 0)
(1.84763 0.0523167 0)
(1.85113 0.058988 0)
(1.8637 0.0636691 0)
(1.86589 0.0711307 0)
(1.88474 0.0744095 0)
(1.88295 0.0829171 0)
(1.87155 0.0124586 0)
(1.86742 0.01248 0)
(1.86295 0.0116436 0)
(1.86218 0.0110783 0)
(1.86411 0.0115221 0)
(1.86635 0.0130237 0)
(1.86841 0.0151703 0)
(1.86992 0.0178525 0)
(1.87212 0.0208335 0)
(1.87417 0.0243634 0)
(1.87775 0.0280688 0)
(1.8806 0.0324212 0)
(1.88592 0.0366392 0)
(1.88935 0.0417012 0)
(1.89713 0.0460767 0)
(1.90072 0.0517579 0)
(1.91205 0.0557555 0)
(1.91472 0.0620362 0)
(1.93133 0.0648391 0)
(1.93095 0.0719086 0)
(1.91965 0.0119625 0)
(1.91456 0.0115804 0)
(1.90936 0.0103426 0)
(1.90878 0.00968158 0)
(1.91116 0.0101959 0)
(1.91362 0.0116772 0)
(1.91559 0.0136372 0)
(1.91694 0.0159987 0)
(1.91892 0.0186022 0)
(1.92084 0.0216705 0)
(1.92413 0.0248759 0)
(1.92687 0.0286098 0)
(1.93175 0.0322146 0)
(1.93513 0.0365103 0)
(1.94218 0.0402215 0)
(1.94588 0.0449961 0)
(1.95598 0.0483682 0)
(1.95915 0.0535899 0)
(1.97363 0.055957 0)
(1.97464 0.0617633 0)
(1.96255 0.00978353 0)
(1.9564 0.00911634 0)
(1.95079 0.00799272 0)
(1.95072 0.00782094 0)
(1.95357 0.0087727 0)
(1.95611 0.0103597 0)
(1.95787 0.0121674 0)
(1.95901 0.014249 0)
(1.96075 0.0165261 0)
(1.96253 0.0191753 0)
(1.96551 0.0219096 0)
(1.96812 0.0250545 0)
(1.97255 0.0280763 0)
(1.97589 0.0316524 0)
(1.98224 0.0347401 0)
(1.98608 0.0386792 0)
(1.99501 0.0414687 0)
(1.99871 0.0457345 0)
(2.01122 0.0476913 0)
(2.01356 0.0523832 0)
(1.99916 0.00446741 0)
(1.99242 0.00438255 0)
(1.98702 0.00468274 0)
(1.98756 0.00598406 0)
(1.99056 0.00768829 0)
(1.99284 0.00932299 0)
(1.99423 0.0109043 0)
(1.99515 0.0127088 0)
(1.99664 0.0146873 0)
(1.99827 0.0169345 0)
(2.00094 0.0192023 0)
(2.00346 0.0217693 0)
(2.00749 0.0242217 0)
(2.01085 0.0271105 0)
(2.01659 0.0295997 0)
(2.02061 0.032759 0)
(2.02855 0.0349935 0)
(2.03278 0.0383895 0)
(2.04358 0.0399475 0)
(2.04718 0.0436538 0)
(2.03019 -0.00739448 0)
(2.02321 -0.00528184 0)
(2.01785 -0.000431802 0)
(2.01798 0.00413868 0)
(2.01997 0.00694929 0)
(2.02142 0.0085109 0)
(2.02243 0.00978787 0)
(2.0233 0.0113136 0)
(2.0247 0.012996 0)
(2.02633 0.0148336 0)
(2.02887 0.0166273 0)
(2.03149 0.0186234 0)
(2.03536 0.0205169 0)
(2.03891 0.0227465 0)
(2.04431 0.0246582 0)
(2.04866 0.0270887 0)
(2.05587 0.0287926 0)
(2.06072 0.0313977 0)
(2.07019 0.0325671 0)
(2.07498 0.0354034 0)
(2.0436 -0.0182285 0)
(2.04117 -0.0145642 0)
(2.03795 -0.00458619 0)
(2.03634 0.00345717 0)
(2.03633 0.00703659 0)
(2.03728 0.00826071 0)
(2.03887 0.00908683 0)
(2.04061 0.0101748 0)
(2.04268 0.011395 0)
(2.04493 0.0127056 0)
(2.04793 0.0139656 0)
(2.05115 0.0153758 0)
(2.05534 0.0167123 0)
(2.05948 0.0183067 0)
(2.06493 0.0196661 0)
(2.06987 0.021421 0)
(2.07676 0.0226312 0)
(2.08233 0.024524 0)
(2.09093 0.0253323 0)
(2.09683 0.0274017 0)
(2.03655 -0.00665413 0)
(2.04331 -0.0061407 0)
(2.04586 -0.00152932 0)
(2.04286 0.00290699 0)
(2.04098 0.00530538 0)
(2.04238 0.00639404 0)
(2.04563 0.00713006 0)
(2.0491 0.00788106 0)
(2.05257 0.00864744 0)
(2.05605 0.00948626 0)
(2.06001 0.0103204 0)
(2.06421 0.0112749 0)
(2.06907 0.0121796 0)
(2.07399 0.0132623 0)
(2.07978 0.0141804 0)
(2.08539 0.0153757 0)
(2.09224 0.0161895 0)
(2.09849 0.0174806 0)
(2.10658 0.0180059 0)
(2.11336 0.0194107 0)
(2.03348 0.0264751 0)
(2.04155 0.0223356 0)
(2.04732 0.0117846 0)
(2.04788 0.0041062 0)
(2.04824 0.00184219 0)
(2.05069 0.00240196 0)
(2.05455 0.00332387 0)
(2.05859 0.00395411 0)
(2.06258 0.0044269 0)
(2.06659 0.00496747 0)
(2.07093 0.00555702 0)
(2.0755 0.00622965 0)
(2.08054 0.00685927 0)
(2.08575 0.00757654 0)
(2.09154 0.00818204 0)
(2.09742 0.0089399 0)
(2.10406 0.00946166 0)
(2.11063 0.0102557 0)
(2.11823 0.0105851 0)
(2.12548 0.0114166 0)
(2.07316 0.0227223 0)
(2.06553 0.019891 0)
(2.06134 0.0106392 0)
(2.06391 0.00321318 0)
(2.06798 0.000380718 0)
(2.07069 0.000291496 0)
(2.07241 0.000719472 0)
(2.07414 0.000975268 0)
(2.07638 0.00112421 0)
(2.07912 0.00131409 0)
(2.08239 0.00154609 0)
(2.0861 0.00181339 0)
(2.09035 0.00206279 0)
(2.095 0.0023361 0)
(2.1002 0.00256648 0)
(2.10574 0.00284422 0)
(2.11189 0.00303709 0)
(2.1183 0.00332035 0)
(2.12537 0.00343821 0)
(2.13266 0.00372799 0)
(1.347 0.277224 -1.46511e-21)
(1.42383 0.263844 -8.6036e-20)
(1.49402 0.257026 0)
(1.56336 0.250633 -6.45322e-20)
(1.6308 0.242609 0)
(1.69208 0.233204 -4.07595e-20)
(1.74663 0.222047 1.60377e-20)
(1.79418 0.208682 -4.03716e-22)
(1.83485 0.193906 0)
(1.86825 0.175787 0)
(1.40289 0.241572 9.58471e-20)
(1.47995 0.23435 0)
(1.5493 0.231934 7.27681e-20)
(1.61229 0.229296 0)
(1.67344 0.222925 -1.47386e-21)
(1.72908 0.213908 2.2451e-20)
(1.77874 0.202766 4.89356e-22)
(1.82136 0.189946 -2.85208e-22)
(1.85788 0.175057 2.84787e-22)
(1.88723 0.15867 4.67895e-22)
(1.46167 0.215668 -9.48364e-20)
(1.53347 0.211817 0)
(1.60131 0.208316 -7.03585e-20)
(1.66013 0.204984 -2.07977e-21)
(1.71619 0.198898 5.19125e-20)
(1.76718 0.190307 -2.10193e-20)
(1.81339 0.179935 9.66687e-22)
(1.8516 0.168539 -4.47751e-22)
(1.88524 0.155133 0)
(1.9106 0.141297 -1.09831e-21)
(1.52234 0.193509 0)
(1.58833 0.190882 7.96494e-20)
(1.65318 0.18694 -2.04735e-21)
(1.70838 0.18328 3.80092e-21)
(1.75947 0.178085 -5.51505e-20)
(1.80543 0.170428 1.47774e-21)
(1.84825 0.160953 -1.67938e-20)
(1.88244 0.150529 0)
(1.914 0.138653 -4.91505e-21)
(1.93549 0.126251 7.46874e-22)
(1.58317 0.173223 -8.63145e-20)
(1.64334 0.171441 8.67407e-22)
(1.70388 0.167776 -4.30536e-21)
(1.75559 0.163812 3.74816e-21)
(1.80231 0.159097 -1.74043e-21)
(1.84359 0.152253 -1.22554e-21)
(1.88302 0.143761 1.71426e-21)
(1.91367 0.134167 6.13831e-21)
(1.9433 0.123732 5.19307e-21)
(1.96151 0.112468 0)
(1.64322 0.154651 1.68971e-19)
(1.69788 0.153453 -1.52878e-19)
(1.75348 0.150281 -1.97715e-21)
(1.80156 0.146237 1.97927e-21)
(1.84429 0.141832 0)
(1.88139 0.135723 2.19408e-20)
(1.91727 0.128266 5.06344e-22)
(1.94496 0.11944 -7.92854e-21)
(1.97237 0.110311 3.95796e-22)
(1.98838 0.0999835 -1.02047e-21)
(1.70183 0.137741 -8.26906e-20)
(1.75124 0.136929 7.74434e-20)
(1.80171 0.134261 -4.15713e-21)
(1.84595 0.130361 1.95583e-21)
(1.88493 0.126189 2.56049e-20)
(1.91837 0.120699 -1.10435e-21)
(1.95067 0.114184 1.99362e-20)
(1.97588 0.10616 0)
(2.0008 0.0981319 3.0117e-21)
(2.01552 0.0887262 1.02551e-21)
(1.75845 0.122312 0)
(1.80284 0.121758 0)
(1.84821 0.119529 0)
(1.88851 0.115916 3.0647e-20)
(1.92392 0.111975 -5.29047e-20)
(1.95409 0.107018 1.51718e-22)
(1.98297 0.101309 -8.65458e-21)
(2.00598 0.0941304 -9.77401e-22)
(2.02839 0.0870083 -5.7699e-21)
(2.04224 0.0785628 0)
(1.8126 0.108184 -3.83015e-20)
(1.85218 0.107818 0)
(1.89262 0.105964 -1.90256e-21)
(1.92897 0.102708 -2.52743e-20)
(1.96097 0.0990297 2.388e-20)
(1.98817 0.0945478 -2.23652e-20)
(2.01393 0.0895141 -9.55809e-21)
(2.03484 0.0831771 -4.55859e-22)
(2.05495 0.0768278 6.99399e-21)
(2.068 0.0693399 0)
(1.86382 0.0952165 7.52597e-20)
(1.89883 0.0949944 0)
(1.9346 0.0934603 -1.88273e-21)
(1.96708 0.0905802 -2.50256e-20)
(1.99583 0.087196 -1.70463e-21)
(2.02028 0.0831496 1.31607e-21)
(2.04325 0.078693 9.11344e-21)
(2.06216 0.073146 -9.43925e-21)
(2.08024 0.067498 -3.0724e-21)
(2.09242 0.0609137 1.92327e-22)
(1.91172 0.0832924 -3.58674e-20)
(1.94241 0.0831808 9.26179e-22)
(1.9738 0.0819178 -2.07224e-21)
(2.00259 0.0794006 3.02436e-20)
(2.02827 0.0763323 -1.70271e-21)
(2.05018 0.0726931 0)
(2.07067 0.068747 1.20762e-22)
(2.08771 0.0639156 -1.77672e-22)
(2.104 0.0589308 -3.61179e-21)
(2.11527 0.0531718 0)
(1.95591 0.0723067 -1.07928e-21)
(1.98259 0.0722732 3.11062e-21)
(2.00993 0.0712356 -3.89358e-21)
(2.03525 0.0690543 3.55467e-21)
(2.05806 0.0663099 -1.7015e-21)
(2.07764 0.0630573 -1.34347e-21)
(2.09593 0.0595769 -8.11145e-21)
(2.11127 0.0553868 7.55213e-21)
(2.12597 0.0510361 7.86183e-21)
(2.13639 0.0460281 0)
(1.99603 0.0621578 0)
(2.01901 0.0621689 -3.30727e-20)
(2.04266 0.0613121 0)
(2.06481 0.0594331 1.41282e-20)
(2.08498 0.0570091 0)
(2.10247 0.0541281 0)
(2.11881 0.0510825 5.96209e-22)
(2.13265 0.0474717 -6.01248e-22)
(2.14594 0.0437252 -3.74635e-21)
(2.15561 0.0394094 0)
(2.03168 0.0527409 3.32821e-20)
(2.05134 0.05276 3.39147e-20)
(2.0717 0.0520394 0)
(2.09101 0.0504266 1.64771e-21)
(2.10883 0.0483125 -1.45726e-20)
(2.12448 0.0457935 -1.36619e-21)
(2.13913 0.0431617 -3.81486e-21)
(2.15169 0.0400851 -5.25117e-22)
(2.16374 0.0369123 -1.434e-21)
(2.17279 0.033246 0)
(2.06241 0.0439349 -5.0854e-20)
(2.0792 0.0439229 -1.60929e-20)
(2.09675 0.0432958 -1.80529e-21)
(2.11363 0.0419157 -1.05377e-20)
(2.12943 0.0400995 2.40574e-20)
(2.14353 0.0379389 0)
(2.15676 0.0357094 5.82566e-21)
(2.16828 0.0331392 -6.18298e-22)
(2.17927 0.0305132 1.9719e-21)
(2.18781 0.0274682 4.24201e-22)
(2.08787 0.0355732 1.67051e-20)
(2.10235 0.0355015 1.78982e-20)
(2.11764 0.0349396 1.12464e-20)
(2.13257 0.0337715 1.836e-21)
(2.14673 0.0322486 -1.28843e-20)
(2.15958 0.0304512 0)
(2.17167 0.0286221 5.28703e-21)
(2.18235 0.0265441 -2.8838e-21)
(2.19247 0.0244476 5.47129e-22)
(2.20061 0.0220047 -4.26391e-22)
(2.10804 0.0274514 1.63723e-20)
(2.12084 0.0273188 0)
(2.13445 0.0268219 -1.67195e-20)
(2.14791 0.0258706 1.0454e-20)
(2.16081 0.024656 -1.69767e-21)
(2.1727 0.023241 1.3898e-21)
(2.18389 0.0218198 -6.09289e-21)
(2.19393 0.0202331 -1.19381e-21)
(2.20334 0.0186412 5.54367e-22)
(2.21116 0.0168116 0)
(2.12345 0.0193821 -7.15762e-21)
(2.1351 0.0192191 8.61209e-22)
(2.14751 0.01881 -1.93128e-21)
(2.15989 0.0181024 1.64359e-21)
(2.17185 0.0172334 -1.69612e-21)
(2.18299 0.0162377 2.95344e-21)
(2.19349 0.0152551 0)
(2.20301 0.0141633 2.37345e-21)
(2.21187 0.0130828 -1.04271e-21)
(2.21943 0.011815 2.2396e-22)
(2.13472 0.0113689 -8.0062e-21)
(2.14548 0.0111873 1.85633e-21)
(2.15701 0.0108494 8.25826e-26)
(2.1686 0.0103711 -5.11577e-21)
(2.17984 0.00984902 -1.60856e-21)
(2.19041 0.00929304 -5.833e-21)
(2.20036 0.00877247 2.05373e-21)
(2.20948 0.00820542 -4.10937e-23)
(2.21789 0.00765681 1.0478e-21)
(2.22521 0.00700037 -2.25134e-22)
(2.14119 0.00368922 0)
(2.15133 0.00350423 0)
(2.16231 0.00322502 -5.43813e-21)
(2.17344 0.0029188 1.81672e-21)
(2.18428 0.00265339 1.61706e-21)
(2.19451 0.00244407 1.48866e-21)
(2.20413 0.00230389 6.34857e-22)
(2.21298 0.00220365 -1.81391e-21)
(2.22113 0.0021351 5.70683e-22)
(2.22827 0.00208275 0)
)
;

boundaryField
{
    bottom
    {
        type            symmetryPlane;
    }
    right
    {
        type            zeroGradient;
    }
    top
    {
        type            symmetryPlane;
    }
    left
    {
        type            zeroGradient;
    }
    cylinder
    {
        type            noSlip;
    }
    defaultFaces
    {
        type            empty;
    }
}


// ************************************************************************* //
