/*--------------------------------*- C++ -*----------------------------------*\
| =========                 |                                                 |
| \\      /  F ield         | OpenFOAM: The Open Source CFD Toolbox           |
|  \\    /   O peration     | Version:  4.1                                   |
|   \\  /    A nd           | Web:      www.OpenFOAM.org                      |
|    \\/     M anipulation  |                                                 |
\*---------------------------------------------------------------------------*/
FoamFile
{
    version     2.0;
    format      ascii;
    class       volVectorField;
    location    "5.4";
    object      U;
}
// * * * * * * * * * * * * * * * * * * * * * * * * * * * * * * * * * * * * * //

dimensions      [0 1 -1 0 0 0 0];

internalField   nonuniform List<vector> 
2000
(
(-0.0209406 0.021024 4.12294e-20)
(0.0381834 0.0053984 0)
(0.183341 -0.0267843 6.52254e-20)
(0.388452 -0.064509 2.90022e-20)
(0.623262 -0.0992464 -5.386e-20)
(0.855029 -0.127134 -7.05877e-20)
(1.05879 -0.147183 2.26465e-20)
(1.22003 -0.162886 0)
(1.34192 -0.167807 -1.59301e-20)
(1.40776 -0.187122 0)
(-0.0101475 0.0117554 -2.04232e-20)
(0.0921484 -0.0186406 1.79763e-20)
(0.295387 -0.0548826 -6.95198e-20)
(0.555368 -0.0879778 -9.22462e-20)
(0.823353 -0.112395 -7.17051e-22)
(1.05968 -0.127892 2.31262e-20)
(1.2439 -0.136691 -2.16011e-20)
(1.37293 -0.141969 -1.78489e-20)
(1.45426 -0.142102 1.593e-20)
(1.49122 -0.152026 2.43118e-20)
(0.00769036 0.00134251 2.21629e-20)
(0.166867 -0.0416385 -2.07591e-20)
(0.435509 -0.0756058 3.50017e-20)
(0.742006 -0.0976616 -1.30923e-21)
(1.02175 -0.108559 2.76061e-20)
(1.23927 -0.112217 2.41676e-20)
(1.38784 -0.112506 2.08961e-20)
(1.47713 -0.112375 1.7849e-20)
(1.52318 -0.110826 1.40092e-20)
(1.54129 -0.117642 -1.15076e-20)
(0.0342774 -0.00952677 -6.60494e-22)
(0.26373 -0.0602292 -2.21798e-20)
(0.59745 -0.0841288 0)
(0.931846 -0.0907235 3.06109e-20)
(1.19929 -0.0885401 -2.97419e-20)
(1.38111 -0.0837361 0)
(1.48816 -0.0797523 0)
(1.54145 -0.0778438 0)
(1.5617 -0.0766566 -1.40099e-20)
(1.56073 -0.082358 2.11664e-20)
(0.0709409 -0.019547 5.22556e-20)
(0.381292 -0.0700611 -7.51092e-23)
(0.769716 -0.0768028 2.04388e-20)
(1.10821 -0.0672389 1.6401e-20)
(1.34439 -0.0554242 1.42623e-20)
(1.48345 -0.0466025 1.15431e-20)
(1.55195 -0.0420278 0)
(1.57718 -0.040979 7.28542e-21)
(1.57924 -0.0420174 -2.79399e-20)
(1.57104 -0.0479187 3.58106e-20)
(0.118333 -0.026844 -8.16987e-20)
(0.514424 -0.066776 1.58327e-21)
(0.938538 -0.0523459 -4.02778e-20)
(1.25932 -0.0294556 3.57638e-20)
(1.45399 -0.0127437 -4.054e-20)
(1.55132 -0.00393933 1.3127e-20)
(1.58829 -0.00143703 0)
(1.59362 -0.00294474 -7.2859e-21)
(1.58526 -0.00666684 5.69294e-21)
(1.5718 -0.0129649 1.31573e-20)
(0.176005 -0.0291593 0)
(0.65462 -0.0473404 0)
(1.09195 -0.0117985 -2.01839e-20)
(1.3798 0.0195429 1.879e-20)
(1.5305 0.036515 -1.2563e-20)
(1.59155 0.0421666 1.1795e-20)
(1.60484 0.0408159 1.44427e-20)
(1.59728 0.0358138 -1.36518e-20)
(1.58288 0.0290675 -7.624e-21)
(1.56769 0.021686 3.71155e-21)
(0.242078 -0.0242391 1.55095e-20)
(0.791772 -0.0109512 0)
(1.22208 0.0423468 -9.29768e-21)
(1.46899 0.0767007 3.42739e-20)
(1.57841 0.0900226 -2.07639e-20)
(1.61031 0.0903199 0)
(1.60705 0.0840621 0)
(1.59171 0.0750477 0)
(1.57449 0.0652541 -5.38171e-21)
(1.55853 0.0564453 5.11552e-21)
(0.313224 -0.0102859 -8.00335e-21)
(0.916568 0.0409675 -3.62641e-22)
(1.32492 0.106933 -1.08157e-20)
(1.52877 0.139303 3.90155e-21)
(1.60237 0.145969 3.78911e-21)
(1.61231 0.139497 4.88781e-21)
(1.59826 0.127741 0)
(1.57879 0.114463 -7.06989e-22)
(1.56056 0.101569 -1.69849e-21)
(1.54477 0.0906776 1.31705e-21)
(0.385056 0.0136457 0)
(1.02217 0.105517 -6.66778e-21)
(1.39921 0.178653 0)
(1.562 0.204979 -2.2779e-21)
(1.60636 0.202865 -2.09926e-21)
(1.60074 0.188803 -2.05734e-21)
(1.58031 0.171253 0)
(1.5592 0.153569 7.07042e-22)
(1.54126 0.137529 3.1281e-22)
(1.52625 0.124137 -2.96271e-22)
(-0.00950634 0.0087385 0)
(-0.0360257 0.0151843 -3.30034e-21)
(-0.0712288 0.0163896 0)
(-0.102443 0.0151528 -4.28438e-21)
(-0.127088 0.0125758 -1.34161e-21)
(-0.144678 0.00916672 2.43481e-21)
(-0.155056 0.0052539 -2.29297e-21)
(-0.158421 0.00116093 2.10319e-21)
(-0.155429 -0.00270764 6.51947e-23)
(-0.147749 -0.00581497 1.75795e-21)
(-0.0109625 0.0250593 -1.04834e-20)
(-0.0364113 0.0437572 6.53905e-21)
(-0.0678987 0.0473767 -6.22438e-21)
(-0.0944435 0.043788 2.84873e-21)
(-0.113887 0.0361958 1.34007e-20)
(-0.125829 0.0260896 -5.00026e-21)
(-0.130154 0.0144021 0)
(-0.127041 0.00205956 -2.09612e-21)
(-0.116832 -0.00971515 -1.90981e-21)
(-0.101072 -0.0192582 0)
(-0.0135951 0.0381443 6.99955e-21)
(-0.0371617 0.0672438 0)
(-0.0617914 0.0731242 1.88334e-20)
(-0.079574 0.0674408 -2.34846e-20)
(-0.0891003 0.055204 5.56425e-21)
(-0.0901967 0.0387758 0)
(-0.0828866 0.0195706 0)
(-0.0674716 -0.00100692 0)
(-0.0440356 -0.021218 1.56169e-20)
(-0.01227 -0.0374753 -1.48423e-20)
(-0.0168927 0.046692 0)
(-0.0381642 0.083232 -1.39738e-20)
(-0.0537507 0.0907468 2.59231e-20)
(-0.0595515 0.0830822 -1.20825e-20)
(-0.0551855 0.0666133 1.12737e-20)
(-0.0408521 0.0444373 -3.1564e-20)
(-0.0167569 0.0183404 3.29852e-22)
(0.0161537 -0.0102937 1.83715e-20)
(0.0577747 -0.0390861 1.62327e-20)
(0.110694 -0.0625392 -2.30684e-20)
(-0.020329 0.0504702 1.50634e-20)
(-0.0391215 0.0905741 -2.90711e-20)
(-0.0443339 0.0983746 -1.94685e-22)
(-0.0357032 0.0883585 1.59031e-22)
(-0.0140136 0.0677591 1.14336e-20)
(0.0199819 0.0403185 -3.27587e-20)
(0.0655363 0.00813758 0)
(0.12133 -0.0272907 -9.49147e-21)
(0.185645 -0.0636065 8.72075e-21)
(0.267159 -0.0941044 -3.10855e-20)
(-0.0235013 0.0501573 -2.81701e-22)
(-0.0393895 0.0894662 2.96071e-20)
(-0.0330689 0.0953974 1.35549e-20)
(-0.00766209 0.0819768 1.32096e-20)
(0.0349482 0.056881 1.17574e-20)
(0.0932672 0.0244046 1.09847e-20)
(0.165697 -0.0128614 0)
(0.250049 -0.0528277 9.49061e-21)
(0.339748 -0.0943825 2.5598e-20)
(0.456189 -0.129552 -8.89807e-21)
(-0.0261292 0.0469362 8.60895e-23)
(-0.0377826 0.0811343 1.5485e-20)
(-0.0178214 0.0825114 0)
(0.0279244 0.0641815 -2.54244e-20)
(0.0964633 0.0340398 2.43278e-20)
(0.185023 -0.003179 0)
(0.290009 -0.0442715 0)
(0.407657 -0.0860649 0)
(0.523392 -0.129167 -1.79579e-20)
(0.674654 -0.163698 -3.18947e-20)
(-0.0279199 0.0419588 -1.71459e-20)
(-0.032346 0.0672436 1.60608e-20)
(0.00553399 0.0614647 2.95089e-20)
(0.0776 0.0368759 6.46742e-22)
(0.179174 0.00155774 2.49471e-20)
(0.304669 -0.0392452 2.30858e-20)
(0.446435 -0.0817195 2.13257e-20)
(0.597075 -0.121848 1.95696e-20)
(0.735759 -0.161784 1.7956e-20)
(0.907936 -0.189122 -1.59731e-20)
(-0.0283418 0.0359355 -5.48027e-20)
(-0.0202706 0.049315 -1.59825e-20)
(0.0427575 0.0345382 -5.94433e-20)
(0.149808 0.00329862 -2.72181e-20)
(0.292515 -0.0359125 5.60909e-22)
(0.459377 -0.0773281 -2.2648e-20)
(0.636388 -0.116824 2.17404e-20)
(0.810193 -0.151557 -1.95676e-20)
(0.962628 -0.182919 1.75078e-20)
(1.12742 -0.199454 -3.13867e-20)
(-0.0264626 0.0290228 3.69651e-20)
(0.00195483 0.0284262 0)
(0.100188 0.00419612 3.05213e-20)
(0.252214 -0.0322242 -1.11235e-22)
(0.441727 -0.0718546 6.14012e-22)
(0.647403 -0.109091 2.29234e-20)
(0.8481 -0.140501 -6.50673e-20)
(1.02609 -0.166737 0)
(1.17462 -0.184706 -1.75065e-20)
(1.30002 -0.195307 0)
(-0.138014 -0.00790903 0)
(-0.126513 -0.0107508 -1.41863e-21)
(-0.111302 -0.0136753 2.72326e-21)
(-0.0923505 -0.0164707 -1.14646e-21)
(-0.0699208 -0.0191002 0)
(-0.0441522 -0.0216175 8.86212e-22)
(-0.0153013 -0.023739 -8.90607e-22)
(0.0163552 -0.0255957 0)
(0.0505001 -0.0272172 0)
(0.0867565 -0.028567 5.10767e-23)
(0.124849 -0.0296482 0)
(0.164461 -0.0304752 0)
(0.205287 -0.0310704 0)
(0.247047 -0.031464 0)
(0.289498 -0.0316943 2.93184e-23)
(0.332468 -0.0318102 -2.94704e-23)
(0.375666 -0.0318621 0)
(0.420025 -0.0319417 1.79887e-23)
(0.46048 -0.032098 -1.80834e-23)
(0.52099 -0.0325416 0)
(-0.0859012 -0.0249028 0)
(-0.0725761 -0.0335954 3.90978e-22)
(-0.0555235 -0.042144 0)
(-0.0350372 -0.0503043 4.68476e-21)
(-0.011634 -0.0579517 -4.56793e-21)
(0.0149838 -0.0649251 2.60062e-22)
(0.0445175 -0.0711595 -1.55833e-21)
(0.0762384 -0.0766324 3.01847e-21)
(0.110104 -0.0813275 -2.10945e-21)
(0.145825 -0.0852037 1.05391e-21)
(0.183093 -0.0882781 4.76827e-22)
(0.221605 -0.0905941 -6.87037e-22)
(0.261073 -0.092219 2.61602e-22)
(0.301235 -0.093243 -3.15955e-23)
(0.341858 -0.0937794 3.69311e-23)
(0.382806 -0.0939674 -2.34632e-23)
(0.42368 -0.0939613 -2.98982e-23)
(0.465743 -0.0939746 -6.32053e-23)
(0.503135 -0.0942554 6.35118e-23)
(0.559957 -0.0951124 -1.80649e-23)
(0.0116533 -0.0472415 -4.40495e-22)
(0.0279315 -0.0598919 -3.91655e-22)
(0.0488505 -0.0731203 -3.84533e-22)
(0.072243 -0.0860328 0)
(0.0979353 -0.0980398 -5.20791e-21)
(0.125861 -0.108842 4.07106e-21)
(0.155837 -0.11864 0)
(0.187577 -0.127191 -3.90762e-22)
(0.220846 -0.134416 -1.48885e-22)
(0.255378 -0.1403 1.44051e-21)
(0.290902 -0.144871 -5.08341e-22)
(0.327155 -0.1482 -1.30998e-21)
(0.363888 -0.150398 -4.14518e-23)
(0.400881 -0.151613 -5.12778e-24)
(0.43792 -0.152031 -1.23242e-24)
(0.474956 -0.151857 -6.2698e-23)
(0.511412 -0.15137 3.17245e-23)
(0.549032 -0.150761 1.03976e-22)
(0.581125 -0.150652 3.73327e-23)
(0.630906 -0.150925 1.25496e-23)
(0.145774 -0.075553 -1.362e-20)
(0.168426 -0.0907252 9.28076e-22)
(0.192099 -0.107606 1.43711e-21)
(0.218621 -0.124112 1.22059e-20)
(0.246802 -0.139419 9.99427e-22)
(0.276128 -0.153296 2.80847e-22)
(0.306471 -0.165649 -6.9741e-21)
(0.337689 -0.176331 4.59016e-21)
(0.369586 -0.185239 3.1506e-21)
(0.401945 -0.192338 -2.15722e-21)
(0.434552 -0.197662 5.23913e-22)
(0.467203 -0.201305 1.71086e-21)
(0.499718 -0.203427 4.11064e-23)
(0.531945 -0.204219 2.07739e-22)
(0.563713 -0.203952 -1.37973e-22)
(0.595094 -0.202849 7.41318e-23)
(0.625375 -0.201369 -7.8127e-23)
(0.656652 -0.199497 0)
(0.682071 -0.198425 -4.07595e-23)
(0.722228 -0.197062 -1.32483e-23)
(0.310291 -0.108092 3.0516e-20)
(0.339117 -0.125842 -1.30479e-20)
(0.365701 -0.145159 1.39927e-20)
(0.394468 -0.163844 0)
(0.42424 -0.181087 -6.81667e-22)
(0.454043 -0.196659 -9.43754e-21)
(0.483685 -0.2104 7.37236e-22)
(0.513136 -0.222126 1.2618e-21)
(0.542289 -0.231701 6.94834e-21)
(0.570992 -0.239073 3.00734e-22)
(0.599109 -0.244288 0)
(0.626519 -0.247462 -1.6949e-22)
(0.653146 -0.248804 0)
(0.678929 -0.24854 -6.81167e-23)
(0.703801 -0.247044 0)
(0.727915 -0.244492 0)
(0.750651 -0.241603 -1.504e-23)
(0.773958 -0.237964 3.03576e-23)
(0.792118 -0.235589 -2.27336e-23)
(0.820868 -0.231775 1.42476e-23)
(0.502297 -0.14319 0)
(0.534683 -0.162129 -9.27211e-22)
(0.562494 -0.182745 -2.70557e-20)
(0.591284 -0.20229 2.62339e-20)
(0.620352 -0.220115 -7.49926e-22)
(0.648481 -0.236121 0)
(0.67535 -0.250089 -8.74395e-21)
(0.700975 -0.261763 1.57044e-20)
(0.725335 -0.270985 -7.92048e-21)
(0.748359 -0.277703 -3.65764e-22)
(0.770017 -0.281984 -2.95114e-22)
(0.790294 -0.283971 -2.30474e-22)
(0.809265 -0.283939 0)
(0.826956 -0.282126 6.07065e-22)
(0.843512 -0.279037 -1.2561e-21)
(0.859022 -0.274735 4.43325e-22)
(0.873349 -0.270263 -2.566e-23)
(0.887549 -0.264669 -9.38544e-24)
(0.898484 -0.260959 -4.94647e-24)
(0.915018 -0.254456 4.83013e-24)
(0.716804 -0.175955 3.2038e-20)
(0.747457 -0.194973 0)
(0.773105 -0.215672 -8.98378e-22)
(0.798697 -0.234842 1.65317e-21)
(0.823761 -0.252159 1.5115e-21)
(0.847126 -0.267616 6.87699e-22)
(0.868418 -0.280877 6.11168e-22)
(0.887611 -0.291623 -7.31929e-21)
(0.904731 -0.299699 8.71344e-21)
(0.919809 -0.305075 6.18596e-21)
(0.932969 -0.30786 -5.13804e-21)
(0.944315 -0.308229 4.76217e-22)
(0.954139 -0.306542 -1.26376e-21)
(0.962511 -0.30303 4.82718e-22)
(0.969909 -0.298338 1.0788e-21)
(0.976148 -0.292366 6.65614e-23)
(0.981945 -0.286492 -3.39377e-23)
(0.98679 -0.279176 6.55319e-23)
(0.991106 -0.274406 5.14158e-23)
(0.995894 -0.265616 1.76516e-24)
(0.939624 -0.200466 0)
(0.963008 -0.218911 -2.99559e-20)
(0.98266 -0.238446 3.07261e-20)
(1.0017 -0.256423 -8.33905e-22)
(1.01946 -0.27275 -1.51789e-21)
(1.035 -0.287142 -6.87055e-22)
(1.04792 -0.299138 -1.21927e-21)
(1.05815 -0.30846 0)
(1.06581 -0.315017 -4.52886e-22)
(1.07107 -0.318823 -3.78487e-22)
(1.07428 -0.320044 -3.21603e-22)
(1.07568 -0.318887 -5.04702e-22)
(1.07579 -0.315778 0)
(1.07466 -0.31092 0)
(1.07316 -0.305062 -9.81212e-23)
(1.07061 -0.297924 -6.19218e-22)
(1.06878 -0.29116 4.33947e-22)
(1.06522 -0.282697 -3.07212e-23)
(1.06411 -0.277326 -3.90636e-23)
(1.05894 -0.267024 1.35775e-23)
(1.14635 -0.212499 3.27056e-20)
(1.16071 -0.230548 0)
(1.17241 -0.248547 0)
(1.18251 -0.26547 -2.52284e-20)
(1.19055 -0.280823 2.84864e-21)
(1.19599 -0.293922 4.34194e-20)
(1.19849 -0.304425 -1.98729e-20)
(1.19807 -0.312234 0)
(1.19509 -0.317352 0)
(1.18997 -0.319835 0)
(1.18328 -0.319898 1.56931e-22)
(1.17532 -0.317748 3.86251e-22)
(1.1668 -0.313838 2.92716e-21)
(1.1576 -0.308298 -2.82663e-21)
(1.1489 -0.30193 8.02781e-22)
(1.1394 -0.294277 -7.20424e-22)
(1.13185 -0.287191 0)
(1.12187 -0.278179 1.1395e-23)
(1.11699 -0.272607 1.42633e-23)
(1.1044 -0.261457 0)
(1.31596 -0.214071 -4.98298e-22)
(1.325 -0.230444 -2.88167e-20)
(1.32788 -0.246154 2.85164e-20)
(1.32661 -0.261377 0)
(1.32274 -0.274921 2.20743e-20)
(1.31655 -0.286199 -4.16923e-20)
(1.30796 -0.29516 1.96422e-20)
(1.29716 -0.301799 0)
(1.2847 -0.306109 6.59733e-21)
(1.27105 -0.308111 -1.20957e-20)
(1.25682 -0.307985 5.66704e-21)
(1.24218 -0.305874 -1.28564e-22)
(1.22785 -0.302191 0)
(1.21337 -0.296965 -2.33122e-21)
(1.20015 -0.290996 3.06497e-21)
(1.18623 -0.283685 -8.25997e-22)
(1.1752 -0.276972 -3.92413e-22)
(1.16102 -0.268118 2.89723e-22)
(1.15391 -0.262764 1.15758e-22)
(1.13631 -0.251383 0)
(1.45803 -0.191633 0)
(1.45039 -0.205942 0)
(1.43581 -0.218668 0)
(1.41931 -0.231503 0)
(1.4032 -0.243835 0)
(1.38731 -0.254807 0)
(1.37096 -0.26398 0)
(1.35388 -0.271222 0)
(1.33629 -0.276555 0)
(1.3184 -0.279976 0)
(1.30064 -0.281594 0)
(1.28292 -0.281417 0)
(1.2659 -0.279772 0)
(1.24888 -0.276555 0)
(1.23339 -0.272515 0)
(1.21709 -0.266947 0)
(1.2041 -0.261744 0)
(1.18746 -0.254169 0)
(1.17889 -0.24967 0)
(1.15829 -0.239094 0)
(1.49286 -0.174344 0)
(1.48612 -0.190385 0)
(1.46989 -0.204701 0)
(1.45083 -0.218072 0)
(1.43249 -0.230314 0)
(1.41488 -0.240947 0)
(1.39712 -0.249689 0)
(1.37879 -0.25648 0)
(1.36009 -0.261396 0)
(1.34122 -0.264486 0)
(1.32263 -0.265895 0)
(1.30415 -0.265657 0)
(1.28644 -0.26409 0)
(1.26871 -0.261099 0)
(1.25257 -0.257381 0)
(1.23549 -0.252257 0)
(1.22185 -0.247486 0)
(1.20426 -0.240472 0)
(1.19517 -0.236319 0)
(1.17328 -0.226369 0)
(1.50721 -0.157147 0)
(1.50025 -0.173711 0)
(1.48382 -0.188461 0)
(1.46436 -0.201442 0)
(1.44562 -0.212836 0)
(1.42777 -0.222638 0)
(1.4099 -0.23077 0)
(1.3915 -0.237187 0)
(1.37276 -0.241937 0)
(1.35388 -0.245061 0)
(1.33529 -0.246695 0)
(1.31681 -0.246857 0)
(1.29909 -0.245828 0)
(1.28128 -0.243489 0)
(1.26504 -0.240471 0)
(1.24776 -0.236108 0)
(1.23394 -0.23203 0)
(1.21599 -0.225789 0)
(1.20671 -0.222135 0)
(1.18426 -0.212993 0)
(1.50778 -0.141136 0)
(1.50114 -0.157458 0)
(1.48568 -0.17201 0)
(1.46708 -0.184527 0)
(1.44893 -0.195307 0)
(1.43158 -0.204574 0)
(1.41424 -0.212356 0)
(1.39642 -0.218605 0)
(1.37828 -0.223334 0)
(1.35996 -0.226566 0)
(1.34191 -0.228428 0)
(1.32392 -0.228935 0)
(1.30663 -0.228341 0)
(1.28917 -0.226521 0)
(1.27322 -0.224054 0)
(1.25612 -0.220304 0)
(1.24244 -0.216781 0)
(1.2245 -0.21119 0)
(1.21525 -0.207947 0)
(1.19269 -0.199529 0)
(1.50135 -0.127095 0)
(1.49535 -0.142614 0)
(1.48131 -0.15656 0)
(1.46411 -0.168518 0)
(1.44704 -0.178745 0)
(1.43057 -0.187521 0)
(1.4141 -0.194934 0)
(1.39718 -0.200953 0)
(1.37991 -0.205582 0)
(1.36244 -0.208836 0)
(1.34516 -0.210834 0)
(1.32787 -0.211588 0)
(1.31121 -0.211331 0)
(1.2943 -0.209936 0)
(1.2788 -0.20793 0)
(1.26206 -0.204711 0)
(1.24868 -0.201672 0)
(1.23095 -0.196671 0)
(1.22184 -0.193796 0)
(1.19944 -0.186074 0)
(1.49293 -0.11481 0)
(1.48743 -0.12922 0)
(1.47476 -0.142322 0)
(1.45902 -0.153603 0)
(1.44315 -0.163238 0)
(1.42768 -0.171495 0)
(1.41214 -0.178495 0)
(1.39616 -0.184229 0)
(1.37982 -0.188701 0)
(1.36323 -0.191922 0)
(1.34677 -0.193996 0)
(1.33021 -0.194931 0)
(1.31422 -0.194936 0)
(1.29789 -0.193887 0)
(1.28291 -0.192263 0)
(1.2666 -0.189496 0)
(1.25356 -0.18687 0)
(1.23614 -0.182394 0)
(1.22723 -0.179843 0)
(1.20512 -0.172771 0)
(1.48495 -0.103884 0)
(1.47967 -0.117083 0)
(1.46814 -0.129218 0)
(1.45374 -0.139733 0)
(1.439 -0.148729 0)
(1.42446 -0.156443 0)
(1.40979 -0.163003 0)
(1.39466 -0.168417 0)
(1.37918 -0.172691 0)
(1.36339 -0.175828 0)
(1.34769 -0.177921 0)
(1.33183 -0.178971 0)
(1.31646 -0.179168 0)
(1.3007 -0.178389 0)
(1.2862 -0.177073 0)
(1.27032 -0.174687 0)
(1.25763 -0.17241 0)
(1.24056 -0.1684 0)
(1.23185 -0.166134 0)
(1.21009 -0.15967 0)
(1.47819 -0.0940211 0)
(1.47293 -0.105991 0)
(1.4623 -0.117095 0)
(1.44904 -0.126786 0)
(1.43529 -0.135107 0)
(1.42157 -0.142257 0)
(1.40765 -0.148358 0)
(1.39326 -0.153422 0)
(1.37852 -0.15746 0)
(1.36344 -0.160468 0)
(1.3484 -0.162528 0)
(1.33315 -0.163636 0)
(1.31835 -0.163965 0)
(1.30309 -0.163395 0)
(1.28904 -0.162327 0)
(1.27357 -0.160262 0)
(1.26121 -0.158284 0)
(1.24447 -0.154692 0)
(1.23596 -0.152679 0)
(1.21456 -0.146789 0)
(1.47275 -0.08496 0)
(1.46738 -0.0957167 0)
(1.45744 -0.105773 0)
(1.44511 -0.114611 0)
(1.4322 -0.122236 0)
(1.41918 -0.128808 0)
(1.40589 -0.134432 0)
(1.39214 -0.139125 0)
(1.37802 -0.142895 0)
(1.36355 -0.145738 0)
(1.34908 -0.147724 0)
(1.33436 -0.148846 0)
(1.32004 -0.149259 0)
(1.30523 -0.14885 0)
(1.29158 -0.147981 0)
(1.27648 -0.146192 0)
(1.26442 -0.144471 0)
(1.248 -0.14126 0)
(1.23967 -0.139472 0)
(1.21864 -0.134129 0)
(1.46846 -0.0764775 0)
(1.46289 -0.0860666 0)
(1.45346 -0.0950904 0)
(1.4419 -0.103072 0)
(1.4297 -0.109991 0)
(1.41726 -0.115974 0)
(1.40451 -0.121111 0)
(1.39129 -0.125415 0)
(1.3777 -0.128895 0)
(1.36375 -0.131545 0)
(1.34977 -0.133426 0)
(1.3355 -0.134527 0)
(1.3216 -0.134987 0)
(1.30718 -0.1347 0)
(1.29388 -0.133992 0)
(1.27911 -0.132443 0)
(1.26732 -0.130947 0)
(1.2512 -0.128086 0)
(1.24304 -0.126503 0)
(1.22236 -0.121682 0)
(1.46509 -0.0684184 0)
(1.45928 -0.0768971 0)
(1.45023 -0.0849189 0)
(1.4393 -0.0920534 0)
(1.42768 -0.0982657 0)
(1.41574 -0.103656 0)
(1.40344 -0.108298 0)
(1.39066 -0.112202 0)
(1.37752 -0.115375 0)
(1.36401 -0.117811 0)
(1.35044 -0.119561 0)
(1.33657 -0.120615 0)
(1.32304 -0.121092 0)
(1.30896 -0.120897 0)
(1.29596 -0.12032 0)
(1.28149 -0.118982 0)
(1.26994 -0.117684 0)
(1.2541 -0.11515 0)
(1.24609 -0.113755 0)
(1.22573 -0.109438 0)
(1.46244 -0.0606762 0)
(1.45637 -0.0681003 0)
(1.44761 -0.0751554 0)
(1.43718 -0.0814596 0)
(1.42605 -0.086971 0)
(1.41452 -0.0917684 0)
(1.4026 -0.0959117 0)
(1.39019 -0.0994084 0)
(1.37743 -0.102263 0)
(1.36429 -0.104469 0)
(1.35109 -0.106069 0)
(1.33756 -0.107053 0)
(1.32434 -0.107525 0)
(1.31056 -0.107397 0)
(1.29783 -0.106929 0)
(1.28362 -0.105777 0)
(1.27229 -0.104658 0)
(1.25669 -0.102431 0)
(1.24882 -0.10121 0)
(1.22876 -0.0973823 0)
(1.46037 -0.053168 0)
(1.45402 -0.0595898 0)
(1.44547 -0.0657149 0)
(1.43546 -0.0712098 0)
(1.42474 -0.0760305 0)
(1.41355 -0.080239 0)
(1.40194 -0.0838833 0)
(1.38985 -0.0869681 0)
(1.3774 -0.0894962 0)
(1.36458 -0.0914598 0)
(1.35168 -0.0928959 0)
(1.33844 -0.0937927 0)
(1.32549 -0.0942413 0)
(1.31197 -0.0941629 0)
(1.29947 -0.0937835 0)
(1.2855 -0.0928013 0)
(1.27435 -0.091844 0)
(1.25898 -0.0899079 0)
(1.25124 -0.0888517 0)
(1.23145 -0.0854994 0)
(1.45874 -0.0458293 0)
(1.45214 -0.0512972 0)
(1.44375 -0.0565284 0)
(1.43407 -0.0612368 0)
(1.42367 -0.0653797 0)
(1.41277 -0.0690056 0)
(1.40141 -0.0721529 0)
(1.38959 -0.0748238 0)
(1.37741 -0.0770195 0)
(1.36486 -0.0787325 0)
(1.35221 -0.0799933 0)
(1.33921 -0.0807905 0)
(1.32649 -0.0812016 0)
(1.31319 -0.0811576 0)
(1.3009 -0.0808527 0)
(1.28713 -0.0800253 0)
(1.27615 -0.0792171 0)
(1.26097 -0.07756 0)
(1.25334 -0.0766593 0)
(1.23379 -0.0737724 0)
(1.45748 -0.0386121 0)
(1.45065 -0.0431698 0)
(1.44237 -0.0475405 0)
(1.43296 -0.0514847 0)
(1.42282 -0.0549633 0)
(1.41214 -0.0580142 0)
(1.401 -0.0606678 0)
(1.38939 -0.0629245 0)
(1.37743 -0.0647846 0)
(1.3651 -0.0662409 0)
(1.35266 -0.0673181 0)
(1.33987 -0.0680059 0)
(1.32735 -0.0683687 0)
(1.31423 -0.0683476 0)
(1.30211 -0.0681058 0)
(1.28851 -0.067422 0)
(1.27767 -0.0667526 0)
(1.26267 -0.065365 0)
(1.25513 -0.0646128 0)
(1.23579 -0.0621829 0)
(1.45652 -0.0314805 0)
(1.44949 -0.0351653 0)
(1.44129 -0.0387049 0)
(1.43208 -0.0419049 0)
(1.42215 -0.0447324 0)
(1.41165 -0.0472164 0)
(1.40068 -0.0493804 0)
(1.38924 -0.051224 0)
(1.37746 -0.0527468 0)
(1.3653 -0.0539423 0)
(1.35304 -0.05483 0)
(1.34042 -0.0554011 0)
(1.32805 -0.0557074 0)
(1.31509 -0.0557007 0)
(1.3031 -0.0555131 0)
(1.28965 -0.0549643 0)
(1.27892 -0.054426 0)
(1.26407 -0.0533002 0)
(1.2566 -0.0526912 0)
(1.23745 -0.0507117 0)
(1.45579 -0.0244119 0)
(1.44859 -0.0272541 0)
(1.44045 -0.0299859 0)
(1.4314 -0.0324583 0)
(1.42163 -0.0346457 0)
(1.41127 -0.03657 0)
(1.40043 -0.0382486 0)
(1.38912 -0.0396808 0)
(1.37748 -0.0408655 0)
(1.36546 -0.0417977 0)
(1.35333 -0.0424918 0)
(1.34084 -0.042941 0)
(1.3286 -0.0431847 0)
(1.31576 -0.043186 0)
(1.30389 -0.0430459 0)
(1.29055 -0.042626 0)
(1.27992 -0.0422122 0)
(1.26518 -0.041343 0)
(1.25777 -0.0408727 0)
(1.23876 -0.0393387 0)
(1.45525 -0.0174003 0)
(1.44793 -0.0194218 0)
(1.43983 -0.0213624 0)
(1.4309 -0.0231183 0)
(1.42124 -0.0246726 0)
(1.41098 -0.0260416 0)
(1.40024 -0.0272373 0)
(1.38902 -0.0282589 0)
(1.37749 -0.0291049 0)
(1.36557 -0.0297718 0)
(1.35354 -0.0302691 0)
(1.34115 -0.0305928 0)
(1.329 -0.0307691 0)
(1.31626 -0.0307742 0)
(1.30447 -0.030676 0)
(1.29121 -0.0303813 0)
(1.28065 -0.0300861 0)
(1.266 -0.0294715 0)
(1.25865 -0.0291339 0)
(1.23975 -0.0280441 0)
(1.45487 -0.010388 0)
(1.44748 -0.0116161 0)
(1.4394 -0.0127864 0)
(1.43055 -0.0138406 0)
(1.42098 -0.0147718 0)
(1.41079 -0.0155917 0)
(1.4001 -0.0163082 0)
(1.38896 -0.0169209 0)
(1.37749 -0.0174284 0)
(1.36564 -0.0178293 0)
(1.35368 -0.0181279 0)
(1.34135 -0.0183239 0)
(1.32926 -0.0184295 0)
(1.31658 -0.018436 0)
(1.30485 -0.0183751 0)
(1.29165 -0.0182046 0)
(1.28113 -0.0180213 0)
(1.26655 -0.0176639 0)
(1.25922 -0.0174497 0)
(1.2404 -0.016809 0)
(1.45462 -0.0033424 0)
(1.44721 -0.00379303 0)
(1.43918 -0.00420971 0)
(1.43037 -0.00457782 0)
(1.42084 -0.00489865 0)
(1.41069 -0.00517864 0)
(1.40003 -0.00542181 0)
(1.38892 -0.00562906 0)
(1.37748 -0.00580012 0)
(1.36567 -0.00593522 0)
(1.35375 -0.0060354 0)
(1.34145 -0.00610181 0)
(1.32939 -0.00613689 0)
(1.31674 -0.00614047 0)
(1.30503 -0.00611895 0)
(1.29187 -0.00606487 0)
(1.28137 -0.00600041 0)
(1.26682 -0.00588664 0)
(1.2595 -0.00580898 0)
(1.24072 -0.00560202 0)
(1.51344 0.10942 2.89472e-22)
(1.53091 0.0825502 0)
(1.54423 0.054367 9.3123e-23)
(1.55376 0.0249621 2.99586e-21)
(1.55911 -0.00539227 -1.38652e-20)
(1.5607 -0.0364369 0)
(1.55863 -0.0682179 -2.00118e-20)
(1.54394 -0.100774 0)
(1.53718 -0.13237 -2.54123e-20)
(1.45788 -0.171277 3.8373e-22)
(1.50264 0.0963229 -7.05074e-22)
(1.51831 0.0727638 3.49925e-23)
(1.53095 0.0479588 -3.50613e-23)
(1.5388 0.0222202 -1.87829e-21)
(1.54582 -0.00464889 2.70678e-21)
(1.54439 -0.0322596 2.98453e-22)
(1.55089 -0.0600645 0)
(1.53118 -0.0910022 1.44823e-20)
(1.54678 -0.11569 0)
(1.49106 -0.156192 1.92886e-20)
(1.49521 0.0839111 1.58815e-21)
(1.50814 0.0628892 0)
(1.52012 0.0408804 -2.10166e-23)
(1.52509 0.0178239 -1.68285e-21)
(1.53402 -0.00552432 -3.00815e-21)
(1.5287 -0.0308844 0)
(1.54023 -0.0536196 -7.83183e-21)
(1.51992 -0.0836015 -1.47657e-20)
(1.53728 -0.102002 0)
(1.50576 -0.140145 -1.90925e-20)
(1.49014 0.073138 -7.82016e-22)
(1.5006 0.0541905 2.87744e-21)
(1.51192 0.0349629 0)
(1.51441 0.0139983 4.79854e-22)
(1.52391 -0.00571898 -7.38342e-23)
(1.5171 -0.0294453 2.36067e-22)
(1.52819 -0.0476584 7.75768e-21)
(1.51245 -0.0760367 2.42984e-22)
(1.52288 -0.0910984 9.49167e-21)
(1.50684 -0.124868 0)
(1.48661 0.0637248 0)
(1.4953 0.0466055 -2.81858e-21)
(1.5056 0.0299819 -2.85862e-21)
(1.50693 0.0107814 2.28642e-22)
(1.51516 -0.0058284 -1.1582e-22)
(1.50927 -0.02786 6.95331e-23)
(1.51653 -0.0431159 1.90905e-21)
(1.50616 -0.0689086 3.63323e-22)
(1.5097 -0.0826957 -3.1657e-21)
(1.50078 -0.111814 -8.53825e-21)
(1.48411 0.0554235 1.30187e-21)
(1.4917 0.0399661 2.10993e-22)
(1.50056 0.0255274 -9.20984e-22)
(1.50179 0.00802601 1.5107e-22)
(1.50776 -0.00633359 -2.9023e-21)
(1.50363 -0.0263506 0)
(1.50678 -0.0399749 -2.18206e-21)
(1.49995 -0.0626772 6.0874e-23)
(1.49942 -0.0757783 -1.01766e-20)
(1.49282 -0.100789 1.41483e-20)
(1.48241 0.0480401 -1.30827e-21)
(1.4893 0.0341666 -2.30388e-21)
(1.49657 0.0214655 3.15254e-21)
(1.4981 0.00572854 -5.28163e-21)
(1.50187 -0.00706261 -1.35818e-21)
(1.49915 -0.0248421 -2.58575e-21)
(1.49948 -0.0374243 1.66443e-23)
(1.49424 -0.0571164 3.14156e-23)
(1.49187 -0.0694683 3.67705e-21)
(1.4855 -0.0911474 -5.63865e-21)
(1.48137 0.0414573 0)
(1.48771 0.0291154 5.11075e-21)
(1.49355 0.017816 -4.89857e-22)
(1.49528 0.00386509 2.52844e-21)
(1.49743 -0.00771477 -9.7473e-22)
(1.49542 -0.023284 6.02326e-21)
(1.49427 -0.0349417 -2.24392e-21)
(1.48945 -0.0520336 0)
(1.48626 -0.0635183 0)
(1.47953 -0.0825043 0)
(1.48087 0.0356033 0)
(1.48668 0.0247159 -4.95361e-21)
(1.49139 0.0146142 -2.9952e-22)
(1.49307 0.00236516 3.26132e-21)
(1.4942 -0.00814108 4.98704e-21)
(1.49234 -0.0217168 -3.81224e-21)
(1.49047 -0.0324259 2.75768e-21)
(1.4856 -0.0473561 -1.45378e-22)
(1.48197 -0.057903 0)
(1.47487 -0.0746127 4.75671e-22)
(1.48081 0.0304157 1.91856e-22)
(1.48604 0.0208769 2.86512e-21)
(1.48991 0.0118618 4.29833e-21)
(1.49135 0.00116309 -1.7172e-22)
(1.49184 -0.008313 4.37141e-22)
(1.48988 -0.0201558 -5.55745e-21)
(1.4876 -0.0298801 4.57955e-21)
(1.48261 -0.0429696 -1.98664e-22)
(1.47864 -0.0525368 0)
(1.47135 -0.0672503 -1.7911e-21)
(1.48105 0.0258279 0)
(1.48571 0.0175221 3.05544e-21)
(1.48894 0.00953062 3.10515e-22)
(1.49007 0.00022256 0)
(1.49011 -0.0082401 0)
(1.48797 -0.0185642 4.96707e-21)
(1.48539 -0.0272841 -3.78647e-21)
(1.48032 -0.0387454 -1.87263e-22)
(1.47606 -0.0473247 1.18301e-22)
(1.46871 -0.0602515 1.37288e-21)
(1.48149 0.0217678 0)
(1.48562 0.0145862 -5.90163e-21)
(1.48833 0.00757599 -5.91726e-21)
(1.48914 -0.000475593 8.36574e-22)
(1.48883 -0.00794069 -5.218e-22)
(1.48653 -0.0169008 -3.59929e-22)
(1.4837 -0.0246197 6.45462e-22)
(1.4786 -0.0346039 3.87272e-21)
(1.47405 -0.042213 3.13139e-22)
(1.46674 -0.0535119 -8.60644e-23)
(1.48204 0.0182172 0)
(1.4857 0.0120425 3.21218e-21)
(1.48798 0.00596498 -3.29751e-22)
(1.48851 -0.000940674 3.27019e-22)
(1.48791 -0.00743428 0)
(1.48548 -0.0151441 0)
(1.48243 -0.0218831 0)
(1.47733 -0.0305044 -4.36807e-21)
(1.47251 -0.037168 4.01184e-21)
(1.46528 -0.0469562 0)
(1.4826 0.0150154 0)
(1.48586 0.00980843 2.11447e-21)
(1.4878 0.00463954 2.60457e-21)
(1.4881 -0.00119921 3.19082e-21)
(1.48726 -0.00674908 -5.86834e-22)
(1.48473 -0.0132926 3.36652e-21)
(1.48148 -0.0190772 -2.78368e-21)
(1.47641 -0.0264211 0)
(1.47134 -0.0321612 5.85501e-22)
(1.46421 -0.0405254 -3.75648e-21)
(1.4832 0.0121073 -4.98387e-22)
(1.48612 0.00783959 -1.72497e-21)
(1.48776 0.00355543 -3.37038e-21)
(1.48786 -0.00127693 -2.24927e-21)
(1.48681 -0.0059107 0)
(1.48421 -0.0113514 -4.24714e-21)
(1.48078 -0.0162057 4.02562e-21)
(1.47575 -0.0223364 -3.75368e-22)
(1.47047 -0.0271721 -2.01541e-21)
(1.46343 -0.0341771 5.5999e-21)
(1.48377 0.00953369 5.00949e-22)
(1.48641 0.0061273 -1.38313e-21)
(1.48779 0.00268461 1.1707e-21)
(1.48774 -0.00119462 -2.77622e-21)
(1.48652 -0.00494037 0)
(1.48386 -0.0093284 0)
(1.4803 -0.0132742 4.04915e-22)
(1.47529 -0.0182404 -3.74486e-21)
(1.46983 -0.0221887 -2.05188e-21)
(1.46287 -0.0278814 -1.97701e-21)
(1.48427 0.00718569 0)
(1.48668 0.00460062 2.24568e-21)
(1.48787 0.00197374 -7.80468e-22)
(1.48769 -0.000989115 2.49646e-21)
(1.48634 -0.00386902 6.51965e-22)
(1.48364 -0.00724238 -4.9367e-22)
(1.47997 -0.010298 9.04137e-22)
(1.47499 -0.0141359 2.5829e-21)
(1.46937 -0.0172102 0)
(1.46248 -0.0216225 0)
(1.48467 0.00502474 0)
(1.48692 0.0032303 9.33034e-22)
(1.48795 0.00139569 -1.62987e-21)
(1.48768 -0.000682635 0)
(1.48623 -0.00271803 -1.25929e-21)
(1.4835 -0.00510881 -5.07107e-22)
(1.47975 -0.00729142 -1.37542e-21)
(1.47479 -0.0100314 -3.69974e-22)
(1.46906 -0.0122444 2.02074e-22)
(1.4622 -0.0154023 1.51828e-22)
(1.48495 0.00301441 0)
(1.48708 0.00199291 -9.37526e-22)
(1.48801 0.000943694 -8.10607e-22)
(1.48768 -0.000262258 1.07642e-21)
(1.48617 -0.0014587 5.85489e-22)
(1.48342 -0.00288254 5.51336e-22)
(1.47962 -0.00419893 2.30857e-21)
(1.47467 -0.00586197 -1.61626e-21)
(1.46884 -0.00722471 3.6525e-22)
(1.462 -0.00915692 0)
(1.48508 0.000951869 0)
(1.48714 0.000716341 4.52484e-22)
(1.48803 0.000460889 -4.25668e-22)
(1.48767 0.00013366 3.93203e-22)
(1.48613 -0.000213176 0)
(1.48337 -0.000660406 -5.54117e-22)
(1.47954 -0.0010956 4.49389e-22)
(1.47458 -0.00166964 3.7444e-22)
(1.46869 -0.00216478 0)
(1.46183 -0.00286664 0)
(1.08143 0.301159 0)
(1.06065 0.331699 -4.34094e-20)
(1.04645 0.369796 0)
(1.03567 0.416717 -1.41969e-19)
(1.02586 0.472524 5.57806e-20)
(1.01585 0.539036 2.44166e-21)
(1.00265 0.616306 4.01007e-20)
(0.966671 0.690638 -9.04684e-21)
(0.838985 0.697072 0)
(0.477394 0.427928 3.18888e-20)
(1.13579 0.301644 7.85898e-20)
(1.11982 0.337893 4.34078e-20)
(1.1128 0.375057 -3.90858e-20)
(1.10834 0.420922 4.78502e-20)
(1.10487 0.476213 -3.62706e-20)
(1.10238 0.541921 8.72634e-21)
(1.09735 0.617382 -4.32216e-20)
(1.06679 0.68707 -7.93572e-20)
(0.931726 0.685171 -2.07948e-20)
(0.52688 0.409959 -4.54203e-20)
(1.1906 0.29686 -3.29806e-20)
(1.18103 0.333975 3.35193e-20)
(1.17934 0.370395 3.90841e-20)
(1.17976 0.415594 3.91782e-20)
(1.18211 0.470123 3.87922e-20)
(1.18683 0.534233 3.75144e-20)
(1.18909 0.60641 1.01294e-20)
(1.16188 0.669041 2.95688e-20)
(1.01627 0.657209 5.35265e-21)
(0.566982 0.380675 -5.71394e-21)
(1.24692 0.288414 6.61807e-20)
(1.24247 0.324495 -3.35178e-20)
(1.24456 0.359362 0)
(1.24901 0.402894 0)
(1.25667 0.455417 0)
(1.26787 0.51664 2.13688e-20)
(1.27593 0.583939 -1.29996e-20)
(1.24916 0.637224 0)
(1.08916 0.61444 -1.60031e-21)
(0.594738 0.341782 5.42924e-21)
(1.30115 0.275798 -1.01047e-20)
(1.3011 0.309789 4.1238e-20)
(1.30651 0.342691 0)
(1.31473 0.383781 0)
(1.32724 0.433116 8.31745e-21)
(1.34393 0.490111 6.0683e-21)
(1.35577 0.55119 1.20581e-20)
(1.32612 0.592883 -2.21568e-21)
(1.14562 0.558122 -1.677e-20)
(0.608386 0.295948 -5.0165e-21)
(1.35116 0.258834 3.13312e-20)
(1.35514 0.28991 1.14593e-20)
(1.36371 0.320575 0)
(1.37556 0.358714 0)
(1.39245 0.403971 -1.86691e-20)
(1.41343 0.455446 4.95783e-21)
(1.42683 0.508339 4.75175e-21)
(1.38946 0.538535 -1.10816e-23)
(1.18262 0.491687 2.23503e-20)
(0.607385 0.244781 1.55785e-20)
(1.39651 0.237927 -1.5586e-20)
(1.40403 0.265347 1.63986e-20)
(1.41542 0.293482 1.15763e-20)
(1.43051 0.328206 -1.22471e-20)
(1.45099 0.368708 -1.79633e-21)
(1.47467 0.41362 1.91323e-21)
(1.48617 0.457154 6.27958e-21)
(1.43515 0.475419 -6.74454e-21)
(1.19899 0.417817 0)
(0.590919 0.191275 0)
(1.43667 0.213353 -1.12327e-20)
(1.44726 0.236994 1.18187e-20)
(1.46104 0.26241 0)
(1.47883 0.293339 0)
(1.5019 0.328406 0)
(1.52604 0.366026 -2.74383e-21)
(1.53141 0.399456 1.51847e-20)
(1.4612 0.40544 -1.80889e-20)
(1.19258 0.338977 0)
(0.558752 0.138603 -1.35296e-20)
(1.47219 0.186175 -3.59606e-21)
(1.48476 0.20519 3.23672e-21)
(1.50026 0.228041 -1.95856e-22)
(1.52015 0.254866 0)
(1.54441 0.284239 1.98634e-21)
(1.56612 0.314175 -6.06941e-21)
(1.56062 0.337005 0)
(1.46545 0.330869 3.0235e-21)
(1.16139 0.258251 -1.23485e-20)
(0.5119 0.0897524 2.02147e-20)
(1.50251 0.156222 0)
(1.51615 0.17226 5.47003e-22)
(1.53302 0.191624 1.95841e-22)
(1.55411 0.213873 0)
(1.57766 0.237355 -1.57417e-21)
(1.59348 0.259362 2.16194e-21)
(1.57167 0.271554 1.36811e-21)
(1.44552 0.254319 4.42096e-21)
(1.10446 0.179187 6.08655e-21)
(0.452784 0.0474006 0)
(0.638227 0.0194482 -1.76686e-20)
(0.610687 0.0221275 1.87501e-20)
(0.577394 0.0252576 1.00681e-20)
(0.537157 0.0288572 1.1009e-20)
(0.488357 0.0330695 -1.16898e-20)
(0.428698 0.0380831 -1.93089e-20)
(0.355264 0.044033 6.96409e-21)
(0.262176 0.0503454 -1.538e-20)
(0.143678 0.0526926 -1.69176e-20)
(0.0414837 0.0350916 0)
(0.647927 0.0580243 0)
(0.621083 0.0659662 -9.36265e-21)
(0.5882 0.0752933 -1.00345e-20)
(0.548483 0.0860239 0)
(0.500477 0.0985712 2.35547e-20)
(0.4419 0.113504 1.27453e-20)
(0.369831 0.131239 0)
(0.278217 0.150046 -1.47023e-20)
(0.159863 0.156931 -5.25295e-23)
(0.0522015 0.104494 -1.77691e-20)
(0.667077 0.0956396 6.95308e-20)
(0.64159 0.108554 -7.31707e-20)
(0.609528 0.123885 0)
(0.570854 0.141538 0)
(0.524431 0.16215 0)
(0.468016 0.186668 -7.52623e-20)
(0.39868 0.215794 1.08289e-19)
(0.309897 0.246647 -2.87039e-20)
(0.19186 0.2577 0)
(0.0734212 0.171337 3.57473e-20)
(0.695153 0.131621 6.81057e-20)
(0.671626 0.149049 -7.16701e-20)
(0.640798 0.170063 -7.74343e-20)
(0.603704 0.194285 -1.24633e-21)
(0.559638 0.222511 1.33112e-19)
(0.506422 0.256063 -4.77616e-20)
(0.441123 0.295907 5.26431e-20)
(0.356469 0.338025 -1.13673e-19)
(0.238864 0.352733 6.16661e-20)
(0.104496 0.233798 0)
(0.731413 0.165288 -1.64408e-19)
(0.710379 0.18672 3.42286e-20)
(0.68121 0.213068 0)
(0.646254 0.243411 0)
(0.605307 0.278626 4.43593e-20)
(0.55627 0.320419 -1.36559e-19)
(0.496207 0.37001 9.83368e-20)
(0.416865 0.422269 -1.05729e-19)
(0.299681 0.43988 2.51788e-21)
(0.14445 0.290237 -5.9654e-20)
(0.775002 0.195696 2.22291e-19)
(0.756898 0.220434 -1.684e-19)
(0.729729 0.251579 0)
(0.697391 0.287459 0)
(0.660261 0.328982 4.17288e-20)
(0.61633 0.378191 4.48672e-20)
(0.562624 0.436461 4.17526e-20)
(0.489649 0.497519 5.20224e-20)
(0.372718 0.517092 2.29289e-21)
(0.191985 0.339101 1.171e-19)
(0.824982 0.222833 -1.25685e-19)
(0.810218 0.250826 -6.19013e-20)
(0.785371 0.286433 0)
(0.756084 0.326984 0)
(0.723334 0.373586 0)
(0.685227 0.428801 -8.11207e-20)
(0.638763 0.494165 7.91573e-20)
(0.572987 0.562213 0)
(0.455945 0.582509 -4.7993e-20)
(0.24547 0.37898 1.02182e-19)
(0.88103 0.243216 -5.92917e-20)
(0.869264 0.273599 6.19005e-20)
(0.846625 0.313379 6.07926e-20)
(0.82089 0.358449 6.41131e-20)
(0.79327 0.409821 6.74893e-20)
(0.76169 0.470338 7.08604e-20)
(0.723097 0.541547 -8.47302e-21)
(0.664952 0.61475 7.64855e-20)
(0.547063 0.634413 -4.1708e-20)
(0.303053 0.40871 4.45202e-20)
(0.942689 0.265876 -1.09378e-19)
(0.932653 0.297969 5.31501e-20)
(0.911324 0.339717 -6.07912e-20)
(0.889354 0.386423 -6.66823e-20)
(0.867504 0.439931 5.8104e-20)
(0.84319 0.503485 -7.7502e-21)
(0.813151 0.57834 -2.06713e-19)
(0.762928 0.654236 -1.37575e-19)
(0.643297 0.671433 3.9174e-20)
(0.362607 0.427254 -2.74626e-20)
(1.01286 0.271872 0)
(1.00006 0.306775 -5.31491e-20)
(0.979785 0.353009 0)
(0.962202 0.403315 5.1146e-20)
(0.946049 0.459745 -1.77142e-19)
(0.928738 0.526014 -1.20714e-19)
(0.907126 0.603232 1.26412e-19)
(0.86442 0.679657 6.53858e-20)
(0.741694 0.692498 0)
(0.421651 0.433776 6.46821e-20)
(0.782682 0.000643972 0)
(0.782446 0.000670084 -1.11797e-21)
(0.781638 0.000737239 1.11213e-21)
(0.780452 0.000864187 0)
(0.779062 0.0010535 -2.19136e-21)
(0.777432 0.00130412 2.18007e-21)
(0.775448 0.00161844 0)
(0.773004 0.00200218 0)
(0.770011 0.00246277 0)
(0.766373 0.00300787 0)
(0.76198 0.00365263 1.06054e-21)
(0.756715 0.00440765 0)
(0.750438 0.0052878 0)
(0.742988 0.00631285 8.43725e-21)
(0.734188 0.00750555 -8.39565e-21)
(0.723821 0.00889569 0)
(0.711653 0.0105096 9.50431e-21)
(0.697366 0.0124101 -1.68919e-20)
(0.680701 0.0145575 8.43866e-21)
(0.66102 0.0173664 8.57094e-21)
(0.78774 0.00185133 2.36687e-21)
(0.787489 0.00194182 4.43467e-21)
(0.786713 0.00216962 -4.4133e-21)
(0.785592 0.00256941 2.1893e-21)
(0.784267 0.00314523 2.17524e-21)
(0.782696 0.00389856 8.64771e-21)
(0.780774 0.00484039 -6.458e-21)
(0.778401 0.0059896 -1.71069e-20)
(0.775487 0.00736932 3.61766e-20)
(0.771944 0.00900764 -1.69449e-20)
(0.767666 0.0109359 -1.58376e-20)
(0.762532 0.0131899 3.57463e-20)
(0.756411 0.015817 -3.14657e-20)
(0.749151 0.0188772 1.67218e-20)
(0.740581 0.0224381 2.08565e-21)
(0.730493 0.0265893 3.56378e-20)
(0.718666 0.0314075 -3.44492e-20)
(0.704792 0.0370874 0)
(0.688635 0.0434949 2.09645e-21)
(0.669736 0.0519062 0)
(0.797522 0.00296609 -7.01797e-21)
(0.797314 0.00313445 3.36353e-24)
(0.796639 0.00354453 8.72305e-21)
(0.795636 0.00423036 -4.35541e-21)
(0.794425 0.00519526 -1.07946e-20)
(0.792968 0.0064474 -2.14279e-21)
(0.79117 0.00800925 -2.13512e-21)
(0.788939 0.00991342 -2.11944e-21)
(0.786193 0.0121989 2.95734e-20)
(0.78284 0.0149205 -2.33868e-25)
(0.778775 0.018121 -3.77195e-20)
(0.773894 0.0218535 -2.09293e-21)
(0.768084 0.0261964 -4.16605e-21)
(0.761204 0.0312517 0)
(0.753097 0.0371324 -3.74743e-20)
(0.74357 0.0439915 2.90368e-20)
(0.732434 0.0519478 0)
(0.719398 0.0613469 -2.0719e-21)
(0.704282 0.0719067 -2.10013e-21)
(0.686932 0.0858732 -2.08175e-21)
(0.811726 0.00403387 2.30182e-21)
(0.811576 0.00428184 6.48959e-21)
(0.811032 0.00486628 0)
(0.810179 0.00582777 -1.92362e-20)
(0.809115 0.00717174 1.70504e-20)
(0.807813 0.00891151 1.90515e-20)
(0.806189 0.0110802 -1.26717e-20)
(0.80416 0.013722 2.10182e-21)
(0.801661 0.0168972 -2.71623e-20)
(0.798596 0.0206673 2.00868e-23)
(0.794846 0.0250992 3.11529e-20)
(0.79033 0.0302775 -3.31242e-20)
(0.784972 0.0362978 -3.10234e-20)
(0.778655 0.0432931 7.0033e-20)
(0.771247 0.051416 2.06785e-21)
(0.762569 0.0608929 6.16162e-21)
(0.752487 0.0718705 -6.60752e-20)
(0.740725 0.0848847 1.76714e-21)
(0.727225 0.0993986 -3.52533e-22)
(0.712137 0.118835 6.82107e-20)
(0.829837 0.00501396 4.49695e-21)
(0.829747 0.00534382 -1.69615e-20)
(0.829345 0.00609794 8.45689e-21)
(0.82866 0.00732584 4.2066e-21)
(0.827764 0.00903744 0)
(0.826644 0.0112502 0)
(0.825231 0.0140052 -4.15809e-21)
(0.823462 0.0173546 0)
(0.82127 0.0214008 -4.13082e-21)
(0.818547 0.0261684 0)
(0.81521 0.0317533 4.10961e-21)
(0.811194 0.0382908 -6.53831e-20)
(0.806433 0.0459139 5.70131e-24)
(0.800846 0.0547845 -4.11779e-21)
(0.794358 0.065064 6.50937e-20)
(0.786814 0.0770504 -4.09286e-21)
(0.778169 0.0908814 4.03014e-21)
(0.768128 0.107352 -6.51917e-20)
(0.756866 0.125503 6.91105e-20)
(0.744682 0.15027 1.30352e-19)
(0.85122 0.00587342 4.37886e-21)
(0.851181 0.00628997 -4.14807e-21)
(0.850916 0.00721175 -4.12175e-21)
(0.850399 0.0086959 -4.10618e-21)
(0.849679 0.0107592 -3.27293e-20)
(0.848753 0.0134284 6.12858e-20)
(0.847569 0.0167439 -3.66948e-20)
(0.846116 0.020818 0)
(0.84427 0.0256465 -4.03532e-21)
(0.841909 0.0313203 -4.02331e-21)
(0.839057 0.0379677 -4.01205e-21)
(0.835672 0.0457463 6.03251e-20)
(0.831697 0.0548204 -1.32557e-19)
(0.827045 0.0654114 6.42384e-20)
(0.821708 0.0776908 0)
(0.81556 0.0920494 -3.9643e-21)
(0.808724 0.108526 -1.35962e-19)
(0.800831 0.128274 1.27979e-19)
(0.792461 0.149609 -4.04329e-21)
(0.783769 0.179461 0)
(0.875187 0.00658589 4.25471e-21)
(0.875184 0.00708949 -1.20421e-20)
(0.875035 0.00817418 4.09025e-21)
(0.874673 0.00990888 2.40759e-20)
(0.87413 0.0123142 3.99059e-21)
(0.873401 0.0154286 -2.38783e-20)
(0.872527 0.0193293 4.12325e-21)
(0.871365 0.0240072 3.18626e-20)
(0.869773 0.0295126 7.93357e-21)
(0.867835 0.0360042 6.72545e-20)
(0.865564 0.0436231 -5.55017e-20)
(0.862908 0.0525385 -5.52048e-20)
(0.859853 0.0629082 6.72062e-20)
(0.856336 0.0750098 3.90576e-21)
(0.852441 0.0889965 3.89495e-21)
(0.84801 0.105424 7.84951e-21)
(0.843404 0.12413 7.83269e-21)
(0.838047 0.146863 -3.84597e-21)
(0.833137 0.170862 0)
(0.828425 0.205798 1.22924e-19)
(0.901056 0.00712733 -1.23174e-20)
(0.901074 0.00770525 2.10438e-23)
(0.901029 0.00891301 -3.89181e-21)
(0.900818 0.0108887 -3.49575e-20)
(0.900447 0.0136551 2.34174e-20)
(0.899988 0.0171812 -3.8956e-21)
(0.899303 0.0214867 0)
(0.898282 0.0266215 0)
(0.897047 0.0327531 -7.75249e-21)
(0.895625 0.0400222 -3.85321e-21)
(0.894008 0.048546 -3.8939e-21)
(0.892157 0.0585125 -3.89408e-21)
(0.89013 0.0700595 0)
(0.887873 0.0835328 -7.71405e-21)
(0.885626 0.0989792 -3.89185e-21)
(0.883157 0.117194 -7.67812e-21)
(0.881241 0.137565 -3.8821e-21)
(0.878952 0.162763 -1.17292e-19)
(0.878531 0.188122 1.21712e-19)
(0.878772 0.227577 0)
(0.928253 0.00755988 0)
(0.928263 0.00828574 3.77084e-21)
(0.928324 0.00974064 1.89207e-21)
(0.928323 0.0118891 0)
(0.928117 0.0148119 3.38639e-20)
(0.927675 0.018581 -3.02885e-20)
(0.927067 0.0231968 6.21111e-20)
(0.926374 0.0288238 -6.06468e-20)
(0.925607 0.0355793 5.67737e-21)
(0.924749 0.0435856 1.92391e-21)
(0.923846 0.0529488 0)
(0.92288 0.0638947 0)
(0.922013 0.0765239 0)
(0.921158 0.0913036 1.23936e-19)
(0.920797 0.108104 -2.40745e-19)
(0.920478 0.128184 5.22814e-21)
(0.921641 0.150201 1.20065e-19)
(0.922618 0.178575 0)
(0.927369 0.205521 0)
(0.9337 0.250919 1.14015e-19)
(0.956874 0.00772614 0)
(0.956874 0.00842069 -1.44631e-20)
(0.956799 0.00982634 -1.25592e-20)
(0.956593 0.0119337 2.92482e-20)
(0.956356 0.014837 2.90843e-20)
(0.956082 0.0186644 -8.76327e-20)
(0.955775 0.0235422 5.69909e-20)
(0.955459 0.0295391 0)
(0.955184 0.0367232 -1.84724e-21)
(0.954963 0.0452262 -5.67307e-20)
(0.954912 0.0551411 1.1776e-19)
(0.955019 0.0667146 -5.9183e-20)
(0.955611 0.0799624 0)
(0.956508 0.0954293 -1.16657e-19)
(0.958665 0.112678 2.33918e-19)
(0.961188 0.133306 -1.17263e-19)
(0.966929 0.15491 0)
(0.97252 0.183451 -1.11856e-19)
(0.985434 0.20811 1.13024e-19)
(0.999607 0.256473 -1.73767e-21)
(0.984322 0.00788836 0)
(0.984297 0.00867918 0)
(0.984255 0.0102346 0)
(0.984202 0.0126906 0)
(0.984167 0.0160976 0)
(0.98415 0.0205001 0)
(0.98417 0.0259633 0)
(0.984256 0.0325731 0)
(0.984493 0.040409 0)
(0.984905 0.0496181 0)
(0.985686 0.0602782 0)
(0.986773 0.0726812 0)
(0.988706 0.0867599 0)
(0.991031 0.103267 0)
(0.995398 0.121339 0)
(0.999778 0.143592 0)
(1.00957 0.165295 0)
(1.01711 0.197744 0)
(1.04095 0.216917 0)
(1.05332 0.277298 0)
(1.01245 0.00792016 0)
(1.01244 0.00868804 0)
(1.01248 0.0102479 0)
(1.01259 0.0126816 0)
(1.01276 0.0160291 0)
(1.013 0.0203249 0)
(1.01334 0.0256179 0)
(1.01382 0.0319891 0)
(1.01456 0.0395013 0)
(1.01557 0.0482887 0)
(1.0171 0.0583755 0)
(1.01905 0.0700538 0)
(1.02207 0.0831063 0)
(1.02558 0.0983963 0)
(1.03151 0.11458 0)
(1.03741 0.134816 0)
(1.04924 0.152972 0)
(1.05827 0.181292 0)
(1.08228 0.194992 0)
(1.09286 0.237394 0)
(1.04152 0.00785662 0)
(1.04152 0.00859111 0)
(1.04162 0.0101007 0)
(1.04185 0.0124518 0)
(1.04217 0.0156809 0)
(1.04261 0.0198187 0)
(1.0432 0.0249009 0)
(1.04401 0.0309934 0)
(1.04515 0.0381355 0)
(1.04665 0.0464429 0)
(1.04875 0.0558916 0)
(1.05136 0.0667558 0)
(1.05515 0.0787134 0)
(1.05951 0.0926243 0)
(1.06631 0.106951 0)
(1.07316 0.124745 0)
(1.08542 0.140002 0)
(1.09511 0.163317 0)
(1.11726 0.174521 0)
(1.12815 0.206185 0)
(1.07093 0.00770698 0)
(1.07093 0.00841172 0)
(1.07109 0.00985985 0)
(1.07142 0.0121186 0)
(1.07189 0.0152222 0)
(1.07249 0.0191947 0)
(1.07331 0.024057 0)
(1.07439 0.0298605 0)
(1.07585 0.0366234 0)
(1.07773 0.0444448 0)
(1.08028 0.0532654 0)
(1.0834 0.0633351 0)
(1.08772 0.0742777 0)
(1.09265 0.0868925 0)
(1.09991 0.0996505 0)
(1.10726 0.115268 0)
(1.11944 0.128447 0)
(1.12926 0.147972 0)
(1.1499 0.157818 0)
(1.16049 0.183327 0)
(1.10021 0.00748145 0)
(1.10021 0.00815517 0)
(1.10041 0.00953407 0)
(1.10084 0.0116849 0)
(1.10144 0.0146389 0)
(1.10219 0.0184126 0)
(1.10319 0.0230146 0)
(1.10448 0.0284834 0)
(1.1062 0.0348202 0)
(1.10838 0.0421079 0)
(1.11126 0.0502623 0)
(1.11473 0.0595054 0)
(1.1194 0.0694418 0)
(1.12469 0.0807876 0)
(1.13215 0.0921148 0)
(1.1397 0.105782 0)
(1.15161 0.117231 0)
(1.16127 0.133783 0)
(1.18056 0.142282 0)
(1.19041 0.163383 0)
(1.12897 0.00718829 0)
(1.12895 0.00782743 0)
(1.12919 0.00912855 0)
(1.1297 0.0111552 0)
(1.1304 0.0139356 0)
(1.13128 0.0174802 0)
(1.13242 0.0217878 0)
(1.13388 0.0268859 0)
(1.1358 0.0327617 0)
(1.13819 0.0394828 0)
(1.14129 0.046949 0)
(1.145 0.0553527 0)
(1.14986 0.0643027 0)
(1.15533 0.0744272 0)
(1.16282 0.0844317 0)
(1.17036 0.0963466 0)
(1.18186 0.106257 0)
(1.19118 0.120315 0)
(1.2091 0.127509 0)
(1.21827 0.145088 0)
(1.15684 0.00683587 0)
(1.15681 0.00743692 0)
(1.15707 0.0086534 0)
(1.15765 0.0105441 0)
(1.15844 0.0131343 0)
(1.15942 0.0164301 0)
(1.16066 0.0204224 0)
(1.16225 0.0251295 0)
(1.1643 0.0305279 0)
(1.16683 0.036671 0)
(1.17007 0.0434507 0)
(1.17391 0.0510306 0)
(1.17886 0.059038 0)
(1.18437 0.068017 0)
(1.19176 0.0768128 0)
(1.19916 0.0871659 0)
(1.21012 0.0957138 0)
(1.21904 0.107657 0)
(1.23557 0.113728 0)
(1.2442 0.12842 0)
(1.18354 0.00643323 0)
(1.18349 0.00699351 0)
(1.18377 0.00812079 0)
(1.1844 0.0098681 0)
(1.18526 0.012258 0)
(1.18631 0.015293 0)
(1.18763 0.0189588 0)
(1.1893 0.0232654 0)
(1.19143 0.0281822 0)
(1.19406 0.0337502 0)
(1.19736 0.0398593 0)
(1.20125 0.0466466 0)
(1.20618 0.0537663 0)
(1.21165 0.0616855 0)
(1.21883 0.0693853 0)
(1.22601 0.078353 0)
(1.23636 0.0857087 0)
(1.24485 0.0958544 0)
(1.26003 0.100987 0)
(1.26822 0.113269 0)
(1.20881 0.00598955 0)
(1.20875 0.0065072 0)
(1.20902 0.00754262 0)
(1.20969 0.00914245 0)
(1.21061 0.0113265 0)
(1.21171 0.0140949 0)
(1.21308 0.0174295 0)
(1.2148 0.0213341 0)
(1.21698 0.0257737 0)
(1.21964 0.0307787 0)
(1.22296 0.0362414 0)
(1.22684 0.0422754 0)
(1.23169 0.0485663 0)
(1.23704 0.0555115 0)
(1.24394 0.0622215 0)
(1.25085 0.0699609 0)
(1.26056 0.0762772 0)
(1.26864 0.0848806 0)
(1.28251 0.089225 0)
(1.29034 0.0994644 0)
(1.23245 0.00551379 0)
(1.23236 0.00598755 0)
(1.23263 0.00692985 0)
(1.23333 0.0083806 0)
(1.23428 0.0103569 0)
(1.23541 0.0128572 0)
(1.23682 0.0158614 0)
(1.23856 0.0193684 0)
(1.24075 0.0233413 0)
(1.24341 0.0278016 0)
(1.2467 0.0326474 0)
(1.25053 0.0379716 0)
(1.25525 0.0434929 0)
(1.26044 0.0495467 0)
(1.26703 0.0553648 0)
(1.27365 0.0620137 0)
(1.28271 0.0674215 0)
(1.29039 0.0746912 0)
(1.30302 0.0783669 0)
(1.31055 0.0868664 0)
(1.25427 0.00501424 0)
(1.25416 0.00544334 0)
(1.25443 0.00629228 0)
(1.25514 0.0075942 0)
(1.25611 0.00936349 0)
(1.25727 0.0115977 0)
(1.25868 0.0142761 0)
(1.26043 0.0173943 0)
(1.26261 0.0209152 0)
(1.26525 0.0248531 0)
(1.26848 0.0291141 0)
(1.27222 0.0337729 0)
(1.27678 0.0385824 0)
(1.2818 0.0438219 0)
(1.28805 0.0488364 0)
(1.29438 0.0545153 0)
(1.30279 0.0591255 0)
(1.3101 0.065237 0)
(1.32156 0.0683413 0)
(1.32884 0.0753581 0)
(1.27416 0.00449828 0)
(1.27403 0.00488236 0)
(1.27428 0.00563849 0)
(1.275 0.00679305 0)
(1.27598 0.00835798 0)
(1.27715 0.0103305 0)
(1.27856 0.0126905 0)
(1.2803 0.0154314 0)
(1.28245 0.0185173 0)
(1.28504 0.021957 0)
(1.28819 0.025666 0)
(1.29183 0.029703 0)
(1.29621 0.033855 0)
(1.30104 0.0383508 0)
(1.30695 0.0426399 0)
(1.313 0.0474542 0)
(1.32081 0.0513606 0)
(1.32777 0.056464 0)
(1.33816 0.0590755 0)
(1.34523 0.0648287 0)
(1.292 0.00397227 0)
(1.29185 0.00431143 0)
(1.29208 0.00497576 0)
(1.2928 0.00598513 0)
(1.29379 0.00734935 0)
(1.29496 0.00906597 0)
(1.29636 0.0111166 0)
(1.29808 0.0134931 0)
(1.30019 0.0161623 0)
(1.30273 0.0191283 0)
(1.30578 0.022317 0)
(1.30931 0.0257738 0)
(1.31351 0.0293178 0)
(1.31816 0.0331338 0)
(1.32374 0.0367655 0)
(1.32951 0.040807 0)
(1.33676 0.0440883 0)
(1.34341 0.0483118 0)
(1.35283 0.0504934 0)
(1.35972 0.0551689 0)
(1.30772 0.00344167 0)
(1.30755 0.00373649 0)
(1.30777 0.0043103 0)
(1.30848 0.00517669 0)
(1.30947 0.00634413 0)
(1.31063 0.00781137 0)
(1.31202 0.00956227 0)
(1.3137 0.0115879 0)
(1.31577 0.0138583 0)
(1.31825 0.0163745 0)
(1.32121 0.0190727 0)
(1.32462 0.0219873 0)
(1.32865 0.0249677 0)
(1.33311 0.0281604 0)
(1.3384 0.0311936 0)
(1.34391 0.0345414 0)
(1.35065 0.0372632 0)
(1.35703 0.0407153 0)
(1.36559 0.0425173 0)
(1.37232 0.0462715 0)
(1.32126 0.00291207 0)
(1.32108 0.00316343 0)
(1.32128 0.00364765 0)
(1.32198 0.0043726 0)
(1.32296 0.00534689 0)
(1.32412 0.00657126 0)
(1.32548 0.00803199 0)
(1.32714 0.00971984 0)
(1.32916 0.0116085 0)
(1.33157 0.0136967 0)
(1.33445 0.0159315 0)
(1.33775 0.0183379 0)
(1.34162 0.0207936 0)
(1.34592 0.023412 0)
(1.35093 0.0258965 0)
(1.35622 0.0286179 0)
(1.36251 0.0308342 0)
(1.36865 0.033606 0)
(1.37646 0.0350682 0)
(1.38307 0.0380315 0)
(1.33259 0.00239102 0)
(1.3324 0.00259876 0)
(1.33257 0.00299227 0)
(1.33326 0.0035759 0)
(1.33424 0.00436023 0)
(1.33538 0.00534811 0)
(1.33673 0.00652765 0)
(1.33836 0.00788954 0)
(1.34033 0.00941151 0)
(1.34269 0.0110913 0)
(1.34548 0.0128863 0)
(1.34869 0.0148139 0)
(1.35242 0.0167779 0)
(1.35657 0.0188636 0)
(1.36134 0.0208409 0)
(1.36644 0.0229919 0)
(1.37236 0.0247466 0)
(1.37829 0.0269129 0)
(1.38548 0.0280663 0)
(1.39197 0.0303455 0)
(1.34168 0.00188598 0)
(1.34148 0.00204576 0)
(1.34163 0.00234204 0)
(1.3423 0.00278201 0)
(1.34327 0.00338018 0)
(1.34441 0.00413904 0)
(1.34574 0.00504646 0)
(1.34734 0.00609322 0)
(1.34928 0.00726182 0)
(1.35159 0.00855001 0)
(1.35431 0.00992498 0)
(1.35744 0.0113986 0)
(1.36105 0.0128981 0)
(1.36508 0.0144852 0)
(1.36966 0.0159888 0)
(1.3746 0.0176149 0)
(1.3802 0.018943 0)
(1.38597 0.0205638 0)
(1.39266 0.021432 0)
(1.39906 0.023111 0)
(1.3485 0.00141802 0)
(1.34829 0.00151842 0)
(1.34842 0.00169657 0)
(1.34909 0.00198278 0)
(1.35007 0.00239757 0)
(1.3512 0.0029356 0)
(1.35252 0.00358029 0)
(1.3541 0.00432231 0)
(1.35601 0.00514949 0)
(1.35828 0.00606035 0)
(1.36094 0.00703178 0)
(1.36401 0.0080712 0)
(1.36752 0.00912778 0)
(1.37146 0.0102431 0)
(1.37589 0.0112991 0)
(1.38071 0.0124358 0)
(1.38608 0.0133646 0)
(1.39171 0.014487 0)
(1.39802 0.015088 0)
(1.40435 0.0162285 0)
(1.35308 0.00108434 0)
(1.35285 0.00110312 0)
(1.35297 0.0011133 0)
(1.35366 0.00121611 0)
(1.35465 0.00143679 0)
(1.35579 0.00175135 0)
(1.35709 0.00213489 0)
(1.35865 0.0025771 0)
(1.36053 0.00307015 0)
(1.36277 0.00361315 0)
(1.36539 0.00419213 0)
(1.3684 0.00481107 0)
(1.37185 0.00543962 0)
(1.37572 0.00610206 0)
(1.38004 0.00672856 0)
(1.38478 0.00740139 0)
(1.38999 0.00795021 0)
(1.39553 0.00861028 0)
(1.40158 0.00895897 0)
(1.40785 0.00961287 0)
(1.35573 0.00048543 0)
(1.35531 0.000470798 0)
(1.35533 0.000425414 0)
(1.35601 0.000425613 0)
(1.35702 0.000484598 0)
(1.35815 0.000584355 0)
(1.35943 0.000710065 0)
(1.36096 0.000856163 0)
(1.36282 0.00101956 0)
(1.36503 0.00119981 0)
(1.36763 0.00139212 0)
(1.37061 0.00159772 0)
(1.37402 0.00180636 0)
(1.37785 0.00202623 0)
(1.38213 0.00223373 0)
(1.38682 0.00245702 0)
(1.39194 0.00263756 0)
(1.39744 0.0028577 0)
(1.40335 0.00296644 0)
(1.40957 0.00318833 0)
(1.11096 0.260832 -1.34269e-21)
(1.16586 0.24918 -7.91723e-20)
(1.21525 0.242381 0)
(1.2649 0.234633 -6.14943e-20)
(1.3131 0.224548 0)
(1.35735 0.212021 -4.25078e-20)
(1.39737 0.196911 1.81945e-20)
(1.4333 0.178896 -4.81828e-22)
(1.46477 0.158945 0)
(1.49154 0.135085 0)
(1.13903 0.228499 8.76842e-20)
(1.19268 0.221641 0)
(1.23909 0.217969 6.88813e-20)
(1.28226 0.212462 0)
(1.32463 0.203148 -1.50806e-21)
(1.36395 0.190936 2.36616e-20)
(1.3995 0.17634 6.00691e-22)
(1.43125 0.159424 -3.95947e-22)
(1.4591 0.1402 3.95341e-22)
(1.48257 0.118952 1.0563e-21)
(1.16717 0.203787 -8.676e-20)
(1.21639 0.199278 0)
(1.26085 0.194618 -6.65702e-20)
(1.29985 0.188761 -1.99878e-21)
(1.33752 0.179834 5.25005e-20)
(1.37276 0.168305 -2.21979e-20)
(1.40457 0.154869 1.12913e-21)
(1.43243 0.13959 -5.31994e-22)
(1.45702 0.122353 0)
(1.4773 0.103799 -2.27468e-21)
(1.19503 0.182238 0)
(1.23933 0.178592 7.4521e-20)
(1.28099 0.17347 -1.98274e-21)
(1.31646 0.167571 3.73253e-21)
(1.34975 0.159481 -5.57894e-20)
(1.38113 0.148936 1.53263e-21)
(1.4097 0.136649 -1.90824e-20)
(1.43442 0.122792 0)
(1.45639 0.107447 -6.96659e-21)
(1.47399 0.0907749 1.40246e-21)
(1.22162 0.162332 -8.02223e-20)
(1.26122 0.15935 1.23886e-21)
(1.29947 0.154366 -4.1385e-21)
(1.33185 0.148481 3.70885e-21)
(1.36143 0.141062 -1.75072e-21)
(1.38929 0.131508 -1.34656e-21)
(1.41494 0.120382 1.92304e-21)
(1.43698 0.107847 7.55689e-21)
(1.45665 0.0942104 7.29869e-21)
(1.47208 0.0792312 0)
(1.24665 0.144095 1.57535e-19)
(1.28197 0.141617 -1.44237e-19)
(1.31659 0.137017 -1.94077e-21)
(1.34608 0.131304 1.94276e-21)
(1.37249 0.124474 0)
(1.39723 0.115883 2.36039e-20)
(1.42018 0.105899 5.95251e-22)
(1.43991 0.0945835 -9.75569e-21)
(1.45751 0.0824893 5.08686e-22)
(1.4712 0.0690356 -1.5945e-21)
(1.26997 0.127533 -7.73396e-20)
(1.30142 0.125401 7.33146e-20)
(1.33247 0.121244 -4.04491e-21)
(1.3592 0.115849 1.93129e-21)
(1.38286 0.109561 2.66401e-20)
(1.40487 0.101861 -1.13154e-21)
(1.42537 0.0929581 2.258e-20)
(1.44309 0.0827982 0)
(1.4588 0.0720708 3.99659e-21)
(1.47108 0.0600305 1.60237e-21)
(1.29152 0.112483 0)
(1.31948 0.110598 0)
(1.34717 0.106878 0)
(1.37127 0.101901 3.10445e-20)
(1.39252 0.0961483 -5.51475e-20)
(1.41216 0.0892627 2.43779e-22)
(1.43044 0.0813606 -9.80536e-21)
(1.44639 0.0722989 -1.18072e-21)
(1.46041 0.0627824 -7.62648e-21)
(1.4715 0.0520661 0)
(1.31129 0.0987766 -3.65249e-20)
(1.3361 0.0971007 0)
(1.36069 0.0937957 -1.89917e-21)
(1.38234 0.0892867 -2.55797e-20)
(1.40145 0.0840695 2.49929e-20)
(1.41902 0.0779328 -2.42321e-20)
(1.43535 0.0709445 -1.08398e-20)
(1.4497 0.062919 -5.67992e-22)
(1.46223 0.0544883 9.06498e-21)
(1.47226 0.0450094 0)
(1.32929 0.086281 7.19963e-20)
(1.35125 0.0847961 0)
(1.37305 0.0818786 -1.88848e-21)
(1.39245 0.0778507 -2.55578e-20)
(1.40964 0.0731669 -1.76278e-21)
(1.4254 0.0677248 1.45925e-21)
(1.44002 0.0615695 1.03762e-20)
(1.45295 0.0545124 -1.12754e-20)
(1.46417 0.0470708 -4.00421e-21)
(1.47325 0.0387407 2.57705e-22)
(1.34553 0.0748744 -3.44137e-20)
(1.36493 0.0735694 9.27681e-22)
(1.38424 0.0710116 -2.03732e-21)
(1.40161 0.0674557 3.09003e-20)
(1.4171 0.0632962 -1.76669e-21)
(1.43128 0.0585034 0)
(1.4444 0.0531115 1.3132e-22)
(1.45606 0.0469535 -1.70721e-22)
(1.46615 0.0404248 -4.57405e-21)
(1.47436 0.0331557 0)
(1.36004 0.0644399 -1.05055e-21)
(1.37717 0.0633052 3.05816e-21)
(1.39427 0.0610812 -3.89133e-21)
(1.40983 0.0579767 3.64455e-21)
(1.42381 0.0543257 -1.77044e-21)
(1.43662 0.050143 -1.49152e-21)
(1.44844 0.0454568 -9.20269e-21)
(1.45899 0.0401327 8.98624e-21)
(1.4681 0.0344598 9.89696e-21)
(1.47553 0.0281609 0)
(1.37283 0.0548648 0)
(1.38797 0.0538901 -3.26308e-20)
(1.40315 0.0519763 0)
(1.41713 0.0492984 1.45566e-20)
(1.42978 0.0461358 0)
(1.4414 0.0425283 0)
(1.45212 0.0384977 6.8895e-22)
(1.4617 0.0339512 -6.9476e-22)
(1.46995 0.0290745 -4.70777e-21)
(1.47669 0.0237529 0)
(1.38394 0.0460392 3.2629e-20)
(1.39735 0.0452139 3.34562e-20)
(1.41089 0.043589 0)
(1.42349 0.0413121 1.75683e-21)
(1.43501 0.0386171 -1.54315e-20)
(1.44562 0.0355524 -1.51701e-21)
(1.4554 0.0321404 -4.34034e-21)
(1.46414 0.0283081 -6.35263e-22)
(1.47171 0.0241878 -1.79718e-21)
(1.47784 0.0197081 0)
(1.3934 0.0378572 -4.99304e-20)
(1.40535 0.0371699 -1.60122e-20)
(1.4175 0.0358139 -1.84427e-21)
(1.42895 0.0339144 -1.08789e-20)
(1.4395 0.031666 2.55555e-20)
(1.44926 0.029117 0)
(1.45825 0.0262927 6.59877e-21)
(1.4663 0.0231235 -7.12333e-22)
(1.47325 0.0197249 2.44818e-21)
(1.47888 0.0159671 5.57834e-22)
(1.40123 0.030216 1.64461e-20)
(1.41197 0.0296555 1.78259e-20)
(1.42299 0.0285502 1.14138e-20)
(1.43349 0.0270064 1.88012e-21)
(1.44326 0.0251847 -1.36797e-20)
(1.45232 0.02313 0)
(1.46067 0.0208639 5.97053e-21)
(1.46814 0.0183302 -3.40208e-21)
(1.47458 0.0156117 6.5785e-22)
(1.4798 0.0126208 -5.60711e-22)
(1.40746 0.0230147 1.6212e-20)
(1.41725 0.0225721 0)
(1.42738 0.0217033 -1.69838e-20)
(1.43714 0.0204987 1.08468e-20)
(1.44629 0.0190877 -1.78154e-21)
(1.4548 0.017509 1.54267e-21)
(1.46264 0.015779 -6.84032e-21)
(1.46965 0.013854 -1.39779e-21)
(1.47569 0.0117927 6.65239e-22)
(1.48058 0.00952811 0)
(1.41211 0.0161513 -7.06818e-21)
(1.42121 0.0158133 8.82851e-22)
(1.43068 0.0151705 -1.94938e-21)
(1.43989 0.0143002 1.73432e-21)
(1.44859 0.0132973 -1.78156e-21)
(1.4567 0.0121876 3.22989e-21)
(1.46416 0.0109806 0)
(1.47083 0.00964446 2.78457e-21)
(1.47656 0.00821731 -1.27996e-21)
(1.4812 0.00664526 2.90628e-22)
(1.41519 0.0095305 -7.94283e-21)
(1.42384 0.00925059 1.87608e-21)
(1.43291 0.00879376 -7.50927e-25)
(1.44178 0.00823935 -5.33271e-21)
(1.45019 0.00764356 -1.71221e-21)
(1.45802 0.00700907 -6.40328e-21)
(1.46522 0.00633135 2.3054e-21)
(1.47165 0.00558984 -3.32521e-23)
(1.47717 0.00479945 1.2862e-21)
(1.48162 0.00393371 -2.9215e-22)
(1.41667 0.00311731 0)
(1.42512 0.00288359 0)
(1.43404 0.00257428 -5.5588e-21)
(1.4428 0.00227231 1.86936e-21)
(1.45108 0.00201648 1.72118e-21)
(1.45877 0.00180541 1.62872e-21)
(1.46582 0.00162722 7.30263e-22)
(1.47211 0.00146543 -2.12752e-21)
(1.4775 0.00131004 6.84033e-22)
(1.48185 0.00114979 0)
)
;

boundaryField
{
    bottom
    {
        type            symmetryPlane;
    }
    right
    {
        type            zeroGradient;
    }
    top
    {
        type            symmetryPlane;
    }
    left
    {
        type            zeroGradient;
    }
    cylinder
    {
        type            noSlip;
    }
    defaultFaces
    {
        type            empty;
    }
}


// ************************************************************************* //
