/*--------------------------------*- C++ -*----------------------------------*\
| =========                 |                                                 |
| \\      /  F ield         | OpenFOAM: The Open Source CFD Toolbox           |
|  \\    /   O peration     | Version:  4.1                                   |
|   \\  /    A nd           | Web:      www.OpenFOAM.org                      |
|    \\/     M anipulation  |                                                 |
\*---------------------------------------------------------------------------*/
FoamFile
{
    version     2.0;
    format      ascii;
    class       surfaceScalarField;
    location    "13.4";
    object      phi;
}
// * * * * * * * * * * * * * * * * * * * * * * * * * * * * * * * * * * * * * //

dimensions      [0 3 -1 0 0 0 0];

internalField   nonuniform List<scalar> 
3890
(
0.00037897
0.00138625
-0.00176522
0.00234188
-0.000907092
-0.00105582
0.00642177
-0.00639704
0.00231714
0.0128129
-0.013915
0.00752384
0.0212752
-0.0223363
0.0138741
0.0312304
-0.0306552
0.0206999
0.0419705
-0.038171
0.0274309
0.052939
-0.0445403
0.0335718
0.0636115
-0.0499212
0.0392487
-0.0534561
0.0435736
0.073494
0.000659171
0.00072708
0.00351966
-0.00376758
0.00905471
-0.0119321
0.017101
-0.0219613
0.0268984
-0.0321337
0.0374628
-0.0412197
0.0479487
-0.0486568
0.0578282
-0.0544198
0.0666883
-0.0587813
-0.0617966
0.0750288
0.00103142
-0.000304342
0.00494619
-0.00768234
0.011924
-0.0189099
0.0211622
-0.0311995
0.0313501
-0.0423216
0.0413365
-0.051206
0.0504447
-0.0577651
0.0584544
-0.0624295
0.0654788
-0.0658057
-0.0682806
0.0719628
0.00149
-0.00179434
0.00651705
-0.0127094
0.0146264
-0.0270192
0.024243
-0.0408161
0.0337746
-0.0518533
0.0422895
-0.0597209
0.0495409
-0.0650165
0.0557307
-0.0686193
0.0612171
-0.071292
-0.0734789
0.0664154
0.00201485
-0.00380919
0.00804217
-0.0187367
0.0166808
-0.0356578
0.0257771
-0.0499124
0.0339032
-0.0599794
0.0406198
-0.0664374
0.0461282
-0.0705249
0.0508661
-0.0733573
0.0552473
-0.0756732
-0.0778753
0.0596437
0.00256066
-0.00636985
0.0092751
-0.0254512
0.0177144
-0.0440971
0.0256135
-0.0578115
0.03204
-0.0664059
0.0370557
-0.0714532
0.0411296
-0.0745987
0.0447455
-0.0769732
0.0482522
-0.0791799
-0.0814487
0.0518255
0.00305807
-0.00942792
0.00999211
-0.0323852
0.0176027
-0.0517077
0.0239692
-0.064178
0.0287262
-0.0711628
0.0322779
-0.0750049
0.0351791
-0.0775
0.0378521
-0.0796462
0.0405282
-0.0818559
-0.08423
0.0433095
0.00342448
-0.0128524
0.010069
-0.0390298
0.01645
-0.0580887
0.0212178
-0.0689458
0.0244691
-0.0744141
0.0267788
-0.0773146
0.0286732
-0.0793944
0.0304709
-0.0814439
0.0323119
-0.0836969
-0.0861517
0.0342337
0.00358877
-0.0164412
0.00950529
-0.0449463
0.0144813
-0.0630647
0.0177318
-0.0721963
0.0196638
-0.0763461
0.0208958
-0.0785466
0.0218704
-0.080369
0.0228071
-0.0823807
0.0237757
-0.0846655
-0.0871677
0.0247916
0.00351592
-0.0199571
0.00841596
-0.0498463
0.0119539
-0.0666026
0.0138241
-0.0740665
0.0146003
-0.0771223
0.0148641
-0.0788104
0.0149591
-0.080464
0.015026
-0.0824476
0.0150956
-0.0847351
0.0151742
-0.0872463
-0.000450191
0.000450191
-0.00134385
0.000893661
-0.00244339
0.00109954
-0.00361552
0.00117212
-0.00478392
0.0011684
-0.0059081
0.00112418
-0.00697255
0.00106446
-0.00798094
0.00100838
-0.00895462
0.000973677
0.000982241
-0.00993686
-0.000417884
0.000868074
-0.00124309
0.00171887
-0.00224907
0.00210551
-0.00330138
0.00222444
-0.0043199
0.00218692
-0.00525779
0.00206208
-0.00609149
0.00189815
-0.00681707
0.00173396
-0.00744888
0.00160549
0.0015664
-0.00803304
-0.000359526
0.0012276
-0.00106229
0.00242163
-0.00189376
0.00293699
-0.00272143
0.0030521
-0.00346011
0.0029256
-0.00405231
0.00265427
-0.00445919
0.00230504
-0.00466168
0.00193645
-0.00466364
0.00160745
0.00137916
-0.0044764
-0.000288391
0.00151599
-0.000830426
0.00296367
-0.00142516
0.00353172
-0.00194223
0.00356917
-0.00229175
0.00327513
-0.00240527
0.00276779
-0.00222503
0.00212479
-0.00170161
0.00141303
-0.000809312
0.000715154
0.000208417
0.000361426
-0.000216349
0.00173234
-0.000574774
0.00332209
-0.000881194
0.00383814
-0.00100406
0.00369204
-0.000846793
0.00311786
-0.000329905
0.0022509
0.000619395
0.00117549
0.00207075
-3.83265e-05
0.00408848
-0.00130257
-0.00243538
0.00673228
-0.000150678
0.00188302
-0.00030773
0.00347914
-0.000267316
0.00379772
0.000114422
0.0033103
0.000952401
0.00227988
0.00234144
0.000861861
0.00436494
-0.000848003
0.00709435
-0.00276774
0.0105943
-0.00480251
-0.00695295
0.0151119
-9.15451e-05
0.00197456
-1.55183e-05
0.00340312
0.000454281
0.00332793
0.0015053
0.00225928
0.00328458
0.000500595
0.00590904
-0.0017626
0.00945889
-0.00439785
0.0139736
-0.00728243
0.0194234
-0.0102523
-0.0137615
0.0262319
-3.00418e-05
0.00200461
0.000326197
0.00304688
0.00136461
0.00228952
0.00331943
0.000304462
0.0063801
-0.00256008
0.0106662
-0.00604874
0.0162111
-0.00994275
0.0229481
-0.0140193
0.0307347
-0.0180389
-0.0228785
0.0398517
5.60279e-05
0.00194858
0.0007896
0.0023133
0.00258743
0.000491692
0.00574482
-0.00285293
0.0104502
-0.00726543
0.016745
-0.0123435
0.024517
-0.0177148
0.0334863
-0.0229887
0.0434661
-0.0280187
-0.0332887
0.0538763
0.000183357
0.00144084
0.00424968
0.00892058
0.0155292
0.0238856
0.0336018
0.0441849
0.0554148
0.0656998
-0.0104565
0.000519629
-0.0109605
0.000504021
-0.0114326
0.000472096
-0.0118719
0.000439248
-0.012279
0.000407184
-0.0126546
0.00037556
-0.0129988
0.000344163
-0.0133116
0.000312872
-0.0135934
0.000281745
-0.0138445
0.000251095
-0.014066
0.00022149
-0.0142597
0.000193731
-0.0144287
0.000169056
-0.0145776
0.000148898
-0.0147124
0.000134723
-0.01484
0.00012761
-0.0149678
0.000127794
-0.0151028
0.000135028
-0.0152517
0.000148933
0.000163158
-0.00843932
0.000925917
-0.00884217
0.000906867
-0.00922425
0.000854174
-0.00958706
0.000802055
-0.00993148
0.000751607
-0.0102576
0.000701715
-0.0105653
0.00065185
-0.0108541
0.000601641
-0.0111234
0.000551077
-0.011373
0.000500632
-0.0116027
0.000451258
-0.0118129
0.000403919
-0.0120048
0.000360928
-0.0121809
0.000324975
-0.0123451
0.000298959
-0.0125029
0.000285402
-0.0126605
0.00028543
-0.0128243
0.000298767
-0.0130001
0.000324761
0.000352849
-0.00468817
0.00113769
-0.00489407
0.00111277
-0.00510148
0.00106158
-0.00531069
0.00101127
-0.00552191
0.000962829
-0.00573613
0.000915928
-0.00595295
0.00086867
-0.00617145
0.000820141
-0.00639051
0.000770141
-0.00660908
0.0007192
-0.00682753
0.000669714
-0.00704265
0.000619037
-0.00725366
0.000571941
-0.00746029
0.000531597
-0.00766319
0.000501863
-0.0078645
0.000486705
-0.00806776
0.000488693
-0.00827707
0.000508079
-0.00849718
0.000544866
0.000593217
0.000497993
0.00100112
0.000519324
0.00109144
0.000527365
0.00105354
0.000528837
0.0010098
0.000510026
0.00098164
0.00046759
0.000958363
0.000402421
0.000933839
0.000315246
0.000907317
0.000206281
0.000879105
7.66653e-05
0.000848816
-6.86468e-05
0.000815026
-0.000232932
0.000783321
-0.000414458
0.000753467
-0.000611122
0.000728261
-0.0008208
0.000711541
-0.00104206
0.00070796
-0.00127511
0.000721749
-0.00152169
0.000754654
-0.00178234
0.000805519
0.000864546
0.00706541
0.000667982
0.00731853
0.00083832
0.00754099
0.00083108
0.00774571
0.000805077
0.00792376
0.000803595
0.00806876
0.000813361
0.00818189
0.000820709
0.00826407
0.000825135
0.00831457
0.00082861
0.00833201
0.000831375
0.00831383
0.000833201
0.00826173
0.000835419
0.00817597
0.000839226
0.00805751
0.000846726
0.00790805
0.000860998
0.00772977
0.000886241
0.00752463
0.000926893
0.00729281
0.000986471
0.00703468
0.00106365
0.00115936
0.0155514
0.000228416
0.0159098
0.000479895
0.0162457
0.000495184
0.0165687
0.000482159
0.0168693
0.000502981
0.0171418
0.000540855
0.0173888
0.000573686
0.0176112
0.000602742
0.0178063
0.000633539
0.0179705
0.00066716
0.0181006
0.000703044
0.0181944
0.000741626
0.0182499
0.000783755
0.0182656
0.000831013
0.0182411
0.000885541
0.0181765
0.00095081
0.0180737
0.00102971
0.0179318
0.0011284
0.0177524
0.00124302
0.00139533
0.0265642
-0.000103822
0.026863
0.000181027
0.0271869
0.000171277
0.0275129
0.000156251
0.0278234
0.000192435
0.0281256
0.000238639
0.028422
0.000277314
0.0287117
0.000312999
0.0289897
0.000355521
0.02925
0.0004069
0.0294877
0.000465394
0.0296983
0.000531013
0.0298781
0.000603887
0.0300244
0.00068475
0.030135
0.000774966
0.0302076
0.000878184
0.030244
0.000993358
0.0302408
0.00113154
0.0302072
0.00127659
0.00149411
0.0399326
-0.000184801
0.0400808
3.28718e-05
0.0403146
-6.25597e-05
0.0405777
-0.00010677
0.0408576
-8.74931e-05
0.0411578
-6.16019e-05
0.0414761
-4.09739e-05
0.0418004
-1.13323e-05
0.0421205
3.54847e-05
0.0424342
9.31729e-05
0.0427362
0.00016336
0.0430214
0.000245853
0.0432851
0.000340224
0.0435261
0.000443751
0.0437423
0.000558697
0.0439304
0.000690121
0.0440949
0.000828846
0.0442288
0.000997602
0.0443553
0.00115016
0.00141673
0.0538389
-0.000147423
0.054084
-0.000212167
0.0544262
-0.000404804
0.0547792
-0.000459797
0.0551437
-0.000452007
0.0555288
-0.000446695
0.0559249
-0.000437008
0.0563222
-0.000408644
0.0567198
-0.000362149
0.0571087
-0.000295721
0.0574859
-0.000213798
0.0578468
-0.000115039
0.0581863
6.94095e-07
0.0585182
0.000111888
0.0588365
0.000240365
0.0591375
0.000389127
0.0594305
0.000535841
0.059706
0.000722063
0.0599933
0.000862843
0.00114338
0.0662167
-0.000664315
0.0669458
-0.000941247
0.0675947
-0.00105371
0.0681966
-0.00106178
0.0687986
-0.00105397
0.0693873
-0.00103535
0.0699554
-0.00100518
0.0705061
-0.000959341
0.0710416
-0.000897585
0.0715659
-0.000820079
0.0720823
-0.000730212
0.0725938
-0.000626477
0.0731079
-0.000513384
0.0736086
-0.000388852
0.0741075
-0.000258542
0.0745998
-0.000103141
0.075102
3.36586e-05
0.0756057
0.000218294
0.0761326
0.000335997
0.000589633
0.0916078
0.000113355
-0.0923855
0.0907408
-7.42078e-05
0.0898986
-0.000211493
0.0891693
-0.000332506
0.0885308
-0.000415512
0.0879611
-0.000465627
0.087443
-0.00048704
0.0869667
-0.000483094
0.0865266
-0.000457513
0.0861178
-0.00041126
0.0857362
-0.000348638
0.0853784
-0.000268615
0.0850439
-0.000178914
0.0847297
-7.46112e-05
0.0844358
3.53099e-05
0.0841629
0.000169761
0.0839133
0.000283276
0.0836867
0.000444857
0.0834879
0.000534785
0.000737462
0.100278
0.000443461
-0.100608
0.0998711
0.000332745
0.0994397
0.000219877
0.0990087
9.85496e-05
0.0985917
1.44114e-06
0.0981971
-7.09544e-05
0.0978197
-0.000109676
0.0974587
-0.000122082
0.0971147
-0.000113548
0.0967878
-8.43638e-05
0.0964783
-3.91208e-05
0.0961855
2.42051e-05
0.095909
9.76173e-05
0.0956455
0.000188803
0.0954
0.000280846
0.0951722
0.000397594
0.094962
0.000493432
0.0947733
0.000633559
0.0946013
0.000706794
0.000877573
0.106776
0.000761035
-0.107094
0.106517
0.000591835
0.106283
0.000454618
0.106052
0.000328779
0.105831
0.000222958
0.105615
0.000145284
0.105407
9.83836e-05
0.105206
7.79811e-05
0.105015
7.83211e-05
0.104831
9.87813e-05
0.104658
0.000134565
0.104493
0.000188661
0.104339
0.000251567
0.104195
0.000332918
0.104063
0.000412874
0.103943
0.000517768
0.103836
0.000600723
0.103743
0.000726758
0.10366
0.000789171
0.000942723
0.112274
0.000994234
-0.112507
0.112107
0.000758588
0.111972
0.00058955
0.111847
0.000454594
0.111726
0.000343375
0.111613
0.000258983
0.111508
0.000202819
0.111413
0.00017332
0.111326
0.000164927
0.111248
0.000177117
0.111179
0.000203838
0.111118
0.000249241
0.111067
0.000302194
0.111026
0.000374665
0.110995
0.000443709
0.110974
0.000538978
0.110964
0.000610417
0.110964
0.000726671
0.110973
0.00077968
0.000922847
0.117399
0.00110771
-0.117512
0.117305
0.000852439
0.11723
0.000664193
0.117165
0.000520167
0.117103
0.000404595
0.117048
0.000314723
0.117
0.000250427
0.116961
0.000212133
0.116931
0.000194625
0.11691
0.000198168
0.116899
0.00021525
0.116897
0.000251481
0.116905
0.000293813
0.116923
0.000356813
0.116952
0.000414416
0.116991
0.000499941
0.117042
0.000559901
0.117102
0.000666612
0.117171
0.000710607
0.000843954
0.122585
0.00115344
-0.122631
0.122534
0.000904091
0.122489
0.000708493
0.122452
0.000557118
0.12242
0.000437103
0.122392
0.000343172
0.122369
0.000272791
0.122354
0.000227117
0.122348
0.00020111
0.12235
0.000196232
0.122361
0.000203824
0.122382
0.000230775
0.122413
0.000262428
0.122455
0.000315401
0.122507
0.000361593
0.122571
0.000436579
0.122645
0.000485482
0.12273
0.000581305
0.122824
0.000617079
0.000738411
0.127976
0.00117751
-0.128
0.127942
0.000938733
0.127908
0.000742322
0.127878
0.000586629
0.127853
0.000462925
0.12783
0.000365851
0.127812
0.000290902
0.1278
0.000239144
0.127795
0.000205516
0.127799
0.000192569
0.127812
0.000191113
0.127834
0.000208807
0.127866
0.000230231
0.127909
0.000272821
0.127962
0.000308189
0.128027
0.000371865
0.128102
0.000410594
0.128189
0.000494124
0.128283
0.000522689
0.000629725
0.13346
0.00119392
-0.133477
0.133433
0.00096636
0.133402
0.000773249
0.133372
0.000616638
0.133344
0.000490884
0.133318
0.000391542
0.133296
0.000313121
0.133279
0.000256305
0.133268
0.000216005
0.133265
0.000195414
0.133271
0.000185502
0.133286
0.000194035
0.13331
0.000205881
0.133345
0.00023792
0.13339
0.000263264
0.133447
0.000315125
0.133513
0.000344665
0.133592
0.000414953
0.133677
0.000437242
0.000528559
0.138793
0.0011981
-0.138798
0.138776
0.000983358
0.138753
0.000796463
0.138728
0.000641827
0.138703
0.000516061
0.138679
0.000415661
0.138657
0.000334881
0.138639
0.000274029
0.138627
0.000228158
0.138622
0.000200615
0.138624
0.000183076
0.138636
0.000182819
0.138656
0.000185913
0.138686
0.000207587
0.138725
0.000223814
0.138777
0.000263837
0.138836
0.00028515
0.138909
0.000341946
0.138988
0.000358757
0.000434009
0.143735
0.00117518
-0.143712
0.143744
0.000974377
0.143745
0.000795733
0.143741
0.000645692
0.143735
0.000522281
0.143728
0.000422577
0.143722
0.000340943
0.143718
0.000277436
0.143719
0.000227447
0.143725
0.000194169
0.143738
0.000170248
0.143759
0.000162153
0.143787
0.000157644
0.143825
0.000169783
0.143871
0.000178015
0.143928
0.000206942
0.143992
0.000221053
0.144069
0.000265057
0.14415
0.000277128
0.000337179
0.148189
0.00110196
-0.148116
0.148248
0.000916082
0.148295
0.000748023
0.148336
0.000605574
0.14837
0.000487373
0.148402
0.000390809
0.148433
0.000310478
0.148464
0.000246408
0.148497
0.000194372
0.148534
0.000157365
0.148575
0.000128932
0.148622
0.000114822
0.148675
0.000104395
0.148737
0.000108755
0.148804
0.000110511
0.148881
0.000130104
0.148964
0.000138262
0.149057
0.000171335
0.149155
0.000179445
0.000226478
0.15234
0.000955724
-0.152194
0.152469
0.00078742
0.152583
0.000633561
0.152686
0.00050241
0.152781
0.000392778
0.152869
0.000302468
0.152953
0.000226306
0.153035
0.000164599
0.153116
0.000113342
0.153198
7.54633e-05
0.153282
4.50767e-05
0.153369
2.77061e-05
0.15346
1.36634e-05
0.153556
1.29618e-05
0.153656
1.02338e-05
0.153763
2.32673e-05
0.153874
2.70216e-05
0.153993
5.21275e-05
0.154115
5.71584e-05
9.44774e-05
0.15669
0.000731927
-0.156466
0.156892
0.000585536
0.157075
0.000450414
0.157243
0.000334548
0.157399
0.000236946
0.157545
0.000156271
0.157684
8.7431e-05
0.157817
3.13742e-05
0.157946
-1.58113e-05
0.158073
-5.131e-05
0.158199
-8.0728e-05
0.158325
-9.8118e-05
0.158451
-0.000113174
0.15858
-0.000115732
0.158711
-0.000120722
0.158845
-0.00011098
0.158982
-0.000109932
0.159124
-8.93569e-05
0.159267
-8.64531e-05
-5.51173e-05
0.161906
0.000459634
-0.161634
0.162152
0.000338974
0.162377
0.000226321
0.162582
0.000128777
0.162774
4.57019e-05
0.162952
-2.26583e-05
0.163122
-8.16434e-05
0.163282
-0.00012919
0.163436
-0.000170148
0.163585
-0.000200285
0.163731
-0.000226217
0.163874
-0.000240922
0.164015
-0.000254762
0.164156
-0.000256526
0.164297
-0.000261832
0.164439
-0.000252726
0.164582
-0.000252879
0.164727
-0.000234094
0.164873
-0.000232449
-0.000204125
0.168432
0.000198144
-0.16817
0.168667
0.00010364
0.168879
1.44602e-05
0.169072
-6.39798e-05
0.169249
-0.000131818
0.169414
-0.000187364
0.169568
-0.000235428
0.169712
-0.000273525
0.169849
-0.000306991
0.169979
-0.000330678
0.170105
-0.000351961
0.170227
-0.000362766
0.170347
-0.000374246
0.170464
-0.000374028
0.170581
-0.000378606
0.170697
-0.000368983
0.170814
-0.000369465
0.170931
-0.000351347
0.171049
-0.000350389
-0.000323953
0.17608
6.41889e-06
-0.175888
0.176248
-6.51654e-05
0.176396
-0.000133126
0.176526
-0.000193766
0.176641
-0.000247257
0.176745
-0.000290841
0.176838
-0.000328741
0.176923
-0.000358042
0.177
-0.000384312
0.177071
-0.000402021
0.177138
-0.000418761
0.177201
-0.000426046
0.177262
-0.000435101
0.177321
-0.000433301
0.17738
-0.000436968
0.177438
-0.000427318
0.177496
-0.000427855
0.177556
-0.000411041
0.177616
-0.000410497
-0.000386717
0.183976
-9.25583e-05
-0.183877
0.184055
-0.00014423
0.184115
-0.000193854
0.18416
-0.000238571
0.184192
-0.000278729
0.184212
-0.00031135
0.184223
-0.000339943
0.184227
-0.000361525
0.184224
-0.000381233
0.184216
-0.000393946
0.184203
-0.000406576
0.184189
-0.00041133
0.184172
-0.000418223
0.184154
-0.000415927
0.184136
-0.000418796
0.184119
-0.000410365
0.184102
-0.000410918
0.184088
-0.000396867
0.184074
-0.00039661
-0.000377126
0.19099
-0.000109719
-0.190973
0.19099
-0.000144325
0.190973
-0.000177278
0.190942
-0.000206756
0.190896
-0.00023363
0.190841
-0.000255459
0.190775
-0.000274753
0.190703
-0.000289065
0.190624
-0.000302315
0.190541
-0.000310597
0.190453
-0.000319137
0.190364
-0.000322033
0.190272
-0.000326738
0.190181
-0.000324806
0.190089
-0.00032681
0.19
-0.000320664
0.18991
-0.00032112
0.189824
-0.0003111
0.189738
-0.000310993
-0.000297258
0.196204
-6.81089e-05
-0.196246
0.196147
-8.77149e-05
0.196075
-0.000104558
0.195987
-0.000119036
0.195886
-0.000132323
0.195773
-0.000143181
0.195652
-0.000152834
0.195522
-0.000159956
0.195387
-0.000166581
0.195247
-0.000170686
0.195103
-0.000174946
0.194957
-0.000176345
0.194809
-0.000178654
0.194662
-0.000177629
0.194513
-0.000178551
0.194368
-0.000175431
0.194223
-0.000175531
0.194082
-0.000170507
0.193941
-0.000170269
-0.000163275
0.198993
-0.199061
0.198905
0.1988
0.198681
0.198549
0.198406
0.198253
0.198093
0.197926
0.197756
0.197581
0.197404
0.197226
0.197048
0.19687
0.196694
0.196519
0.196348
0.196178
0.0910353
0.0141286
-0.0899897
0.0920881
0.0237387
0.0931675
0.0331543
0.0942323
0.0422447
0.0953109
0.050747
0.0963044
0.0586502
0.0969916
0.0657283
0.0975048
0.0714496
0.0952165
0.0773171
0.076325
0.0940884
0.0132038
-0.0931635
0.0950672
0.0227599
0.0961303
0.0320912
0.0972536
0.0411214
0.0983761
0.0496244
0.0996517
0.0573746
0.100514
0.0648659
0.101878
0.0700852
0.101883
0.0773122
0.0776002
0.0974065
0.0123894
-0.0965921
0.0983363
0.0218301
0.0993615
0.0310661
0.100545
0.0399379
0.101683
0.0484866
0.103132
0.0559248
0.104278
0.0637199
0.105791
0.0685723
0.10712
0.0759839
0.0776258
0.100831
0.0116535
-0.100095
0.101758
0.020903
0.102793
0.0300307
0.104061
0.0386702
0.105308
0.0472398
0.106833
0.0543998
0.108301
0.0622521
0.109748
0.0671254
0.111543
0.0741887
0.0766613
0.104214
0.010961
-0.103521
0.105172
0.0199444
0.106293
0.0289103
0.107672
0.0372906
0.109131
0.0457809
0.110736
0.0527952
0.112478
0.0605093
0.114021
0.0655828
0.115964
0.0722453
0.0751136
0.107413
0.010277
-0.106729
0.108425
0.0189324
0.109688
0.0276473
0.111215
0.0357633
0.112941
0.0440549
0.114739
0.0509972
0.116762
0.0584865
0.118619
0.063725
0.120731
0.0701335
0.0732137
0.110301
0.00957218
-0.109596
0.111386
0.0178474
0.112818
0.0262156
0.114538
0.0340437
0.116553
0.042039
0.118672
0.0488786
0.121035
0.0561239
0.123325
0.061435
0.125755
0.0677031
0.0709683
0.112812
0.00882827
-0.112068
0.113986
0.016673
0.115587
0.0246146
0.117529
0.0321017
0.119839
0.0397288
0.122338
0.0463805
0.125099
0.053363
0.127866
0.0586677
0.130774
0.0647949
0.0682657
0.114984
0.00803683
-0.114192
0.116252
0.0154048
0.118004
0.0228629
0.12016
0.0299449
0.122744
0.0371451
0.125604
0.0435209
0.128783
0.0501832
0.13204
0.0554112
0.135519
0.0613153
0.0649875
0.116996
0.00719855
-0.116158
0.118345
0.0140567
0.120212
0.020995
0.122537
0.0276206
0.125341
0.0343404
0.128493
0.0403696
0.132051
0.046625
0.135761
0.0517009
0.139803
0.0572736
0.0610785
0.119174
0.00632554
-0.118301
0.120572
0.0126587
0.122509
0.0190578
0.124932
0.0251977
0.12788
0.0313925
0.131226
0.0370235
0.13506
0.0427912
0.139129
0.0476316
0.143622
0.0527807
0.0565844
0.121926
0.00543483
-0.121035
0.123334
0.0112503
0.125292
0.0171
0.12775
0.0227401
0.13076
0.0283827
0.134205
0.0335783
0.138184
0.0388119
0.142483
0.0433326
0.147257
0.0480069
0.0516477
0.125603
0.00457401
-0.124743
0.12699
0.00986364
0.128936
0.0151543
0.131395
0.0202807
0.134418
0.0253603
0.137907
0.0300891
0.141938
0.034781
0.14636
0.0389105
0.151265
0.0431019
0.0464461
0.130313
0.00378085
-0.12952
0.131663
0.00851374
0.133594
0.0132232
0.136071
0.0178043
0.139119
0.0223124
0.142669
0.0265385
0.146753
0.0306971
0.151277
0.0343862
0.156274
0.0381058
0.041086
0.135766
0.00307398
-0.135059
0.137092
0.00718821
0.139043
0.0112725
0.141595
0.015252
0.144745
0.0191623
0.148445
0.0228381
0.152689
0.0264538
0.157406
0.029669
0.162601
0.0329107
0.0355167
0.141329
0.00243701
-0.140692
0.142666
0.00585091
0.144693
0.00924555
0.147395
0.0125501
0.150749
0.0158086
0.154713
0.0188736
0.159267
0.0218997
0.164333
0.024603
0.169921
0.0273229
0.0295496
0.146307
0.0018261
-0.145696
0.147697
0.00446091
0.149849
0.0070928
0.152751
0.00964889
0.156376
0.0121828
0.160681
0.0145692
0.165649
0.0169314
0.171188
0.0190643
0.177319
0.0211916
0.0229924
0.150284
0.0012086
-0.149667
0.151742
0.00300305
0.15403
0.0048047
0.157129
0.00655008
0.161024
0.00828755
0.165666
0.00992803
0.171046
0.0115508
0.177073
0.013037
0.183765
0.0145
0.0157846
0.153144
0.000595456
-0.152531
0.154643
0.00150422
0.157026
0.00242179
0.160268
0.00330847
0.164362
0.00419318
0.16926
0.0050304
0.174954
0.00585699
0.181368
0.00662254
0.1885
0.00736785
0.00803916
0.154716
-0.154121
0.15622
0.158642
0.16195
0.166144
0.171174
0.177031
0.183654
0.191021
0.0426933
0.0518634
-0.0457301
-0.0488266
0.0366174
0.0504837
-0.0444078
0.0309603
0.0495808
-0.0439237
0.025626
0.0492429
-0.0439086
0.0204961
0.0493804
-0.0442505
0.0155013
0.0499754
-0.0449806
0.0106226
0.0508914
-0.0460127
0.00597437
0.0510096
-0.0463614
0.00203426
0.0462511
-0.042311
0.0266433
-0.024609
0.0409558
0.0579213
-0.0470137
0.0350433
0.0563963
0.0294299
0.0551942
0.0241526
0.0545202
0.0191344
0.0543987
0.0142925
0.0548173
0.0096093
0.0555746
0.0052323
0.0553866
0.00167017
0.0498132
0.0283134
0.0383069
0.0636482
-0.0440338
0.0326767
0.0620264
0.027261
0.0606099
0.0221419
0.0596392
0.0173003
0.0592403
0.0126761
0.0594414
0.00826912
0.0599817
0.00426719
0.0593886
0.00120371
0.0528767
0.0295171
0.0345662
0.0690014
-0.0399193
0.0293471
0.0672455
0.0242955
0.0656615
0.019488
0.0644466
0.0149404
0.0637879
0.0106275
0.0637542
0.00659026
0.0640189
0.00307832
0.0629005
0.000634481
0.0553205
0.0301516
0.029803
0.073898
-0.0346996
0.0250743
0.0719741
0.0205095
0.0702264
0.0161526
0.0688035
0.0120265
0.067914
0.00813532
0.0676455
0.00456413
0.0675901
0.00166014
0.0658045
-4.96311e-05
0.0570303
0.030102
0.024041
0.0782006
-0.0283436
0.019916
0.0760992
0.0159499
0.0741925
0.0121596
0.0725938
0.00856663
0.071507
0.00520669
0.0710054
0.0022138
0.070583
-6.9406e-05
0.0680877
-0.000713495
0.0576744
0.0293885
0.0173972
0.0817765
-0.0209731
0.0139787
0.0795177
0.0107029
0.0774683
0.00757431
0.0757224
0.00461125
0.07447
0.00189096
0.0737257
-0.000369372
0.0728433
-0.00163822
0.0693566
-0.00140787
0.057444
0.0279806
0.00999203
0.0845167
-0.0127323
0.00736957
0.0821401
0.00486731
0.0799706
0.002484
0.0781057
0.000243058
0.076711
-0.00174779
0.0757165
-0.00315605
0.0742516
-0.00343232
0.0696328
-0.00209353
0.0561052
0.0258871
0.00197563
0.086389
-0.00384786
0.000224442
0.0838913
-0.00144014
0.0816352
-0.00303631
0.0797018
-0.00450594
0.0781806
-0.00566483
0.0768754
-0.00611716
0.0747039
-0.00524232
0.068758
-0.00271775
0.0535807
0.0231693
-0.00644439
0.0055871
-0.00728817
-0.00810059
-0.00886274
-0.00949251
-0.00973939
-0.009102
-0.0069466
-0.00321226
0.0322488
0.00305101
-0.0352998
0.0290762
0.00317257
0.0257626
0.00331359
0.0222872
0.00347535
0.0186219
0.00366538
0.0147328
0.00388905
0.0106017
0.00413113
0.00631589
0.00428579
0.00233021
0.00398567
0.00233021
0.0328429
0.00623456
-0.0360265
0.0295533
0.00646221
0.0261378
0.00672913
0.0225753
0.00703781
0.0188371
0.00740357
0.0148883
0.00783785
0.0107072
0.00831223
0.00637764
0.00861536
0.00236024
0.00800307
0.00469045
0.0339701
0.00967036
-0.0374059
0.0304573
0.009975
0.0268471
0.0103393
0.0231179
0.010767
0.0192398
0.0112816
0.0151763
0.0119014
0.0109024
0.0125862
0.00649583
0.0130219
0.00240801
0.0120909
0.00709846
0.0355124
0.0134512
-0.0392933
0.0316928
0.0137946
0.0278138
0.0142184
0.0238538
0.014727
0.0197823
0.0153531
0.0155606
0.0161231
0.0111593
0.0169875
0.006648
0.0175332
0.00246978
0.0162691
0.00956824
0.0373079
0.0176351
-0.0414918
0.0331266
0.0179759
0.028929
0.018416
0.0246957
0.0189604
0.0203957
0.0196531
0.0159878
0.020531
0.011438
0.0215373
0.00680804
0.0221631
0.00253257
0.0205446
0.0121008
0.0391733
0.0222397
-0.0437779
0.0346054
0.0225439
0.0300647
0.0229566
0.0255378
0.0234872
0.0209944
0.0241965
0.0163905
0.0251348
0.0116882
0.0262396
0.00694242
0.0269089
0.00258073
0.0249063
0.0146815
0.040896
0.0272718
-0.0459281
0.0359407
0.0274992
0.0310671
0.0278302
0.0262626
0.0282917
0.0214891
0.0289701
0.0167001
0.0299238
0.011858
0.0310818
0.00701583
0.031751
0.00259767
0.0293244
0.0172792
0.042357
0.0327155
-0.0478008
0.0370023
0.0328539
0.0318079
0.0330247
0.0267512
0.0333484
0.0217775
0.0339437
0.016836
0.0348653
0.0118887
0.0360291
0.00699027
0.0366495
0.00256605
0.0337487
0.0198453
0.0431398
0.038677
-0.0491012
0.037469
0.0385247
0.0320903
0.0384033
0.026872
0.0385667
0.0217584
0.0390573
0.0167186
0.0399052
0.011721
0.0410266
0.00682719
0.0415433
0.00246887
0.038107
0.0223141
0.0433171
-0.0503702
0.037434
0.0319136
0.0265718
0.0213785
0.0163031
0.011317
0.00649888
0.00229487
0.0388966
-0.000101816
0.0389978
-0.00010114
0.0390956
-9.78436e-05
0.039186
-9.03589e-05
0.0392653
-7.93636e-05
0.0393303
-6.49971e-05
0.0393772
-4.6836e-05
0.0394013
-2.41295e-05
0.0393972
4.06128e-06
0.0393631
3.41453e-05
0.039292
7.11033e-05
0.0391768
0.00011517
0.0390095
0.000167359
0.0387804
0.000229037
0.0384785
0.000301923
0.0380904
0.000388114
0.0376001
0.000490282
0.0369886
0.000611523
0.0362324
0.000756213
0.000932601
0.0397598
-0.000204969
0.0398603
-0.000201673
0.039956
-0.000193596
0.0400438
-0.000178131
0.0401204
-0.000156004
0.0401825
-0.00012706
0.0402261
-9.03947e-05
0.0402465
-4.45211e-05
0.0402389
1.16115e-05
0.0402003
7.27307e-05
0.040124
0.000147435
0.0400027
0.000236456
0.0398282
0.000341848
0.0395909
0.000466359
0.0392794
0.000613438
0.0388802
0.000787266
0.0383773
0.000993243
0.0377514
0.00123742
0.036979
0.00152862
0.00188508
0.0414571
-0.000299606
0.0415498
-0.000294348
0.0416381
-0.000281868
0.0417183
-0.000258294
0.0417869
-0.000224637
0.0418404
-0.000180616
0.0418748
-0.000124795
0.0418851
-5.47685e-05
0.0418678
2.88618e-05
0.0418179
0.00012269
0.0417287
0.000236631
0.0415929
0.000372275
0.0414019
0.000532763
0.0411461
0.000722252
0.0408135
0.000945957
0.0403907
0.00121012
0.039861
0.00152296
0.0392051
0.00189328
0.0383997
0.002334
0.00287889
0.0439281
-0.000375801
0.0440022
-0.000368413
0.044072
-0.000351707
0.0441337
-0.000320024
0.0441835
-0.000274443
0.0442176
-0.000214661
0.0442315
-0.000138748
0.0442202
-4.34161e-05
0.0441823
6.67748e-05
0.0441092
0.000195771
0.0439948
0.000351064
0.0438315
0.000535575
0.0436106
0.000753671
0.0433218
0.001011
0.0429532
0.00131457
0.0424906
0.00167274
0.0419169
0.00209657
0.0412123
0.0025979
0.0403548
0.00319155
0.00394039
0.0470901
-0.00041646
0.0471283
-0.0004066
0.047162
-0.000385406
0.0471874
-0.000345447
0.0472006
-0.000287586
0.0471974
-0.000211461
0.0471734
-0.000114735
0.0471213
8.64732e-06
0.0470444
0.000143692
0.0469296
0.000310596
0.046771
0.000509599
0.0465611
0.000745457
0.0462909
0.00102392
0.0459495
0.00135238
0.0455247
0.00173942
0.0450015
0.00219595
0.0443628
0.00273524
0.0435864
0.00337427
0.0426544
0.00412361
0.00510296
0.0508472
-0.000397045
0.0508246
-0.000383999
0.0507964
-0.000357184
0.0507592
-0.000308289
0.0507092
-0.000237576
0.0506418
-0.000144113
0.0505502
-2.30509e-05
0.0504412
0.000117622
0.0502963
0.000288546
0.0501128
0.000494087
0.0498839
0.000738517
0.0496012
0.00102816
0.0492556
0.00136952
0.0488355
0.00177249
0.0483286
0.00224633
0.047718
0.00280656
0.0469877
0.00346549
0.0461103
0.00425172
0.0450782
0.00515573
0.00640326
0.0551005
-0.000284508
0.0549835
-0.000267018
0.0548589
-0.000232535
0.0547246
-0.000173999
0.0545767
-8.9692e-05
0.0544097
2.287e-05
0.0542273
0.000159308
0.0540159
0.00032909
0.0537704
0.000533993
0.053485
0.000779563
0.0531527
0.00107081
0.0527644
0.00141647
0.0523114
0.00182248
0.0517805
0.00230341
0.0511613
0.00286549
0.0504328
0.00353506
0.0495835
0.00431482
0.048568
0.0052672
0.0473911
0.00633258
0.00786632
0.0597606
-3.33645e-05
0.0595051
-1.15767e-05
0.0592398
3.27708e-05
0.0589648
0.000101
0.0586785
0.000196633
0.0583779
0.000323434
0.0580539
0.000483327
0.0577017
0.000681319
0.0573156
0.000920055
0.0568884
0.00120677
0.0564137
0.00154555
0.0558806
0.00194952
0.0552821
0.00242105
0.0546006
0.00298483
0.0538313
0.00363486
0.0529428
0.00442356
0.0519428
0.00531474
0.0507627
0.00644731
0.0494534
0.00764195
0.00951889
0.0647556
0.00039711
0.0643079
0.000436159
0.0638512
0.000489495
0.0633885
0.000563701
0.0629171
0.000668033
0.0624303
0.000810225
0.0619213
0.000992329
0.0613841
0.00121847
0.060814
0.00149019
0.0602026
0.00181822
0.0595447
0.00220342
0.0588268
0.0026674
0.0580462
0.00320167
0.057177
0.00385404
0.056227
0.00458486
0.0551361
0.00551445
0.0539523
0.00649853
0.052522
0.00787764
0.0510442
0.00911973
0.0114618
0.0700525
0.00112874
0.0693412
0.0011475
0.0686368
0.00119386
0.0679355
0.00126496
0.0672296
0.00137399
0.0665091
0.00153068
0.0657678
0.00173359
0.0650002
0.00198612
0.0642031
0.0022873
0.0633677
0.00265359
0.0624911
0.00308005
0.0615577
0.00360076
0.0605716
0.00418774
0.0595018
0.00492383
0.0583784
0.00570827
0.0571206
0.00677231
0.0558518
0.00776732
0.0542845
0.00944495
0.0528485
0.0105557
0.0139401
0.0698767
0.00117607
0.0698517
0.00117251
0.0698444
0.00120111
0.0698527
0.00125668
0.069868
0.00135874
0.0698829
0.00151576
0.0698985
0.00171798
0.0699172
0.00196742
0.0699445
0.00226
0.0699802
0.00261783
0.0700339
0.00302635
0.0701032
0.00353149
0.0702115
0.00407949
0.070347
0.00478827
0.0705674
0.00548795
0.0708292
0.00651044
0.0712844
0.0073121
0.0718501
0.00887931
0.0730019
0.00940389
0.011913
0.0750291
0.0753905
0.00114852
0.075375
0.00118798
0.0753884
0.00118775
0.0754306
0.00121441
0.0754799
0.00130947
0.0755257
0.00146998
0.0755722
0.00167147
0.0756242
0.00191539
0.0756874
0.00219684
0.0757622
0.00254306
0.0758573
0.0029312
0.075975
0.00341384
0.076133
0.00392148
0.0763364
0.00458485
0.0766146
0.00520975
0.0769935
0.00613149
0.0775006
0.00680504
0.0782717
0.00810815
0.0790984
0.00857725
0.0105261
0.0804853
0.0813851
0.00135701
0.0813454
0.00122767
0.0814257
0.00110744
0.0815367
0.00110341
0.0816354
0.0012108
0.0817195
0.0013859
0.0818024
0.00158848
0.0818917
0.00182616
0.0819916
0.00209688
0.0821035
0.00243123
0.0822348
0.00279983
0.082392
0.00325668
0.0825871
0.00372637
0.0828355
0.00433642
0.0831475
0.00489779
0.0835703
0.0057087
0.0840751
0.00630025
0.0848039
0.00737935
0.0855416
0.0078396
0.00928951
0.0867781
0.0877749
0.00113894
0.0879767
0.00102587
0.0881793
0.000904808
0.0883548
0.000927877
0.0884895
0.00107613
0.0885991
0.00127626
0.0887072
0.00148044
0.088821
0.0017124
0.0889426
0.00197528
0.0890745
0.00229927
0.089224
0.00265036
0.0894004
0.00308027
0.0896115
0.00351522
0.0898764
0.00407159
0.0901954
0.00457881
0.090614
0.00529008
0.0910971
0.00581711
0.091758
0.00671851
0.0924631
0.00713446
0.0082682
0.0934844
0.0950548
0.000543702
0.0955482
0.0005325
0.0958889
0.000564098
0.0960944
0.000722401
0.0962198
0.000950759
0.0963164
0.00117959
0.0964149
0.00138196
0.0965177
0.00160956
0.0966243
0.00186873
0.0967403
0.00218323
0.0968731
0.00251758
0.0970343
0.00291903
0.0972279
0.00332161
0.0974738
0.00382576
0.0977668
0.0042858
0.0981484
0.00490841
0.0985864
0.00537913
0.09917
0.00613496
0.099798
0.00650639
0.00742397
0.100642
0.1036
-0.000425393
0.104371
-0.00023936
0.104767
0.000168328
0.104878
0.000611707
0.104884
0.000944704
0.104891
0.00117212
0.104912
0.00136091
0.104939
0.00158281
0.104971
0.00183678
0.105019
0.00213577
0.105088
0.00244828
0.105191
0.00281553
0.105329
0.00318442
0.105519
0.00363509
0.105754
0.00405106
0.106071
0.00459118
0.106438
0.00501193
0.106929
0.0056442
0.107455
0.00598072
0.00672516
0.108154
0.113528
-0.0015581
0.114225
-0.000936239
0.11438
1.37202e-05
0.114158
0.000833708
0.113923
0.00117986
0.113764
0.00133142
0.113647
0.00147728
0.113551
0.00167902
0.113474
0.00191348
0.113428
0.00218231
0.113414
0.0024623
0.113442
0.00278691
0.113509
0.00311752
0.113632
0.00351213
0.1138
0.00388353
0.114045
0.00434608
0.114337
0.00471969
0.114735
0.00524639
0.115166
0.00554998
0.00615411
0.115737
0.124064
-0.000421422
0.12321
-8.14779e-05
0.122548
0.000675505
0.122161
0.00122024
0.121883
0.00145836
0.121663
0.00155141
0.121479
0.00166085
0.121328
0.00183045
0.121207
0.00203441
0.121123
0.00226668
0.121074
0.0025114
0.121067
0.00279345
0.121099
0.00308527
0.121184
0.00342689
0.121315
0.00375349
0.121513
0.00414761
0.121759
0.00447381
0.122091
0.00491453
0.12246
0.0051803
0.00567866
0.122936
0.132528
0.00151481
0.130826
0.00162059
0.1297
0.00180121
0.129052
0.00186834
0.128652
0.00185772
0.128346
0.00185768
0.128088
0.00191867
0.127879
0.00204032
0.12772
0.00219274
0.127612
0.00237513
0.127548
0.0025754
0.127529
0.00281268
0.127553
0.00306065
0.127628
0.00335196
0.127752
0.00362907
0.127936
0.00396434
0.128172
0.00423783
0.128474
0.00461193
0.128824
0.00483013
0.00525487
0.129248
0.137323
0.00369179
0.135337
0.00360639
0.134081
0.0030568
0.133434
0.00251513
0.13309
0.00220252
0.13283
0.00211703
0.132607
0.00214207
0.132433
0.00221384
0.132319
0.00230735
0.132256
0.00243777
0.13224
0.00259094
0.132266
0.00278702
0.132338
0.00298858
0.132454
0.00323599
0.132624
0.00345958
0.13284
0.00374758
0.133116
0.00396262
0.133438
0.0042891
0.133819
0.00445005
0.00482824
0.134245
0.138068
0.00663286
0.136226
0.00544777
0.135424
0.00385897
0.13513
0.00280894
0.135018
0.00231541
0.134938
0.00219607
0.134874
0.00220637
0.134842
0.00224568
0.134856
0.00229364
0.13491
0.00238422
0.135005
0.00249509
0.135135
0.00265742
0.13531
0.00281319
0.135522
0.00302484
0.135788
0.00319358
0.13609
0.00344562
0.136453
0.00359907
0.136848
0.00389406
0.137306
0.00399182
0.00434453
0.13779
0.134328
0.0049159
0.135201
0.00457484
0.135412
0.00364807
0.135433
0.00278764
0.135457
0.00229145
0.135529
0.00212412
0.135635
0.00210051
0.135762
0.0021185
0.135921
0.00213478
0.136112
0.00219294
0.136346
0.00226167
0.136613
0.00239037
0.136927
0.00249907
0.137274
0.00267758
0.137676
0.00279238
0.138107
0.00301425
0.138598
0.00310829
0.139111
0.00338032
0.139687
0.00341671
0.0037563
0.140275
0.13059
0.00340183
0.131937
0.0032283
0.132942
0.00264255
0.133649
0.0020808
0.134204
0.00173666
0.134715
0.00161304
0.135212
0.00160376
0.135697
0.0016331
0.13618
0.00165176
0.136667
0.00170652
0.137169
0.00175925
0.137687
0.00187212
0.138232
0.00195383
0.138799
0.00211141
0.139398
0.00219274
0.14002
0.00239268
0.140679
0.00244954
0.141358
0.00270099
0.142075
0.00269969
0.00302145
0.14281
0.130135
0.00153588
0.131878
0.00148499
0.133371
0.00114965
0.134605
0.000846654
0.135623
0.000718274
0.13651
0.000725928
0.137351
0.000763054
0.138157
0.000826971
0.138931
0.000878131
0.139681
0.000956703
0.140414
0.00102585
0.141144
0.00114267
0.141872
0.00122558
0.14261
0.00137338
0.143351
0.00145136
0.144112
0.00163228
0.144874
0.00168675
0.145668
0.00190781
0.146457
0.00191012
0.00218495
0.147294
0.138326
-0.000892498
0.140481
-0.000669305
0.142197
-0.000566398
0.143497
-0.000453137
0.144512
-0.000297285
0.145379
-0.000141177
0.146203
-6.07679e-05
0.146995
3.47893e-05
0.147739
0.000134815
0.148449
0.000245863
0.149129
0.000345975
0.149803
0.000468997
0.150463
0.000565497
0.151136
0.000700544
0.151796
0.000791479
0.152484
0.000944454
0.153153
0.00101784
0.15387
0.00119009
0.154555
0.00122501
0.00142097
0.155319
0.155664
-0.00370739
0.158193
-0.0031984
0.15998
-0.00235364
0.160847
-0.00131964
0.161215
-0.000665662
0.161521
-0.000446867
0.161838
-0.000377796
0.162159
-0.000286849
0.162459
-0.000164413
0.162736
-3.17394e-05
0.163008
7.41553e-05
0.163303
0.000174494
0.163605
0.000262987
0.163941
0.000364132
0.164281
0.00045194
0.164666
0.000559686
0.165046
0.000637538
0.165488
0.000748477
0.16591
0.000803046
0.000917901
0.166413
0.176429
-0.00726213
0.178425
-0.00519374
0.178813
-0.00274166
0.178524
-0.00103125
0.178107
-0.000248139
0.177714
-5.41113e-05
0.177395
-5.89942e-05
0.17715
-4.14387e-05
0.176951
3.48045e-05
0.176789
0.000129488
0.176664
0.000199326
0.176593
0.000245665
0.176565
0.000291298
0.17659
0.000339132
0.176649
0.00039239
0.176762
0.000446812
0.176902
0.000497853
0.177096
0.000554268
0.177306
0.000593101
0.00065376
0.17757
0.190902
-0.000886074
0.186447
-0.000739333
0.184239
-0.000533193
0.183639
-0.000432029
0.1837
-0.000309077
0.183829
-0.000182632
0.183855
-8.53686e-05
0.18385
-3.58566e-05
0.18389
-5.20386e-06
0.183994
2.5554e-05
0.184124
6.93314e-05
0.184263
0.000106351
0.184409
0.000145675
0.18457
0.000177626
0.184747
0.000215061
0.184945
0.000249165
0.185158
0.000284954
0.185391
0.000321006
0.185637
0.000347014
0.000386319
0.185905
0.194875
0.00514963
0.190724
0.00341144
0.188719
0.00147168
0.188173
0.000114423
0.188526
-0.000661823
0.188883
-0.000540121
0.189051
-0.000253079
0.189199
-0.000184477
0.189398
-0.000203806
0.189623
-0.000199572
0.189859
-0.000166073
0.190088
-0.000122629
0.190311
-7.79454e-05
0.190534
-4.5192e-05
0.190761
-1.18924e-05
0.190993
1.67392e-05
0.191232
4.60717e-05
0.19148
7.37463e-05
0.191731
9.55388e-05
0.000119554
0.191998
0.193278
0.196689
0.198161
0.198275
0.197613
0.197073
0.19682
0.196636
0.196432
0.196232
0.196066
0.195944
0.195866
0.195821
0.195809
0.195825
0.195871
0.195945
0.196041
0.19616
0.0769031
-0.0507006
0.0789529
-0.0490635
0.0809379
-0.0460188
0.0826722
-0.0416536
0.0842025
-0.0362299
0.0855555
-0.0296966
0.0867716
-0.0221892
0.0878868
-0.0138474
0.0889627
-0.00492374
0.00456004
0.0827843
-0.0529997
0.0846051
-0.0508843
0.0862899
-0.0477036
0.0877093
-0.043073
0.0888596
-0.0373802
0.0898257
-0.0306627
0.0906992
-0.0230627
0.091508
-0.0146563
0.0923115
-0.00572723
0.00370802
0.0887893
-0.0550109
0.0902724
-0.0523674
0.0915316
-0.0489628
0.0926061
-0.0441475
0.0934446
-0.0382187
0.0941029
-0.0313211
0.0946968
-0.0236566
0.0952669
-0.0152264
0.0958848
-0.00634513
0.0030007
0.0951187
-0.0566452
0.0962843
-0.0535329
0.0971141
-0.0497926
0.0977507
-0.0447841
0.0981957
-0.0386637
0.0984924
-0.0316177
0.0987631
-0.0239273
0.0990816
-0.015545
0.099509
-0.00677245
0.00241479
0.10179
-0.0577933
0.102493
-0.0542361
0.102802
-0.0501016
0.102906
-0.044888
0.102884
-0.0386416
0.10279
-0.0315233
0.102727
-0.0238642
0.102793
-0.0156108
0.103037
-0.00701686
0.00193069
0.108642
-0.0582813
0.108707
-0.0543016
0.108391
-0.0497856
0.107891
-0.0443879
0.107345
-0.0380956
0.106832
-0.0310104
0.106434
-0.0234656
0.106252
-0.015429
0.10633
-0.00709451
0.0015317
0.115368
-0.0579129
0.114636
-0.0535693
0.113602
-0.0487521
0.112459
-0.0432441
0.111371
-0.0370078
0.110439
-0.0300788
0.109727
-0.0227533
0.109322
-0.0150236
0.109261
-0.00703429
0.00119667
0.121559
-0.0565359
0.119937
-0.0519469
0.118155
-0.0469701
0.116386
-0.0414754
0.114795
-0.0354174
0.113488
-0.0287715
0.112512
-0.0217771
0.111928
-0.01444
0.111769
-0.00687506
0.000897839
0.126816
-0.0541035
0.124319
-0.0494502
0.121851
-0.0445021
0.119552
-0.0391767
0.117561
-0.0334263
0.115969
-0.0271796
0.114808
-0.0206156
0.114111
-0.013743
0.113899
-0.00666293
0.000604382
0.130872
-0.0507299
0.127656
-0.0462344
0.124675
-0.0415217
0.122023
-0.0365243
0.119791
-0.0311948
0.118046
-0.0254341
0.116799
-0.019369
0.116063
-0.0130063
0.115844
-0.0064444
0.000290326
0.133774
-0.0467136
0.130134
-0.0425949
0.126911
-0.0382983
0.124138
-0.0337513
0.121855
-0.0289122
0.120097
-0.023676
0.118863
-0.0181342
0.11815
-0.0122934
0.117956
-0.00625081
-5.48245e-05
0.136064
-0.0425028
0.132381
-0.0389125
0.129215
-0.0351314
0.126543
-0.0310802
0.124365
-0.0267334
0.122691
-0.0220022
0.121519
-0.0169623
0.120851
-0.011625
0.120691
-0.00609133
-0.000398884
0.138877
-0.0385704
0.135478
-0.0355129
0.132561
-0.0322142
0.130085
-0.0286045
0.128037
-0.0246856
0.126432
-0.0203969
0.125283
-0.0158139
0.124608
-0.0109501
0.124424
-0.00590726
-0.000717108
0.143795
-0.0350714
0.140674
-0.0323922
0.137897
-0.0294372
0.135455
-0.0261622
0.133362
-0.0225926
0.131659
-0.0186943
0.130388
-0.0145431
0.129587
-0.0101494
0.129291
-0.00561054
-0.000946406
0.1518
-0.0315518
0.148487
-0.0290795
0.145408
-0.0263583
0.142613
-0.023367
0.140156
-0.0201359
0.138108
-0.0166464
0.136527
-0.012962
0.135468
-0.00909021
0.134969
-0.00511122
-0.001037
0.162054
-0.0271934
0.157903
-0.024928
0.15403
-0.0224858
0.150519
-0.0198561
0.147441
-0.0170573
0.144872
-0.0140775
0.142867
-0.0109569
0.141482
-0.0077055
0.140746
-0.00437552
-0.000982534
0.171946
-0.0215691
0.166702
-0.0196839
0.161903
-0.0176874
0.157622
-0.0155749
0.153915
-0.01335
0.150845
-0.0110077
0.148452
-0.008564
0.146783
-0.00603609
0.145854
-0.00344742
-0.000823806
0.179332
-0.0149961
0.173296
-0.013648
0.167843
-0.0122342
0.163023
-0.0107549
0.158879
-0.00920618
0.15546
-0.00758904
0.1528
-0.00590408
0.150936
-0.00417178
0.149885
-0.00239588
-0.000606045
0.184768
-0.00776617
0.178169
-0.00704934
0.172241
-0.00630591
0.167021
-0.00553488
0.162546
-0.00473162
0.158856
-0.00389894
0.155985
-0.00303293
0.153961
-0.0021478
0.152806
-0.00124035
-0.000331794
0.188394
0.181345
0.175039
0.169504
0.164772
0.160873
0.157841
0.155693
0.154452
)
;

boundaryField
{
    bottom
    {
        type            symmetryPlane;
        value           uniform 0;
    }
    right
    {
        type            calculated;
        value           nonuniform List<scalar> 
30
(
-0.0154149
-0.0131898
-0.00873754
-0.00205367
0.00673987
0.0175164
0.0301085
0.0444327
0.0602667
0.0766863
0.0833401
0.0944612
0.103595
0.110993
0.11725
0.12293
0.128392
0.133778
0.139082
0.144247
0.149266
0.154247
0.159417
0.165022
0.171169
0.177679
0.184065
0.189659
0.193807
0.196015
)
;
    }
    top
    {
        type            symmetryPlane;
        value           uniform 0;
    }
    left
    {
        type            calculated;
        value           nonuniform List<scalar> 
30
(
-0.0387948
-0.0396566
-0.0413625
-0.0438519
-0.0470495
-0.0508666
-0.055213
-0.0600117
-0.0651861
-0.0707841
-0.069924
-0.0753629
-0.0815936
-0.0875568
-0.0944596
-0.10263
-0.112396
-0.125201
-0.134464
-0.139499
-0.141009
-0.132611
-0.129076
-0.128269
-0.135898
-0.152849
-0.172875
-0.197278
-0.200911
-0.188128
)
;
    }
    cylinder
    {
        type            calculated;
        value           uniform 0;
    }
    defaultFaces
    {
        type            empty;
        value           nonuniform 0();
    }
}


// ************************************************************************* //
