/*--------------------------------*- C++ -*----------------------------------*\
| =========                 |                                                 |
| \\      /  F ield         | OpenFOAM: The Open Source CFD Toolbox           |
|  \\    /   O peration     | Version:  4.1                                   |
|   \\  /    A nd           | Web:      www.OpenFOAM.org                      |
|    \\/     M anipulation  |                                                 |
\*---------------------------------------------------------------------------*/
FoamFile
{
    version     2.0;
    format      ascii;
    class       volVectorField;
    location    "11.2";
    object      U;
}
// * * * * * * * * * * * * * * * * * * * * * * * * * * * * * * * * * * * * * //

dimensions      [0 1 -1 0 0 0 0];

internalField   nonuniform List<vector> 
2000
(
(-0.0316815 0.0266737 -1.0134e-20)
(-0.0160868 0.0337289 0)
(0.0671639 0.0269216 -2.26514e-20)
(0.206183 0.016774 -1.16913e-20)
(0.387841 0.00997304 2.19084e-20)
(0.593581 0.00896219 3.32649e-20)
(0.805058 0.0144448 -1.05704e-20)
(1.0005 0.0218928 0)
(1.19449 0.036327 9.92965e-21)
(1.31581 0.047391 0)
(-0.0277201 0.0211459 5.19958e-21)
(0.0203094 0.01673 -5.88307e-21)
(0.156363 0.00628958 1.93536e-20)
(0.357768 -0.000750594 3.09786e-20)
(0.596012 0.000446601 -7.61387e-22)
(0.839341 0.00927118 -1.13517e-20)
(1.06284 0.0228462 9.84285e-21)
(1.25248 0.0360831 1.01235e-20)
(1.40941 0.0512372 -9.929e-21)
(1.50576 0.0530976 -1.92242e-20)
(-0.0174129 0.0137287 -3.84736e-21)
(0.0782443 -0.00176309 3.60373e-21)
(0.2813 -0.0109114 -9.57786e-21)
(0.547736 -0.008693 -1.26895e-21)
(0.827258 0.00428278 -1.01849e-20)
(1.07953 0.0227511 -1.02664e-20)
(1.2844 0.0412244 -1.02411e-20)
(1.4387 0.0556665 -1.01231e-20)
(1.54916 0.0658679 -1.01447e-20)
(1.62728 0.067486 1.01176e-20)
(0.00157482 0.00478729 -5.996e-22)
(0.161711 -0.0190716 2.36868e-21)
(0.440164 -0.0197613 0)
(0.759234 -0.0031944 -1.01354e-20)
(1.05076 0.0213511 8.10496e-21)
(1.28053 0.0451947 0)
(1.44469 0.0633477 0)
(1.55513 0.0738737 0)
(1.63158 0.0794872 1.01452e-20)
(1.68114 0.077446 -2.0683e-20)
(0.0314888 -0.00460931 -3.58377e-22)
(0.272018 -0.0307722 -1.58396e-23)
(0.622449 -0.0155081 -1.9643e-21)
(0.967295 0.0163402 -4.36155e-21)
(1.23938 0.0478732 -3.69238e-21)
(1.42678 0.0712769 -4.37589e-21)
(1.5464 0.0848774 0)
(1.6229 0.0904564 -5.27463e-21)
(1.67602 0.0912968 2.77578e-20)
(1.71933 0.086402 -3.74762e-20)
(0.0739648 -0.0125727 -2.84455e-21)
(0.405674 -0.0315583 1.56714e-21)
(0.810022 0.00406288 4.00832e-21)
(1.1493 0.0472181 -4.76722e-21)
(1.38129 0.079517 1.17902e-20)
(1.52275 0.0981554 -3.22642e-21)
(1.60656 0.105874 0)
(1.66082 0.106609 5.27503e-21)
(1.70389 0.103622 -5.53603e-21)
(1.74381 0.0977721 -2.50433e-20)
(0.129304 -0.0165673 0)
(0.553324 -0.0172563 0)
(0.983825 0.0378502 1.25073e-21)
(1.29347 0.0858263 -1.16433e-21)
(1.47875 0.113826 4.03595e-21)
(1.5806 0.125616 -3.78917e-21)
(1.63924 0.127288 -1.14447e-20)
(1.68116 0.123682 1.08179e-20)
(1.7194 0.117657 1.30878e-20)
(1.75891 0.110649 -6.23201e-21)
(0.195861 -0.013888 2.70843e-21)
(0.701622 0.0134842 0)
(1.13076 0.0829623 9.91095e-22)
(1.39822 0.129444 -3.465e-21)
(1.5394 0.149872 4.46731e-21)
(1.61074 0.153953 0)
(1.65335 0.149812 0)
(1.6889 0.142215 0)
(1.72578 0.133487 1.46643e-20)
(1.76571 0.125447 -1.39394e-20)
(0.269765 -0.00238618 -1.52537e-21)
(0.837388 0.0590691 -2.69728e-22)
(1.24504 0.136272 -2.15785e-22)
(1.46702 0.176236 -5.9899e-22)
(1.5708 0.187152 -5.3658e-22)
(1.6204 0.183318 -2.36423e-21)
(1.65355 0.173641 0)
(1.68638 0.162285 2.01993e-21)
(1.72305 0.151126 1.04952e-20)
(1.76329 0.14143 -7.93567e-21)
(0.34543 0.0189654 0)
(0.951047 0.11613 -8.38328e-22)
(1.32563 0.194834 0)
(1.50465 0.224805 8.36446e-23)
(1.57892 0.225204 9.20783e-23)
(1.61395 0.213548 1.44826e-21)
(1.64201 0.198552 0)
(1.67396 0.183524 -2.02013e-21)
(1.71098 0.169863 -2.14621e-21)
(1.75175 0.157988 -2.45884e-21)
(-0.00625755 0.00621299 0)
(-0.026159 0.0120962 2.08169e-21)
(-0.0555627 0.0145567 0)
(-0.0850568 0.0154052 2.58868e-21)
(-0.112595 0.0155241 7.79208e-22)
(-0.137953 0.0154109 -1.43319e-21)
(-0.161309 0.0153476 1.34971e-21)
(-0.18305 0.0154827 -1.21544e-21)
(-0.203725 0.0159168 -2.25666e-23)
(-0.224125 0.0167391 -1.03524e-21)
(-0.00739638 0.0178666 6.69287e-21)
(-0.0270814 0.0349894 -4.15237e-21)
(-0.0544004 0.0422622 3.7138e-21)
(-0.0810228 0.0447529 -1.71996e-21)
(-0.105171 0.0450127 -7.79209e-21)
(-0.12664 0.0445109 2.91059e-21)
(-0.145597 0.0441022 0)
(-0.162363 0.0442709 1.21136e-21)
(-0.177352 0.0453518 1.1089e-21)
(-0.191731 0.0476232 0)
(-0.00949874 0.0273746 -4.46568e-21)
(-0.0289326 0.0542469 0)
(-0.052536 0.065928 -1.10234e-20)
(-0.0739503 0.0698669 1.34951e-20)
(-0.0918913 0.0700027 -3.13834e-21)
(-0.106247 0.0686715 0)
(-0.117197 0.0672923 0)
(-0.124993 0.0667673 0)
(-0.129744 0.0677788 -8.72574e-21)
(-0.132893 0.0708986 8.29286e-21)
(-0.0122461 0.0339088 0)
(-0.0316755 0.0682351 7.82744e-21)
(-0.0506669 0.0834964 -1.44231e-20)
(-0.0653174 0.0884904 6.67697e-21)
(-0.075071 0.0881259 -6.0632e-21)
(-0.0800398 0.0853921 1.68718e-20)
(-0.0804761 0.0821673 -2.07516e-22)
(-0.0766783 0.0797765 -9.75982e-21)
(-0.0684042 0.0794419 -8.86409e-21)
(-0.0560791 0.0827065 1.26638e-20)
(-0.0153379 0.0373689 -8.36299e-21)
(-0.0351856 0.0762545 1.52238e-20)
(-0.0492937 0.0937623 -5.61228e-23)
(-0.0562475 0.0991437 6.35721e-23)
(-0.0564045 0.0978491 -6.00627e-21)
(-0.0502502 0.0932449 1.69403e-20)
(-0.0381779 0.0874384 0)
(-0.0206502 0.0819382 4.93619e-21)
(0.00278395 0.0785702 -4.65445e-21)
(0.0338469 0.0809936 1.67244e-20)
(-0.0186052 0.0382658 -1.6287e-22)
(-0.039168 0.0785143 -1.4965e-20)
(-0.0482245 0.0964249 -6.97767e-21)
(-0.0465157 0.101191 -6.32408e-21)
(-0.0353374 0.0984955 -6.03784e-21)
(-0.0156186 0.0918604 -5.6321e-21)
(0.0120407 0.0833897 0)
(0.0469083 0.0744397 -4.9359e-21)
(0.0891535 0.0668658 -1.43492e-20)
(0.146118 0.0670153 4.28337e-21)
(-0.0220331 0.0374444 2.71067e-23)
(-0.0429952 0.0758752 -7.1638e-21)
(-0.0460358 0.0919858 0)
(-0.0335457 0.0948077 1.29469e-20)
(-0.00754904 0.0901665 -1.19677e-20)
(0.0306571 0.0816625 0)
(0.0802534 0.0714085 0)
(0.140007 0.0605917 0)
(0.206652 0.0493028 9.84362e-21)
(0.3037 0.0475698 1.76661e-20)
(-0.0256184 0.0356966 7.33513e-21)
(-0.0454273 0.0694384 -6.87103e-21)
(-0.0395242 0.0814947 -1.29756e-20)
(-0.0115594 0.0809634 1.88836e-22)
(0.0360399 0.0738952 -1.19723e-20)
(0.101462 0.0640054 -1.14663e-20)
(0.183091 0.0535604 -1.09756e-20)
(0.27872 0.044253 -1.05184e-20)
(0.376379 0.0320786 -9.84252e-21)
(0.527946 0.0330183 9.87013e-21)
(-0.0290489 0.0334132 2.00779e-20)
(-0.0442388 0.060096 6.99937e-21)
(-0.0233662 0.0662594 2.59593e-20)
(0.0285948 0.0614582 1.2521e-20)
(0.108606 0.0521537 1.52693e-22)
(0.213162 0.0421288 1.16357e-20)
(0.337816 0.0337019 -1.09322e-20)
(0.476731 0.0291772 1.05172e-20)
(0.6111 0.0211723 -1.0084e-20)
(0.809 0.030711 1.92907e-20)
(-0.0315017 0.0305658 -1.31237e-20)
(-0.035932 0.0482231 0)
(0.00958059 0.0475812 -1.24835e-20)
(0.0979362 0.0389273 7.70823e-23)
(0.22353 0.0290694 3.65599e-22)
(0.377853 0.0215857 -1.15732e-20)
(0.550755 0.0185936 3.26469e-20)
(0.727421 0.0200646 0)
(0.901274 0.0224078 1.00825e-20)
(1.09512 0.0401541 0)
(-0.24472 0.0177651 0)
(-0.266709 0.0177097 8.64978e-22)
(-0.288388 0.0173541 -1.68014e-21)
(-0.309695 0.0168769 7.17042e-22)
(-0.330528 0.0162724 0)
(-0.350709 0.015527 -6.26478e-22)
(-0.370046 0.014634 6.29582e-22)
(-0.38834 0.0135922 0)
(-0.405388 0.0124064 0)
(-0.420988 0.0110877 -4.84912e-23)
(-0.434951 0.00965379 0)
(-0.447104 0.00812994 0)
(-0.457311 0.00654961 0)
(-0.465487 0.00495546 0)
(-0.471615 0.00340038 2.5254e-23)
(-0.475723 0.00194702 -2.53848e-23)
(-0.477842 0.000658633 0)
(-0.478104 -0.000428875 3.87805e-24)
(-0.477164 -0.00133139 -3.89845e-24)
(-0.476427 -0.00197699 0)
(-0.207592 0.0505791 0)
(-0.227162 0.0506795 -2.21871e-22)
(-0.246425 0.0499222 0)
(-0.265532 0.0488159 -2.89138e-21)
(-0.284533 0.0473442 2.82324e-21)
(-0.303267 0.0454599 -1.63117e-22)
(-0.321555 0.0431358 1.1032e-21)
(-0.339212 0.0403608 -2.20277e-21)
(-0.356039 0.0371399 1.68802e-21)
(-0.371831 0.0334963 -8.78046e-22)
(-0.386381 0.0294721 -5.67266e-22)
(-0.399486 0.0251323 9.5754e-22)
(-0.410964 0.0205673 -4.50581e-22)
(-0.420664 0.0158977 -1.57302e-22)
(-0.428487 0.0112801 1.24539e-22)
(-0.434374 0.00690914 -1.3664e-23)
(-0.438299 0.00299406 -7.24701e-24)
(-0.440404 -0.000315922 -8.97404e-24)
(-0.441195 -0.00296428 9.0175e-24)
(-0.441457 -0.00477963 3.26082e-25)
(-0.140556 0.0756164 2.34783e-22)
(-0.155241 0.0763711 2.22261e-22)
(-0.169682 0.0759487 2.10458e-22)
(-0.184197 0.0750283 0)
(-0.199147 0.073563 3.08793e-21)
(-0.214438 0.0714612 -2.41267e-21)
(-0.229925 0.0686606 0)
(-0.245463 0.0651224 2.55981e-22)
(-0.260893 0.0608304 1.10749e-22)
(-0.276037 0.0557928 -1.14198e-21)
(-0.290698 0.0500458 2.72984e-22)
(-0.304663 0.0436595 1.17936e-21)
(-0.317707 0.0367459 4.07193e-23)
(-0.329603 0.0294692 3.31404e-23)
(-0.340133 0.0220627 1.56267e-23)
(-0.349082 0.0148426 -1.50741e-23)
(-0.356291 0.00819769 2.81167e-23)
(-0.361798 0.00252086 8.33157e-24)
(-0.365897 -0.00186308 -6.30571e-24)
(-0.368339 -0.00460384 -1.50393e-24)
(-0.0538564 0.0886454 7.13416e-21)
(-0.0621614 0.0906665 -4.12165e-22)
(-0.0700059 0.0913601 -6.73021e-22)
(-0.0779288 0.0914711 -6.56095e-21)
(-0.086692 0.0909829 -5.48664e-22)
(-0.0963331 0.0897425 -1.63207e-22)
(-0.106759 0.0876341 4.0696e-21)
(-0.117892 0.0845856 -2.62352e-21)
(-0.129657 0.0805492 -1.88848e-21)
(-0.141959 0.0754957 1.37519e-21)
(-0.15468 0.0694211 -2.88934e-22)
(-0.167672 0.0623556 -1.16515e-21)
(-0.180758 0.0543747 -4.03809e-23)
(-0.193722 0.0456155 -1.8827e-22)
(-0.206309 0.0363037 1.28615e-22)
(-0.218196 0.026786 1.651e-25)
(-0.229034 0.0175664 -1.22917e-23)
(-0.238682 0.00933358 0)
(-0.247207 0.00294598 2.34124e-23)
(-0.253268 -0.000706555 2.86212e-24)
(0.046206 0.0883659 -1.63362e-20)
(0.0450612 0.0922322 6.73043e-21)
(0.0434124 0.0943136 -7.21317e-21)
(0.0423537 0.0957933 0)
(0.0405959 0.0968194 3.68486e-22)
(0.0377471 0.0971393 5.11427e-21)
(0.0338426 0.0965419 -3.25399e-22)
(0.0289178 0.0949269 -6.38324e-22)
(0.0229573 0.0922331 -3.87571e-21)
(0.0159389 0.0884009 -1.80042e-22)
(0.00785902 0.0833832 0)
(-0.00126299 0.0771614 1.06295e-22)
(-0.0113776 0.0697547 0)
(-0.0223976 0.0612262 4.40714e-23)
(-0.0341951 0.0517007 0)
(-0.046554 0.0414065 0)
(-0.0591217 0.0307348 1.14602e-23)
(-0.0715831 0.0203584 -4.56884e-23)
(-0.0840338 0.0115314 4.56045e-23)
(-0.0949797 0.00624262 -1.87597e-23)
(0.166289 0.0772104 0)
(0.170542 0.083272 4.73674e-22)
(0.172573 0.0865274 1.41761e-20)
(0.176233 0.0891163 -1.37353e-20)
(0.180051 0.0915774 4.05682e-22)
(0.182995 0.0935076 0)
(0.185001 0.094564 4.76104e-21)
(0.186142 0.0946386 -8.5761e-21)
(0.186346 0.0936823 4.35013e-21)
(0.185479 0.0916182 2.03983e-22)
(0.183422 0.088367 1.61965e-22)
(0.18008 0.0838777 1.21453e-22)
(0.17537 0.0781397 0)
(0.169227 0.0711751 -1.86461e-22)
(0.161602 0.0630447 2.9317e-22)
(0.152496 0.0538653 -3.71953e-23)
(0.142003 0.0438391 -1.86004e-23)
(0.130327 0.0332749 -2.61291e-23)
(0.117285 0.0229698 2.09334e-23)
(0.103108 0.0154387 -2.11744e-23)
(0.326727 0.0611442 -1.8223e-20)
(0.332069 0.069165 0)
(0.333369 0.0728583 4.89218e-22)
(0.3376 0.0759712 -9.04997e-22)
(0.343429 0.0794054 -8.35265e-22)
(0.349023 0.0824448 -3.91229e-22)
(0.354151 0.0846491 -3.51686e-22)
(0.358978 0.0859857 4.14417e-21)
(0.363413 0.0864465 -4.93401e-21)
(0.367226 0.0859399 -3.47893e-21)
(0.370202 0.0843645 2.88637e-21)
(0.372168 0.0816502 -2.58508e-22)
(0.372949 0.0777706 5.7504e-22)
(0.372376 0.0727259 -3.07327e-22)
(0.370275 0.0665675 -3.66311e-22)
(0.366504 0.0593771 -7.17452e-24)
(0.360912 0.0513311 -5.21721e-23)
(0.353441 0.0425938 1.02626e-23)
(0.3441 0.0334773 1.16387e-22)
(0.330817 0.0249368 1.22204e-23)
(0.546133 0.0488619 0)
(0.547948 0.0571255 1.63592e-20)
(0.544779 0.0596172 -1.67784e-20)
(0.545733 0.0623763 4.65663e-22)
(0.549641 0.066052 8.82395e-22)
(0.554098 0.0693105 3.9089e-22)
(0.558766 0.071771 7.25273e-22)
(0.563882 0.0735898 0)
(0.569322 0.0747808 2.65343e-22)
(0.574788 0.0752055 2.21575e-22)
(0.580016 0.0747413 2.01175e-22)
(0.584808 0.0733037 2.95009e-22)
(0.588929 0.0708635 0)
(0.592179 0.0673961 0)
(0.594285 0.0629702 3.14969e-23)
(0.595077 0.0576229 6.28644e-23)
(0.594287 0.0516174 -4.42412e-23)
(0.59162 0.0449676 -9.7766e-24)
(0.587626 0.0385587 -6.01399e-23)
(0.578759 0.0309535 1.51541e-23)
(0.817611 0.0480163 -2.00941e-20)
(0.814735 0.053174 0)
(0.808359 0.0527679 0)
(0.806549 0.0547052 1.54904e-20)
(0.807601 0.0577347 -1.54168e-21)
(0.809303 0.060011 -2.72125e-20)
(0.811561 0.061602 1.25578e-20)
(0.814641 0.0628635 0)
(0.818377 0.0637779 0)
(0.822523 0.0641757 0)
(0.826864 0.0639529 -8.64167e-23)
(0.831287 0.063009 -2.46229e-22)
(0.835552 0.0613273 -1.72681e-21)
(0.839539 0.058821 1.66427e-21)
(0.842901 0.0556202 -3.43603e-22)
(0.845562 0.051609 3.19999e-22)
(0.847158 0.0473026 0)
(0.847424 0.0422008 1.09996e-23)
(0.846893 0.0381599 1.25305e-23)
(0.842831 0.0323377 0)
(1.10978 0.0507768 2.90937e-22)
(1.11152 0.0480025 1.76249e-20)
(1.11006 0.0467905 -1.74417e-20)
(1.10965 0.0495737 0)
(1.10879 0.0526858 -1.49479e-20)
(1.1073 0.055015 2.85734e-20)
(1.106 0.056931 -1.36385e-20)
(1.10531 0.0585345 0)
(1.10519 0.0596787 -4.85258e-21)
(1.1056 0.0602015 8.93687e-21)
(1.10644 0.0600794 -4.20212e-21)
(1.10775 0.0592115 8.87996e-23)
(1.10929 0.0576791 0)
(1.11111 0.0553267 1.56044e-21)
(1.11277 0.0524767 -1.99947e-21)
(1.11442 0.0487834 4.98131e-22)
(1.11552 0.045174 1.41349e-22)
(1.11613 0.0405908 -1.20453e-22)
(1.11624 0.0375626 -2.08631e-23)
(1.11482 0.0327352 0)
(1.44108 0.0559334 0)
(1.42125 0.0527148 0)
(1.40802 0.0516148 0)
(1.39729 0.0519876 0)
(1.38778 0.0527351 0)
(1.37967 0.0535532 0)
(1.37315 0.0543701 0)
(1.36817 0.0550199 0)
(1.36442 0.0554185 0)
(1.36175 0.0554233 0)
(1.35988 0.0550573 0)
(1.35881 0.0541382 0)
(1.35819 0.052835 0)
(1.35811 0.0508465 0)
(1.35811 0.0486663 0)
(1.35837 0.0456682 0)
(1.35838 0.0430463 0)
(1.35825 0.0393393 0)
(1.35795 0.0372505 0)
(1.35674 0.0333574 0)
(1.59293 0.063237 0)
(1.58696 0.0639266 0)
(1.58344 0.0638511 0)
(1.58023 0.0632461 0)
(1.57666 0.0626212 0)
(1.57315 0.0621165 0)
(1.5701 0.0616844 0)
(1.56769 0.0611458 0)
(1.56583 0.0604708 0)
(1.56452 0.0594936 0)
(1.56355 0.0583039 0)
(1.56303 0.0566529 0)
(1.56266 0.0548197 0)
(1.56259 0.0523729 0)
(1.56245 0.0499821 0)
(1.5624 0.0468017 0)
(1.56214 0.0442618 0)
(1.56162 0.0406075 0)
(1.56115 0.0387312 0)
(1.55964 0.0349911 0)
(1.6985 0.0651725 0)
(1.69766 0.0650779 0)
(1.69809 0.0649038 0)
(1.69918 0.0642219 0)
(1.70035 0.0634477 0)
(1.70154 0.0627635 0)
(1.70286 0.0621672 0)
(1.70442 0.061454 0)
(1.70612 0.0606223 0)
(1.70801 0.0594689 0)
(1.70988 0.0581569 0)
(1.71186 0.0563804 0)
(1.71366 0.0545294 0)
(1.71552 0.0520624 0)
(1.717 0.0497988 0)
(1.71846 0.0467239 0)
(1.71938 0.0444391 0)
(1.72022 0.040992 0)
(1.72051 0.0393774 0)
(1.72066 0.0358667 0)
(1.77892 0.0649914 0)
(1.78103 0.0634852 0)
(1.78339 0.0625055 0)
(1.78641 0.0614844 0)
(1.78987 0.0604977 0)
(1.79358 0.0596045 0)
(1.79742 0.0588415 0)
(1.80145 0.0580071 0)
(1.80555 0.0571288 0)
(1.80978 0.0559646 0)
(1.81388 0.0547218 0)
(1.81804 0.0530467 0)
(1.82185 0.0513938 0)
(1.82572 0.0491539 0)
(1.82894 0.0472119 0)
(1.83235 0.0444803 0)
(1.83469 0.0425835 0)
(1.83761 0.0395548 0)
(1.83883 0.0382564 0)
(1.84157 0.0351722 0)
(1.84747 0.0627834 0)
(1.85138 0.0603314 0)
(1.85509 0.0586553 0)
(1.85919 0.0572984 0)
(1.86373 0.0561126 0)
(1.86862 0.0550145 0)
(1.87364 0.054057 0)
(1.87885 0.0530655 0)
(1.88407 0.0521047 0)
(1.88947 0.0509186 0)
(1.89468 0.0497328 0)
(1.90005 0.0481752 0)
(1.90495 0.0467153 0)
(1.9101 0.0447339 0)
(1.91436 0.043098 0)
(1.9192 0.0407465 0)
(1.92245 0.0392003 0)
(1.9271 0.0366264 0)
(1.92894 0.0355956 0)
(1.93394 0.0329711 0)
(1.91439 0.0589725 0)
(1.91921 0.0561005 0)
(1.92372 0.0540063 0)
(1.92836 0.0523774 0)
(1.9333 0.0510161 0)
(1.93856 0.0497554 0)
(1.94395 0.0486396 0)
(1.94954 0.0475149 0)
(1.95508 0.0464735 0)
(1.96083 0.0452663 0)
(1.96634 0.0441182 0)
(1.97212 0.0426652 0)
(1.97734 0.0413558 0)
(1.98302 0.0396046 0)
(1.98761 0.0382093 0)
(1.99317 0.0361966 0)
(1.99675 0.0349212 0)
(2.0024 0.0327528 0)
(2.00448 0.0319211 0)
(2.01085 0.0297101 0)
(1.98489 0.0543881 0)
(1.99008 0.0514359 0)
(1.99491 0.0491324 0)
(1.9997 0.0472941 0)
(2.00462 0.0457729 0)
(2.00982 0.0443808 0)
(2.01511 0.0431456 0)
(2.0206 0.0419221 0)
(2.026 0.0408145 0)
(2.03163 0.039592 0)
(2.03697 0.0384684 0)
(2.04266 0.0371032 0)
(2.04772 0.0359068 0)
(2.05339 0.0343458 0)
(2.05787 0.0331317 0)
(2.06356 0.0313972 0)
(2.06709 0.0303235 0)
(2.07306 0.0284875 0)
(2.07513 0.0278011 0)
(2.08202 0.0259336 0)
(2.05992 0.0496025 0)
(2.06516 0.046712 0)
(2.07004 0.0443249 0)
(2.07479 0.0423502 0)
(2.07954 0.0407059 0)
(2.08448 0.0392179 0)
(2.08946 0.0379014 0)
(2.09464 0.0366147 0)
(2.09969 0.0354618 0)
(2.10497 0.034234 0)
(2.10992 0.0331307 0)
(2.11526 0.0318403 0)
(2.11993 0.0307319 0)
(2.1253 0.0293255 0)
(2.12944 0.02825 0)
(2.13491 0.0267376 0)
(2.13817 0.025816 0)
(2.14401 0.0242437 0)
(2.14593 0.0236662 0)
(2.15274 0.0220735 0)
(2.13797 0.0447877 0)
(2.14315 0.0420108 0)
(2.148 0.0396316 0)
(2.15267 0.0376056 0)
(2.15723 0.0358992 0)
(2.1619 0.0343625 0)
(2.16655 0.0330073 0)
(2.17137 0.0316958 0)
(2.17602 0.0305269 0)
(2.18089 0.0293119 0)
(2.1854 0.0282364 0)
(2.1903 0.0270172 0)
(2.19452 0.0259859 0)
(2.19946 0.0247106 0)
(2.20319 0.023748 0)
(2.20826 0.0224164 0)
(2.21119 0.0216151 0)
(2.21665 0.0202545 0)
(2.21837 0.0197619 0)
(2.22476 0.0183916 0)
(2.21662 0.0399224 0)
(2.22175 0.037303 0)
(2.2266 0.0350104 0)
(2.23122 0.033017 0)
(2.23565 0.0313171 0)
(2.24011 0.029786 0)
(2.24449 0.0284379 0)
(2.24899 0.0271426 0)
(2.25329 0.025992 0)
(2.25779 0.0248152 0)
(2.2619 0.0237842 0)
(2.26638 0.0226428 0)
(2.27019 0.0216892 0)
(2.27468 0.0205344 0)
(2.27802 0.0196726 0)
(2.28264 0.0184969 0)
(2.28526 0.0177974 0)
(2.29024 0.0166151 0)
(2.29177 0.0161926 0)
(2.29759 0.0150116 0)
(2.29339 0.0349535 0)
(2.29856 0.0325427 0)
(2.30344 0.0304009 0)
(2.30807 0.0285102 0)
(2.31245 0.0268812 0)
(2.31679 0.0254101 0)
(2.32098 0.0241156 0)
(2.32525 0.022878 0)
(2.32929 0.0217819 0)
(2.33347 0.020673 0)
(2.33728 0.0197089 0)
(2.34139 0.0186594 0)
(2.34487 0.0177918 0)
(2.34896 0.0167578 0)
(2.35198 0.015994 0)
(2.35616 0.0149634 0)
(2.35851 0.0143566 0)
(2.36301 0.0133357 0)
(2.36438 0.0129748 0)
(2.36962 0.0119659 0)
(2.36641 0.0298451 0)
(2.37163 0.0276881 0)
(2.37658 0.0257464 0)
(2.38126 0.0240138 0)
(2.38564 0.0225107 0)
(2.38991 0.0211504 0)
(2.39398 0.0199542 0)
(2.39808 0.0188148 0)
(2.40193 0.0178088 0)
(2.40587 0.0167987 0)
(2.40944 0.0159261 0)
(2.41325 0.0149878 0)
(2.41647 0.0142189 0)
(2.42022 0.0133139 0)
(2.42297 0.0126513 0)
(2.42677 0.0117656 0)
(2.4289 0.0112484 0)
(2.43295 0.010384 0)
(2.43419 0.0100806 0)
(2.43888 0.00923865 0)
(2.43486 0.0246087 0)
(2.44005 0.022739 0)
(2.44502 0.0210359 0)
(2.44969 0.0195051 0)
(2.45404 0.018173 0)
(2.45822 0.0169672 0)
(2.46218 0.0159085 0)
(2.4661 0.0149037 0)
(2.46977 0.0140195 0)
(2.47348 0.0131373 0)
(2.47683 0.0123794 0)
(2.48036 0.0115724 0)
(2.48333 0.0109159 0)
(2.48675 0.0101514 0)
(2.48928 0.00959537 0)
(2.4927 0.00885993 0)
(2.49464 0.00843239 0)
(2.49826 0.00772655 0)
(2.49937 0.00747881 0)
(2.50354 0.00680503 0)
(2.4989 0.01937 0)
(2.50386 0.0178089 0)
(2.50864 0.0163726 0)
(2.51313 0.015075 0)
(2.5173 0.0139453 0)
(2.52126 0.0129249 0)
(2.52498 0.0120322 0)
(2.52862 0.0111884 0)
(2.53201 0.0104489 0)
(2.53541 0.00971572 0)
(2.53847 0.00908904 0)
(2.54165 0.00842814 0)
(2.54434 0.00789328 0)
(2.54737 0.00727811 0)
(2.54963 0.00683193 0)
(2.55263 0.00625086 0)
(2.55435 0.00591225 0)
(2.5575 0.00536643 0)
(2.55848 0.00517236 0)
(2.56207 0.00466699 0)
(2.55867 0.0144235 0)
(2.56309 0.0131718 0)
(2.56739 0.0120108 0)
(2.57144 0.0109574 0)
(2.57517 0.0100412 0)
(2.57867 0.0092173 0)
(2.58195 0.00850028 0)
(2.58511 0.00782694 0)
(2.58807 0.00723946 0)
(2.59098 0.0066617 0)
(2.59361 0.00617006 0)
(2.59631 0.00565792 0)
(2.5986 0.00524466 0)
(2.60114 0.00477741 0)
(2.60304 0.00443766 0)
(2.60552 0.00400634 0)
(2.60696 0.00375165 0)
(2.60953 0.00335876 0)
(2.61035 0.00321434 0)
(2.61326 0.00286793 0)
(2.61299 0.0101346 0)
(2.6166 0.00916835 0)
(2.62016 0.00826665 0)
(2.62351 0.00744542 0)
(2.62658 0.00673177 0)
(2.62942 0.0060942 0)
(2.63206 0.00554282 0)
(2.63458 0.00502974 0)
(2.63692 0.00458421 0)
(2.63921 0.00415116 0)
(2.64128 0.00378394 0)
(2.64336 0.0034082 0)
(2.64514 0.00310488 0)
(2.64707 0.00277086 0)
(2.64853 0.00252553 0)
(2.65039 0.00222682 0)
(2.65149 0.00204535 0)
(2.65339 0.00178553 0)
(2.654 0.00168382 0)
(2.65614 0.00147273 0)
(2.6593 0.0067076 0)
(2.66203 0.00598987 0)
(2.66477 0.00531895 0)
(2.66734 0.00470734 0)
(2.66967 0.00417676 0)
(2.67178 0.00370614 0)
(2.67372 0.00330145 0)
(2.67552 0.0029288 0)
(2.6772 0.00260644 0)
(2.6788 0.00229778 0)
(2.68026 0.00203652 0)
(2.68168 0.00177556 0)
(2.68291 0.00156404 0)
(2.68419 0.00133965 0)
(2.68519 0.00117174 0)
(2.68639 0.000979544 0)
(2.68712 0.00085727 0)
(2.68832 0.000701172 0)
(2.68873 0.000633537 0)
(2.69006 0.000523386 0)
(2.69526 0.00409086 0)
(2.69724 0.00358666 0)
(2.69926 0.00312029 0)
(2.70113 0.00269948 0)
(2.7028 0.00233741 0)
(2.70424 0.00201918 0)
(2.70555 0.00174692 0)
(2.70671 0.0014984 0)
(2.70779 0.00128384 0)
(2.70877 0.0010813 0)
(2.70967 0.000909914 0)
(2.7105 0.00074308 0)
(2.71123 0.000606949 0)
(2.71192 0.000468575 0)
(2.71249 0.000362529 0)
(2.71309 0.000250001 0)
(2.71349 0.000174 0)
(2.71406 9.10214e-05 0)
(2.71427 4.95998e-05 0)
(2.71489 4.18782e-06 0)
(2.71977 0.00222003 0)
(2.72119 0.00188423 0)
(2.72267 0.00158668 0)
(2.72402 0.0013295 0)
(2.72519 0.00111499 0)
(2.72613 0.000930512 0)
(2.72695 0.000774525 0)
(2.72762 0.000633519 0)
(2.72825 0.000512192 0)
(2.72875 0.000399061 0)
(2.72924 0.000303528 0)
(2.7296 0.000212642 0)
(2.72995 0.000138149 0)
(2.7302 6.52906e-05 0)
(2.73044 8.13789e-06 0)
(2.73059 -4.79218e-05 0)
(2.73074 -8.79943e-05 0)
(2.73083 -0.000124679 0)
(2.7309 -0.000146183 0)
(2.73096 -0.000158261 0)
(2.73223 0.000880814 0)
(2.73334 0.000719424 0)
(2.73455 0.000584079 0)
(2.73562 0.000473245 0)
(2.73652 0.000384286 0)
(2.73718 0.000310326 0)
(2.73773 0.000249142 0)
(2.73813 0.000195296 0)
(2.7385 0.000149647 0)
(2.73875 0.00010822 0)
(2.739 7.36024e-05 0)
(2.73912 4.16966e-05 0)
(2.73926 1.56315e-05 0)
(2.73926 -8.8899e-06 0)
(2.73932 -2.84042e-05 0)
(2.73923 -4.63208e-05 0)
(2.73924 -5.95089e-05 0)
(2.73907 -7.02969e-05 0)
(2.73905 -7.7273e-05 0)
(2.73882 -7.93072e-05 0)
(1.79539 0.143868 2.40251e-21)
(1.80636 0.132654 0)
(1.80815 0.121326 -4.56433e-22)
(1.80247 0.110216 -1.38647e-20)
(1.78746 0.0996132 2.42677e-20)
(1.76809 0.0904984 0)
(1.73723 0.0812399 2.13188e-20)
(1.6956 0.0767663 0)
(1.65441 0.0646906 2.00963e-20)
(1.47058 0.0561025 -3.01421e-22)
(1.84592 0.132314 -2.67012e-21)
(1.85538 0.123132 5.48127e-22)
(1.85621 0.113571 -5.4923e-22)
(1.84955 0.105419 -9.82799e-22)
(1.83632 0.0963203 -1.3154e-20)
(1.81347 0.0908037 -8.09732e-22)
(1.79771 0.0824511 0)
(1.74112 0.0800691 -2.16289e-20)
(1.75353 0.0750448 0)
(1.60088 0.0634332 -1.88052e-20)
(1.90263 0.120747 5.47131e-21)
(1.90919 0.11326 0)
(1.91101 0.104612 -5.2289e-22)
(1.89972 0.098468 -3.99934e-22)
(1.89249 0.0905362 1.39809e-20)
(1.8591 0.0866434 0)
(1.85932 0.0809595 2.42398e-20)
(1.7885 0.0768521 2.22536e-20)
(1.81388 0.0767915 0)
(1.69988 0.067484 1.86119e-20)
(1.96331 0.110249 -2.46314e-21)
(1.96616 0.103931 1.0127e-20)
(1.97133 0.0964292 0)
(1.954 0.0911443 1.63714e-20)
(1.95387 0.0849322 9.11125e-22)
(1.91142 0.0804218 -1.74623e-21)
(1.91829 0.077408 -2.33054e-20)
(1.84656 0.0715882 -7.66834e-22)
(1.86222 0.0725452 -2.27442e-20)
(1.77625 0.0680919 0)
(2.02586 0.100692 0)
(2.0255 0.0950328 -9.87491e-21)
(2.03414 0.0890612 -1.1124e-20)
(2.01303 0.0838499 1.63445e-21)
(2.0168 0.0795229 -1.05506e-21)
(1.97245 0.074203 -8.79956e-22)
(1.97675 0.0725483 -2.60558e-20)
(1.91287 0.0673489 -1.55469e-21)
(1.91608 0.067064 -3.29237e-22)
(1.84296 0.0661619 2.14811e-20)
(2.08845 0.0917289 3.08156e-21)
(2.0866 0.0864786 6.63056e-22)
(2.09694 0.0819304 -1.60515e-21)
(2.07588 0.0768075 6.03621e-22)
(2.07983 0.0737239 -1.71971e-20)
(2.03936 0.0687352 0)
(2.03858 0.0671069 2.85288e-20)
(1.98285 0.0638172 -8.45134e-22)
(1.97924 0.0619168 4.80023e-20)
(1.90929 0.0624934 -4.35716e-20)
(2.1497 0.0830651 -3.09673e-21)
(2.14815 0.0783093 -5.79195e-21)
(2.15861 0.074693 1.03227e-20)
(2.1402 0.07014 -1.82774e-20)
(2.14308 0.0674869 -1.76778e-21)
(2.10807 0.0636878 -1.62894e-20)
(2.10465 0.0614819 8.80316e-22)
(2.05399 0.0597727 -1.68621e-21)
(2.04909 0.0568897 -2.35369e-20)
(1.97965 0.0578354 2.20845e-20)
(2.20885 0.0745123 0)
(2.20847 0.0704512 1.24731e-20)
(2.21869 0.067314 -1.35286e-21)
(2.20351 0.0636843 1.01014e-20)
(2.20629 0.061046 -5.67097e-22)
(2.17577 0.0584797 3.21466e-20)
(2.17299 0.0558185 -1.45405e-20)
(2.12555 0.0549472 0)
(2.1224 0.0518745 0)
(2.0547 0.0528472 0)
(2.26551 0.0660273 0)
(2.26627 0.0627396 -1.13414e-20)
(2.27672 0.0598857 -7.23597e-22)
(2.26419 0.0571786 1.00535e-20)
(2.26828 0.0545651 1.84678e-20)
(2.24115 0.0528686 -1.78854e-20)
(2.24094 0.0501785 1.74677e-20)
(2.19685 0.04971 -9.38548e-22)
(2.19642 0.0469089 0)
(2.13283 0.0478283 1.23147e-20)
(2.31962 0.0576335 4.02406e-22)
(2.32119 0.0550381 6.46087e-21)
(2.33227 0.0524744 1.00706e-20)
(2.32175 0.0504836 -5.78589e-22)
(2.32774 0.0480807 1.25136e-21)
(2.30365 0.0469205 -1.8924e-20)
(2.30638 0.0445328 1.84826e-20)
(2.26665 0.0443045 -9.6509e-22)
(2.26879 0.0418846 0)
(2.21152 0.0427622 -2.48395e-20)
(2.37166 0.0493982 0)
(2.37372 0.0473384 6.34287e-21)
(2.38536 0.0451207 1.95345e-22)
(2.3765 0.043624 0)
(2.38408 0.0415718 0)
(2.36316 0.0407558 1.67661e-20)
(2.36812 0.0387754 -1.53386e-20)
(2.33367 0.0387279 -9.1825e-22)
(2.33765 0.0366506 4.8537e-22)
(2.28826 0.0375495 1.29371e-20)
(2.42259 0.0414209 0)
(2.42497 0.0397685 -1.20515e-20)
(2.43664 0.0379207 -1.32676e-20)
(2.42936 0.0367606 2.02983e-21)
(2.43764 0.0350765 -1.30729e-21)
(2.42002 0.0344969 -1.11622e-21)
(2.42609 0.03287 2.12577e-21)
(2.39728 0.0329701 1.37779e-20)
(2.40219 0.0311797 1.35464e-21)
(2.36121 0.0321433 -4.22599e-22)
(2.47354 0.0337613 0)
(2.4761 0.0324652 6.48305e-21)
(2.48709 0.0309846 -7.28625e-22)
(2.48131 0.0300808 7.22608e-22)
(2.48936 0.0287088 0)
(2.47496 0.0282984 0)
(2.48106 0.0269302 0)
(2.45767 0.0271348 -1.56542e-20)
(2.46271 0.0255865 1.46934e-20)
(2.42965 0.0265765 0)
(2.52477 0.0267122 0)
(2.52735 0.0257212 4.12069e-21)
(2.53705 0.0245587 5.36964e-21)
(2.53266 0.0238496 7.06251e-21)
(2.53982 0.022713 -1.3517e-21)
(2.52844 0.0224042 8.49429e-21)
(2.53392 0.0212228 -7.73186e-21)
(2.51538 0.021446 0)
(2.52004 0.0201086 7.3163e-22)
(2.49392 0.0209983 -1.39991e-20)
(2.57449 0.0206538 -9.02343e-22)
(2.57699 0.0198827 -3.33702e-21)
(2.58515 0.0189626 -6.93958e-21)
(2.58211 0.0183754 -4.96694e-21)
(2.58818 0.0174178 0)
(2.57962 0.0171287 -1.08256e-20)
(2.58431 0.0161042 1.1081e-20)
(2.57017 0.0162287 -1.05471e-21)
(2.57423 0.0150898 -7.2632e-21)
(2.55426 0.0157251 2.02823e-20)
(2.61913 0.0156408 9.06975e-22)
(2.6217 0.0150231 -2.57785e-21)
(2.62842 0.0142992 2.34225e-21)
(2.62682 0.0137855 -5.83557e-21)
(2.6319 0.0129986 0)
(2.62615 0.0126764 0)
(2.6301 0.0118197 1.08998e-21)
(2.62018 0.0117734 -1.03367e-20)
(2.62358 0.0108382 -6.48418e-21)
(2.60941 0.0111428 -6.78021e-21)
(2.6555 0.0114514 0)
(2.65842 0.0109656 4.24254e-21)
(2.66402 0.0104284 -1.57305e-21)
(2.66395 0.00998596 5.1896e-21)
(2.66824 0.00938403 1.39873e-21)
(2.66522 0.00903645 -1.20187e-21)
(2.66854 0.00836654 2.27388e-21)
(2.66262 0.00817064 7.16721e-21)
(2.66537 0.00744076 0)
(2.65662 0.00746404 0)
(2.68294 0.0077584 0)
(2.68628 0.00743726 1.72858e-21)
(2.69102 0.00710265 -3.19861e-21)
(2.69231 0.00677437 0)
(2.69593 0.00637115 -2.73399e-21)
(2.69524 0.00605625 -1.21111e-21)
(2.69799 0.00557937 -3.40376e-21)
(2.69544 0.00531631 -1.00815e-21)
(2.69759 0.00478027 5.1979e-22)
(2.69336 0.00463188 4.44218e-22)
(2.70228 0.00438078 0)
(2.70579 0.0042722 -1.73686e-21)
(2.70979 0.00416416 -1.59025e-21)
(2.71194 0.00401808 2.21628e-21)
(2.71498 0.00383296 1.32006e-21)
(2.71587 0.00363885 1.25867e-21)
(2.71811 0.00336534 5.68524e-21)
(2.7179 0.00314312 -4.17891e-21)
(2.71954 0.00279226 9.77591e-22)
(2.71845 0.00258866 0)
(2.71292 0.00124285 0)
(2.71636 0.00132494 8.52923e-22)
(2.71985 0.00140527 -8.18916e-22)
(2.72234 0.00145351 7.78729e-22)
(2.72499 0.0014739 0)
(2.72662 0.00146045 -1.26492e-21)
(2.72853 0.0014036 1.11844e-21)
(2.72945 0.00132672 1.00844e-21)
(2.73077 0.00119226 0)
(2.73124 0.00106586 0)
(1.15149 0.246796 0)
(1.09452 0.269023 -5.92564e-20)
(1.04911 0.299029 0)
(1.01212 0.337765 -1.96784e-19)
(0.979633 0.384758 7.41616e-20)
(0.949427 0.441763 2.18878e-21)
(0.91849 0.509257 6.63841e-20)
(0.868646 0.575517 -7.18027e-21)
(0.739059 0.583829 0)
(0.410942 0.35717 6.96416e-20)
(1.23912 0.249921 1.08587e-19)
(1.18389 0.278333 5.9255e-20)
(1.13912 0.307108 -5.6996e-20)
(1.10175 0.344592 6.61936e-20)
(1.06997 0.391422 -5.79465e-20)
(1.04269 0.4483 7.33724e-21)
(1.01626 0.515067 -6.81591e-20)
(0.969442 0.578997 -1.36399e-19)
(0.831892 0.582674 -3.62587e-20)
(0.462375 0.350065 -1.02204e-19)
(1.3216 0.249073 -4.87812e-20)
(1.27107 0.279653 5.06366e-20)
(1.22802 0.307802 5.6994e-20)
(1.19029 0.344386 5.86402e-20)
(1.15889 0.390597 6.01387e-20)
(1.13419 0.446455 6.12128e-20)
(1.11167 0.511086 8.71187e-21)
(1.06648 0.570459 6.01438e-20)
(0.91875 0.567447 2.4288e-20)
(0.506845 0.332353 -2.59269e-20)
(1.40156 0.245618 9.74218e-20)
(1.35445 0.27652 -5.06343e-20)
(1.31289 0.303735 0)
(1.2753 0.338846 0)
(1.24456 0.383344 0)
(1.22215 0.436885 4.75097e-20)
(1.2025 0.497779 -4.21472e-20)
(1.15675 0.550237 0)
(0.99574 0.538504 1.82215e-20)
(0.540872 0.304603 -3.74116e-20)
(1.47692 0.239244 -1.88777e-20)
(1.43183 0.269182 6.71727e-20)
(1.39147 0.295244 0)
(1.35459 0.328489 0)
(1.32495 0.370351 2.0142e-20)
(1.30455 0.420355 1.93683e-20)
(1.28645 0.47598 2.61977e-20)
(1.23722 0.519165 1.52893e-20)
(1.05864 0.496914 2.40449e-20)
(0.561266 0.26847 -4.29508e-21)
(1.54498 0.230352 5.5662e-20)
(1.50148 0.258127 2.03749e-20)
(1.46219 0.282635 0)
(1.42639 0.313648 0)
(1.39818 0.352156 -5.51283e-20)
(1.3794 0.397538 1.78972e-20)
(1.36116 0.446467 3.91058e-21)
(1.30475 0.478622 -3.24196e-22)
(1.10286 0.444491 -1.89607e-20)
(0.565984 0.226203 -7.48726e-21)
(1.60506 0.218969 -3.25705e-20)
(1.56267 0.24366 3.42694e-20)
(1.52416 0.266407 3.18718e-20)
(1.48951 0.294876 -3.37183e-20)
(1.4627 0.329438 -1.44056e-20)
(1.44483 0.36923 1.53429e-20)
(1.42415 0.409876 -1.0159e-20)
(1.35564 0.430438 1.09112e-20)
(1.12525 0.384112 0)
(0.553858 0.180041 0)
(1.65595 0.205606 -2.84027e-20)
(1.6148 0.226901 2.98849e-20)
(1.57677 0.247451 0)
(1.54308 0.273061 0)
(1.5174 0.303172 0)
(1.49913 0.33654 4.76313e-21)
(1.4726 0.367821 -1.73704e-20)
(1.38608 0.375995 9.51589e-21)
(1.12345 0.318197 0)
(0.524216 0.133127 -1.55098e-21)
(1.69798 0.190354 -1.22904e-20)
(1.65712 0.207791 1.00335e-20)
(1.61928 0.226863 -2.78786e-21)
(1.5865 0.249178 0)
(1.56137 0.274381 -4.62548e-21)
(1.54071 0.300855 1.1832e-20)
(1.50397 0.321986 0)
(1.39323 0.317131 -1.59731e-21)
(1.09481 0.249367 -1.19025e-21)
(0.477662 0.0887235 2.27343e-21)
(1.73027 0.174504 0)
(1.68907 0.18893 2.89821e-21)
(1.65162 0.205276 2.7876e-21)
(1.61954 0.223995 0)
(1.59384 0.244161 1.82452e-21)
(1.56795 0.263392 -3.20435e-21)
(1.51569 0.273845 -7.05193e-22)
(1.37412 0.25596 -4.57482e-22)
(1.03747 0.180819 5.13528e-22)
(0.416632 0.0498497 0)
(0.48213 0.0141967 -1.91264e-20)
(0.461739 0.0163203 2.02776e-20)
(0.436892 0.0188164 1.08475e-20)
(0.406629 0.0217332 1.1736e-20)
(0.369562 0.025204 -1.24618e-20)
(0.323753 0.0293759 -2.03784e-20)
(0.266667 0.0342454 7.31863e-21)
(0.193731 0.0389615 -1.60237e-20)
(0.102884 0.0396182 -1.7519e-20)
(0.0283447 0.0247312 0)
(0.497372 0.0424621 0)
(0.476535 0.0487642 -1.01281e-20)
(0.451122 0.0562074 -1.08114e-20)
(0.420478 0.0649005 0)
(0.383312 0.0752371 2.50597e-20)
(0.337686 0.0876667 1.35195e-20)
(0.281028 0.102201 0)
(0.208464 0.116308 -1.55851e-20)
(0.116544 0.118291 -6.12145e-23)
(0.0365009 0.0739631 -1.85649e-20)
(0.527361 0.0703404 7.60419e-20)
(0.505696 0.0806088 -8.00196e-20)
(0.479204 0.092861 0)
(0.447834 0.107159 0)
(0.410495 0.124135 0)
(0.365265 0.144556 -8.02698e-20)
(0.309497 0.168492 1.15173e-19)
(0.237645 0.191827 -3.07117e-20)
(0.143708 0.195249 0)
(0.0528369 0.122323 3.71902e-20)
(0.57111 0.0975228 7.53253e-20)
(0.548354 0.111414 -7.92642e-20)
(0.520376 0.12825 -8.51819e-20)
(0.488011 0.147873 -9.60252e-22)
(0.450475 0.171117 1.4552e-19)
(0.405883 0.199089 -5.20355e-20)
(0.351485 0.231961 5.67451e-20)
(0.280754 0.2642 -1.22306e-19)
(0.184011 0.26928 6.62296e-20)
(0.0772038 0.16901 0)
(0.627227 0.123603 -1.84719e-19)
(0.60326 0.140695 3.87789e-20)
(0.573531 0.161859 0)
(0.540015 0.186463 0)
(0.502335 0.215482 4.86365e-20)
(0.458666 0.250392 -1.52121e-19)
(0.406147 0.291532 1.09186e-19)
(0.337022 0.332157 -1.1734e-19)
(0.236848 0.339062 1.74267e-21)
(0.109305 0.213141 -6.69541e-20)
(0.694039 0.148088 2.54357e-19)
(0.668897 0.16779 -1.92117e-19)
(0.637271 0.192876 0)
(0.602509 0.221995 0)
(0.564784 0.256213 4.6946e-20)
(0.522371 0.297384 5.03192e-20)
(0.472288 0.346021 4.97751e-20)
(0.405344 0.394351 5.81323e-20)
(0.301304 0.40313 1.3582e-21)
(0.148621 0.253641 1.32602e-19)
(0.7696 0.170671 -1.44546e-19)
(0.743484 0.192828 -7.33326e-20)
(0.710037 0.221635 0)
(0.674156 0.254697 0)
(0.636614 0.293213 0)
(0.59579 0.339561 -9.50335e-20)
(0.54862 0.394536 9.64454e-20)
(0.484377 0.449517 0)
(0.376127 0.459943 -5.7486e-20)
(0.194333 0.289274 1.22673e-19)
(0.852647 0.189362 -6.99406e-20)
(0.825228 0.213089 7.33333e-20)
(0.789447 0.245144 7.42997e-20)
(0.752455 0.281892 7.85831e-20)
(0.715571 0.324431 8.3074e-20)
(0.676974 0.375415 8.77787e-20)
(0.633379 0.435803 -6.05152e-21)
(0.572411 0.496288 9.72957e-20)
(0.459661 0.507896 -5.30866e-20)
(0.245242 0.318705 5.66664e-20)
(0.942207 0.208993 -1.33593e-19)
(0.913192 0.23455 6.69186e-20)
(0.874867 0.268674 -7.42997e-20)
(0.836876 0.306965 -8.06034e-20)
(0.800675 0.351386 7.60832e-20)
(0.764375 0.405177 -5.79017e-21)
(0.724667 0.46929 -2.66481e-19)
(0.667368 0.533579 -1.83278e-19)
(0.549761 0.545459 5.08126e-20)
(0.299718 0.340606 -4.42949e-20)
(1.03899 0.218531 0)
(1.00131 0.244452 -6.69184e-20)
(0.960087 0.282153 0)
(0.923286 0.323746 6.88628e-20)
(0.88933 0.370818 -2.30096e-19)
(0.856005 0.427122 -1.59824e-19)
(0.820516 0.493844 1.68962e-19)
(0.767004 0.560214 8.90069e-20)
(0.643893 0.571166 0)
(0.355759 0.35378 9.56279e-20)
(0.593699 0.00116595 0)
(0.592986 0.00116542 -1.13288e-21)
(0.591492 0.00119167 1.12695e-21)
(0.58976 0.00126065 0)
(0.588004 0.00137104 -2.26427e-21)
(0.586149 0.00152037 2.2526e-21)
(0.58408 0.00171036 0)
(0.58172 0.00194568 0)
(0.578991 0.00223283 0)
(0.575845 0.00257489 0)
(0.57225 0.00298584 1.13058e-21)
(0.568123 0.00347659 0)
(0.563354 0.00405816 0)
(0.557818 0.0047449 9.10874e-21)
(0.551377 0.00555537 -9.06382e-21)
(0.543873 0.00651233 0)
(0.535114 0.0076444 1.03185e-20)
(0.524882 0.00898592 -1.83405e-20)
(0.512886 0.0105762 9.16398e-21)
(0.498829 0.0125479 9.29014e-21)
(0.605706 0.00343026 2.3537e-21)
(0.605027 0.00344334 4.49474e-21)
(0.603636 0.0035505 -4.47308e-21)
(0.602032 0.00377689 2.24234e-21)
(0.600396 0.00411647 2.24273e-21)
(0.598651 0.00456828 8.99619e-21)
(0.596689 0.00514087 -6.70979e-21)
(0.59444 0.00584833 -1.80083e-20)
(0.591818 0.00670454 3.81906e-20)
(0.588787 0.00774022 -1.79366e-20)
(0.585323 0.00898144 -1.69319e-20)
(0.581333 0.0104574 3.83049e-20)
(0.576705 0.0122038 -3.38499e-20)
(0.571322 0.014265 1.80255e-20)
(0.56505 0.0166966 2.26348e-21)
(0.557739 0.019566 3.87336e-20)
(0.549201 0.0229588 -3.74387e-20)
(0.53925 0.0269765 0)
(0.527538 0.031734 2.28995e-21)
(0.514256 0.0376355 0)
(0.629181 0.00564148 -6.99281e-21)
(0.628636 0.00568255 -4.85141e-24)
(0.627473 0.00589115 8.90678e-21)
(0.6261 0.00628988 -4.40229e-21)
(0.624677 0.00686755 -1.11038e-20)
(0.623138 0.00762801 -2.22677e-21)
(0.621383 0.00858756 -2.22956e-21)
(0.619336 0.00977109 -2.23116e-21)
(0.616931 0.0111951 3.13797e-20)
(0.614144 0.0129338 1.95056e-22)
(0.610927 0.0150207 -4.02404e-20)
(0.607194 0.0174952 -2.24584e-21)
(0.602842 0.0204157 -4.49802e-21)
(0.59776 0.0238576 0)
(0.591825 0.0279136 -4.08005e-20)
(0.584904 0.0326939 3.16089e-20)
(0.576812 0.0383399 0)
(0.567435 0.0450156 -2.27666e-21)
(0.556287 0.0528975 -2.29396e-21)
(0.544541 0.0626957 -2.29221e-21)
(0.663414 0.00784908 2.29359e-21)
(0.663038 0.00791727 6.56117e-21)
(0.662171 0.0082158 0)
(0.661102 0.00878226 -1.97963e-20)
(0.65996 0.00960393 1.755e-20)
(0.658693 0.0106859 1.98726e-20)
(0.657211 0.0120507 -1.32035e-20)
(0.655435 0.0137338 2.21261e-21)
(0.653337 0.0157465 -2.89122e-20)
(0.650906 0.0181866 -1.86393e-22)
(0.648046 0.0211173 3.33163e-20)
(0.644678 0.0245938 -3.58232e-20)
(0.640719 0.0286926 -3.38869e-20)
(0.636078 0.0335162 7.61198e-20)
(0.630643 0.0391922 2.25468e-21)
(0.624309 0.0458718 6.77169e-21)
(0.616886 0.0537487 -7.27985e-20)
(0.608395 0.063049 1.79225e-21)
(0.598088 0.0739679 -5.03117e-22)
(0.588585 0.0876341 7.54107e-20)
(0.707338 0.00997538 4.50561e-21)
(0.707134 0.0100741 -1.71724e-20)
(0.706597 0.010459 8.58744e-21)
(0.705875 0.0111932 4.3176e-21)
(0.705059 0.0122632 0)
(0.704105 0.0136681 0)
(0.702945 0.0154342 -4.35967e-21)
(0.701473 0.0175878 0)
(0.699715 0.0202288 -4.38931e-21)
(0.697687 0.0234087 0)
(0.695259 0.0271966 4.4204e-21)
(0.692346 0.0316761 -7.11007e-20)
(0.688886 0.036948 -3.72483e-22)
(0.684813 0.043143 -4.85164e-21)
(0.680031 0.0504183 7.15155e-20)
(0.67448 0.0589674 -4.5088e-21)
(0.667954 0.0690231 4.49922e-21)
(0.660676 0.0808929 -7.27401e-20)
(0.651501 0.0946856 7.71496e-20)
(0.644861 0.112216 1.4619e-19)
(0.759727 0.0119063 4.39641e-21)
(0.759662 0.0120538 -4.18207e-21)
(0.75944 0.0125348 -4.20957e-21)
(0.759064 0.0134414 -4.2285e-21)
(0.758557 0.0147686 -3.40731e-20)
(0.757894 0.0165152 6.40441e-20)
(0.757 0.0186716 -3.85238e-20)
(0.755885 0.0213192 0)
(0.754579 0.0245871 -4.32473e-21)
(0.752973 0.0285101 -4.34379e-21)
(0.750983 0.0331519 -4.36288e-21)
(0.748562 0.0386203 6.6033e-20)
(0.745673 0.0450375 -1.45567e-19)
(0.742269 0.0525695 7.07508e-20)
(0.738278 0.0613914 0)
(0.733694 0.0717563 -4.45261e-21)
(0.728289 0.0838963 -1.52961e-19)
(0.722545 0.0982779 1.43996e-19)
(0.71483 0.114694 -4.54896e-21)
(0.711536 0.136124 0)
(0.819321 0.013488 4.26339e-21)
(0.819331 0.0137286 -1.22701e-20)
(0.819349 0.0143493 4.03645e-21)
(0.819264 0.0154439 2.47467e-20)
(0.819034 0.0169999 4.15406e-21)
(0.818578 0.0190352 -2.51702e-20)
(0.817932 0.0216436 4.07053e-21)
(0.817184 0.0248887 3.38214e-20)
(0.816257 0.0287861 8.52394e-21)
(0.815031 0.0334121 7.30582e-20)
(0.813475 0.0388599 -6.02804e-20)
(0.811567 0.0452717 -6.09131e-20)
(0.809302 0.0527704 7.41175e-20)
(0.80665 0.0615757 4.37455e-21)
(0.803582 0.0718359 4.39453e-21)
(0.800144 0.0839161 8.86806e-21)
(0.796113 0.0979238 8.9059e-21)
(0.792214 0.114684 -4.43549e-21)
(0.786337 0.133302 0)
(0.786637 0.158671 1.42908e-19)
(0.884891 0.0145587 -1.24044e-20)
(0.884909 0.0149221 -1.56692e-23)
(0.885038 0.0157061 -3.98642e-21)
(0.885076 0.0169975 -3.62518e-20)
(0.884941 0.0188687 2.42625e-20)
(0.884711 0.0213148 -4.09086e-21)
(0.884413 0.0244014 0)
(0.883932 0.0281685 0)
(0.883242 0.0326341 -8.37305e-21)
(0.882314 0.0379137 -4.21042e-21)
(0.881167 0.0441014 -4.26223e-21)
(0.879769 0.0513922 -4.29593e-21)
(0.878171 0.0598681 0)
(0.876321 0.0698673 -8.68344e-21)
(0.8743 0.0814119 -4.39102e-21)
(0.872119 0.0951654 -8.78118e-21)
(0.869692 0.110771 -4.44367e-21)
(0.867903 0.129823 -1.36973e-19)
(0.86431 0.149795 1.42077e-19)
(0.86871 0.178953 0)
(0.955186 0.01516 0)
(0.955191 0.0156889 3.82574e-21)
(0.955334 0.0167413 1.93492e-21)
(0.955494 0.0183365 0)
(0.955553 0.020545 3.555e-20)
(0.955441 0.0234132 -3.18188e-20)
(0.955196 0.0268989 6.65005e-20)
(0.954804 0.0310775 -6.49375e-20)
(0.954301 0.036015 6.16083e-21)
(0.953636 0.0418792 2.088e-21)
(0.952905 0.0487152 0)
(0.952011 0.0568089 0)
(0.951174 0.0660982 0)
(0.950194 0.0771571 1.41558e-19)
(0.949499 0.0895929 -2.76327e-19)
(0.9487 0.104811 4.70846e-21)
(0.948257 0.121415 1.3977e-19)
(0.948471 0.143356 0)
(0.947565 0.164654 0)
(0.956651 0.199387 1.39263e-19)
(1.03006 0.0157501 0)
(1.03014 0.0163552 -1.47743e-20)
(1.03028 0.0175411 -1.31326e-20)
(1.03034 0.0193683 3.01917e-20)
(1.03029 0.0218305 3.06538e-20)
(1.03008 0.0249641 -9.30062e-20)
(1.02981 0.028763 6.06909e-20)
(1.02946 0.0333211 0)
(1.02916 0.0386579 -2.01264e-21)
(1.02879 0.0449898 -6.2993e-20)
(1.02861 0.0522579 1.31394e-19)
(1.02832 0.0608883 -6.63759e-20)
(1.02858 0.0705609 0)
(1.02857 0.0822693 -1.35012e-19)
(1.02988 0.0948751 2.72228e-19)
(1.03063 0.110953 -1.37235e-19)
(1.03422 0.126836 0)
(1.03733 0.150278 -1.36173e-19)
(1.04317 0.169319 1.37597e-19)
(1.05941 0.211645 -2.14449e-21)
(1.10773 0.0154856 0)
(1.10753 0.0160926 0)
(1.10744 0.0173266 0)
(1.10735 0.0191998 0)
(1.10714 0.0216911 0)
(1.10676 0.0248445 0)
(1.10636 0.0286497 0)
(1.10587 0.0332516 0)
(1.1056 0.0386374 0)
(1.1052 0.0451224 0)
(1.10536 0.0525264 0)
(1.10515 0.0615276 0)
(1.10637 0.0714366 0)
(1.10647 0.0839961 0)
(1.11022 0.0968627 0)
(1.11039 0.115046 0)
(1.12054 0.13045 0)
(1.11904 0.159351 0)
(1.14813 0.172288 0)
(1.13617 0.227941 0)
(1.18896 0.0146271 0)
(1.18894 0.0153434 0)
(1.189 0.0168739 0)
(1.18896 0.0190473 0)
(1.18882 0.0217652 0)
(1.18848 0.0250509 0)
(1.1882 0.0288703 0)
(1.18782 0.0334264 0)
(1.18784 0.0386685 0)
(1.18762 0.0449892 0)
(1.18835 0.05206 0)
(1.18831 0.0607328 0)
(1.19063 0.0699612 0)
(1.19068 0.0818891 0)
(1.1967 0.0933818 0)
(1.19592 0.110203 0)
(1.21075 0.123051 0)
(1.20548 0.147831 0)
(1.24167 0.157586 0)
(1.2189 0.193931 0)
(1.27465 0.0156164 0)
(1.27529 0.0160469 0)
(1.2759 0.0171933 0)
(1.27614 0.0192627 0)
(1.27613 0.022037 0)
(1.27581 0.0253594 0)
(1.27563 0.0291147 0)
(1.27532 0.0335576 0)
(1.27564 0.0386063 0)
(1.27555 0.0446963 0)
(1.27683 0.0513837 0)
(1.27687 0.0595813 0)
(1.28015 0.0680789 0)
(1.28003 0.0790475 0)
(1.28766 0.0892778 0)
(1.28603 0.104034 0)
(1.30312 0.115019 0)
(1.29555 0.134901 0)
(1.33293 0.143368 0)
(1.30698 0.1695 0)
(1.36721 0.0167116 0)
(1.3674 0.016891 0)
(1.36812 0.0177692 0)
(1.36862 0.0198296 0)
(1.36865 0.0226233 0)
(1.3681 0.0258597 0)
(1.36783 0.0294205 0)
(1.36743 0.033637 0)
(1.36797 0.0384092 0)
(1.36789 0.0441817 0)
(1.36962 0.0504372 0)
(1.36963 0.058078 0)
(1.37369 0.0658667 0)
(1.37334 0.0758276 0)
(1.3821 0.0849794 0)
(1.37974 0.0978491 0)
(1.39801 0.107445 0)
(1.38893 0.123884 0)
(1.42648 0.13151 0)
(1.39885 0.152444 0)
(1.46396 0.0123098 0)
(1.46346 0.0130002 0)
(1.46412 0.0155044 0)
(1.46454 0.0189437 0)
(1.46423 0.0224442 0)
(1.46323 0.0258867 0)
(1.4628 0.0293882 0)
(1.46231 0.0334449 0)
(1.46307 0.0379717 0)
(1.46299 0.0434126 0)
(1.46515 0.0492176 0)
(1.4651 0.0562603 0)
(1.46983 0.0633396 0)
(1.46925 0.0723092 0)
(1.47888 0.0804548 0)
(1.47588 0.0917027 0)
(1.49493 0.100075 0)
(1.48477 0.114005 0)
(1.52207 0.120638 0)
(1.49359 0.138019 0)
(1.55449 0.0125616 0)
(1.55725 0.0134764 0)
(1.56031 0.0163652 0)
(1.56111 0.0201308 0)
(1.56044 0.0235528 0)
(1.55904 0.0266222 0)
(1.55862 0.0296924 0)
(1.5582 0.0333677 0)
(1.55931 0.037515 0)
(1.55931 0.0425207 0)
(1.56192 0.0478051 0)
(1.56185 0.0541986 0)
(1.56721 0.0605542 0)
(1.56644 0.0685671 0)
(1.57679 0.0757584 0)
(1.57333 0.0855952 0)
(1.59283 0.0928418 0)
(1.58207 0.104755 0)
(1.61862 0.110369 0)
(1.5903 0.12497 0)
(1.65975 0.00975862 0)
(1.66026 0.0118081 0)
(1.66191 0.0165561 0)
(1.66118 0.0213533 0)
(1.65889 0.0247564 0)
(1.65631 0.0273399 0)
(1.6555 0.0299025 0)
(1.6549 0.0331524 0)
(1.65616 0.0368836 0)
(1.65607 0.0414076 0)
(1.65898 0.0461378 0)
(1.65884 0.0518631 0)
(1.6647 0.0575024 0)
(1.66379 0.064608 0)
(1.67465 0.0709062 0)
(1.67095 0.0794973 0)
(1.69055 0.0857221 0)
(1.67973 0.095951 0)
(1.71498 0.100649 0)
(1.68794 0.113035 0)
(1.75027 0.00712655 0)
(1.75558 0.0107546 0)
(1.75936 0.0176492 0)
(1.75721 0.0232195 0)
(1.75323 0.026262 0)
(1.7499 0.0281858 0)
(1.74926 0.030175 0)
(1.74893 0.0329373 0)
(1.75059 0.0361755 0)
(1.7506 0.0401393 0)
(1.7539 0.0442638 0)
(1.75385 0.0492966 0)
(1.76017 0.0542208 0)
(1.75937 0.060458 0)
(1.77055 0.0659108 0)
(1.76701 0.0733839 0)
(1.78633 0.0786801 0)
(1.77617 0.0874848 0)
(1.80952 0.091379 0)
(1.78497 0.101971 0)
(1.8456 0.0164634 0)
(1.85165 0.019696 0)
(1.85403 0.0248411 0)
(1.84871 0.0281848 0)
(1.8424 0.0293439 0)
(1.83824 0.0299957 0)
(1.8378 0.0311351 0)
(1.83777 0.0331716 0)
(1.83982 0.035687 0)
(1.84005 0.0389078 0)
(1.84377 0.0423086 0)
(1.84405 0.0465885 0)
(1.85082 0.0507663 0)
(1.85045 0.0561504 0)
(1.86182 0.0607735 0)
(1.85896 0.0672258 0)
(1.87771 0.0716491 0)
(1.86901 0.0792387 0)
(1.89998 0.0823841 0)
(1.87905 0.0915198 0)
(1.92107 0.0348981 0)
(1.92845 0.0346694 0)
(1.93051 0.0333013 0)
(1.92376 0.0311884 0)
(1.9171 0.0296259 0)
(1.91377 0.0294148 0)
(1.91458 0.0302718 0)
(1.91564 0.0319405 0)
(1.91868 0.033925 0)
(1.91983 0.0365392 0)
(1.92447 0.0393363 0)
(1.92571 0.0429883 0)
(1.93323 0.0465205 0)
(1.93388 0.0511706 0)
(1.94554 0.0550484 0)
(1.94402 0.0606271 0)
(1.96212 0.0642605 0)
(1.95564 0.0708445 0)
(1.9841 0.0732987 0)
(1.96755 0.0812706 0)
(1.9725 0.0728196 0)
(1.979 0.0672382 0)
(1.98175 0.0527502 0)
(1.97891 0.0394937 0)
(1.97714 0.0321771 0)
(1.97763 0.0297717 0)
(1.98092 0.029645 0)
(1.98367 0.0304788 0)
(1.98813 0.0316107 0)
(1.99071 0.0334289 0)
(1.99661 0.0355193 0)
(1.99923 0.0385144 0)
(2.00764 0.041398 0)
(2.00966 0.0453629 0)
(2.02164 0.0485423 0)
(2.02179 0.0533532 0)
(2.03927 0.0562743 0)
(2.03531 0.0620077 0)
(2.0614 0.0638531 0)
(2.04929 0.0708583 0)
(2.04156 0.0824335 0)
(2.0336 0.0741821 0)
(2.02805 0.0560651 0)
(2.02913 0.0399261 0)
(2.03423 0.0309587 0)
(2.03912 0.0277428 0)
(2.0442 0.0270975 0)
(2.04775 0.0274033 0)
(2.05288 0.0279479 0)
(2.05646 0.0291741 0)
(2.06328 0.0306859 0)
(2.0671 0.0331128 0)
(2.07616 0.0354085 0)
(2.07948 0.0387565 0)
(2.09167 0.0413007 0)
(2.09344 0.0454297 0)
(2.11035 0.0477173 0)
(2.10874 0.0527068 0)
(2.13284 0.0540287 0)
(2.12462 0.0601935 0)
(2.05826 0.0540219 0)
(2.04991 0.0476292 0)
(2.04781 0.0370072 0)
(2.05705 0.0276853 0)
(2.0709 0.0224025 0)
(2.08239 0.0206588 0)
(2.09171 0.0205567 0)
(2.09831 0.0210671 0)
(2.106 0.0216355 0)
(2.11216 0.0227444 0)
(2.12118 0.0240233 0)
(2.12723 0.0261223 0)
(2.13785 0.0280235 0)
(2.14307 0.0309083 0)
(2.15615 0.0329763 0)
(2.15976 0.0365533 0)
(2.17679 0.0383587 0)
(2.17725 0.0427213 0)
(2.2004 0.0436596 0)
(2.19496 0.0490965 0)
(2.09334 0.0264928 0)
(2.08581 0.0235706 0)
(2.08678 0.0183803 0)
(2.10118 0.0138494 0)
(2.1206 0.011458 0)
(2.1367 0.011021 0)
(2.14933 0.0114105 0)
(2.15848 0.0121435 0)
(2.16831 0.0128821 0)
(2.17657 0.0140622 0)
(2.18733 0.0153227 0)
(2.19507 0.0172584 0)
(2.20681 0.0189681 0)
(2.21328 0.0215371 0)
(2.22691 0.023362 0)
(2.23152 0.0265145 0)
(2.24855 0.0280957 0)
(2.2499 0.0319086 0)
(2.2725 0.0327426 0)
(2.26795 0.0374576 0)
(2.1993 -0.00144732 0)
(2.19094 -0.00101696 0)
(2.19124 -0.00267133 0)
(2.20579 -0.00404241 0)
(2.22527 -0.00386791 0)
(2.24081 -0.00269123 0)
(2.25229 -0.00128843 0)
(2.2602 0.00025125 0)
(2.2687 0.00176858 0)
(2.27577 0.00354426 0)
(2.28514 0.00524274 0)
(2.29166 0.00732771 0)
(2.30184 0.00917112 0)
(2.30712 0.0116194 0)
(2.31899 0.0134966 0)
(2.32253 0.0163286 0)
(2.33756 0.0179847 0)
(2.33806 0.0212414 0)
(2.35833 0.0223051 0)
(2.3533 0.0261525 0)
(2.38373 -0.0374285 0)
(2.37099 -0.0289516 0)
(2.36446 -0.0198444 0)
(2.37249 -0.0133047 0)
(2.38538 -0.01009 0)
(2.39428 -0.00882955 0)
(2.39939 -0.00796515 0)
(2.40154 -0.00658223 0)
(2.40444 -0.00480731 0)
(2.40642 -0.00281391 0)
(2.41064 -0.00098501 0)
(2.41282 0.000955299 0)
(2.41834 0.00273423 0)
(2.4201 0.00485349 0)
(2.42755 0.0066608 0)
(2.42842 0.0089967 0)
(2.43887 0.010662 0)
(2.4378 0.0131961 0)
(2.45286 0.0144692 0)
(2.4479 0.0172719 0)
(2.57682 -0.0918831 0)
(2.55979 -0.0799378 0)
(2.54112 -0.0501875 0)
(2.53234 -0.023791 0)
(2.52972 -0.0106192 0)
(2.528 -0.00702974 0)
(2.52611 -0.00651497 0)
(2.52314 -0.00566881 0)
(2.52101 -0.00411204 0)
(2.51844 -0.00235906 0)
(2.5179 -0.000831335 0)
(2.51648 0.00055171 0)
(2.51789 0.00179527 0)
(2.51711 0.00319032 0)
(2.52054 0.00449257 0)
(2.51989 0.00605521 0)
(2.52588 0.00733251 0)
(2.52467 0.00900873 0)
(2.53407 0.0100774 0)
(2.53116 0.0118748 0)
(2.57138 -0.0694578 0)
(2.58578 -0.0650939 0)
(2.59151 -0.0434626 0)
(2.58057 -0.0214771 0)
(2.56825 -0.0091686 0)
(2.5626 -0.00481123 0)
(2.56286 -0.00361015 0)
(2.56437 -0.00289064 0)
(2.56586 -0.00195786 0)
(2.56621 -0.000921449 0)
(2.56732 3.36101e-05 0)
(2.56781 0.000878661 0)
(2.56998 0.00163018 0)
(2.57092 0.00243543 0)
(2.57422 0.00322751 0)
(2.57524 0.00416793 0)
(2.57992 0.00498798 0)
(2.58079 0.00602764 0)
(2.58735 0.0067303 0)
(2.58769 0.00785566 0)
(2.5984 0.0419661 0)
(2.61571 0.0373545 0)
(2.62609 0.0165782 0)
(2.61833 -0.00157081 0)
(2.60718 -0.00815366 0)
(2.60212 -0.00734949 0)
(2.60259 -0.00524936 0)
(2.6046 -0.00414532 0)
(2.60656 -0.00374241 0)
(2.60765 -0.00336397 0)
(2.60895 -0.00277123 0)
(2.6099 -0.00204356 0)
(2.61174 -0.00131197 0)
(2.61306 -0.000594295 0)
(2.61559 8.5922e-05 0)
(2.61713 0.000813134 0)
(2.62047 0.00146788 0)
(2.62218 0.00221641 0)
(2.62664 0.00276585 0)
(2.62848 0.00351491 0)
(2.72425 0.0491621 0)
(2.70643 0.0448682 0)
(2.68915 0.0235563 0)
(2.6843 0.00377193 0)
(2.68369 -0.00452011 0)
(2.68039 -0.00503475 0)
(2.67501 -0.00372751 0)
(2.66969 -0.00299304 0)
(2.6655 -0.00281145 0)
(2.66197 -0.00268167 0)
(2.65919 -0.00239013 0)
(2.65665 -0.00199379 0)
(2.65498 -0.00158967 0)
(2.65355 -0.00121213 0)
(2.65313 -0.000864494 0)
(2.65273 -0.000521948 0)
(2.65346 -0.000208635 0)
(2.65398 0.000117082 0)
(2.65585 0.000376307 0)
(2.6573 0.000674504 0)
(1.21925 0.21542 -1.81855e-21)
(1.30216 0.205889 -1.09396e-19)
(1.38138 0.201479 0)
(1.45827 0.197856 -9.30804e-20)
(1.53176 0.193229 0)
(1.59788 0.187927 -7.45957e-20)
(1.65591 0.181562 3.43823e-20)
(1.70486 0.173913 -9.79286e-22)
(1.74481 0.165503 0)
(1.77517 0.155061 0)
(1.29755 0.187707 1.17398e-19)
(1.38288 0.1831 0)
(1.46317 0.182093 9.9353e-20)
(1.53593 0.181481 0)
(1.60461 0.178332 -2.47997e-21)
(1.66591 0.173503 3.99734e-20)
(1.71969 0.167194 2.00009e-22)
(1.76434 0.159983 -8.85152e-22)
(1.8007 0.151524 8.8384e-22)
(1.82767 0.142259 2.99966e-21)
(1.3816 0.169119 -1.16166e-19)
(1.46304 0.167205 0)
(1.54219 0.165494 -9.59581e-20)
(1.61179 0.164341 -2.93968e-21)
(1.67677 0.161312 8.25473e-20)
(1.73437 0.156723 -3.75672e-20)
(1.7857 0.150779 1.22511e-21)
(1.82701 0.144515 -1.00658e-21)
(1.86135 0.136865 0)
(1.88529 0.129376 -6.11991e-21)
(1.47044 0.153213 0)
(1.54743 0.152081 1.04201e-19)
(1.6242 0.14996 -2.91228e-21)
(1.69082 0.148441 5.58737e-21)
(1.75196 0.145959 -8.76918e-20)
(1.80513 0.142018 2.46172e-21)
(1.85382 0.136599 -3.41355e-20)
(1.89157 0.130993 0)
(1.92464 0.124221 -1.45659e-20)
(1.94534 0.117838 3.53778e-21)
(1.56212 0.138792 -1.08678e-19)
(1.6342 0.138263 1.91256e-21)
(1.70714 0.136316 -5.96596e-21)
(1.77043 0.13445 5.52832e-21)
(1.8279 0.132178 -2.65887e-21)
(1.8767 0.128698 -2.25836e-21)
(1.92267 0.12383 3.29079e-21)
(1.95703 0.118668 1.3854e-20)
(1.98915 0.112739 1.51541e-20)
(2.00676 0.107088 0)
(1.65532 0.125648 2.13599e-19)
(1.72231 0.125471 -2.0196e-19)
(1.7905 0.123774 -2.83558e-21)
(1.85 0.121646 2.83862e-21)
(1.90372 0.119393 0)
(1.94835 0.116254 3.77698e-20)
(1.99126 0.111999 1.0426e-21)
(2.02256 0.107207 -1.78884e-20)
(2.05348 0.102087 9.56616e-22)
(2.06882 0.096933 -3.36875e-21)
(1.74877 0.113593 -1.04954e-19)
(1.81034 0.113576 1.02705e-19)
(1.87309 0.112102 -5.80954e-21)
(1.92824 0.109851 2.81232e-21)
(1.97803 0.10752 4.04761e-20)
(2.01878 0.104596 -2.28796e-21)
(2.05837 0.100876 3.74333e-20)
(2.08706 0.096466 0)
(2.11636 0.0920253 7.48817e-21)
(2.13045 0.087326 3.38538e-21)
(1.84077 0.102362 0)
(1.89654 0.102353 0)
(1.9534 0.101005 0)
(2.0038 0.098706 4.55405e-20)
(2.04956 0.0962585 -8.34403e-20)
(2.0867 0.0934712 -1.14155e-23)
(2.12298 0.0901691 -1.65022e-20)
(2.1494 0.0862102 -2.04925e-21)
(2.17689 0.0823038 -1.41443e-20)
(2.19039 0.0781365 0)
(1.92916 0.0916567 -4.95385e-20)
(1.97893 0.091524 0)
(2.02985 0.0902059 -2.74483e-21)
(2.07543 0.087904 -3.75007e-20)
(2.11728 0.0853667 3.77429e-20)
(2.15117 0.0826908 -3.79346e-20)
(2.18444 0.0797173 -1.77447e-20)
(2.20884 0.0762572 -9.96142e-22)
(2.2346 0.0727934 1.63598e-20)
(2.24772 0.0692164 0)
(2.01195 0.0810966 9.75665e-20)
(2.05606 0.0807633 0)
(2.10148 0.079435 -2.71889e-21)
(2.14258 0.0771863 -3.71168e-20)
(2.18091 0.0746473 -2.59792e-21)
(2.212 0.0721068 2.29698e-21)
(2.2427 0.0694321 1.66623e-20)
(2.26531 0.0664799 -1.88569e-20)
(2.28959 0.0634438 -7.21142e-21)
(2.30227 0.0604509 4.69738e-22)
(2.08855 0.0704051 -4.65788e-20)
(2.12779 0.0698733 1.33866e-21)
(2.16851 0.0685551 -2.85938e-21)
(2.20578 0.0664379 4.49159e-20)
(2.24114 0.0640207 -2.59117e-21)
(2.26995 0.0616748 0)
(2.29854 0.0593144 3.57116e-23)
(2.31958 0.0568547 -7.72458e-23)
(2.34255 0.0542714 -7.9128e-21)
(2.3547 0.0518302 0)
(2.15971 0.059519 -1.43547e-21)
(2.19521 0.0588227 4.24303e-21)
(2.23231 0.0575626 -5.49966e-21)
(2.26666 0.0556666 5.26234e-21)
(2.29966 0.0535073 -2.58517e-21)
(2.32669 0.0514431 -2.30884e-21)
(2.3535 0.0494378 -1.46177e-20)
(2.37318 0.0474581 1.48504e-20)
(2.39479 0.0453414 1.698e-20)
(2.40633 0.043435 0)
(2.22775 0.0482995 0)
(2.26119 0.0475585 -4.49558e-20)
(2.29599 0.0464898 0)
(2.32828 0.0449594 2.09018e-20)
(2.35929 0.0432291 0)
(2.38472 0.0415578 0)
(2.40966 0.0399883 1.09781e-21)
(2.4279 0.0384633 -1.1071e-21)
(2.4478 0.0368413 -8.03494e-21)
(2.45855 0.0353481 0)
(2.29987 0.0368293 4.37845e-20)
(2.33198 0.0363541 4.60774e-20)
(2.36461 0.0357321 0)
(2.39455 0.0347594 2.46944e-21)
(2.42289 0.0336089 -2.25419e-20)
(2.44601 0.032426 -2.31832e-21)
(2.46829 0.0313362 -6.75806e-21)
(2.48454 0.0302357 -1.04392e-21)
(2.50202 0.0290853 -3.02089e-21)
(2.5116 0.0279181 0)
(2.38263 0.0261089 -6.69663e-20)
(2.4114 0.0262434 -2.19302e-20)
(2.43983 0.0262615 -2.60759e-21)
(2.46551 0.0259189 -1.55769e-20)
(2.48947 0.0253426 3.73376e-20)
(2.50891 0.0246249 0)
(2.52744 0.0239409 1.02406e-20)
(2.54096 0.0231983 -1.11927e-21)
(2.55541 0.0224109 4.09108e-21)
(2.56351 0.0215558 9.64131e-22)
(2.47058 0.0178507 2.20201e-20)
(2.49264 0.0185344 2.4439e-20)
(2.51432 0.0190305 1.59049e-20)
(2.5339 0.0191031 2.64985e-21)
(2.55222 0.0188811 -1.99374e-20)
(2.5672 0.018445 0)
(2.58153 0.018006 9.16546e-21)
(2.59217 0.0174865 -5.42103e-21)
(2.60355 0.0169438 1.06554e-21)
(2.61026 0.0163101 -9.6911e-22)
(2.54576 0.0125637 2.16083e-20)
(2.5605 0.0132982 0)
(2.57547 0.0138322 -2.36959e-20)
(2.58941 0.0139683 1.53929e-20)
(2.60279 0.013833 -2.557e-21)
(2.61406 0.0134976 2.32865e-21)
(2.625 0.0131702 -1.04453e-20)
(2.63346 0.0127786 -2.19546e-21)
(2.64246 0.0123996 1.07212e-21)
(2.64827 0.0119281 0)
(2.59724 0.00831104 -9.42369e-21)
(2.6075 0.00880253 1.24124e-21)
(2.61838 0.00916214 -2.679e-21)
(2.6289 0.00924703 2.46801e-21)
(2.63922 0.00915639 -2.55224e-21)
(2.64825 0.00893505 4.79481e-21)
(2.65701 0.00874517 0)
(2.66417 0.00851601 4.40268e-21)
(2.67154 0.00831785 -2.09064e-21)
(2.67689 0.00803116 4.93318e-22)
(2.63481 0.00386757 -1.05668e-20)
(2.64208 0.00420145 2.57498e-21)
(2.65008 0.00443665 6.43651e-25)
(2.65811 0.0045176 -7.58438e-21)
(2.66611 0.00452186 -2.47839e-21)
(2.67334 0.0044766 -9.53491e-21)
(2.68035 0.0044744 3.50024e-21)
(2.68637 0.00446356 -3.40033e-23)
(2.6924 0.00447666 2.10088e-21)
(2.69724 0.00443676 -4.95905e-22)
(2.66064 0.000846173 0)
(2.66514 0.000935544 0)
(2.67067 0.000943661 -7.73441e-21)
(2.6766 0.000893325 2.61854e-21)
(2.68274 0.000842791 2.49159e-21)
(2.68851 0.000818313 2.41654e-21)
(2.69417 0.000851746 1.13094e-21)
(2.69924 0.000923066 -3.34796e-21)
(2.70427 0.00102834 1.09457e-21)
(2.70859 0.00114229 0)
)
;

boundaryField
{
    bottom
    {
        type            symmetryPlane;
    }
    right
    {
        type            zeroGradient;
    }
    top
    {
        type            symmetryPlane;
    }
    left
    {
        type            zeroGradient;
    }
    cylinder
    {
        type            noSlip;
    }
    defaultFaces
    {
        type            empty;
    }
}


// ************************************************************************* //
