/*--------------------------------*- C++ -*----------------------------------*\
| =========                 |                                                 |
| \\      /  F ield         | OpenFOAM: The Open Source CFD Toolbox           |
|  \\    /   O peration     | Version:  4.1                                   |
|   \\  /    A nd           | Web:      www.OpenFOAM.org                      |
|    \\/     M anipulation  |                                                 |
\*---------------------------------------------------------------------------*/
FoamFile
{
    version     2.0;
    format      ascii;
    class       surfaceScalarField;
    location    "13.9";
    object      phi;
}
// * * * * * * * * * * * * * * * * * * * * * * * * * * * * * * * * * * * * * //

dimensions      [0 3 -1 0 0 0 0];

internalField   nonuniform List<scalar> 
3890
(
0.000402318
0.0014189
-0.00182122
0.00245273
-0.0010019
-0.00104851
0.00669275
-0.00674038
0.00250036
0.0133015
-0.0145599
0.00795118
0.0219977
-0.0232638
0.0145675
0.0321556
-0.031796
0.0216381
0.0430308
-0.0394385
0.0285634
0.0540535
-0.0458576
0.0348349
0.0647024
-0.0512308
0.0405819
-0.0547354
0.0449511
0.0744867
0.000688364
0.000730537
0.00365752
-0.00397105
0.0093795
-0.0124624
0.0176477
-0.0228281
0.0276388
-0.033255
0.0383239
-0.0424811
0.048845
-0.0499596
0.0586883
-0.0557009
0.0674696
-0.0600122
-0.0629806
0.0757149
0.00106974
-0.000339207
0.00511645
-0.00801776
0.012294
-0.0196399
0.0217239
-0.0322579
0.0320319
-0.043563
0.04205
-0.0524992
0.0511222
-0.0590318
0.0590642
-0.0636429
0.0660269
-0.0669749
-0.0694283
0.0724746
0.00154014
-0.00187934
0.00671862
-0.0131962
0.0150156
-0.0279369
0.0247643
-0.0420067
0.0343383
-0.053137
0.0428259
-0.0609868
0.0500209
-0.0662268
0.0561618
-0.0697838
0.0616269
-0.0724399
-0.0746411
0.0668398
0.00207803
-0.00395737
0.00826444
-0.0193826
0.0170526
-0.0367251
0.0262145
-0.0511685
0.0343291
-0.0612516
0.0409988
-0.0676564
0.0464629
-0.071691
0.0511799
-0.0745008
0.0555698
-0.0768298
-0.0790757
0.0600043
0.00263594
-0.00659331
0.00949974
-0.0262465
0.018037
-0.0452623
0.0259494
-0.059081
0.0323395
-0.0676417
0.0373109
-0.0726278
0.0413571
-0.0757371
0.0449701
-0.0781139
0.0484983
-0.0803579
-0.0826928
0.0521155
0.00314153
-0.00973484
0.0101991
-0.033304
0.0178587
-0.0529219
0.0242063
-0.0654286
0.0289194
-0.0723548
0.0324342
-0.0761426
0.0353184
-0.0786214
0.0379954
-0.0807908
0.0406939
-0.0830564
-0.0855148
0.0435158
0.00350949
-0.0132443
0.0102422
-0.0400367
0.0166351
-0.0593148
0.0213667
-0.0701602
0.0245734
-0.0755616
0.0268515
-0.0784207
0.028732
-0.0805018
0.0305312
-0.08259
0.0323869
-0.0849122
-0.0874651
0.0343373
0.00366779
-0.0169121
0.00963651
-0.0460054
0.0145986
-0.0642769
0.0178042
-0.0733658
0.0196921
-0.0774495
0.0208935
-0.0796221
0.0218505
-0.0814589
0.0227797
-0.0835191
0.0237492
-0.0858817
-0.0884922
0.0247763
0.00358262
-0.0204947
0.00850466
-0.0509274
0.0120106
-0.0677829
0.0138307
-0.0751859
0.0145623
-0.0781811
0.0147922
-0.079852
0.0148615
-0.0815281
0.0149075
-0.0835651
0.0149603
-0.0859346
0.0150287
-0.0885606
-0.000473706
0.000473706
-0.0014035
0.000929794
-0.0025347
0.0011312
-0.00372569
0.00119099
-0.0048956
0.00116991
-0.00600075
0.00110515
-0.00702315
0.0010224
-0.00796493
0.000941783
-0.00884743
0.000882495
0.000867947
-0.00971538
-0.000441881
0.000915587
-0.0013047
0.00179261
-0.00234578
0.00217228
-0.00342293
0.00226813
-0.00445186
0.00219884
-0.00538277
0.00203607
-0.00618946
0.00182909
-0.00686584
0.00161816
-0.00742549
0.00144215
0.00135923
-0.00791678
-0.000383152
0.00129874
-0.00112407
0.00253353
-0.00199366
0.00304187
-0.00285259
0.00312706
-0.00361212
0.00295837
-0.00421208
0.00263602
-0.0046108
0.00222781
-0.00478613
0.00179348
-0.00473906
0.00139509
0.00110291
-0.00448274
-0.000309119
0.00160786
-0.000885176
0.00310958
-0.0015147
0.00367139
-0.00206122
0.00367359
-0.00243144
0.00332859
-0.00255428
0.00275886
-0.00236907
0.00204261
-0.00182307
0.00124748
-0.000885889
0.00045791
-0.00014303
0.000360053
-0.00023065
0.00183851
-0.000611665
0.0034906
-0.000938424
0.00399815
-0.00107311
0.00380827
-0.000914755
0.00317024
-0.000380492
0.0022246
0.000605384
0.00105673
0.00211509
-0.000262227
0.00421605
-0.00164305
-0.00290784
0.00698086
-0.000155736
0.00199424
-0.000317117
0.00365198
-0.000271164
0.0039522
0.000133018
0.00340409
0.00101701
0.00228624
0.00248022
0.00076139
0.00460805
-0.00107111
0.00747137
-0.00312554
0.0111261
-0.00529781
-0.00762712
0.0158454
-8.70717e-05
0.00208132
7.38757e-06
0.00355752
0.00051429
0.0034453
0.00163163
0.00228675
0.00351395
0.000403924
0.00628268
-0.00200734
0.0100173
-0.00480577
0.0147514
-0.00785963
0.0204336
-0.01098
-0.014702
0.0275085
-1.61793e-05
0.0020975
0.000376437
0.0031649
0.00148514
0.00233659
0.00355113
0.000220761
0.00677058
-0.00281552
0.0112623
-0.00649903
0.0170521
-0.0105956
0.0240582
-0.0148657
0.0321151
-0.0190369
-0.0240743
0.0414874
7.2895e-05
0.0020246
0.000861612
0.00237618
0.00275972
0.000438487
0.00607044
-0.00308997
0.0109801
-0.00772519
0.0175176
-0.0130365
0.0255492
-0.0186272
0.0347691
-0.0240856
0.0449827
-0.0292505
-0.0346668
0.0555752
0.000203381
0.00153105
0.0044699
0.00933112
0.0161735
0.0247751
0.0347112
0.0454605
0.0567919
0.0670762
-0.0101197
0.000404338
-0.010497
0.000377259
-0.0108338
0.000336819
-0.0111313
0.000297467
-0.0113919
0.000260619
-0.0116178
0.000225956
-0.0118111
0.000193277
-0.0119736
0.000162452
-0.0121071
0.000133504
-0.0122138
0.000106698
-0.0122963
8.2579e-05
-0.0123583
6.19839e-05
-0.0124043
4.6007e-05
-0.0124402
3.59072e-05
-0.0124731
3.28921e-05
-0.0125108
3.76704e-05
-0.0125607
4.99136e-05
-0.0126291
6.83858e-05
-0.0127204
9.12637e-05
0.000111845
-0.00822024
0.000707807
-0.00850712
0.000664132
-0.00876281
0.000592515
-0.00899011
0.000524767
-0.00919141
0.000461918
-0.00936848
0.000403026
-0.0095228
0.000347595
-0.00965568
0.000295333
-0.0097684
0.000246227
-0.00986236
0.000200654
-0.00993927
0.000159487
-0.0100014
0.000124161
-0.0100521
9.66411e-05
-0.0100955
7.92914e-05
-0.0101371
7.45657e-05
-0.0101838
8.43467e-05
-0.0102428
0.000108886
-0.0103206
0.000146207
-0.0104219
0.00019257
0.000234349
-0.00461624
0.000841306
-0.00473123
0.000779113
-0.00483436
0.000695645
-0.0049262
0.000616608
-0.0050087
0.00054442
-0.00508376
0.000478089
-0.00515219
0.000416027
-0.00521456
0.000357705
-0.00527151
0.000303169
-0.00532364
0.000252785
-0.00537161
0.000207454
-0.00541626
0.00016881
-0.00545886
0.000139242
-0.00550135
0.000121785
-0.00554667
0.000119879
-0.00559919
0.000136871
-0.00566501
0.000174707
-0.00575052
0.000231711
-0.00586052
0.000302575
0.000376639
0.00054819
0.000653169
0.000627926
0.000699377
0.000707027
0.000616543
0.00079117
0.000532464
0.000869269
0.000466321
0.000937953
0.000409404
0.000997701
0.000356279
0.0010488
0.000306605
0.00109085
0.000261119
0.00112332
0.000220318
0.0011458
0.00018497
0.00115801
0.000156606
0.00115966
0.000137588
0.00115045
0.000130994
0.00112985
0.00014048
0.00109631
0.000170413
0.00104586
0.00022516
0.000971532
0.000306035
0.000867758
0.000406349
0.000499327
0.0073301
0.000303926
0.00760813
0.000421354
0.00786857
0.000356097
0.00811973
0.00028131
0.00835392
0.000232125
0.00856847
0.000194859
0.00876523
0.000159519
0.00894552
0.000126315
0.00910898
9.76528e-05
0.00925463
7.46738e-05
0.00938147
5.81284e-05
0.0094886
4.94796e-05
0.00957529
5.08942e-05
0.00964131
6.49694e-05
0.00968705
9.47452e-05
0.00971228
0.00014518
0.00971611
0.000221336
0.00969531
0.00032683
0.00964342
0.000458236
0.000604776
0.0162879
-0.000138593
0.0166571
5.21922e-05
0.0170241
-1.09469e-05
0.0173702
-6.47559e-05
0.0176967
-9.43476e-05
0.0180041
-0.000112526
0.0182958
-0.000132267
0.0185736
-0.000151436
0.0188364
-0.000165187
0.0190826
-0.000171496
0.0193103
-0.000169601
0.0195179
-0.000158109
0.0197039
-0.000135117
0.0198668
-9.78653e-05
0.0200054
-4.39359e-05
0.020119
3.16577e-05
0.0202091
0.000131211
0.0202746
0.000261292
0.0203155
0.000417359
0.000621944
0.0279097
-0.000539783
0.0282228
-0.000260872
0.0285411
-0.000329331
0.0288828
-0.000406438
0.0292204
-0.000431921
0.0295515
-0.000443621
0.0298806
-0.000461369
0.0302073
-0.000478091
0.030528
-0.000485905
0.0308392
-0.000482754
0.031138
-0.000468404
0.0314214
-0.000441487
0.0316869
-0.000400633
0.0319324
-0.000343298
0.032157
-0.000268607
0.032359
-0.000170276
0.0325385
-4.83122e-05
0.0326972
0.000102537
0.0328497
0.000264905
0.000520667
0.0416364
-0.00068876
0.0418348
-0.000459244
0.0421063
-0.000600869
0.0424135
-0.00071362
0.0427376
-0.00075597
0.0430806
-0.000786639
0.0434408
-0.000821554
0.0438096
-0.000846906
0.0441793
-0.000855656
0.0445446
-0.000848051
0.0449014
-0.000825213
0.0452458
-0.000785871
0.0455755
-0.000730304
0.0458878
-0.000655641
0.0461837
-0.000564474
0.0464603
-0.00044685
0.046727
-0.000315072
0.0469694
-0.00013983
0.0472232
1.11527e-05
0.000291994
0.0555818
-0.000695377
0.0558781
-0.0007555
0.0562806
-0.00100346
0.056694
-0.00112696
0.0571249
-0.00118689
0.0575803
-0.00124205
0.0580477
-0.0012889
0.0585154
-0.00131463
0.0589784
-0.00131867
0.0594335
-0.00130314
0.0598784
-0.00127008
0.0603103
-0.0012178
0.0607293
-0.00114937
0.0611335
-0.00105983
0.0615261
-0.000957002
0.0619028
-0.00082363
0.0622774
-0.000689589
0.0626394
-0.000501837
0.06302
-0.000369476
-8.6221e-05
0.0676806
-0.00129975
0.0685009
-0.00157579
0.0692086
-0.00171121
0.0698692
-0.00178755
0.0705285
-0.00184619
0.071177
-0.00189054
0.0718095
-0.00192137
0.0724285
-0.00193372
0.073038
-0.00192816
0.0736394
-0.00190449
0.0742345
-0.00186518
0.0748234
-0.00180669
0.0754085
-0.00173452
0.0759881
-0.00163936
0.0765677
-0.00153662
0.0771445
-0.00140047
0.0777315
-0.00127655
0.0783214
-0.00109172
0.0789336
-0.000981768
-0.000727318
0.0934281
-0.000498426
-0.0942294
0.0925725
-0.000720224
0.0917928
-0.00093153
0.0911143
-0.00110901
0.0905162
-0.00124808
0.0899801
-0.00135449
0.089491
-0.00143225
0.0890396
-0.00148232
0.08862
-0.00150854
0.0882267
-0.00151117
0.0878562
-0.00149469
0.087505
-0.00145545
0.0871725
-0.00140208
0.0868568
-0.00132362
0.0865606
-0.00124039
0.086283
-0.00112288
0.0860295
-0.00102303
0.0858019
-0.000864187
0.0856005
-0.000780317
-0.000572359
0.101837
-0.000157164
-0.102178
0.101459
-0.000342727
0.101041
-0.000513502
0.100619
-0.000687029
0.100212
-0.00084093
0.0998203
-0.000962822
0.0994424
-0.00105434
0.0990785
-0.00111839
0.0987293
-0.00115938
0.0983946
-0.00117646
0.0980745
-0.00117463
0.0977684
-0.00114926
0.097477
-0.00111075
0.0972
-0.0010466
0.0969394
-0.00097977
0.0966956
-0.00087912
0.0964707
-0.000798073
0.0962683
-0.000661786
0.0960829
-0.000594955
-0.000419145
0.108286
0.000160864
-0.108604
0.108014
-7.08277e-05
0.107762
-0.000261643
0.107513
-0.00043817
0.107268
-0.000595112
0.107027
-0.000722373
0.106793
-0.000819643
0.106563
-0.000889078
0.10634
-0.000936017
0.106123
-0.00095934
0.105913
-0.000965079
0.105711
-0.000947528
0.105519
-0.000918558
0.105337
-0.00086405
0.105166
-0.000809122
0.105008
-0.000720837
0.104863
-0.000653759
0.104735
-0.000533357
0.104619
-0.000478592
-0.000322406
0.113832
0.00040234
-0.114074
0.113641
0.00012085
0.113475
-9.61883e-05
0.113318
-0.000280692
0.113161
-0.000438674
0.113008
-0.00056937
0.112861
-0.000672224
0.112719
-0.000747025
0.112582
-0.000799387
0.112451
-0.000827915
0.112326
-0.00084009
0.112207
-0.000829016
0.112097
-0.000808351
0.111995
-0.000761918
0.111903
-0.000717377
0.111821
-0.000639056
0.111751
-0.000583887
0.111693
-0.000475243
0.111645
-0.00043055
-0.000287535
0.119105
0.00053845
-0.119241
0.118982
0.000244117
0.118872
1.39697e-05
0.118767
-0.000175846
0.118663
-0.00033463
0.11856
-0.000466475
0.118461
-0.000572938
0.118366
-0.00065215
0.118276
-0.000709576
0.118191
-0.000743005
0.118113
-0.00076136
0.11804
-0.000756502
0.117976
-0.000743908
0.117919
-0.000705268
0.117872
-0.000670601
0.117835
-0.000601609
0.117808
-0.00055723
0.117792
-0.000459203
0.117785
-0.000423296
-0.000292097
0.124522
0.000616518
-0.1246
0.124435
0.000330634
0.124352
9.70073e-05
0.12427
-9.33922e-05
0.124188
-0.000253087
0.124106
-0.000384893
0.124026
-0.000492959
0.123949
-0.000575031
0.123876
-0.000636633
0.123808
-0.000674488
0.123745
-0.000698544
0.123688
-0.00069965
0.123639
-0.000694626
0.123597
-0.000663701
0.123565
-0.000638179
0.123542
-0.00057853
0.123528
-0.000543769
0.123526
-0.000456592
0.123531
-0.000428148
-0.000309712
0.130184
0.000679514
-0.130247
0.130107
0.000407449
0.130027
0.000176914
0.129946
-1.22004e-05
0.129864
-0.000171567
0.129782
-0.000302716
0.1297
-0.00041109
0.12962
-0.000494927
0.129543
-0.000559931
0.129471
-0.000601953
0.129404
-0.000631289
0.129342
-0.000638319
0.129288
-0.000640301
0.129241
-0.000617213
0.129203
-0.000600017
0.129175
-0.000550048
0.129155
-0.000523748
0.129146
-0.000448103
0.129144
-0.000425951
-0.000321668
0.135923
0.000743529
-0.135987
0.135844
0.000486509
0.135758
0.00026298
0.13567
7.60778e-05
0.135578
-8.00159e-05
0.135485
-0.000210014
0.135392
-0.000318033
0.135301
-0.000403045
0.135211
-0.00047081
0.135126
-0.000516853
0.135046
-0.000551112
0.134972
-0.000564195
0.134904
-0.000572718
0.134845
-0.000557733
0.134793
-0.000548168
0.134751
-0.000508339
0.134717
-0.000489552
0.134695
-0.000426204
0.134679
-0.000409425
-0.000320428
0.141431
0.000804752
-0.141492
0.141353
0.000563828
0.141267
0.000349638
0.141175
0.000167806
0.14108
1.53894e-05
0.140981
-0.000111515
0.140882
-0.000218656
0.140783
-0.000304199
0.140686
-0.000374011
0.140593
-0.000423779
0.140504
-0.000462515
0.140422
-0.000481649
0.140345
-0.00049623
0.140277
-0.000489479
0.140216
-0.000486913
0.140165
-0.000457481
0.140121
-0.000445446
0.140089
-0.000394823
0.140063
-0.000382722
-0.000309533
0.146409
0.000845611
-0.146449
0.146351
0.000621346
0.146283
0.000418139
0.146207
0.000243714
0.146126
9.64867e-05
0.146039
-2.54e-05
0.145951
-0.00013048
0.145863
-0.000215639
0.145775
-0.000286498
0.145691
-0.000339191
0.14561
-0.000381547
0.145534
-0.000406203
0.145464
-0.000426087
0.145402
-0.000427132
0.145346
-0.00043078
0.145299
-0.000411352
0.145259
-0.000405295
0.145231
-0.000367013
0.145208
-0.000359009
-0.000301104
0.150742
0.000837476
-0.150734
0.150732
0.000630674
0.15071
0.000440573
0.150677
0.000276507
0.150636
0.000137511
0.15059
2.12008e-05
0.150538
-7.88499e-05
0.150484
-0.000161968
0.15043
-0.000232216
0.150377
-0.000286238
0.150326
-0.000330729
0.150279
-0.000359454
0.150237
-0.000383312
0.1502
-0.000390747
0.150169
-0.0003994
0.150146
-0.000388508
0.150128
-0.000387427
0.150121
-0.000359873
0.150117
-0.000355329
-0.000310774
0.154654
0.000751327
-0.154568
0.15472
0.000564668
0.154769
0.000391353
0.154804
0.000241224
0.154828
0.000113472
0.154844
6.05136e-06
0.154852
-8.69883e-05
0.154855
-0.000165204
0.154855
-0.000232327
0.154854
-0.00028507
0.154853
-0.000329419
0.154853
-0.000359694
0.154855
-0.000385501
0.154861
-0.000396797
0.15487
-0.000408686
0.154885
-0.000403689
0.154904
-0.0004062
0.154931
-0.000386487
0.15496
-0.000384616
-0.000350086
0.158755
0.000577355
-0.158581
0.158904
0.000415309
0.159032
0.000263438
0.159142
0.00013127
0.159237
1.80991e-05
0.159321
-7.73285e-05
0.159394
-0.00016049
0.159459
-0.000230549
0.159519
-0.000291585
0.159574
-0.00033986
0.159625
-0.000381301
0.159676
-0.000409981
0.159725
-0.000435252
0.159776
-0.000447233
0.159827
-0.000460228
0.159882
-0.000457817
0.159938
-0.000462291
0.159998
-0.00044685
0.16006
-0.000446752
-0.000418274
0.163855
0.000342757
-0.163621
0.164061
0.000209262
0.164242
8.25307e-05
0.164402
-2.84594e-05
0.164545
-0.000124764
0.164673
-0.000205623
0.164789
-0.00027652
0.164895
-0.000335881
0.164991
-0.000388331
0.165081
-0.000429391
0.165165
-0.000465542
0.165245
-0.000489896
0.165322
-0.00051245
0.165397
-0.000522355
0.165472
-0.000534558
0.165546
-0.000531882
0.16562
-0.000536845
0.165696
-0.000522653
0.165773
-0.000523482
-0.000497804
0.170521
0.000109136
-0.170288
0.170726
4.93029e-06
0.170904
-9.59342e-05
0.171061
-0.000185387
0.1712
-0.000263894
0.171324
-0.000329709
0.171435
-0.000387649
0.171535
-0.000435405
0.171625
-0.000478266
0.171706
-0.00051098
0.171782
-0.00054074
0.171851
-0.000559559
0.171917
-0.000578291
0.17198
-0.000584864
0.17204
-0.000595221
0.172099
-0.000591004
0.172158
-0.000595553
0.172217
-0.000581317
0.172276
-0.000582477
-0.000558281
0.178588
-5.98346e-05
-0.178419
0.178731
-0.00013884
0.178851
-0.00021564
0.178951
-0.000285094
0.179034
-0.000347128
0.179103
-0.00039892
0.17916
-0.000444773
0.179207
-0.000481777
0.179244
-0.000515546
0.179274
-0.00054047
0.179297
-0.00056403
0.179315
-0.000577747
0.179329
-0.00059265
0.179341
-0.000596306
0.17935
-0.000604651
0.179359
-0.000599355
0.179366
-0.000603203
0.179374
-0.000589519
0.179383
-0.000590713
-0.000568714
0.187084
-0.000138681
-0.187005
0.187141
-0.000195881
0.187177
-0.000251956
0.187196
-0.000303299
0.187199
-0.000349993
0.187189
-0.000388893
0.187167
-0.000423573
0.187137
-0.000451007
0.187097
-0.000476419
0.187052
-0.000494605
0.187
-0.000512435
0.186944
-0.000522078
0.186885
-0.000533438
0.186824
-0.000535292
0.186761
-0.000541737
0.186698
-0.000536621
0.186635
-0.000539713
0.186573
-0.000528048
0.186512
-0.000529126
-0.000511004
0.194722
-0.000138767
-0.194722
0.194703
-0.000176991
0.194665
-0.000214145
0.19461
-0.000248048
0.194539
-0.00027935
0.194456
-0.000305452
0.194361
-0.000328885
0.194257
-0.000347157
0.194145
-0.00036426
0.194027
-0.00037624
0.193903
-0.000388299
0.193775
-0.000394508
0.193644
-0.000402238
0.193512
-0.000403122
0.193378
-0.000407547
0.193245
-0.000403653
0.193111
-0.000405828
0.19298
-0.000397431
0.192849
-0.000398229
-0.000385433
0.200443
-8.24386e-05
-0.200499
0.200369
-0.000103758
0.200278
-0.000122601
0.200169
-0.000139265
0.200045
-0.000154779
0.199907
-0.000167794
0.199758
-0.000179517
0.199599
-0.000188632
0.199432
-0.000197177
0.199259
-0.000203151
0.19908
-0.000209165
0.198897
-0.000212252
0.198711
-0.00021606
0.198525
-0.000216483
0.198336
-0.000218588
0.198149
-0.000216644
0.19796
-0.000217562
0.197776
-0.000213414
0.197592
-0.00021357
-0.000207088
0.203518
-0.203601
0.203414
0.203292
0.203153
0.202998
0.20283
0.20265
0.202462
0.202265
0.202062
0.201852
0.20164
0.201424
0.201208
0.200989
0.200772
0.200555
0.200341
0.200128
0.092503
0.0139816
-0.0914559
0.0935456
0.0237338
0.0946058
0.033277
0.0956451
0.0424765
0.096696
0.0510646
0.0976689
0.0590313
0.0983478
0.0661609
0.0989039
0.0719184
0.0967658
0.0778529
0.0770231
0.0957455
0.0130639
-0.0948279
0.0967038
0.0227755
0.0977354
0.0322454
0.0988208
0.0413912
0.0998983
0.0499871
0.101133
0.057797
0.101959
0.0653348
0.103303
0.0705737
0.103352
0.0778048
0.0781968
0.0992803
0.0122647
-0.0984811
0.100183
0.0218728
0.101168
0.0312599
0.102304
0.0402559
0.103383
0.0489081
0.104768
0.0564116
0.105851
0.0642517
0.107299
0.0691263
0.108576
0.076527
0.0781689
0.102926
0.0115501
-0.102212
0.103824
0.0209754
0.104819
0.0302652
0.106035
0.039039
0.10722
0.0477237
0.10867
0.0549617
0.110056
0.0628659
0.111424
0.0677579
0.113128
0.0748234
0.0772229
0.106508
0.0108823
-0.10584
0.107439
0.0200447
0.108525
0.0291786
0.109863
0.0377018
0.111268
0.0463186
0.112807
0.0534223
0.114466
0.061207
0.115932
0.0662915
0.117768
0.0729877
0.0757494
0.10985
0.0102236
-0.109191
0.11084
0.0190543
0.112082
0.0279366
0.113587
0.0361975
0.115279
0.0446259
0.117038
0.0516633
0.118995
0.0592502
0.120788
0.0644991
0.122798
0.0709776
0.0739476
0.112797
0.00954244
-0.112116
0.113871
0.0179809
0.115298
0.0265094
0.11702
0.0344756
0.119031
0.0426144
0.121146
0.0495489
0.123478
0.0569174
0.12573
0.0622474
0.128092
0.068616
0.0717927
0.115267
0.00881908
-0.114544
0.11644
0.0168073
0.118054
0.0248963
0.120023
0.0325065
0.12236
0.0402767
0.124891
0.047018
0.127671
0.0541379
0.130443
0.0594749
0.133338
0.065721
0.0691438
0.117304
0.00804417
-0.116529
0.11858
0.0155313
0.120357
0.0231194
0.122558
0.0303048
0.125197
0.037638
0.128121
0.0440939
0.131367
0.0508917
0.134677
0.0561647
0.138209
0.0621896
0.0658607
0.119117
0.00721783
-0.118291
0.120478
0.0141707
0.122377
0.0212196
0.124754
0.0279282
0.127629
0.0347627
0.130863
0.0408603
0.134521
0.0472338
0.138323
0.0523626
0.142471
0.058041
0.0618826
0.121084
0.00634979
-0.120216
0.122494
0.0127606
0.124462
0.0192516
0.126933
0.0254576
0.12995
0.0317452
0.133378
0.037433
0.137319
0.0432923
0.141496
0.0481855
0.146123
0.0534146
0.0572717
0.123682
0.00546347
-0.122796
0.125099
0.0113437
0.12708
0.0172707
0.129571
0.0229668
0.132634
0.0286821
0.136142
0.0339254
0.14021
0.0392243
0.144605
0.04379
0.149502
0.0485181
0.0522057
0.127331
0.00460436
-0.126472
0.12872
0.00995473
0.130677
0.0153137
0.133151
0.0204926
0.136202
0.0256318
0.139724
0.0304026
0.143807
0.0351421
0.148292
0.0393049
0.153277
0.0435325
0.0469023
0.132174
0.0038132
-0.131383
0.133521
0.00860769
0.135454
0.0133815
0.13793
0.0180158
0.140984
0.0225785
0.144542
0.0268445
0.148639
0.0310448
0.153186
0.0347576
0.158211
0.0385078
0.0414927
0.137911
0.00310973
-0.137208
0.139233
0.00728621
0.141181
0.0114333
0.14373
0.0154669
0.146876
0.0194319
0.150573
0.0231477
0.154811
0.0268073
0.159525
0.0300428
0.164715
0.0333182
0.0359201
0.143843
0.00247578
-0.143209
0.14518
0.00594835
0.147211
0.0094025
0.149919
0.0127591
0.153279
0.0160719
0.15725
0.0191769
0.161807
0.0222496
0.166875
0.0249755
0.172459
0.0277334
0.029961
0.149189
0.00186307
-0.148576
0.15059
0.00454751
0.152761
0.00723119
0.155688
0.00983257
0.159344
0.0124155
0.163682
0.014839
0.168687
0.0172452
0.174258
0.0194036
0.180424
0.0215679
0.0233797
0.153479
0.00123596
-0.152852
0.15496
0.00306659
0.157284
0.00490705
0.16043
0.00668636
0.164385
0.00846115
0.169092
0.0101313
0.174549
0.0117882
0.180655
0.0132979
0.187433
0.0147901
0.0160908
0.156581
0.000608927
-0.155954
0.158111
0.00153689
0.160543
0.0024755
0.163848
0.00338056
0.168024
0.00428552
0.173016
0.00513944
0.178819
0.00598462
0.185353
0.00676457
0.192617
0.00752597
0.00820878
0.158299
-0.15769
0.159836
0.162311
0.165692
0.169977
0.175117
0.181101
0.187866
0.195392
0.0432337
0.0523851
-0.0461932
-0.0494256
0.0370944
0.0509967
-0.0448574
0.0313763
0.0500923
-0.0443742
0.0259827
0.0497603
-0.0443667
0.020794
0.0499084
-0.0447196
0.0157402
0.0505199
-0.0454661
0.0108008
0.0514671
-0.0465277
0.00608765
0.0516403
-0.0469272
0.00208083
0.0469212
-0.0429144
0.0271316
-0.0250507
0.0415107
0.0585255
-0.047651
0.0355256
0.0569818
0.0298466
0.0557713
0.0245082
0.0550987
0.0194308
0.0549858
0.0145298
0.0554209
0.00978529
0.0562116
0.00534251
0.0560831
0.00171385
0.0505499
0.0288454
0.0388823
0.0643488
-0.0447056
0.0331697
0.0626944
0.0276811
0.0612598
0.0224963
0.0602836
0.0175931
0.0598889
0.012909
0.060105
0.00844014
0.0606805
0.00437195
0.0601513
0.0012433
0.0536785
0.0300887
0.0351548
0.0698089
-0.0406149
0.0298456
0.0680036
0.0247153
0.0663901
0.019838
0.0651609
0.0152265
0.0645004
0.0108525
0.064479
0.00675303
0.0647799
0.00317488
0.0637295
0.000668177
0.0561852
0.0307569
0.0303904
0.0748191
-0.0354006
0.0255666
0.0728274
0.0209199
0.0710367
0.0164914
0.0695894
0.0123006
0.0686913
0.00834775
0.0684318
0.0047139
0.0684138
0.00174605
0.0666973
-3.21147e-05
0.0579634
0.0307248
0.0246043
0.0792337
-0.0290189
0.0203851
0.0770466
0.0163384
0.0750835
0.0124777
0.0734501
0.00882136
0.0723476
0.00540006
0.0718531
0.00234265
0.0714712
-1.08843e-05
0.0690508
-0.000700641
0.0586532
0.0300241
0.0179114
0.0829114
-0.0215892
0.0144061
0.0805519
0.0110554
0.0784342
0.00786117
0.0766443
0.00483882
0.07537
0.00205887
0.0746331
-0.000264213
0.0737943
-0.00159398
0.0703806
-0.00140821
0.0584674
0.0286159
0.0104333
0.0857353
-0.0132571
0.00773736
0.0832478
0.00517037
0.0810012
0.0027289
0.0790858
0.000432658
0.0776662
-0.001611
0.0766767
-0.00307719
0.0752605
-0.00341237
0.0707158
-0.0021087
0.0571637
0.0265072
0.00232652
0.0876654
-0.0042566
0.00052009
0.0850543
-0.00119591
0.0827172
-0.00284015
0.0807301
-0.00435651
0.0791826
-0.00556685
0.0778871
-0.00607588
0.0757695
-0.00525396
0.0698939
-0.00275
0.0546597
0.0237572
-0.0061996
0.0053044
-0.0070799
-0.00792789
-0.00872598
-0.0093954
-0.00968941
-0.00910582
-0.00699481
-0.00326249
0.0326303
0.00308375
-0.035714
0.0294237
0.00320656
0.0260746
0.00334915
0.0225619
0.0035127
0.018857
0.00370483
0.0149258
0.00393118
0.0107487
0.00417711
0.00641145
0.0043373
0.00237049
0.00404096
0.00237049
0.0332288
0.00630075
-0.0364458
0.0299045
0.00653085
0.0264528
0.00680086
0.0228525
0.00711306
0.0190743
0.00748298
0.0150829
0.00792254
0.0108555
0.00840459
0.00647399
0.00871877
0.00240095
0.008114
0.00477144
0.0343646
0.00977134
-0.0378352
0.0308159
0.0100796
0.0271683
0.0104485
0.0234
0.0108813
0.019481
0.011402
0.0153739
0.0120296
0.0110529
0.0127257
0.00659373
0.0131779
0.00244945
0.0122583
0.00722089
0.0359194
0.0135888
-0.0397368
0.0320621
0.0139369
0.0281438
0.0143667
0.0241431
0.014882
0.0200292
0.015516
0.0157626
0.0162961
0.011313
0.0171753
0.00674806
0.0177429
0.00251222
0.0164941
0.00973311
0.0377307
0.0178113
-0.0419533
0.0335094
0.0181583
0.0292703
0.0186057
0.0249941
0.0191582
0.0206498
0.0198603
0.0161954
0.0207504
0.0115958
0.0217749
0.00691077
0.0224279
0.00257622
0.0208287
0.0123093
0.0396161
0.0224572
-0.0442621
0.0350048
0.0227696
0.0304195
0.0231911
0.025847
0.0237307
0.0212567
0.0244506
0.0166043
0.0254028
0.0118505
0.0265287
0.00704803
0.0272303
0.00262562
0.0252511
0.014935
0.0413609
0.0275361
-0.0464397
0.0363582
0.0277722
0.0314365
0.0281128
0.0265834
0.0285838
0.0217604
0.0292736
0.0169206
0.0302426
0.012025
0.0314244
0.00712435
0.0321309
0.00264372
0.0297317
0.0175787
0.0428498
0.0330317
-0.0483454
0.037441
0.0331811
0.0321933
0.0333604
0.0270844
0.0336928
0.0220583
0.0342996
0.0170634
0.0352375
0.0120604
0.0364275
0.00710152
0.0370898
0.00261302
0.0342202
0.0201917
0.0436502
0.039054
-0.0496725
0.0379204
0.0389109
0.0324865
0.0387943
0.0272139
0.0389654
0.0220459
0.0394676
0.0169509
0.0403325
0.0118961
0.0414822
0.00694032
0.0420456
0.00251632
0.0386442
0.022708
0.0438533
-0.0509925
0.0379068
0.0323269
0.0269257
0.0216736
0.0165401
0.0114946
0.00661293
0.00234273
0.0393394
-0.000103428
0.0394424
-0.000102974
0.039542
-9.95998e-05
0.039634
-9.19952e-05
0.0397149
-8.08579e-05
0.0397812
-6.63401e-05
0.0398292
-4.80175e-05
0.0398544
-2.51488e-05
0.039851
3.37067e-06
0.0398171
3.3899e-05
0.0397457
7.13797e-05
0.0396297
0.000116024
0.0394608
0.000168856
0.0392296
0.000231258
0.0389246
0.00030496
0.0385325
0.000392069
0.0380373
0.000495275
0.0374196
0.000617686
0.0366559
0.000763663
0.000941895
0.0402095
-0.000208407
0.0403117
-0.000205188
0.040409
-0.000196925
0.0404983
-0.000181223
0.0405762
-0.000158822
0.0406395
-0.000129586
0.0406841
-9.26056e-05
0.0407053
-4.64192e-05
0.0406983
1.03487e-05
0.0406599
7.23856e-05
0.0405831
0.000148117
0.0404609
0.000238272
0.0402848
0.000344931
0.0400452
0.000470867
0.0397306
0.000619555
0.0393275
0.000795197
0.0388195
0.00100323
0.0381875
0.00124973
0.0374077
0.00154348
0.00190374
0.0419204
-0.000304292
0.0420144
-0.000299189
0.0421039
-0.000286414
0.0421851
-0.000262482
0.0422547
-0.000228429
0.0423091
-0.000183991
0.0423443
-0.000127739
0.0423552
-5.73e-05
0.0423382
2.73083e-05
0.0422881
0.000122525
0.0421982
0.00023796
0.0420612
0.00037525
0.0418686
0.000537582
0.0416103
0.000729152
0.0412746
0.000955212
0.0408478
0.00122204
0.0403131
0.00153791
0.0396511
0.00191171
0.0388385
0.00235615
0.00290703
0.0444106
-0.00038123
0.0444854
-0.000374021
0.0445559
-0.000356906
0.0446182
-0.000324759
0.0446684
-0.000278689
0.0447028
-0.000218411
0.0447171
-0.000141993
0.044706
-4.62368e-05
0.0446679
6.54339e-05
0.0445942
0.000196196
0.0444788
0.000353366
0.0443141
0.000539957
0.0440913
0.000760395
0.0438001
0.00102039
0.0434283
0.00132698
0.0429617
0.00168861
0.0423833
0.00211639
0.0416726
0.00262236
0.040808
0.00322077
0.00397822
0.0475962
-0.000421844
0.0476344
-0.000412174
0.047668
-0.000390462
0.0476932
-0.000349955
0.047706
-0.000291566
0.0477026
-0.000214996
0.0476785
-0.000117854
0.047626
6.19843e-06
0.0475483
0.000143183
0.0474324
0.000312077
0.0472726
0.000513204
0.0470611
0.000751467
0.0467888
0.00103267
0.0464449
0.00136427
0.046017
0.00175489
0.04549
0.00221558
0.0448468
0.0027596
0.0440647
0.00340446
0.0431261
0.00415943
0.00515101
0.0513795
-0.000401311
0.0513558
-0.000388476
0.0513264
-0.000361059
0.0512881
-0.000311629
0.051237
-0.000240485
0.0511687
-0.000146671
0.0510767
-2.58933e-05
0.0509661
0.000116799
0.0508198
0.000289521
0.0506349
0.000497016
0.0504044
0.000743665
0.05012
0.00103588
0.0497725
0.00138019
0.0493501
0.00178665
0.0488404
0.00226454
0.0482263
0.00282967
0.0474919
0.00349406
0.0466091
0.00428724
0.0455713
0.00519727
0.00646021
0.0556594
-0.000286657
0.0555402
-0.000269247
0.0554131
-0.000233964
0.0552763
-0.00017487
0.0551266
-9.07581e-05
0.054959
2.08993e-05
0.0547739
0.000159249
0.0545604
0.000330268
0.0543132
0.000536692
0.0540261
0.000784125
0.0536923
0.00107752
0.0533024
0.00142575
0.0528479
0.00183466
0.0523154
0.00231916
0.0516946
0.00288535
0.0509638
0.00356052
0.0501107
0.00434712
0.0490897
0.00530821
0.0479081
0.00637888
0.00792865
0.0603434
-3.21577e-05
0.0600846
-1.04468e-05
0.059816
3.47033e-05
0.0595379
0.000103197
0.0592486
0.000198512
0.0589444
0.000325169
0.0586179
0.00048572
0.0582635
0.000684617
0.0578757
0.000924527
0.057447
0.00121287
0.056971
0.00155352
0.0564367
0.00196002
0.0558373
0.00243409
0.0551548
0.00300162
0.0543851
0.00365507
0.0534955
0.0044501
0.0524964
0.0053462
0.0513148
0.00648979
0.050005
0.00768871
0.00958823
0.0653581
0.000405991
0.0649035
0.000444133
0.0644408
0.000497384
0.0639734
0.000570597
0.0634984
0.000673551
0.0630087
0.000814844
0.0624977
0.000996758
0.0619589
0.00122341
0.0613876
0.00149584
0.0607753
0.00182516
0.0601171
0.00221166
0.0593992
0.00267796
0.0586192
0.00321413
0.0577503
0.00387052
0.0568014
0.00460393
0.0557106
0.00554096
0.0545287
0.00652809
0.0530969
0.00792161
0.051621
0.00916454
0.0115367
0.0706612
0.0011465
0.0699399
0.00116544
0.069228
0.00120928
0.0685224
0.0012762
0.0678142
0.00138173
0.0670925
0.00153656
0.0663506
0.00173872
0.0655827
0.00199131
0.064786
0.00229252
0.0639516
0.00265953
0.0630769
0.00308637
0.0621458
0.003609
0.0611633
0.00419667
0.060097
0.00493681
0.0589794
0.00572158
0.057726
0.00679437
0.0564666
0.00778746
0.0549026
0.00948556
0.0534801
0.0105871
0.0140243
0.0704345
0.00120724
0.0704032
0.00119668
0.0703972
0.00121533
0.0704114
0.00126203
0.0704345
0.00135863
0.0704575
0.00151348
0.0704814
0.00171487
0.0705086
0.00196411
0.0705451
0.00225603
0.0705905
0.0026141
0.0706548
0.00302206
0.0707351
0.00352876
0.0708559
0.00407584
0.0710042
0.00478846
0.0712404
0.00548545
0.0715176
0.00651715
0.071994
0.00731104
0.07258
0.00889953
0.0737653
0.00940187
0.0119533
0.0758363
0.0759315
0.0011866
0.0759153
0.00121286
0.0759377
0.00119295
0.0759947
0.00120494
0.0760601
0.00129324
0.0761215
0.00145216
0.076183
0.00165328
0.0762501
0.00189704
0.0763288
0.0021773
0.0764194
0.00252352
0.076531
0.00291048
0.0766652
0.00339453
0.076841
0.0039001
0.0770625
0.0045669
0.0773608
0.00518719
0.077761
0.00611694
0.0782916
0.00678041
0.0790907
0.00810046
0.0799436
0.00854892
0.0105297
0.0813672
0.0819223
0.00139951
0.0818968
0.00123839
0.0820043
0.00108536
0.0821454
0.00106392
0.0822725
0.00116606
0.0823824
0.00134228
0.0824896
0.00154616
0.0826023
0.00178427
0.0827258
0.0020538
0.0828608
0.00238851
0.0830153
0.00275601
0.0831952
0.00321461
0.0834135
0.00368186
0.0836852
0.00429515
0.0840212
0.00485123
0.0844692
0.00566887
0.0849995
0.00625014
0.0857576
0.00734237
0.086522
0.00778454
0.00925604
0.0877956
0.0883924
0.00107568
0.0886578
0.000972941
0.0889104
0.000832792
0.0891301
0.000844197
0.0893047
0.000991525
0.089449
0.00119795
0.089589
0.00140617
0.0897336
0.0016397
0.0898851
0.00190225
0.0900457
0.00222787
0.0902228
0.00257894
0.090426
0.00301147
0.0906632
0.00344462
0.090954
0.0040044
0.0912982
0.00450703
0.0917429
0.00522409
0.0922508
0.00574232
0.0929396
0.00665353
0.0936697
0.00705444
0.00820236
0.0947234
0.0960089
0.000405422
0.0965908
0.000391053
0.0970008
0.00042282
0.0972607
0.000584268
0.0974299
0.000822289
0.0975626
0.00106532
0.097694
0.00127479
0.0978282
0.00150544
0.097964
0.00176644
0.0981072
0.00208472
0.0982651
0.00242105
0.0984504
0.00282613
0.0986665
0.0032285
0.0989348
0.00373617
0.0992481
0.00419373
0.0996513
0.00482089
0.100107
0.00528614
0.100713
0.00604788
0.101358
0.00640969
0.00733332
0.102227
0.105226
-0.000698228
0.106115
-0.00049812
0.106585
-4.66619e-05
0.106738
0.000431028
0.106768
0.000792682
0.106793
0.00104004
0.106832
0.0012355
0.106877
0.00146124
0.106923
0.00171968
0.106984
0.00202409
0.107065
0.00234024
0.10718
0.00271116
0.107327
0.00308151
0.107528
0.00353497
0.10777
0.00395119
0.108098
0.00449371
0.10847
0.00491338
0.108971
0.00554687
0.1095
0.00588079
0.00662272
0.110211
0.116141
-0.00201177
0.116943
-0.00130004
0.117111
-0.000214331
0.116896
0.000646204
0.116638
0.00104993
0.116465
0.00121296
0.116341
0.00135969
0.116237
0.00156509
0.116152
0.0018051
0.116097
0.00207868
0.116075
0.00236235
0.116097
0.00268902
0.116157
0.00302201
0.116274
0.00341762
0.116434
0.00379157
0.116674
0.00425382
0.116957
0.0046303
0.11735
0.00515381
0.11777
0.0054611
0.0060562
0.118336
0.127718
-0.000690402
0.126734
-0.000315785
0.126045
0.000474184
0.1256
0.00109098
0.12529
0.00136001
0.125044
0.00145876
0.124836
0.00156781
0.124663
0.00173875
0.12452
0.00194736
0.124416
0.00218279
0.124348
0.00243102
0.124323
0.00271378
0.124336
0.00300881
0.124404
0.00335006
0.124514
0.00368095
0.124695
0.00407285
0.124921
0.00440463
0.125235
0.0048395
0.125583
0.00511306
0.00559935
0.12604
0.136772
0.00141169
0.134928
0.00152816
0.133678
0.00172377
0.132965
0.00180445
0.132527
0.00179828
0.132188
0.00179716
0.131899
0.00185724
0.131658
0.00197923
0.131471
0.00213455
0.131336
0.00231821
0.131245
0.00252147
0.1312
0.00275884
0.131198
0.00301048
0.131248
0.00330096
0.131345
0.00358306
0.131503
0.0039155
0.131712
0.00419554
0.131988
0.00456318
0.132311
0.0047906
0.00520323
0.132707
0.141778
0.00378967
0.139606
0.00370028
0.138221
0.00310866
0.137502
0.00252347
0.137116
0.00218425
0.136823
0.00208952
0.136566
0.00211454
0.136359
0.00218645
0.136213
0.00228053
0.136121
0.00241035
0.136077
0.00256541
0.136074
0.00276169
0.136118
0.00296675
0.136205
0.00321386
0.136346
0.00344203
0.136533
0.00372791
0.13678
0.00394888
0.137073
0.00427003
0.137424
0.00443949
0.00480728
0.13782
0.142308
0.00697944
0.140289
0.00571931
0.139391
0.00400645
0.139044
0.00287076
0.138896
0.00233218
0.138785
0.00220033
0.138688
0.00221181
0.138623
0.00225171
0.138605
0.0022987
0.138627
0.00238786
0.138693
0.0024992
0.138793
0.00266215
0.138939
0.00282033
0.13912
0.00303263
0.139358
0.00320433
0.13963
0.00345562
0.139966
0.0036129
0.140332
0.00390463
0.140763
0.00400842
0.00435338
0.141217
0.137906
0.00512956
0.138846
0.00477921
0.139045
0.00380796
0.139021
0.00289406
0.138995
0.00235817
0.139022
0.00217371
0.139087
0.00214655
0.139175
0.00216392
0.139296
0.00217778
0.13945
0.00223355
0.13965
0.00229997
0.139883
0.00242837
0.140167
0.00253662
0.140484
0.0027158
0.140858
0.00283037
0.141261
0.00305242
0.141727
0.00314657
0.142214
0.00341755
0.142767
0.00345567
0.00379126
0.143329
0.13332
0.00354882
0.134725
0.00337444
0.135762
0.00277024
0.136472
0.00218426
0.137012
0.00181813
0.137505
0.00168058
0.137985
0.00166689
0.138452
0.00169647
0.138917
0.00171302
0.139385
0.00176593
0.13987
0.00181517
0.14037
0.0019277
0.1409
0.00200701
0.14145
0.00216563
0.142036
0.0022443
0.142643
0.00244556
0.14329
0.0024994
0.143956
0.00275216
0.144663
0.00274844
0.00307061
0.145383
0.132079
0.00162151
0.133879
0.00157478
0.135423
0.00122566
0.136697
0.0009103
0.137741
0.000773833
0.138646
0.000776511
0.1395
0.000812029
0.140317
0.000880246
0.1411
0.00093004
0.141857
0.00100823
0.142597
0.00107517
0.143332
0.00119287
0.144065
0.00127371
0.144808
0.00142333
0.145554
0.00149851
0.146317
0.00168171
0.147084
0.0017326
0.14788
0.00195638
0.148674
0.00195479
0.00223221
0.149512
0.140106
-0.00088587
0.142335
-0.000654431
0.144114
-0.000553498
0.145465
-0.000440482
0.146517
-0.000278548
0.147414
-0.000120243
0.148265
-3.92104e-05
0.149077
6.83058e-05
0.149842
0.000165736
0.150571
0.000278785
0.151267
0.000378964
0.151956
0.000504366
0.152629
0.000600679
0.153314
0.000737894
0.153985
0.000827726
0.154684
0.000982945
0.155362
0.00105458
0.156089
0.00122895
0.156783
0.00126156
0.00145865
0.157556
0.158057
-0.003822
0.1607
-0.00329785
0.162582
-0.00243509
0.163492
-0.00135051
0.163871
-0.00065788
0.164177
-0.000425993
0.164494
-0.000356751
0.164826
-0.000263907
0.16513
-0.000137681
0.165407
1.4732e-06
0.165681
0.000104715
0.165977
0.000208405
0.16628
0.000297786
0.166618
0.000400025
0.166958
0.000488032
0.167344
0.000596703
0.167724
0.000674455
0.168168
0.000785584
0.16859
0.000839629
0.00095325
0.169095
0.179841
-0.0075803
0.181962
-0.00541891
0.182374
-0.00284715
0.18207
-0.00104652
0.181631
-0.000218534
0.18121
-5.3807e-06
0.180863
-9.61884e-06
0.180599
-2.40404e-07
0.180375
8.64181e-05
0.180197
0.000179059
0.180053
0.000249159
0.179966
0.000295285
0.179924
0.000340333
0.179936
0.000387065
0.179985
0.00043949
0.180089
0.000492825
0.18022
0.000542923
0.180408
0.000597991
0.180612
0.000635581
0.000694459
0.180871
0.194829
-0.000886636
0.190145
-0.000735385
0.187821
-0.000523024
0.187193
-0.00041848
0.187264
-0.000289362
0.187414
-0.000155596
0.187457
-5.30755e-05
0.187459
-2.07099e-06
0.187513
3.21385e-05
0.18763
6.22503e-05
0.187774
0.000105234
0.187928
0.000141587
0.188087
0.000180982
0.188262
0.000212758
0.188451
0.000249886
0.188661
0.000283186
0.188886
0.000318154
0.18913
0.000353714
0.189387
0.000378429
0.000417332
0.189664
0.198861
0.00544687
0.194507
0.00361875
0.192403
0.00158051
0.191836
0.000148897
0.192226
-0.000679406
0.192633
-0.000562372
0.192835
-0.00025549
0.193011
-0.00017835
0.193241
-0.000197441
0.193498
-0.000194923
0.193766
-0.00016227
0.194025
-0.00011822
0.194278
-7.18394e-05
0.194529
-3.76017e-05
0.194781
-2.98916e-06
0.195039
2.55304e-05
0.195302
5.54489e-05
0.195572
8.37724e-05
0.195845
0.00010552
0.000130025
0.196132
0.197348
0.200967
0.202547
0.202696
0.202017
0.201454
0.201199
0.20102
0.200823
0.200628
0.200466
0.200348
0.200276
0.200238
0.200235
0.200261
0.200316
0.2004
0.200505
0.200635
0.077756
-0.0513454
0.0798838
-0.0497788
0.0819619
-0.0467836
0.0837931
-0.0424461
0.0854179
-0.0370255
0.0868547
-0.0304556
0.088139
-0.0228735
0.0893037
-0.0144219
0.090411
-0.00536387
0.00425951
0.0837565
-0.0537347
0.0856873
-0.0517096
0.0874967
-0.048593
0.0890373
-0.0439867
0.0902949
-0.0382831
0.0913488
-0.0315095
0.0922884
-0.0238131
0.0931412
-0.0152747
0.0939696
-0.00619228
0.00340125
0.0899424
-0.0558814
0.0915709
-0.0533381
0.0929794
-0.0500015
0.0941908
-0.0451981
0.0951415
-0.0392338
0.0958841
-0.0322521
0.0965365
-0.0244655
0.0971415
-0.0158797
0.0977747
-0.00682548
0.00269488
0.096544
-0.0577021
0.0978904
-0.0546844
0.0988831
-0.0509942
0.0996548
-0.0459698
0.1002
-0.0397792
0.100563
-0.0326148
0.100872
-0.0247747
0.101208
-0.0162155
0.101637
-0.00725415
0.00211965
0.103597
-0.0590717
0.10449
-0.0555777
0.104947
-0.0514519
0.105158
-0.0461807
0.105204
-0.0398246
0.105143
-0.0325537
0.105088
-0.0247206
0.105148
-0.0162749
0.105377
-0.00748317
0.00165628
0.110913
-0.0597738
0.111136
-0.0558004
0.11092
-0.0512361
0.110473
-0.0457333
0.109942
-0.0392942
0.109418
-0.0320297
0.108993
-0.0242949
0.108777
-0.0160598
0.108822
-0.00752784
0.00128704
0.118118
-0.0595558
0.117467
-0.0551494
0.116456
-0.0502248
0.115292
-0.0445697
0.114158
-0.0381603
0.113167
-0.0310382
0.112391
-0.0235189
0.111926
-0.0155954
0.111817
-0.00741897
0.000988388
0.124704
-0.0582199
0.12306
-0.053505
0.121209
-0.0483739
0.119345
-0.0427053
0.117648
-0.0364636
0.116237
-0.0296269
0.115166
-0.0224481
0.114504
-0.014933
0.114284
-0.00719979
0.000729189
0.130187
-0.0557003
0.127561
-0.0508794
0.12494
-0.0457525
0.122482
-0.0402471
0.120338
-0.0343202
0.118612
-0.0279005
0.117337
-0.021173
0.116551
-0.0141471
0.116274
-0.00692306
0.000474721
0.134245
-0.0521248
0.130815
-0.0474495
0.127622
-0.04256
0.124773
-0.0373974
0.122367
-0.0319145
0.120477
-0.0260104
0.119114
-0.0198104
0.118291
-0.013324
0.118011
-0.00664313
0.000195141
0.136925
-0.0478332
0.133028
-0.0435521
0.129573
-0.0391053
0.126601
-0.0344249
0.124152
-0.0294659
0.122263
-0.0241211
0.120927
-0.0184748
0.120143
-0.0125393
0.119902
-0.00640266
-0.000118779
0.13883
-0.0433339
0.134901
-0.0396227
0.13153
-0.0357347
0.128695
-0.0315902
0.126389
-0.0271593
0.124619
-0.0223508
0.123376
-0.0172328
0.122659
-0.0118222
0.122467
-0.00621038
-0.000447661
0.141224
-0.0391741
0.137646
-0.0360453
0.134595
-0.0326836
0.13202
-0.0290154
0.129901
-0.0250396
0.128244
-0.0206939
0.12706
-0.0160491
0.126361
-0.011123
0.126162
-0.00601171
-0.000757405
0.145897
-0.0355588
0.142695
-0.0328436
0.139864
-0.0298529
0.137386
-0.0265375
0.13527
-0.0229232
0.133551
-0.0189749
0.132269
-0.0147676
0.13146
-0.010314
0.131159
-0.00571011
-0.0009819
0.154012
-0.0320151
0.150686
-0.0295167
0.147598
-0.0267655
0.144797
-0.0237359
0.142334
-0.0204609
0.14028
-0.0169204
0.138693
-0.0131804
0.137627
-0.00924824
0.137122
-0.00520571
-0.0010671
0.164725
-0.0276452
0.160558
-0.0253494
0.156666
-0.0228736
0.153134
-0.0202038
0.150033
-0.0173603
0.147443
-0.0143303
0.145419
-0.0111563
0.144018
-0.00784754
0.143271
-0.00445831
-0.00100498
0.175184
-0.0219585
0.169878
-0.0200432
0.165019
-0.0180148
0.160682
-0.0158666
0.156924
-0.0136027
0.153812
-0.0112174
0.151383
-0.00872798
0.149688
-0.00615194
0.148742
-0.00351311
-0.000838994
0.182991
-0.0152859
0.176863
-0.0139143
0.171324
-0.0124759
0.166427
-0.0109699
0.162216
-0.00939182
0.158742
-0.00774314
0.156038
-0.00602414
0.154143
-0.00425682
0.153074
-0.00244381
-0.000617424
0.188776
-0.0079301
0.182061
-0.00719912
0.176026
-0.00644103
0.170711
-0.00565461
0.166154
-0.0048346
0.162395
-0.0039844
0.15947
-0.00309942
0.157409
-0.00219527
0.156232
-0.0012675
-0.000339491
0.192705
0.185506
0.179065
0.173411
0.168576
0.164592
0.161492
0.159297
0.158029
)
;

boundaryField
{
    bottom
    {
        type            symmetryPlane;
        value           uniform 0;
    }
    right
    {
        type            calculated;
        value           nonuniform List<scalar> 
30
(
-0.0128322
-0.0105444
-0.00600281
0.00074507
0.00953797
0.0202983
0.032951
0.0474518
0.0633982
0.0795747
0.0854455
0.0959297
0.104522
0.11161
0.117789
0.123548
0.129156
0.134678
0.140052
0.145199
0.150127
0.154999
0.160128
0.165852
0.172336
0.179393
0.186454
0.192724
0.197413
0.199921
)
;
    }
    top
    {
        type            symmetryPlane;
        value           uniform 0;
    }
    left
    {
        type            calculated;
        value           nonuniform List<scalar> 
30
(
-0.039236
-0.0401045
-0.0418245
-0.0443336
-0.0475556
-0.0514001
-0.0557741
-0.0605979
-0.0657962
-0.0714017
-0.0704952
-0.0759108
-0.0821352
-0.0880686
-0.0953387
-0.104123
-0.114828
-0.129039
-0.138874
-0.144156
-0.145498
-0.136056
-0.131739
-0.130152
-0.137598
-0.15512
-0.176082
-0.201522
-0.205194
-0.191901
)
;
    }
    cylinder
    {
        type            calculated;
        value           uniform 0;
    }
    defaultFaces
    {
        type            empty;
        value           nonuniform 0();
    }
}


// ************************************************************************* //
