/*--------------------------------*- C++ -*----------------------------------*\
| =========                 |                                                 |
| \\      /  F ield         | OpenFOAM: The Open Source CFD Toolbox           |
|  \\    /   O peration     | Version:  4.1                                   |
|   \\  /    A nd           | Web:      www.OpenFOAM.org                      |
|    \\/     M anipulation  |                                                 |
\*---------------------------------------------------------------------------*/
FoamFile
{
    version     2.0;
    format      ascii;
    class       volVectorField;
    location    "8.8";
    object      U;
}
// * * * * * * * * * * * * * * * * * * * * * * * * * * * * * * * * * * * * * //

dimensions      [0 1 -1 0 0 0 0];

internalField   nonuniform List<vector> 
2000
(
(-0.043597 0.0366461 3.38915e-20)
(-0.0277334 0.0470654 0)
(0.0771619 0.0357732 5.25275e-20)
(0.257731 0.0175691 2.31725e-20)
(0.495349 0.00205404 -4.31613e-20)
(0.760583 -0.00735535 -5.7869e-20)
(1.02443 -0.00914911 1.81246e-20)
(1.257 -0.0105455 0)
(1.47186 -0.00181561 -1.48724e-20)
(1.60105 -0.00672758 0)
(-0.040009 0.0298229 -1.67306e-20)
(0.0148745 0.0252571 1.4538e-20)
(0.186708 0.00825187 -5.68471e-20)
(0.447144 -0.00648018 -7.46042e-20)
(0.752494 -0.0118116 -1.00483e-21)
(1.054 -0.00853706 1.89328e-20)
(1.31623 -0.000243776 -1.85747e-20)
(1.52476 0.0069375 -1.61504e-20)
(1.67936 0.016727 1.48716e-20)
(1.76528 0.0104023 2.57541e-20)
(-0.0291765 0.0208219 1.86237e-20)
(0.0839181 0.00165291 -1.74441e-20)
(0.341653 -0.0143817 2.86608e-20)
(0.68278 -0.0171579 -1.70271e-21)
(1.03011 -0.00750556 2.26315e-20)
(1.32692 0.00762093 2.02209e-20)
(1.55088 0.0220261 1.80736e-20)
(1.70382 0.0311379 1.615e-20)
(1.7994 0.0370256 1.37162e-20)
(1.86113 0.0315811 -1.19771e-20)
(-0.00824947 0.00987638 -7.23745e-22)
(0.185036 -0.020552 -1.91084e-20)
(0.53934 -0.0255631 0)
(0.939866 -0.00987428 2.51511e-20)
(1.28757 0.0137424 -2.52832e-20)
(1.54231 0.0350361 0)
(1.70759 0.0492476 0)
(1.80532 0.055138 0)
(1.86356 0.0571367 -1.3717e-20)
(1.89281 0.0497013 2.28698e-20)
(0.0258211 -0.00201517 4.71002e-20)
(0.320684 -0.0356196 7.79868e-23)
(0.764425 -0.0193448 1.81583e-20)
(1.18501 0.0150784 1.35726e-20)
(1.49501 0.0464274 1.28608e-20)
(1.68999 0.0671574 1.0623e-20)
(1.79989 0.0769692 0)
(1.85921 0.0787471 7.17218e-21)
(1.89204 0.0764254 -2.91822e-20)
(1.91584 0.0674257 3.79381e-20)
(0.0756258 -0.0125899 -7.52331e-20)
(0.486729 -0.0362958 2.04727e-21)
(0.99171 0.00625861 -3.61253e-20)
(1.39223 0.0535439 3.2141e-20)
(1.64456 0.0853446 -3.71901e-20)
(1.78173 0.101084 1.22175e-20)
(1.85 0.105286 0)
(1.8845 0.102645 -7.17282e-21)
(1.907 0.0966363 5.87826e-21)
(1.92593 0.0875482 1.55667e-20)
(0.142163 -0.0185614 0)
(0.670358 -0.0172664 0)
(1.19748 0.0489509 -1.89428e-20)
(1.55147 0.101044 1.7634e-20)
(1.7433 0.127863 -1.19971e-20)
(1.8332 0.136471 1.12636e-20)
(1.87291 0.13464 1.45151e-20)
(1.89403 0.127732 -1.37202e-20)
(1.91093 0.118651 -8.4962e-21)
(1.92914 0.108821 4.05542e-21)
(0.223995 -0.0162904 1.56771e-20)
(0.853394 0.0224984 0)
(1.36801 0.10488 -8.85562e-21)
(1.66417 0.1545 3.32419e-20)
(1.80172 0.172824 -2.02424e-20)
(1.85631 0.173274 0)
(1.87825 0.165458 0)
(1.89228 0.154388 0)
(1.90761 0.142447 -6.24516e-21)
(1.92572 0.131828 5.93652e-21)
(0.31655 -0.00281544 -8.04163e-21)
(1.0191 0.0801665 -3.40164e-22)
(1.4986 0.170305 -1.06336e-20)
(1.73608 0.211819 3.90313e-21)
(1.82903 0.219493 3.69373e-21)
(1.85908 0.211459 4.88419e-21)
(1.87063 0.197745 0)
(1.88168 0.182556 -7.5661e-22)
(1.89654 0.167969 -2.11066e-21)
(1.91469 0.155589 1.65078e-21)
(0.41276 0.0233552 0)
(1.15668 0.151206 -6.81097e-21)
(1.58952 0.241808 0)
(1.7735 0.27141 -2.26623e-21)
(1.83211 0.267254 -2.0931e-21)
(1.84606 0.250686 -2.0756e-21)
(1.85218 0.231114 0)
(1.8623 0.211752 7.5669e-22)
(1.87759 0.194388 3.739e-22)
(1.89627 0.179605 -2.44749e-22)
(-0.00975716 0.00933956 0)
(-0.0388631 0.0172246 -2.64421e-21)
(-0.0800178 0.019958 0)
(-0.119885 0.0205078 -3.53873e-21)
(-0.156091 0.0201614 -1.1405e-21)
(-0.188637 0.0195414 2.15304e-21)
(-0.21784 0.0189637 -2.02764e-21)
(-0.244191 0.018595 1.97911e-21)
(-0.268397 0.0185696 -4.89591e-24)
(-0.291537 0.0190193 1.81407e-21)
(-0.0113528 0.0268186 -8.34201e-21)
(-0.0397935 0.0498114 5.22676e-21)
(-0.0777285 0.0579766 -5.0482e-21)
(-0.113471 0.0596258 2.34405e-21)
(-0.144964 0.0584864 1.13217e-20)
(-0.172163 0.0564036 -4.26259e-21)
(-0.195306 0.0543382 0)
(-0.214743 0.0528378 -1.97245e-21)
(-0.230948 0.052348 -1.89883e-21)
(-0.245425 0.0533143 0)
(-0.0142717 0.0409523 5.56388e-21)
(-0.041706 0.0771615 0)
(-0.073893 0.0905244 1.53488e-20)
(-0.10217 0.0932475 -1.93383e-20)
(-0.125087 0.091096 4.56836e-21)
(-0.142626 0.0870176 0)
(-0.154959 0.0826048 0)
(-0.162266 0.0788756 0)
(-0.164477 0.0767221 1.56192e-20)
(-0.163238 0.0771215 -1.48442e-20)
(-0.0180139 0.0504245 0)
(-0.0446109 0.0968683 -1.13161e-20)
(-0.0696459 0.114746 2.10849e-20)
(-0.088236 0.118404 -9.87024e-21)
(-0.099878 0.115036 9.49438e-21)
(-0.104751 0.108434 -2.70102e-20)
(-0.103047 0.100671 -2.35151e-22)
(-0.0949783 0.0931664 1.63381e-20)
(-0.079904 0.0874239 1.57749e-20)
(-0.0571787 0.0859129 -2.2502e-20)
(-0.0220951 0.0550433 1.21359e-20)
(-0.0484128 0.107843 -2.34965e-20)
(-0.065927 0.128864 -1.13902e-22)
(-0.0735503 0.132997 1.47752e-22)
(-0.0719708 0.128222 9.65964e-21)
(-0.0617491 0.118867 -2.73659e-20)
(-0.0431467 0.107231 0)
(-0.0165753 0.0947742 -8.31841e-21)
(0.0185302 0.0833809 7.91208e-21)
(0.0676044 0.0778054 -3.0707e-20)
(-0.0262423 0.05559 -2.73658e-22)
(-0.0528321 0.110334 2.39537e-20)
(-0.0628816 0.132306 1.10174e-20)
(-0.0584426 0.135844 1.06976e-20)
(-0.0413626 0.129246 9.70058e-21)
(-0.0125845 0.117134 9.18854e-21)
(0.0276101 0.101897 0)
(0.0786894 0.0848413 8.31774e-21)
(0.138456 0.0672103 2.34323e-20)
(0.226393 0.0556085 -7.77757e-21)
(-0.0304624 0.053426 4.37405e-23)
(-0.0572497 0.105716 1.25221e-20)
(-0.0591364 0.125694 0)
(-0.0403769 0.126837 -2.08019e-20)
(-0.0034801 0.117521 1.97726e-20)
(0.0503906 0.102495 0)
(0.120826 0.0843667 0)
(0.207935 0.0650887 0)
(0.298427 0.0429833 -1.5773e-20)
(0.445258 0.0267002 -3.02943e-20)
(-0.0348309 0.049944 -1.38554e-20)
(-0.0603373 0.0958518 1.29787e-20)
(-0.0510247 0.110623 2.37863e-20)
(-0.0124487 0.107249 3.66059e-22)
(0.0527999 0.094127 2.00024e-20)
(0.143133 0.0761633 1.86251e-20)
(0.256493 0.0560987 1.74733e-20)
(0.393257 0.0378602 1.64145e-20)
(0.520369 0.0150682 1.57708e-20)
(0.738029 0.000747967 -1.43063e-20)
(-0.0391445 0.0460231 -4.4292e-20)
(-0.0594608 0.0823575 -1.28703e-20)
(-0.0319277 0.0892377 -4.77165e-20)
(0.0370728 0.0797848 -2.17294e-20)
(0.144566 0.0627428 3.14663e-22)
(0.286342 0.0431785 -1.84351e-20)
(0.455135 0.0239592 1.75899e-20)
(0.645119 0.00952351 -1.64121e-20)
(0.814783 -0.00813428 1.55404e-20)
(1.07583 -0.0128481 -2.94894e-20)
(-0.0425799 0.0417777 2.98828e-20)
(-0.0504194 0.0660804 0)
(0.00737873 0.0636325 2.45339e-20)
(0.122836 0.0483134 -2.33081e-23)
(0.289339 0.0294813 4.696e-22)
(0.49409 0.0120649 1.87888e-20)
(0.720464 -0.000633958 -5.2934e-20)
(0.946497 -0.00942038 0)
(1.15689 -0.0148093 -1.55379e-20)
(1.38867 -0.0106036 0)
(-0.314361 0.0197381 0)
(-0.338604 0.0190989 -1.85955e-21)
(-0.361733 0.0182422 3.75664e-21)
(-0.383902 0.0173049 -1.65707e-21)
(-0.405012 0.0162536 0)
(-0.42488 0.0150602 1.93701e-21)
(-0.443295 0.0136952 -1.9466e-21)
(-0.460003 0.0121271 0)
(-0.474705 0.0103236 0)
(-0.487038 0.00825248 2.37226e-22)
(-0.496556 0.00587814 0)
(-0.502776 0.00315804 0)
(-0.505303 5.14131e-05 0)
(-0.503692 -0.00346277 0)
(-0.497519 -0.00735914 -3.01456e-22)
(-0.486498 -0.0115224 3.03018e-22)
(-0.470012 -0.0156993 0)
(-0.445871 -0.0196459 -5.67905e-23)
(-0.412427 -0.023394 5.70894e-23)
(-0.382194 -0.0266925 0)
(-0.260855 0.0552414 0)
(-0.281171 0.0534584 4.73598e-22)
(-0.300089 0.0510106 0)
(-0.318073 0.0483175 7.51767e-21)
(-0.335166 0.0452941 -7.29744e-21)
(-0.351184 0.0418694 4.99554e-22)
(-0.365936 0.0379643 -3.93785e-21)
(-0.3792 0.0334955 8.36968e-21)
(-0.390725 0.0283815 -7.29011e-21)
(-0.40022 0.022541 4.12631e-21)
(-0.407346 0.0158849 3.62392e-21)
(-0.411757 0.00832088 -6.62157e-21)
(-0.41325 -0.000238616 3.45203e-21)
(-0.411442 -0.00990615 1.84204e-21)
(-0.40602 -0.0206593 -1.45317e-21)
(-0.396757 -0.0322776 3.0529e-22)
(-0.383238 -0.0441601 2.47244e-22)
(-0.363704 -0.0555377 2.56448e-22)
(-0.3359 -0.0661948 -2.57691e-22)
(-0.308635 -0.0754243 2.60408e-23)
(-0.166644 0.0800426 -4.75691e-22)
(-0.179647 0.077332 -4.74432e-22)
(-0.191084 0.0737227 -4.92679e-22)
(-0.201629 0.069649 0)
(-0.211578 0.0650145 -9.04739e-21)
(-0.22076 0.0597486 7.06416e-21)
(-0.229005 0.0537521 0)
(-0.236123 0.0469106 -1.01646e-21)
(-0.241911 0.0391242 -4.95404e-22)
(-0.246155 0.0303092 6.82851e-21)
(-0.248614 0.0203952 -2.88264e-22)
(-0.249055 0.00930471 -8.52263e-21)
(-0.247615 -0.00311876 -4.50444e-22)
(-0.244031 -0.0169819 -3.93238e-22)
(-0.23817 -0.0323013 -3.77768e-22)
(-0.229989 -0.0489708 8.41866e-22)
(-0.219392 -0.0664683 -7.7184e-22)
(-0.205504 -0.0837171 -8.96256e-22)
(-0.185985 -0.0998678 -1.91716e-22)
(-0.16333 -0.113786 1.15326e-23)
(-0.04701 0.0888374 -1.50532e-20)
(-0.0511189 0.0865221 -2.09976e-22)
(-0.053167 0.0825712 2.77576e-22)
(-0.0545189 0.0776617 1.61043e-20)
(-0.0555704 0.0720104 1.54275e-21)
(-0.0561893 0.0655218 5.1228e-22)
(-0.0562583 0.0580471 -1.56478e-20)
(-0.055631 0.0494754 8.93132e-21)
(-0.0541273 0.0397146 8.36029e-21)
(-0.0515572 0.0287102 -8.64417e-21)
(-0.0477219 0.0164381 2.68572e-22)
(-0.0426503 0.00299327 9.33982e-21)
(-0.0365429 -0.0119849 4.467e-22)
(-0.0291329 -0.0283699 4.1193e-21)
(-0.0205148 -0.0461111 -2.88311e-21)
(-0.0108658 -0.0651411 -2.46043e-21)
(-0.000271825 -0.0851851 2.16001e-21)
(0.0112232 -0.105638 0)
(0.0240835 -0.125291 3.90911e-22)
(0.0426192 -0.142406 3.45843e-23)
(0.0915566 0.0810778 3.04094e-20)
(0.098112 0.0803388 -1.50534e-20)
(0.10403 0.0765648 1.6078e-20)
(0.111588 0.0713731 0)
(0.119676 0.0653312 -1.03519e-21)
(0.127894 0.0583135 -1.69388e-20)
(0.136329 0.0500719 -1.11416e-21)
(0.145135 0.0404765 3.52852e-23)
(0.154444 0.0294861 1.70453e-20)
(0.164392 0.0171354 1.03497e-21)
(0.175288 0.00352313 0)
(0.186581 -0.0117249 -9.745e-22)
(0.198214 -0.028412 0)
(0.210599 -0.0463108 -8.61328e-22)
(0.223433 -0.0653216 0)
(0.236479 -0.0852466 0)
(0.249296 -0.105709 5.6485e-22)
(0.261924 -0.12656 -7.18769e-22)
(0.272836 -0.146528 6.3829e-22)
(0.289522 -0.165759 -1.85645e-22)
(0.260009 0.0607079 0)
(0.275443 0.0613197 -1.00408e-21)
(0.287077 0.0578967 -3.28527e-20)
(0.301067 0.0527011 3.1819e-20)
(0.316484 0.0466347 -1.0473e-21)
(0.332141 0.039516 0)
(0.347856 0.0310083 -1.71614e-20)
(0.363849 0.020955 3.32434e-20)
(0.380325 0.00941256 -1.82277e-20)
(0.397299 -0.00360326 -1.05975e-21)
(0.414303 -0.0182444 -1.03731e-21)
(0.431211 -0.034552 -1.00262e-21)
(0.448496 -0.0520252 0)
(0.465857 -0.070597 5.88817e-21)
(0.48294 -0.0900461 -1.36371e-20)
(0.49966 -0.110097 6.05158e-21)
(0.515121 -0.130107 -5.86694e-22)
(0.530442 -0.150093 -4.44357e-22)
(0.541169 -0.167737 1.88765e-22)
(0.558489 -0.187265 -1.87159e-22)
(0.4809 0.0339728 3.00837e-20)
(0.500466 0.0356022 0)
(0.514001 0.0319622 -1.01837e-21)
(0.530318 0.0265374 2.06098e-21)
(0.549276 0.0204776 2.08838e-21)
(0.569064 0.0131953 1.05305e-21)
(0.589147 0.00442521 1.06111e-21)
(0.609746 -0.00591728 -1.60175e-20)
(0.630923 -0.0178605 1.91724e-20)
(0.652195 -0.0314425 1.87447e-20)
(0.673491 -0.0466948 -1.55886e-20)
(0.694792 -0.0631442 1.97406e-21)
(0.715899 -0.0807341 -7.27703e-21)
(0.736509 -0.0992644 1.44967e-21)
(0.756245 -0.118366 8.25097e-21)
(0.77512 -0.137743 6.85715e-22)
(0.791763 -0.156461 -8.7504e-22)
(0.808285 -0.174972 1.0283e-21)
(0.818688 -0.189733 1.68159e-21)
(0.83526 -0.207057 8.99432e-23)
(0.766455 0.00957123 0)
(0.783581 0.0109034 -3.26691e-20)
(0.79498 0.00583231 3.35478e-20)
(0.809668 -0.000338187 -1.03051e-21)
(0.827829 -0.00689941 -2.06539e-21)
(0.847565 -0.0146192 -1.0521e-21)
(0.868211 -0.0239765 -2.09578e-21)
(0.889559 -0.0348766 0)
(0.911559 -0.0472938 -1.05022e-21)
(0.933828 -0.0611582 -1.03469e-21)
(0.956163 -0.0763214 -9.87235e-22)
(0.978084 -0.0926106 -1.91902e-21)
(0.99952 -0.109861 0)
(1.01984 -0.127727 0)
(1.03897 -0.145808 -7.6968e-22)
(1.05637 -0.163776 -6.15629e-21)
(1.07141 -0.180578 4.26555e-21)
(1.08506 -0.196841 -3.98797e-22)
(1.09368 -0.208848 -8.55834e-22)
(1.10487 -0.222592 2.46818e-22)
(1.09285 -0.00374797 3.07703e-20)
(1.104 -0.00517882 0)
(1.11224 -0.012638 0)
(1.12406 -0.0200132 -3.24575e-20)
(1.13936 -0.0276239 5.82413e-22)
(1.15621 -0.0366067 6.52218e-20)
(1.17386 -0.0471971 -3.15202e-20)
(1.19228 -0.0589642 0)
(1.21129 -0.0718711 0)
(1.23017 -0.0859008 0)
(1.24895 -0.100991 5.06854e-22)
(1.26673 -0.116879 1.38072e-21)
(1.28396 -0.133378 1.33549e-20)
(1.29915 -0.150097 -1.2876e-20)
(1.31347 -0.166671 5.35441e-21)
(1.32453 -0.182708 -4.68627e-21)
(1.3347 -0.197294 0)
(1.34046 -0.210789 2.04668e-22)
(1.34552 -0.22036 2.41588e-22)
(1.34597 -0.230031 0)
(1.40921 -0.00974584 -4.99094e-22)
(1.42139 -0.017472 -3.21158e-20)
(1.43061 -0.025548 3.1782e-20)
(1.4405 -0.032544 0)
(1.45101 -0.0403469 3.15626e-20)
(1.46167 -0.0497351 -6.26688e-20)
(1.47272 -0.0602637 3.11101e-20)
(1.48389 -0.0718108 0)
(1.49527 -0.0844699 1.51023e-20)
(1.50601 -0.0981651 -2.962e-20)
(1.51668 -0.112755 1.49834e-20)
(1.52579 -0.127961 -4.39305e-22)
(1.53476 -0.143524 0)
(1.54081 -0.159076 -1.15435e-20)
(1.54713 -0.174169 1.595e-20)
(1.5486 -0.188469 -4.84503e-21)
(1.55187 -0.201119 -3.19763e-21)
(1.54732 -0.212316 2.23971e-21)
(1.54814 -0.220062 1.09405e-21)
(1.53617 -0.226578 0)
(1.71948 -0.00600819 0)
(1.71197 -0.0156419 0)
(1.7058 -0.0236401 0)
(1.70089 -0.0317702 0)
(1.69805 -0.0409196 0)
(1.69707 -0.0509347 0)
(1.69782 -0.0615797 0)
(1.69927 -0.0728484 0)
(1.70156 -0.0847982 0)
(1.70337 -0.0974015 0)
(1.70565 -0.110567 0)
(1.70626 -0.124148 0)
(1.70742 -0.137883 0)
(1.70532 -0.151599 0)
(1.70463 -0.164784 0)
(1.6983 -0.177444 0)
(1.69585 -0.188531 0)
(1.68379 -0.198783 0)
(1.68105 -0.205754 0)
(1.66126 -0.212475 0)
(1.83334 0.000749198 0)
(1.83468 -0.00828965 0)
(1.83366 -0.0172012 0)
(1.8314 -0.0268666 0)
(1.82953 -0.0373392 0)
(1.82825 -0.0483725 0)
(1.8277 -0.0598173 0)
(1.82685 -0.0716466 0)
(1.82618 -0.0838688 0)
(1.82436 -0.0964712 0)
(1.82275 -0.109341 0)
(1.81906 -0.122379 0)
(1.81602 -0.135295 0)
(1.80941 -0.148005 0)
(1.80472 -0.159971 0)
(1.79408 -0.171323 0)
(1.78833 -0.181031 0)
(1.77242 -0.18989 0)
(1.76756 -0.195749 0)
(1.74459 -0.201122 0)
(1.90215 0.0030249 0)
(1.90659 -0.00721086 0)
(1.90688 -0.0168934 0)
(1.90518 -0.0269203 0)
(1.90371 -0.0374285 0)
(1.9026 -0.0483245 0)
(1.90193 -0.0595084 0)
(1.90054 -0.0709478 0)
(1.89899 -0.0826069 0)
(1.89592 -0.0944792 0)
(1.89288 -0.106423 0)
(1.88753 -0.11839 0)
(1.88287 -0.130061 0)
(1.87451 -0.141452 0)
(1.86832 -0.151983 0)
(1.85612 -0.161943 0)
(1.84927 -0.170246 0)
(1.83221 -0.177887 0)
(1.82692 -0.182702 0)
(1.80329 -0.187353 0)
(1.94779 0.00504803 0)
(1.9534 -0.00599831 0)
(1.95437 -0.0165223 0)
(1.95296 -0.0268264 0)
(1.95157 -0.0371829 0)
(1.9504 -0.0477062 0)
(1.94957 -0.0583854 0)
(1.94789 -0.0692089 0)
(1.94594 -0.0801145 0)
(1.94236 -0.0911048 0)
(1.93878 -0.102026 0)
(1.93286 -0.112882 0)
(1.92768 -0.123345 0)
(1.91887 -0.133516 0)
(1.91236 -0.14279 0)
(1.9 -0.151584 0)
(1.8931 -0.158767 0)
(1.87632 -0.16552 0)
(1.8712 -0.169608 0)
(1.84838 -0.173954 0)
(1.98261 0.00527874 0)
(1.98868 -0.00596989 0)
(1.99032 -0.0166664 0)
(1.98934 -0.0268655 0)
(1.98808 -0.0368624 0)
(1.98685 -0.0468728 0)
(1.98588 -0.0569441 0)
(1.98402 -0.0670812 0)
(1.98187 -0.0772038 0)
(1.97808 -0.0873176 0)
(1.97432 -0.0972665 0)
(1.96826 -0.107089 0)
(1.96303 -0.116465 0)
(1.95429 -0.12555 0)
(1.94792 -0.133748 0)
(1.93595 -0.141543 0)
(1.92939 -0.14782 0)
(1.91342 -0.15383 0)
(1.90866 -0.157382 0)
(1.88719 -0.161405 0)
(2.01534 0.00424047 0)
(2.02145 -0.00663361 0)
(2.02351 -0.0170559 0)
(2.02284 -0.02694 0)
(2.02163 -0.036495 0)
(2.02026 -0.0459478 0)
(2.0191 -0.0553778 0)
(2.01704 -0.0648073 0)
(2.01473 -0.0741524 0)
(2.01079 -0.0834205 0)
(2.00695 -0.0924592 0)
(2.00087 -0.101328 0)
(1.9957 -0.109725 0)
(1.98717 -0.117836 0)
(1.98105 -0.125093 0)
(1.96957 -0.13201 0)
(1.96342 -0.137518 0)
(1.94829 -0.142872 0)
(1.94392 -0.145975 0)
(1.92374 -0.149656 0)
(2.05002 0.00271084 0)
(2.05579 -0.00748932 0)
(2.0579 -0.0174246 0)
(2.05733 -0.0268772 0)
(2.05606 -0.0359434 0)
(2.05445 -0.0448208 0)
(2.05301 -0.0536027 0)
(2.05066 -0.0623276 0)
(2.04813 -0.0709184 0)
(2.04401 -0.0793846 0)
(2.04005 -0.0875813 0)
(2.03391 -0.095578 0)
(2.02876 -0.103098 0)
(2.02036 -0.110339 0)
(2.01445 -0.116773 0)
(2.00335 -0.122914 0)
(1.99754 -0.127763 0)
(1.98306 -0.132528 0)
(1.97901 -0.135249 0)
(1.95985 -0.138589 0)
(2.08721 0.001149 0)
(2.09233 -0.0083157 0)
(2.09424 -0.01766 0)
(2.09362 -0.0265874 0)
(2.09221 -0.0351132 0)
(2.09032 -0.0433969 0)
(2.08853 -0.0515307 0)
(2.08583 -0.0595642 0)
(2.083 -0.0674309 0)
(2.07862 -0.0751419 0)
(2.07447 -0.0825625 0)
(2.06818 -0.0897648 0)
(2.06299 -0.0964982 0)
(2.0546 -0.10296 0)
(2.04879 -0.108671 0)
(2.0379 -0.114123 0)
(2.03231 -0.1184 0)
(2.01826 -0.122633 0)
(2.01443 -0.125027 0)
(1.99598 -0.128027 0)
(2.12597 -0.000295523 0)
(2.13029 -0.00901063 0)
(2.13188 -0.0176867 0)
(2.13112 -0.0260117 0)
(2.12952 -0.0339508 0)
(2.12732 -0.0416232 0)
(2.12515 -0.0491114 0)
(2.12206 -0.0564691 0)
(2.1189 -0.0636406 0)
(2.1142 -0.0706382 0)
(2.10981 -0.0773384 0)
(2.10331 -0.0838115 0)
(2.09799 -0.0898329 0)
(2.08951 -0.0955924 0)
(2.0837 -0.10066 0)
(2.07287 -0.105493 0)
(2.06739 -0.109268 0)
(2.05357 -0.113016 0)
(2.04988 -0.115122 0)
(2.03184 -0.117791 0)
(2.16508 -0.00154912 0)
(2.16859 -0.00949157 0)
(2.16977 -0.0174498 0)
(2.16881 -0.0251206 0)
(2.167 -0.0324366 0)
(2.16448 -0.0394817 0)
(2.16194 -0.0463255 0)
(2.15845 -0.0530205 0)
(2.15493 -0.0595204 0)
(2.14989 -0.0658381 0)
(2.14523 -0.0718621 0)
(2.13846 -0.0776579 0)
(2.13296 -0.0830264 0)
(2.12431 -0.0881448 0)
(2.11844 -0.0926311 0)
(2.10755 -0.096904 0)
(2.10211 -0.100229 0)
(2.08835 -0.103535 0)
(2.08473 -0.105384 0)
(2.06689 -0.107737 0)
(2.20348 -0.00253844 0)
(2.20618 -0.00969561 0)
(2.20692 -0.0169118 0)
(2.20571 -0.023897 0)
(2.20368 -0.030564 0)
(2.20083 -0.036969 0)
(2.19794 -0.0431686 0)
(2.19404 -0.0492112 0)
(2.19017 -0.0550586 0)
(2.18477 -0.0607231 0)
(2.17983 -0.0661055 0)
(2.17277 -0.0712655 0)
(2.16707 -0.0760279 0)
(2.15819 -0.0805543 0)
(2.15222 -0.0845096 0)
(2.14119 -0.0882693 0)
(2.13574 -0.0911874 0)
(2.12192 -0.0940862 0)
(2.11833 -0.0957045 0)
(2.10052 -0.0977611 0)
(2.24026 -0.00320619 0)
(2.24217 -0.00958182 0)
(2.24245 -0.0160484 0)
(2.24096 -0.022332 0)
(2.23869 -0.0283343 0)
(2.23553 -0.0340907 0)
(2.23229 -0.0396467 0)
(2.22801 -0.0450459 0)
(2.2238 -0.0502562 0)
(2.21805 -0.0552893 0)
(2.21283 -0.0600581 0)
(2.20546 -0.0646154 0)
(2.19956 -0.068809 0)
(2.19043 -0.0727832 0)
(2.18433 -0.0762474 0)
(2.1731 -0.0795323 0)
(2.1676 -0.0820776 0)
(2.15365 -0.0846004 0)
(2.15007 -0.0860078 0)
(2.13219 -0.0877878 0)
(2.27462 -0.0035302 0)
(2.27578 -0.00913892 0)
(2.2756 -0.0148573 0)
(2.27383 -0.0204316 0)
(2.27132 -0.0257598 0)
(2.26787 -0.0308626 0)
(2.26432 -0.0357766 0)
(2.25968 -0.0405399 0)
(2.25514 -0.0451263 0)
(2.24906 -0.0495458 0)
(2.24357 -0.0537235 0)
(2.23591 -0.0577047 0)
(2.22979 -0.0613595 0)
(2.22041 -0.0648133 0)
(2.21417 -0.067818 0)
(2.20273 -0.07066 0)
(2.19716 -0.0728596 0)
(2.18303 -0.0750328 0)
(2.17943 -0.0762457 0)
(2.16141 -0.0777689 0)
(2.30585 -0.00352458 0)
(2.30632 -0.00838328 0)
(2.30571 -0.0133574 0)
(2.30368 -0.0182184 0)
(2.30096 -0.022867 0)
(2.29725 -0.0273132 0)
(2.29342 -0.0315869 0)
(2.28846 -0.0357208 0)
(2.28364 -0.0396938 0)
(2.27725 -0.0435141 0)
(2.27152 -0.0471184 0)
(2.26358 -0.0505447 0)
(2.25727 -0.0536839 0)
(2.24763 -0.0566427 0)
(2.24126 -0.059213 0)
(2.2296 -0.0616374 0)
(2.22395 -0.0635129 0)
(2.20963 -0.0653589 0)
(2.206 -0.0663905 0)
(2.18781 -0.0676751 0)
(2.3333 -0.00323521 0)
(2.33321 -0.00735764 0)
(2.33224 -0.0115908 0)
(2.32998 -0.0157354 0)
(2.3271 -0.0196995 0)
(2.32318 -0.0234866 0)
(2.31911 -0.0271207 0)
(2.31389 -0.0306296 0)
(2.30883 -0.0339965 0)
(2.30218 -0.0372281 0)
(2.29624 -0.0402719 0)
(2.28806 -0.0431591 0)
(2.28158 -0.0458 0)
(2.27172 -0.0482831 0)
(2.26522 -0.0504379 0)
(2.25334 -0.0524646 0)
(2.24762 -0.0540325 0)
(2.2331 -0.0555691 0)
(2.22945 -0.0564297 0)
(2.21107 -0.0574914 0)
(2.35653 -0.00273801 0)
(2.356 -0.00613142 0)
(2.35476 -0.00962282 0)
(2.35235 -0.0130449 0)
(2.34935 -0.0163175 0)
(2.34529 -0.0194405 0)
(2.34105 -0.0224331 0)
(2.33562 -0.0253178 0)
(2.33037 -0.0280819 0)
(2.32351 -0.0307306 0)
(2.31741 -0.0332217 0)
(2.30902 -0.0355801 0)
(2.30241 -0.0377343 0)
(2.29234 -0.0397553 0)
(2.28573 -0.0415077 0)
(2.27367 -0.0431514 0)
(2.26788 -0.0444234 0)
(2.25317 -0.0456645 0)
(2.2495 -0.0463615 0)
(2.23093 -0.047213 0)
(2.37529 -0.00213748 0)
(2.37445 -0.00479954 0)
(2.37304 -0.00754002 0)
(2.37055 -0.0102265 0)
(2.36749 -0.0127944 0)
(2.36333 -0.0152429 0)
(2.35899 -0.0175862 0)
(2.3534 -0.0198426 0)
(2.34802 -0.0220017 0)
(2.341 -0.0240682 0)
(2.33477 -0.026009 0)
(2.32622 -0.0278436 0)
(2.31949 -0.0295172 0)
(2.30926 -0.0310846 0)
(2.30256 -0.0324424 0)
(2.29033 -0.0337133 0)
(2.28449 -0.0346969 0)
(2.26961 -0.0356528 0)
(2.2659 -0.0361908 0)
(2.24716 -0.0368423 0)
(2.38953 -0.00153009 0)
(2.3885 -0.00345345 0)
(2.38699 -0.00542789 0)
(2.38445 -0.00735997 0)
(2.38137 -0.00920419 0)
(2.37715 -0.0109621 0)
(2.37273 -0.0126429 0)
(2.36704 -0.0142614 0)
(2.36156 -0.0158079 0)
(2.35442 -0.0172882 0)
(2.3481 -0.0186754 0)
(2.33942 -0.0199873 0)
(2.33261 -0.0211806 0)
(2.32225 -0.0222994 0)
(2.31548 -0.0232651 0)
(2.30311 -0.0241706 0)
(2.29721 -0.0248683 0)
(2.28219 -0.0255477 0)
(2.27846 -0.0259282 0)
(2.25957 -0.026388 0)
(2.39918 -0.000858128 0)
(2.39804 -0.00205554 0)
(2.39647 -0.00326363 0)
(2.39392 -0.00443568 0)
(2.39083 -0.00554862 0)
(2.38657 -0.00660893 0)
(2.3821 -0.00761995 0)
(2.37634 -0.00859519 0)
(2.37079 -0.00952374 0)
(2.36357 -0.0104155 0)
(2.35718 -0.0112462 0)
(2.34842 -0.0120366 0)
(2.34153 -0.0127484 0)
(2.33108 -0.0134233 0)
(2.32425 -0.0139962 0)
(2.31179 -0.0145442 0)
(2.30585 -0.0149546 0)
(2.29073 -0.0153673 0)
(2.28698 -0.015588 0)
(2.26798 -0.0158655 0)
(2.40403 -0.000102886 0)
(2.40286 -0.000555106 0)
(2.40129 -0.000993566 0)
(2.39874 -0.00140944 0)
(2.39564 -0.00179831 0)
(2.39137 -0.0021658 0)
(2.38688 -0.00251278 0)
(2.38108 -0.00284656 0)
(2.37549 -0.00316156 0)
(2.36822 -0.00346463 0)
(2.3618 -0.00374393 0)
(2.35298 -0.00401166 0)
(2.34607 -0.00424898 0)
(2.33556 -0.00447771 0)
(2.32871 -0.00466689 0)
(2.31619 -0.00485348 0)
(2.31023 -0.00498712 0)
(2.29505 -0.00512876 0)
(2.29129 -0.00519899 0)
(2.27222 -0.00529393 0)
(1.91733 0.161581 2.39147e-22)
(1.93521 0.144286 0)
(1.94536 0.126498 1.3178e-22)
(1.95034 0.108405 4.43291e-21)
(1.94668 0.090282 -1.62026e-20)
(1.94133 0.0732219 0)
(1.9259 0.0555031 -2.19531e-20)
(1.89955 0.041791 0)
(1.88597 0.0231556 -2.69596e-20)
(1.73088 0.00426083 4.27937e-22)
(1.94305 0.14681 -6.2944e-22)
(1.95916 0.132099 -2.16004e-24)
(1.96853 0.11652 2.16443e-24)
(1.97188 0.101965 -1.6345e-21)
(1.9712 0.0858169 4.5244e-21)
(1.95963 0.0725574 4.16901e-22)
(1.96176 0.0565383 0)
(1.91622 0.0440976 1.95779e-20)
(1.94915 0.0319851 0)
(1.83057 0.0114636 2.49351e-20)
(1.97425 0.131923 1.42648e-21)
(1.9863 0.119344 0)
(1.99708 0.105164 3.09843e-23)
(1.99415 0.0928054 -1.57724e-21)
(2.00086 0.0785073 -4.9465e-21)
(1.97709 0.0666822 0)
(1.9947 0.0542204 -1.28554e-20)
(1.93797 0.0404191 -2.00039e-20)
(1.97492 0.0326489 0)
(1.89586 0.0150399 -2.4681e-20)
(2.00851 0.118772 -7.11032e-22)
(2.01576 0.107531 2.27449e-21)
(2.02968 0.09512 0)
(2.01981 0.0836938 -1.41308e-21)
(2.0329 0.0719605 -2.2196e-22)
(2.0015 0.059776 5.47193e-22)
(2.02219 0.0506021 1.25956e-20)
(1.96991 0.0362566 4.19659e-22)
(1.99233 0.0294826 1.57701e-20)
(1.93954 0.0163157 0)
(2.04393 0.107 0)
(2.04753 0.0966147 -2.24345e-21)
(2.06346 0.0863373 -1.91669e-21)
(2.05024 0.0752593 3.47302e-23)
(2.06455 0.0660309 2.02999e-23)
(2.03387 0.0537863 2.39509e-22)
(2.0483 0.0463256 7.29681e-21)
(2.00683 0.0335761 7.455e-22)
(2.01589 0.026185 -2.8692e-21)
(1.97421 0.0162167 -1.5872e-20)
(2.07921 0.0963141 1.19755e-21)
(2.08137 0.0866185 1.63877e-22)
(2.09675 0.0781616 -7.98752e-22)
(2.08433 0.0676211 9.16649e-23)
(2.09575 0.0599578 -4.95079e-22)
(2.0704 0.0487546 0)
(2.07731 0.0416351 -8.10429e-21)
(2.0443 0.0312437 2.53838e-22)
(2.04656 0.0230858 -2.38579e-20)
(2.00748 0.014756 2.89865e-20)
(2.11386 0.0864466 -1.20344e-21)
(2.11625 0.0775774 -1.96868e-21)
(2.12947 0.0702987 2.29185e-21)
(2.11979 0.0607596 -3.28839e-21)
(2.12757 0.0537466 -1.18276e-21)
(2.10747 0.0441519 1.99258e-22)
(2.10996 0.0368567 -1.82032e-22)
(2.08121 0.0282843 4.43998e-22)
(2.08146 0.0199034 1.04161e-20)
(2.04286 0.0124819 -1.31413e-20)
(2.14779 0.0772784 0)
(2.15094 0.0694007 4.38822e-21)
(2.16193 0.0628082 -3.80519e-22)
(2.15481 0.0545047 1.39539e-21)
(2.16026 0.0477569 -9.68155e-22)
(2.14354 0.0396438 6.3286e-22)
(2.14466 0.0323347 6.10972e-22)
(2.11804 0.024904 0)
(2.11837 0.0168919 0)
(2.08092 0.0100964 0)
(2.18087 0.0688066 0)
(2.18454 0.0619371 -4.32657e-21)
(2.19401 0.0558369 -2.51111e-22)
(2.18855 0.0486875 2.18812e-21)
(2.19314 0.0422376 2.52932e-21)
(2.17843 0.0352333 -8.41675e-22)
(2.17972 0.0282719 -6.51979e-22)
(2.15497 0.0216066 5.1706e-23)
(2.15583 0.0142411 0)
(2.12065 0.00789892 -3.27347e-21)
(2.2127 0.0610321 1.74337e-22)
(2.21654 0.0550612 2.49598e-21)
(2.22516 0.0494524 3.54516e-21)
(2.22074 0.0432411 -8.90009e-23)
(2.22525 0.0372497 2.95226e-22)
(2.21213 0.031053 -2.64641e-21)
(2.21396 0.0246726 1.23306e-21)
(2.19151 0.0185885 -4.17842e-24)
(2.19272 0.0118938 0)
(2.16074 0.00591846 5.59096e-21)
(2.24275 0.0539154 0)
(2.24659 0.0487002 2.72576e-21)
(2.25472 0.0436337 3.25428e-22)
(2.25117 0.0381689 0)
(2.25579 0.0327506 0)
(2.24438 0.0271886 2.41466e-21)
(2.24661 0.0214534 -9.97527e-22)
(2.22689 0.0158571 1.98761e-23)
(2.22821 0.00980238 2.39276e-23)
(2.20006 0.00418949 -2.36936e-21)
(2.27044 0.0473798 0)
(2.27434 0.0428069 -5.29318e-21)
(2.28207 0.0383142 -4.95788e-21)
(2.27949 0.0334771 6.39407e-22)
(2.28415 0.0286713 -3.84334e-22)
(2.27468 0.0236614 -1.85296e-22)
(2.27709 0.0185624 2.83575e-22)
(2.2604 0.0134268 1.16624e-21)
(2.26168 0.00800605 6.76897e-24)
(2.23772 0.00278108 1.91871e-23)
(2.29522 0.0413263 0)
(2.29933 0.0373261 2.88637e-21)
(2.30669 0.0334101 -2.71972e-22)
(2.30522 0.0291422 2.69725e-22)
(2.30984 0.0249457 0)
(2.30246 0.0204616 0)
(2.30493 0.0159837 0)
(2.2914 0.0113232 -1.28628e-21)
(2.29257 0.00653822 8.39728e-22)
(2.27289 0.00173455 0)
(2.3166 0.0356384 0)
(2.32109 0.0321768 1.91289e-21)
(2.32813 0.028825 2.24632e-21)
(2.32789 0.0251061 2.56812e-21)
(2.33243 0.0215043 -4.54802e-22)
(2.3272 0.0175522 2.27479e-21)
(2.32966 0.0136856 -1.5817e-21)
(2.31928 0.00953188 0)
(2.32031 0.00537649 5.50313e-22)
(2.30484 0.00104023 -4.22414e-22)
(2.33426 0.0301813 -4.72796e-22)
(2.33927 0.0272486 -1.56805e-21)
(2.34606 0.0244462 -2.90966e-21)
(2.3471 0.0212788 -1.81382e-21)
(2.35158 0.0182581 0)
(2.34845 0.0148605 -2.82442e-21)
(2.3509 0.0115965 2.32476e-21)
(2.34352 0.00798859 -2.02493e-22)
(2.34441 0.00445426 -4.53174e-22)
(2.33289 0.000646364 8.28392e-22)
(2.34818 0.0248083 4.75223e-22)
(2.3538 0.0224114 -1.27642e-21)
(2.36045 0.020149 1.01907e-21)
(2.36273 0.0175477 -2.30446e-21)
(2.36718 0.0150985 0)
(2.36599 0.0122838 0)
(2.36844 0.00961484 2.3216e-22)
(2.36376 0.00659644 -1.99666e-21)
(2.36457 0.00367954 -7.39766e-22)
(2.35657 0.000467784 -4.25198e-22)
(2.35875 0.0193973 0)
(2.36498 0.0175524 2.05123e-21)
(2.37155 0.015826 -6.80501e-22)
(2.37494 0.0138081 2.09693e-21)
(2.37937 0.0119228 5.27095e-22)
(2.37984 0.00971601 -3.36003e-22)
(2.38231 0.00763585 5.80751e-22)
(2.37992 0.00524536 1.35723e-21)
(2.38068 0.00294664 0)
(2.37563 0.000389229 0)
(2.36659 0.0139211 0)
(2.37331 0.0126426 8.59326e-22)
(2.37981 0.0114512 -1.43635e-21)
(2.38405 0.0100297 0)
(2.38847 0.00870081 -9.9524e-22)
(2.39023 0.00711476 -3.51815e-22)
(2.3927 0.00561618 -8.93597e-22)
(2.39208 0.00387078 -1.94708e-22)
(2.39283 0.00218959 1.23097e-22)
(2.39005 0.000309021 6.37376e-23)
(2.37208 0.00840216 0)
(2.37907 0.00770332 -8.63447e-22)
(2.38548 0.00706072 -7.0983e-22)
(2.39027 0.00626098 8.99702e-22)
(2.39464 0.00550132 4.43096e-22)
(2.39726 0.00455875 4.06138e-22)
(2.39972 0.00365063 1.51254e-21)
(2.40031 0.00256818 -9.53568e-22)
(2.40103 0.00150746 1.98438e-22)
(2.39981 0.000311131 0)
(2.37502 0.00266817 0)
(2.38211 0.00256239 4.09472e-22)
(2.38843 0.00247039 -3.77893e-22)
(2.39347 0.00230593 3.40584e-22)
(2.39781 0.0021304 0)
(2.40084 0.00186408 -4.08161e-22)
(2.40328 0.00158098 2.85882e-22)
(2.40446 0.00121037 2.01492e-22)
(2.40517 0.000820466 0)
(2.40471 0.000361743 0)
(1.29196 0.308629 0)
(1.24544 0.337731 -5.17415e-20)
(1.20917 0.37573 0)
(1.17996 0.424023 -1.71013e-19)
(1.1542 0.481946 6.68243e-20)
(1.13002 0.551719 2.943e-21)
(1.10578 0.635258 5.02004e-20)
(1.06365 0.723141 -1.02755e-20)
(0.928645 0.750266 0)
(0.538118 0.477411 4.11671e-20)
(1.37447 0.310863 9.30044e-20)
(1.33073 0.347914 5.17396e-20)
(1.29865 0.38472 -4.71055e-20)
(1.27295 0.431341 5.77135e-20)
(1.25117 0.488672 -4.43931e-20)
(1.23278 0.557851 1.01123e-20)
(1.21599 0.640064 -5.33403e-20)
(1.17988 0.724379 -9.97792e-20)
(1.03844 0.744057 -2.64172e-20)
(0.600071 0.462984 -5.90593e-20)
(1.45319 0.307914 -3.92614e-20)
(1.41571 0.347261 4.0266e-20)
(1.38766 0.383451 4.71033e-20)
(1.36445 0.429162 4.74964e-20)
(1.346 0.485756 4.73971e-20)
(1.33309 0.553536 4.63682e-20)
(1.32312 0.632865 1.18453e-20)
(1.29124 0.710902 3.8272e-20)
(1.1402 0.720593 8.15796e-21)
(0.652184 0.435095 -8.70844e-21)
(1.53137 0.302083 7.84978e-20)
(1.49889 0.341198 -4.02638e-20)
(1.47379 0.375987 0)
(1.45261 0.419936 0)
(1.43721 0.474532 0)
(1.42925 0.539512 2.763e-20)
(1.42484 0.614219 -1.79476e-20)
(1.39434 0.683396 0)
(1.22934 0.680417 -7.62501e-23)
(0.689259 0.394247 2.75751e-21)
(1.60612 0.292882 -1.22777e-20)
(1.57729 0.33028 4.91156e-20)
(1.55456 0.363263 0)
(1.53548 0.404783 0)
(1.52307 0.456164 1.05244e-20)
(1.51941 0.516954 8.19e-21)
(1.51885 0.585455 1.56553e-20)
(1.48627 0.64257 -7.99446e-22)
(1.30104 0.625732 -1.6085e-20)
(0.708667 0.344812 -6.08102e-21)
(1.67423 0.280375 3.64197e-20)
(1.64859 0.31478 1.37007e-20)
(1.62804 0.34559 0)
(1.6112 0.384254 0)
(1.60177 0.431487 -2.43689e-20)
(1.60166 0.486668 6.55677e-21)
(1.60286 0.547199 5.45505e-21)
(1.56328 0.591079 -1.37386e-22)
(1.34968 0.55872 2.26645e-20)
(0.709001 0.28857 1.67897e-20)
(1.73508 0.264647 -1.82394e-20)
(1.71204 0.295019 1.91907e-20)
(1.69328 0.32346 1.41319e-20)
(1.67857 0.3589 -1.49506e-20)
(1.67169 0.401304 -2.9156e-21)
(1.67399 0.449842 3.10531e-21)
(1.67385 0.500736 5.78659e-21)
(1.62089 0.530762 -6.21497e-21)
(1.37281 0.482782 0)
(0.688743 0.228266 0)
(1.78772 0.24612 -1.29213e-20)
(1.76697 0.272181 1.35955e-20)
(1.74957 0.29792 0)
(1.73662 0.329935 0)
(1.73181 0.366948 0)
(1.73477 0.407884 -2.53242e-21)
(1.72907 0.448048 1.47989e-20)
(1.65558 0.463386 -1.83567e-20)
(1.36772 0.400717 0)
(0.64696 0.167757 -1.47059e-20)
(1.83273 0.225411 -4.01798e-21)
(1.81309 0.246565 3.61805e-21)
(1.79645 0.270094 -2.52221e-22)
(1.78496 0.298182 0)
(1.78145 0.329497 1.87624e-21)
(1.7825 0.36258 -5.75837e-21)
(1.76603 0.391141 0)
(1.66429 0.39111 3.10326e-21)
(1.33131 0.31561 -1.31861e-20)
(0.584498 0.111071 2.18951e-20)
(1.86931 0.203143 0)
(1.84995 0.220809 6.09567e-22)
(1.83399 0.241168 2.52196e-22)
(1.82354 0.264876 0)
(1.81977 0.290331 -1.57557e-21)
(1.8156 0.31529 2.13246e-21)
(1.78201 0.33172 1.38453e-21)
(1.64354 0.316369 4.57577e-21)
(1.26124 0.231105 6.45209e-21)
(0.504561 0.0619328 0)
(0.637906 0.0186331 -1.98421e-20)
(0.611351 0.0213294 2.11075e-20)
(0.579055 0.0245079 1.13689e-20)
(0.539808 0.0281925 1.24457e-20)
(0.491925 0.0325351 -1.32154e-20)
(0.433003 0.037741 -2.18669e-20)
(0.360004 0.0439797 7.88255e-21)
(0.266747 0.0507279 -1.74272e-20)
(0.146563 0.0535377 -1.91665e-20)
(0.0423222 0.0357554 0)
(0.652795 0.0556699 0)
(0.6263 0.063663 -1.05509e-20)
(0.593828 0.073137 -1.1331e-20)
(0.554551 0.0841208 0)
(0.50696 0.097055 2.66988e-20)
(0.448671 0.11256 1.44965e-20)
(0.376647 0.131165 0)
(0.284511 0.151311 -1.67547e-20)
(0.164014 0.15966 -6.70855e-23)
(0.0536313 0.106705 -2.01961e-20)
(0.682085 0.092021 7.85907e-20)
(0.655748 0.105016 -8.27053e-20)
(0.62296 0.120595 0)
(0.583654 0.138667 0)
(0.536663 0.159914 0)
(0.479662 0.185377 -8.55982e-20)
(0.409621 0.215962 1.23257e-19)
(0.319649 0.249143 -3.27373e-20)
(0.198615 0.262873 0)
(0.0761417 0.175723 4.05723e-20)
(0.724804 0.12719 7.73478e-20)
(0.698778 0.14471 -8.13968e-20)
(0.665619 0.16607 -8.8321e-20)
(0.626352 0.190862 -1.55437e-21)
(0.580303 0.219948 1.52089e-19)
(0.525245 0.2548 -5.46063e-20)
(0.458176 0.296708 6.02506e-20)
(0.371426 0.342273 -1.30118e-19)
(0.249691 0.361199 7.05971e-20)
(0.109402 0.241305 0)
(0.77959 0.160582 -1.87425e-19)
(0.754086 0.18209 3.92825e-20)
(0.720596 0.208919 0)
(0.681537 0.24003 0)
(0.636844 0.276341 5.08967e-20)
(0.584412 0.319764 -1.57345e-19)
(0.52128 0.37201 1.13524e-19)
(0.438797 0.428951 -1.22112e-19)
(0.316221 0.452683 2.60458e-21)
(0.152685 0.301986 -6.90943e-20)
(0.844866 0.191484 2.55572e-19)
(0.820198 0.216089 -1.93569e-19)
(0.786477 0.247713 0)
(0.747776 0.284473 0)
(0.704823 0.327297 4.81607e-20)
(0.655698 0.378499 5.1842e-20)
(0.597477 0.440106 4.91691e-20)
(0.520314 0.507289 6.02187e-20)
(0.396776 0.535298 2.37518e-21)
(0.204945 0.356225 1.35918e-19)
(0.91862 0.219795 -1.44589e-19)
(0.895181 0.247596 -7.20187e-20)
(0.861518 0.283931 0)
(0.823526 0.325595 0)
(0.782765 0.373607 0)
(0.737527 0.430967 -9.4972e-20)
(0.685014 0.500177 9.3612e-20)
(0.614091 0.575795 0)
(0.489437 0.607104 -5.6451e-20)
(0.264761 0.402459 1.20191e-19)
(1.00013 0.241767 -6.8798e-20)
(0.977714 0.271285 7.20188e-20)
(0.943676 0.311637 7.1404e-20)
(0.906603 0.358081 7.55535e-20)
(0.868753 0.411278 7.97783e-20)
(0.828202 0.474431 8.40067e-20)
(0.78214 0.550233 -9.08218e-21)
(0.718123 0.632626 9.13222e-20)
(0.591976 0.666089 -4.96723e-20)
(0.330435 0.439188 5.30206e-20)
(1.08776 0.266628 -1.28069e-19)
(1.06576 0.2985 6.26178e-20)
(1.03078 0.341114 -7.14031e-20)
(0.994858 0.389039 -7.8471e-20)
(0.960374 0.444116 6.95007e-20)
(0.925066 0.510296 -8.47525e-21)
(0.886139 0.590235 -2.47369e-19)
(0.829593 0.676849 -1.65685e-19)
(0.701547 0.710527 4.70715e-20)
(0.399807 0.464822 -3.38724e-20)
(1.18536 0.274434 0)
(1.15636 0.307821 -6.2617e-20)
(1.11972 0.355518 0)
(1.08668 0.407895 6.15421e-20)
(1.0565 0.46641 -2.11493e-19)
(1.02662 0.535663 -1.45034e-19)
(0.994922 0.618576 1.52265e-19)
(0.94578 0.707211 7.91103e-20)
(0.814976 0.738909 0)
(0.470122 0.477887 7.88515e-20)
(0.777432 0.00111607 0)
(0.777114 0.00111808 -1.13326e-21)
(0.775967 0.00114641 1.12733e-21)
(0.774339 0.00123391 0)
(0.772566 0.00138465 -2.26809e-21)
(0.770653 0.00159375 2.2564e-21)
(0.768467 0.001861 0)
(0.765883 0.0021907 0)
(0.762802 0.00259099 0)
(0.759117 0.00306755 0)
(0.754752 0.00364028 1.13797e-21)
(0.749642 0.00432181 0)
(0.743654 0.00512538 0)
(0.736618 0.00606917 9.23029e-21)
(0.728345 0.00717572 -9.18478e-21)
(0.718627 0.00847486 0)
(0.707223 0.00999444 1.05434e-20)
(0.693844 0.0117965 -1.87792e-20)
(0.678161 0.0138523 9.4001e-21)
(0.659707 0.0165583 9.61216e-21)
(0.788068 0.0032071 2.37525e-21)
(0.787727 0.00323411 4.49605e-21)
(0.786646 0.00336933 -4.47438e-21)
(0.78514 0.00367106 2.24373e-21)
(0.783487 0.00414258 2.24511e-21)
(0.781679 0.00477787 9.01494e-21)
(0.779592 0.00558374 -6.72368e-21)
(0.777108 0.00657557 -1.80724e-20)
(0.774131 0.00777802 3.83439e-20)
(0.770564 0.00920858 -1.80176e-20)
(0.766344 0.0109256 -1.70531e-20)
(0.76139 0.0129678 3.8603e-20)
(0.755571 0.015375 -3.4174e-20)
(0.748723 0.0182014 1.82137e-20)
(0.740666 0.0215137 2.29246e-21)
(0.731203 0.025402 3.94145e-20)
(0.720093 0.0299473 -3.81046e-20)
(0.707098 0.0353417 0)
(0.691793 0.04148 2.34673e-21)
(0.674288 0.0495856 0)
(0.808665 0.00516742 -7.0551e-21)
(0.808412 0.00524352 -4.74429e-24)
(0.807526 0.00552591 8.91004e-21)
(0.806246 0.006072 -4.40138e-21)
(0.804802 0.0068801 -1.11124e-20)
(0.80319 0.00795009 -2.22902e-21)
(0.801296 0.00930125 -2.2343e-21)
(0.799013 0.0109633 -2.23561e-21)
(0.796241 0.012976 3.14991e-20)
(0.79291 0.0153636 2.32661e-22)
(0.788976 0.0182191 -4.04335e-20)
(0.784332 0.0216137 -2.26198e-21)
(0.778846 0.025614 -4.53386e-21)
(0.772374 0.0303098 0)
(0.76475 0.0358085 -4.13295e-20)
(0.755804 0.0422623 3.20195e-20)
(0.745288 0.0497952 0)
(0.733077 0.0587498 -2.31764e-21)
(0.718546 0.0688787 -2.35086e-21)
(0.702902 0.082352 -2.34811e-21)
(0.838622 0.00710258 2.31316e-21)
(0.838473 0.00723126 6.56095e-21)
(0.837834 0.0076467 0)
(0.836837 0.00842508 -1.97994e-20)
(0.835663 0.00956656 1.75544e-20)
(0.83431 0.0110722 1.989e-20)
(0.832681 0.0129659 -1.32163e-20)
(0.83068 0.0152918 2.21703e-21)
(0.828187 0.0180923 -2.89892e-20)
(0.825183 0.0214493 -2.17547e-22)
(0.821654 0.0254536 3.34335e-20)
(0.817459 0.0301964 -3.60208e-20)
(0.812465 0.0357742 -3.41688e-20)
(0.806551 0.0423166 7.66407e-20)
(0.799578 0.0499663 2.27868e-21)
(0.791412 0.0589454 6.84257e-21)
(0.781801 0.0693969 -7.38769e-20)
(0.770788 0.0818612 1.63243e-21)
(0.757455 0.0958123 -7.20469e-22)
(0.7445 0.114618 7.69526e-20)
(0.876884 0.0089246 4.5412e-21)
(0.876832 0.00911156 -1.71693e-20)
(0.876457 0.00965772 8.58513e-21)
(0.875775 0.0106659 4.31704e-21)
(0.8749 0.0121427 0)
(0.873831 0.0140874 0)
(0.872493 0.0165264 -4.36193e-21)
(0.870791 0.0195272 0)
(0.86866 0.0230862 -4.39534e-21)
(0.866117 0.0273972 0)
(0.863088 0.0325414 4.4328e-21)
(0.859437 0.0386144 -7.13145e-20)
(0.855062 0.0457345 -4.45419e-22)
(0.849874 0.0540799 -4.9654e-21)
(0.84376 0.0638156 7.18876e-20)
(0.836638 0.0752539 -4.55075e-21)
(0.828259 0.0885028 4.52627e-21)
(0.818867 0.104396 -7.35957e-20)
(0.807211 0.12189 7.80441e-20)
(0.797644 0.145991 1.48456e-19)
(0.922192 0.0105277 4.42801e-21)
(0.922206 0.0107913 -4.18086e-21)
(0.922074 0.0114807 -4.20504e-21)
(0.921706 0.0127209 -4.22232e-21)
(0.921129 0.0145312 -3.40291e-20)
(0.920343 0.0169019 6.39611e-20)
(0.919319 0.0198804 -3.84666e-20)
(0.9179 0.0234608 0)
(0.916152 0.0278455 -4.31462e-21)
(0.914146 0.0331228 -4.33351e-21)
(0.911685 0.0393691 -4.35271e-21)
(0.908657 0.0467215 6.6031e-20)
(0.905018 0.0553155 -1.45574e-19)
(0.900709 0.065392 7.07781e-20)
(0.895666 0.0771062 0)
(0.889845 0.0909129 -4.4485e-21)
(0.883038 0.106783 -1.53498e-19)
(0.875677 0.126025 1.44509e-19)
(0.866247 0.146677 -4.58912e-21)
(0.86062 0.176049 0)
(0.973229 0.0117794 4.29135e-21)
(0.973263 0.0121586 -1.22566e-20)
(0.973313 0.0130234 4.04102e-21)
(0.973207 0.0145041 2.47046e-20)
(0.972871 0.0166352 4.14181e-21)
(0.972335 0.0193896 -2.50971e-20)
(0.971478 0.0228161 4.07044e-21)
(0.970403 0.0270713 3.37157e-20)
(0.969229 0.0322774 8.49347e-21)
(0.96772 0.0384775 7.27876e-20)
(0.965802 0.0457534 -6.00539e-20)
(0.963435 0.0543086 -6.06717e-20)
(0.960637 0.0642686 7.38314e-20)
(0.957349 0.075972 4.345e-21)
(0.953597 0.0894805 4.36311e-21)
(0.949337 0.105492 8.83008e-21)
(0.944499 0.123637 8.86673e-21)
(0.939571 0.146023 -4.39362e-21)
(0.932975 0.169272 0)
(0.931521 0.203893 1.4189e-19)
(1.02874 0.0125707 -1.24739e-20)
(1.02875 0.0131209 -1.21175e-23)
(1.02886 0.0142182 -3.97683e-21)
(1.0289 0.0159416 -3.61394e-20)
(1.02868 0.0183423 2.4188e-20)
(1.02821 0.0215299 -4.07673e-21)
(1.02767 0.0255009 0)
(1.02708 0.0304412 0)
(1.02627 0.0363362 -8.32078e-21)
(1.02517 0.0433236 -4.17426e-21)
(1.02382 0.0514956 -4.23804e-21)
(1.02217 0.0611432 -4.26997e-21)
(1.02033 0.0723108 0)
(1.01817 0.0855355 -8.59928e-21)
(1.01591 0.100621 -4.35966e-21)
(1.0134 0.118744 -8.67927e-21)
(1.0109 0.138692 -4.40664e-21)
(1.0088 0.163983 -1.34825e-19)
(1.00579 0.188495 1.39878e-19)
(1.00925 0.227947 0)
(1.0876 0.012739 0)
(1.08751 0.0134972 3.82017e-21)
(1.08751 0.0149521 1.93197e-21)
(1.08746 0.0170345 0)
(1.08732 0.0197886 3.53651e-20)
(1.08709 0.023367 -3.16494e-20)
(1.08678 0.0278614 6.60018e-20)
(1.08637 0.0332938 -6.44518e-20)
(1.08587 0.0397231 6.10701e-21)
(1.08521 0.0473941 2.07777e-21)
(1.08452 0.0563204 0)
(1.08366 0.066919 0)
(1.08296 0.0790016 0)
(1.08208 0.0934741 1.39211e-19)
(1.08166 0.109561 -2.71437e-19)
(1.081 0.129594 4.96366e-21)
(1.08126 0.150789 1.36827e-19)
(1.08183 0.179899 0)
(1.08282 0.206137 0)
(1.09199 0.252981 1.33496e-19)
(1.14839 0.0131912 0)
(1.14853 0.013996 -1.473e-20)
(1.14856 0.0155463 -1.30529e-20)
(1.14842 0.0177917 3.006e-20)
(1.14823 0.0207612 3.04377e-20)
(1.14803 0.0245492 -9.22581e-20)
(1.14789 0.0292267 6.01719e-20)
(1.1477 0.0349549 0)
(1.14764 0.0417401 -1.99076e-21)
(1.14749 0.0498919 -6.20309e-20)
(1.14765 0.0592825 1.29276e-19)
(1.14767 0.0705291 -6.52432e-20)
(1.14845 0.0830826 0)
(1.14895 0.0983728 -1.31748e-19)
(1.15119 0.114629 2.6519e-19)
(1.1529 0.13556 -1.33455e-19)
(1.15823 0.155787 0)
(1.16315 0.186018 -1.30144e-19)
(1.17249 0.209141 1.31503e-19)
(1.19113 0.262438 -2.03818e-21)
(1.21056 0.0134819 0)
(1.21045 0.0142702 0)
(1.21026 0.015761 0)
(1.20995 0.0179325 0)
(1.20969 0.0208225 0)
(1.20949 0.0245877 0)
(1.20947 0.0292842 0)
(1.20945 0.0351331 0)
(1.20975 0.0420713 0)
(1.20995 0.0505304 0)
(1.21088 0.0601981 0)
(1.21145 0.072064 0)
(1.21376 0.0850228 0)
(1.2149 0.101609 0)
(1.22027 0.11823 0)
(1.22206 0.142081 0)
(1.23461 0.161348 0)
(1.23632 0.198788 0)
(1.26853 0.213829 0)
(1.26619 0.283703 0)
(1.27476 0.0134064 0)
(1.27478 0.01425 0)
(1.27462 0.0158168 0)
(1.27431 0.0179892 0)
(1.27416 0.0208074 0)
(1.27415 0.0244805 0)
(1.27448 0.0290403 0)
(1.27481 0.0347436 0)
(1.27566 0.041437 0)
(1.27633 0.0496396 0)
(1.27815 0.0588206 0)
(1.27929 0.0702231 0)
(1.28307 0.0822113 0)
(1.28472 0.0979655 0)
(1.29267 0.112673 0)
(1.29441 0.134878 0)
(1.31153 0.150746 0)
(1.31132 0.18335 0)
(1.34861 0.194424 0)
(1.33855 0.241554 0)
(1.34224 0.0142508 0)
(1.3425 0.0149582 0)
(1.34243 0.0162544 0)
(1.34214 0.0181653 0)
(1.34213 0.0207522 0)
(1.34233 0.0242208 0)
(1.343 0.0285504 0)
(1.34366 0.0340057 0)
(1.34503 0.040358 0)
(1.34611 0.0481694 0)
(1.3487 0.0567721 0)
(1.3503 0.0674901 0)
(1.35521 0.0784757 0)
(1.35727 0.0929437 0)
(1.36678 0.105998 0)
(1.3686 0.125527 0)
(1.38736 0.139093 0)
(1.38631 0.165427 0)
(1.42302 0.175142 0)
(1.41152 0.20944 0)
(1.41324 0.0152277 0)
(1.41324 0.015786 0)
(1.41303 0.0167203 0)
(1.41274 0.0182569 0)
(1.41287 0.0205194 0)
(1.41327 0.0237077 0)
(1.41424 0.0277474 0)
(1.41517 0.032892 0)
(1.41698 0.0388594 0)
(1.4184 0.0462136 0)
(1.4216 0.0542294 0)
(1.42358 0.0641939 0)
(1.42932 0.0742683 0)
(1.43168 0.0874057 0)
(1.44212 0.0991269 0)
(1.44398 0.116177 0)
(1.46323 0.128135 0)
(1.46171 0.14995 0)
(1.4973 0.158925 0)
(1.48509 0.186519 0)
(1.48617 0.0155887 0)
(1.48591 0.0161365 0)
(1.48545 0.0168833 0)
(1.48514 0.0181156 0)
(1.48544 0.0200512 0)
(1.48603 0.0229314 0)
(1.48728 0.0266531 0)
(1.48845 0.0314491 0)
(1.49061 0.0369992 0)
(1.4923 0.0438449 0)
(1.49598 0.0512507 0)
(1.49823 0.0604181 0)
(1.50455 0.0696032 0)
(1.5071 0.0814427 0)
(1.51806 0.0919411 0)
(1.51988 0.106862 0)
(1.53918 0.117408 0)
(1.53732 0.13594 0)
(1.57163 0.143899 0)
(1.55895 0.166947 0)
(1.56021 0.0160016 0)
(1.55966 0.0165334 0)
(1.55886 0.0170524 0)
(1.55846 0.0179153 0)
(1.55893 0.0194547 0)
(1.55974 0.0219695 0)
(1.56126 0.0253362 0)
(1.56262 0.0297497 0)
(1.56508 0.0348564 0)
(1.56695 0.04116 0)
(1.57099 0.0479387 0)
(1.57341 0.0562973 0)
(1.5801 0.0646092 0)
(1.58273 0.075222 0)
(1.59392 0.0845717 0)
(1.59565 0.0976546 0)
(1.61467 0.106895 0)
(1.61258 0.122789 0)
(1.64528 0.129656 0)
(1.63266 0.149098 0)
(1.63511 0.0165319 0)
(1.63407 0.0170359 0)
(1.63268 0.0172527 0)
(1.63208 0.0176558 0)
(1.63269 0.0187284 0)
(1.63373 0.0208349 0)
(1.6355 0.023828 0)
(1.63701 0.027846 0)
(1.63966 0.0325014 0)
(1.64163 0.0382526 0)
(1.64589 0.044406 0)
(1.64839 0.051972 0)
(1.65526 0.0594457 0)
(1.65789 0.0689206 0)
(1.66906 0.0772091 0)
(1.67069 0.0886816 0)
(1.6891 0.0967438 0)
(1.68696 0.110419 0)
(1.71773 0.116324 0)
(1.70571 0.132805 0)
(1.71025 0.0170423 0)
(1.70854 0.0175378 0)
(1.7063 0.0174286 0)
(1.70537 0.0173161 0)
(1.70611 0.0178788 0)
(1.70739 0.0195611 0)
(1.70937 0.0221852 0)
(1.71096 0.0258135 0)
(1.7137 0.0300246 0)
(1.71569 0.0352287 0)
(1.72002 0.0407733 0)
(1.72252 0.0475775 0)
(1.72938 0.0542613 0)
(1.73196 0.0626861 0)
(1.74285 0.070008 0)
(1.7444 0.0800527 0)
(1.76192 0.0870781 0)
(1.75991 0.0988562 0)
(1.78849 0.103966 0)
(1.77751 0.117965 0)
(1.78493 0.0175568 0)
(1.78234 0.0180493 0)
(1.77897 0.0175794 0)
(1.77757 0.0169017 0)
(1.77845 0.0169376 0)
(1.78 0.0182097 0)
(1.78218 0.0204907 0)
(1.78379 0.023747 0)
(1.7865 0.0275283 0)
(1.78841 0.0321989 0)
(1.79268 0.0371598 0)
(1.79511 0.0432396 0)
(1.8018 0.049187 0)
(1.80428 0.0566421 0)
(1.81469 0.0630899 0)
(1.81621 0.0718573 0)
(1.83261 0.0779799 0)
(1.83089 0.0881112 0)
(1.85707 0.0925625 0)
(1.84743 0.104435 0)
(1.85798 0.0182465 0)
(1.85433 0.0186394 0)
(1.84956 0.0176584 0)
(1.84764 0.0163382 0)
(1.84874 0.0158754 0)
(1.85065 0.0168062 0)
(1.85302 0.0188037 0)
(1.85461 0.0217208 0)
(1.85719 0.0250953 0)
(1.85898 0.0292541 0)
(1.86308 0.0336651 0)
(1.86541 0.0390623 0)
(1.87177 0.0443287 0)
(1.87416 0.0508873 0)
(1.88391 0.0565461 0)
(1.88546 0.0641625 0)
(1.90054 0.0694965 0)
(1.89927 0.0781788 0)
(1.92289 0.0820724 0)
(1.91484 0.0921004 0)
(1.92755 0.0195879 0)
(1.92267 0.0195353 0)
(1.91637 0.017636 0)
(1.91411 0.0155238 0)
(1.91568 0.0146276 0)
(1.91814 0.0153368 0)
(1.92073 0.0171378 0)
(1.92229 0.0197594 0)
(1.92469 0.0227583 0)
(1.92636 0.0264386 0)
(1.93023 0.030344 0)
(1.93246 0.0351074 0)
(1.93841 0.0397496 0)
(1.94074 0.0454811 0)
(1.94971 0.0504278 0)
(1.95136 0.057003 0)
(1.96501 0.0616418 0)
(1.96433 0.0690389 0)
(1.98531 0.0724491 0)
(1.97902 0.0808684 0)
(1.99146 0.0214289 0)
(1.98498 0.0204769 0)
(1.97727 0.0172758 0)
(1.97525 0.0143181 0)
(1.97781 0.0131391 0)
(1.98106 0.013785 0)
(1.98394 0.0154799 0)
(1.9855 0.0178459 0)
(1.98774 0.0205034 0)
(1.98935 0.0237483 0)
(1.993 0.0272002 0)
(1.9952 0.0313838 0)
(2.0007 0.0354584 0)
(2.00303 0.0404313 0)
(2.01117 0.0447361 0)
(2.01303 0.0503706 0)
(2.02519 0.054392 0)
(2.02523 0.0606474 0)
(2.04355 0.0636292 0)
(2.03916 0.0706451 0)
(2.04778 0.0213111 0)
(2.03931 0.019444 0)
(2.03062 0.015382 0)
(2.02968 0.0121987 0)
(2.03383 0.0112262 0)
(2.03814 0.0120726 0)
(2.04134 0.0137653 0)
(2.04296 0.0159241 0)
(2.04511 0.0182913 0)
(2.04676 0.0211597 0)
(2.05023 0.0242147 0)
(2.05248 0.0278722 0)
(2.05754 0.0314308 0)
(2.05996 0.0357113 0)
(2.06726 0.039437 0)
(2.06943 0.0442252 0)
(2.08009 0.0476941 0)
(2.08099 0.0529371 0)
(2.09667 0.0555309 0)
(2.09431 0.0613242 0)
(2.09528 0.0151408 0)
(2.08516 0.013141 0)
(2.07641 0.00990223 0)
(2.07727 0.00814327 0)
(2.08325 0.00833851 0)
(2.08854 0.00979492 0)
(2.09196 0.01165 0)
(2.09364 0.0137261 0)
(2.09571 0.0159375 0)
(2.09747 0.0185516 0)
(2.10075 0.0212983 0)
(2.10308 0.0245014 0)
(2.10767 0.0276019 0)
(2.11024 0.0312638 0)
(2.11669 0.03447 0)
(2.11925 0.0385049 0)
(2.12844 0.0414739 0)
(2.13029 0.0458242 0)
(2.14343 0.0480565 0)
(2.14318 0.0527875 0)
(2.13556 0.00176297 0)
(2.12506 0.00141886 0)
(2.11733 0.00134241 0)
(2.11985 0.00250447 0)
(2.12673 0.00465173 0)
(2.13215 0.00694756 0)
(2.13525 0.009031 0)
(2.13668 0.0111571 0)
(2.13847 0.01339 0)
(2.14013 0.0159035 0)
(2.14302 0.0184401 0)
(2.1453 0.021265 0)
(2.14932 0.0239606 0)
(2.15199 0.0270737 0)
(2.15758 0.0298034 0)
(2.16057 0.0331659 0)
(2.16835 0.0356627 0)
(2.17123 0.0392237 0)
(2.182 0.0410944 0)
(2.18392 0.0449034 0)
(2.17693 -0.0190483 0)
(2.16593 -0.0151619 0)
(2.15744 -0.00802938 0)
(2.1588 -0.00141463 0)
(2.16395 0.00300225 0)
(2.16744 0.00557781 0)
(2.169 0.00738602 0)
(2.16951 0.00933002 0)
(2.17048 0.0114784 0)
(2.1716 0.0138155 0)
(2.17379 0.0160645 0)
(2.17582 0.0184603 0)
(2.17924 0.020702 0)
(2.18204 0.0232536 0)
(2.18694 0.0254726 0)
(2.19046 0.0281827 0)
(2.19719 0.030175 0)
(2.20119 0.0330067 0)
(2.21013 0.0344683 0)
(2.2142 0.0374653 0)
(2.20345 -0.0434504 0)
(2.19464 -0.0369615 0)
(2.18516 -0.0196526 0)
(2.18123 -0.00432428 0)
(2.18096 0.00341391 0)
(2.18145 0.00609313 0)
(2.18203 0.00736248 0)
(2.18259 0.00885656 0)
(2.18365 0.0106106 0)
(2.18499 0.0124779 0)
(2.18727 0.0142035 0)
(2.18978 0.0160053 0)
(2.19344 0.0176587 0)
(2.19702 0.0195577 0)
(2.20207 0.0211762 0)
(2.20662 0.0231987 0)
(2.21317 0.0246281 0)
(2.21855 0.0267516 0)
(2.22674 0.0277522 0)
(2.23282 0.030014 0)
(2.16776 -0.0261976 0)
(2.17676 -0.0242205 0)
(2.17982 -0.0136035 0)
(2.17425 -0.00290259 0)
(2.1693 0.00301267 0)
(2.16895 0.00536581 0)
(2.17176 0.0065098 0)
(2.17523 0.00757576 0)
(2.17874 0.00870323 0)
(2.1822 0.00991382 0)
(2.1862 0.0110568 0)
(2.19048 0.0122862 0)
(2.19553 0.0134026 0)
(2.2007 0.0147075 0)
(2.20679 0.0157913 0)
(2.2128 0.0171954 0)
(2.21999 0.0181395 0)
(2.22682 0.0196323 0)
(2.23521 0.0202523 0)
(2.24286 0.0218552 0)
(2.15515 0.0316367 0)
(2.16583 0.0265827 0)
(2.17261 0.0130373 0)
(2.17049 0.00290346 0)
(2.16748 7.19297e-05 0)
(2.1681 0.00119052 0)
(2.17156 0.00272424 0)
(2.17584 0.00369045 0)
(2.1802 0.00433108 0)
(2.18454 0.00503411 0)
(2.18925 0.00579926 0)
(2.19425 0.0066656 0)
(2.19982 0.00745082 0)
(2.20564 0.00833619 0)
(2.2121 0.00906161 0)
(2.21874 0.00998098 0)
(2.22615 0.0105959 0)
(2.23362 0.0115525 0)
(2.24204 0.0119452 0)
(2.25037 0.012943 0)
(2.19948 0.0301054 0)
(2.19021 0.0261924 0)
(2.18426 0.0133925 0)
(2.1861 0.00284069 0)
(2.1896 -0.000962999 0)
(2.19135 -0.0007876 0)
(2.19211 0.000109467 0)
(2.19321 0.000617472 0)
(2.19518 0.000858679 0)
(2.19785 0.00111609 0)
(2.20116 0.00142977 0)
(2.205 0.00179084 0)
(2.20949 0.00211688 0)
(2.21451 0.00246762 0)
(2.2202 0.00275405 0)
(2.22634 0.0031021 0)
(2.23317 0.0033383 0)
(2.24037 0.00369014 0)
(2.24829 0.00383906 0)
(2.25653 0.00419635 0)
(1.34893 0.267564 -1.58414e-21)
(1.42913 0.254873 -9.365e-20)
(1.50328 0.248598 0)
(1.57612 0.24301 -7.28223e-20)
(1.64678 0.236002 0)
(1.71084 0.227914 -4.96136e-20)
(1.76769 0.218338 2.06328e-20)
(1.81686 0.206867 -5.45842e-22)
(1.8585 0.194169 0)
(1.8922 0.1785 0)
(1.4117 0.232911 1.03215e-19)
(1.49264 0.226246 0)
(1.56657 0.224277 8.07073e-20)
(1.63352 0.222455 0)
(1.69813 0.217188 -1.74132e-21)
(1.75661 0.209557 2.70018e-20)
(1.80863 0.199974 3.98257e-22)
(1.85287 0.188996 -4.28314e-22)
(1.89037 0.17614 4.27684e-22)
(1.92008 0.16202 1.0498e-21)
(1.47814 0.208017 -1.02128e-19)
(1.55399 0.204693 0)
(1.62649 0.201731 -7.80121e-20)
(1.68946 0.199226 -2.3286e-21)
(1.74924 0.194226 6.01532e-20)
(1.80313 0.186995 -2.5311e-20)
(1.85194 0.178072 1.01224e-21)
(1.89188 0.168434 -5.84714e-22)
(1.92671 0.156874 0)
(1.95247 0.145175 -2.25094e-21)
(1.54721 0.186723 0)
(1.61745 0.184578 8.72443e-20)
(1.68707 0.181218 -2.29474e-21)
(1.74655 0.178372 4.30022e-21)
(1.80156 0.174235 -6.3902e-20)
(1.85037 0.167918 1.73604e-21)
(1.89595 0.159822 -2.11051e-20)
(1.93175 0.151069 0)
(1.96478 0.140874 -7.17011e-21)
(1.98649 0.130514 1.38728e-21)
(1.61715 0.167261 -9.35021e-20)
(1.68169 0.165948 1.07991e-21)
(1.74703 0.162906 -4.78772e-21)
(1.80303 0.159757 4.24072e-21)
(1.85378 0.156067 -1.98909e-21)
(1.89782 0.150511 -1.48512e-21)
(1.9401 0.143332 2.10608e-21)
(1.9722 0.135294 7.98158e-21)
(2.00356 0.1264 7.52281e-21)
(2.02173 0.117033 0)
(1.68697 0.149463 1.8318e-19)
(1.74603 0.148733 -1.6776e-19)
(1.80639 0.146203 -2.21772e-21)
(1.8587 0.142966 2.22011e-21)
(1.90546 0.139547 0)
(1.94522 0.134656 2.59486e-20)
(1.98392 0.128456 6.36192e-22)
(2.0129 0.121068 -1.03086e-20)
(2.04218 0.113364 5.27849e-22)
(2.05794 0.104762 -1.55332e-21)
(1.75595 0.133276 -8.97135e-20)
(1.80971 0.132949 8.50444e-20)
(1.86479 0.130936 -4.62695e-21)
(1.91314 0.127838 2.19355e-21)
(1.95602 0.124613 2.94656e-20)
(1.992 0.120265 -1.42779e-21)
(2.02698 0.114941 2.42096e-20)
(2.05335 0.108241 0)
(2.08012 0.101522 4.04698e-21)
(2.09453 0.0936708 1.56099e-21)
(1.82349 0.118543 0)
(1.87207 0.118501 0)
(1.92182 0.116939 0)
(1.966 0.11412 3.46258e-20)
(2.00509 0.111081 -6.08035e-20)
(2.03763 0.107189 8.2778e-23)
(2.06897 0.102589 -1.0582e-20)
(2.093 0.0966288 -1.23119e-21)
(2.11713 0.0906927 -7.70206e-21)
(2.1307 0.0836481 0)
(1.889 0.105109 -4.16735e-20)
(1.93251 0.105285 0)
(1.97699 0.104108 -2.13186e-21)
(2.0169 0.101634 -2.8545e-20)
(2.05226 0.0988075 2.74455e-20)
(2.08159 0.0953116 -2.62511e-20)
(2.10952 0.0912915 -1.15449e-20)
(2.13131 0.0860699 -5.81717e-22)
(2.15294 0.0807776 9.15173e-21)
(2.16572 0.0745502 0)
(1.95189 0.0928591 8.19018e-20)
(1.99044 0.0932059 0)
(2.0298 0.0923557 -2.1082e-21)
(2.06541 0.0902364 -2.82006e-20)
(2.09711 0.0876488 -1.93606e-21)
(2.12338 0.0845019 1.55534e-21)
(2.1482 0.0809557 1.09233e-20)
(2.16778 0.0764161 -1.16502e-20)
(2.18717 0.071698 -4.02198e-21)
(2.19905 0.0662347 2.55346e-22)
(2.01153 0.0816916 -3.90346e-20)
(2.04524 0.0821661 1.03727e-21)
(2.07966 0.0815865 -2.29132e-21)
(2.11104 0.0798005 3.40945e-20)
(2.13917 0.0774675 -1.93114e-21)
(2.16251 0.0746327 0)
(2.1845 0.0714893 9.36446e-23)
(2.20197 0.0675477 -1.50073e-22)
(2.21935 0.0633707 -4.59747e-21)
(2.23029 0.0585888 0)
(2.06716 0.0715032 -1.18063e-21)
(2.0962 0.0720624 3.42556e-21)
(2.12589 0.0716981 -4.32693e-21)
(2.15317 0.0702074 3.99866e-21)
(2.17786 0.0681291 -1.9272e-21)
(2.19844 0.0655769 -1.57698e-21)
(2.21783 0.0627876 -9.66929e-21)
(2.23335 0.0593603 9.26196e-21)
(2.24893 0.0556995 9.95253e-21)
(2.25898 0.0515205 0)
(2.11788 0.0621825 0)
(2.14246 0.0627819 -3.63425e-20)
(2.16766 0.0625756 0)
(2.19104 0.0613327 1.58721e-20)
(2.21245 0.0594949 0)
(2.23047 0.057201 0)
(2.24753 0.0547294 7.14753e-22)
(2.26134 0.0517475 -7.20797e-22)
(2.27532 0.0485742 -4.72898e-21)
(2.28465 0.0449387 0)
(2.16248 0.053607 3.62151e-20)
(2.18284 0.0541953 3.72623e-20)
(2.20387 0.0540817 0)
(2.22367 0.0530303 1.8488e-21)
(2.24208 0.0514065 -1.65645e-20)
(2.25786 0.0493507 -1.59585e-21)
(2.2729 0.0471692 -4.51545e-21)
(2.28533 0.0445831 -6.45289e-22)
(2.29794 0.0418661 -1.79701e-21)
(2.30678 0.0387349 0)
(2.19926 0.0456281 -5.53378e-20)
(2.21583 0.0461335 -1.76671e-20)
(2.23325 0.0460329 -2.01359e-21)
(2.25 0.0451088 -1.18307e-20)
(2.26591 0.0436664 2.7369e-20)
(2.2799 0.0418347 0)
(2.29337 0.0399263 6.8789e-21)
(2.30482 0.0377075 -7.36792e-22)
(2.31639 0.0354216 2.45819e-21)
(2.325 0.0327749 5.45834e-22)
(2.22637 0.0380023 1.81746e-20)
(2.24004 0.0383308 1.96589e-20)
(2.25478 0.0381591 1.24663e-20)
(2.26934 0.0373071 2.04671e-21)
(2.28351 0.0360252 -1.46446e-20)
(2.29635 0.0344216 0)
(2.30881 0.0327886 6.21548e-21)
(2.31973 0.0309331 -3.47793e-21)
(2.33065 0.0290668 6.67497e-22)
(2.33927 0.0269042 -5.48652e-22)
(2.24329 0.0302791 1.78064e-20)
(2.25548 0.0303705 0)
(2.2688 0.0300937 -1.85441e-20)
(2.28226 0.0293123 1.17171e-20)
(2.29554 0.0282184 -1.91489e-21)
(2.3079 0.0268881 1.61701e-21)
(2.31988 0.0255671 -7.13841e-21)
(2.33066 0.0240994 -1.42955e-21)
(2.34123 0.0226591 6.74734e-22)
(2.35004 0.020991 0)
(2.25304 0.0219076 -7.78039e-21)
(2.26493 0.02183 9.59616e-22)
(2.27785 0.0215167 -2.12899e-21)
(2.29094 0.0208851 1.85239e-21)
(2.30389 0.0200691 -1.91269e-21)
(2.31611 0.0191062 3.40452e-21)
(2.32788 0.018173 0)
(2.33866 0.0171485 2.85021e-21)
(2.34903 0.0161641 -1.28433e-21)
(2.35802 0.0150052 2.84859e-22)
(2.26045 0.0129378 -8.70708e-21)
(2.27218 0.0128012 2.04636e-21)
(2.28482 0.0125165 4.00936e-25)
(2.29763 0.0120824 -5.74509e-21)
(2.31028 0.0115919 -1.82631e-21)
(2.3223 0.0110571 -6.73756e-21)
(2.33382 0.0105676 2.40207e-21)
(2.3445 0.0100471 -4.06113e-23)
(2.35464 0.00955821 1.29061e-21)
(2.36367 0.0089784 -2.86352e-22)
(2.2661 0.00418208 0)
(2.27737 0.00402729 0)
(2.28958 0.00377931 -6.0365e-21)
(2.30205 0.00349621 2.02411e-21)
(2.31438 0.00324471 1.83599e-21)
(2.32616 0.00304168 1.71602e-21)
(2.33742 0.00291052 7.52692e-22)
(2.34793 0.00282169 -2.17468e-21)
(2.35785 0.00277452 6.92679e-22)
(2.36679 0.002733 0)
)
;

boundaryField
{
    bottom
    {
        type            symmetryPlane;
    }
    right
    {
        type            zeroGradient;
    }
    top
    {
        type            symmetryPlane;
    }
    left
    {
        type            zeroGradient;
    }
    cylinder
    {
        type            noSlip;
    }
    defaultFaces
    {
        type            empty;
    }
}


// ************************************************************************* //
