/*--------------------------------*- C++ -*----------------------------------*\
| =========                 |                                                 |
| \\      /  F ield         | OpenFOAM: The Open Source CFD Toolbox           |
|  \\    /   O peration     | Version:  4.1                                   |
|   \\  /    A nd           | Web:      www.OpenFOAM.org                      |
|    \\/     M anipulation  |                                                 |
\*---------------------------------------------------------------------------*/
FoamFile
{
    version     2.0;
    format      ascii;
    class       volVectorField;
    location    "6.3";
    object      U;
}
// * * * * * * * * * * * * * * * * * * * * * * * * * * * * * * * * * * * * * //

dimensions      [0 1 -1 0 0 0 0];

internalField   nonuniform List<vector> 
2000
(
(-0.0309871 0.0280993 5.27006e-20)
(0.0140998 0.0214393 0)
(0.152077 -0.0049438 8.48432e-20)
(0.361518 -0.0379916 3.80918e-20)
(0.613817 -0.0684297 -7.08927e-20)
(0.873315 -0.0924411 -9.49996e-20)
(1.11006 -0.108841 3.02325e-20)
(1.30357 -0.122959 0)
(1.45768 -0.125423 -2.31191e-20)
(1.54409 -0.146199 0)
(-0.022584 0.0194897 -2.6132e-20)
(0.0666304 -0.00282305 2.3296e-20)
(0.270345 -0.034374 -8.9395e-20)
(0.547662 -0.0632519 -1.19748e-19)
(0.845937 -0.0831639 -8.30356e-22)
(1.11755 -0.0943274 3.12446e-20)
(1.33516 -0.0995798 -2.93748e-20)
(1.49227 -0.103042 -2.53078e-20)
(1.59481 -0.102063 2.31188e-20)
(1.64433 -0.113461 3.80156e-20)
(-0.00668805 0.00918477 2.80478e-20)
(0.143379 -0.0272888 -2.62712e-20)
(0.424599 -0.057056 4.49585e-20)
(0.762348 -0.074122 -1.51195e-21)
(1.08012 -0.0795685 3.62587e-20)
(1.33238 -0.0785751 3.23654e-20)
(1.50799 -0.0757433 2.87068e-20)
(1.61621 -0.0745853 2.53079e-20)
(1.67468 -0.0728674 2.10483e-20)
(1.70299 -0.0815231 -1.81812e-20)
(0.0189831 -0.00231799 -7.17034e-22)
(0.247308 -0.0483648 -2.7876e-20)
(0.608589 -0.0671292 0)
(0.984053 -0.0670597 3.98717e-20)
(1.28931 -0.0587721 -3.86622e-20)
(1.49897 -0.0498155 0)
(1.62417 -0.0438902 0)
(1.68887 -0.0419905 0)
(1.71745 -0.041547 -2.10494e-20)
(1.72231 -0.0493822 3.44783e-20)
(0.0564905 -0.0136526 6.52443e-20)
(0.378063 -0.0606938 -1.26953e-23)
(0.807899 -0.0599415 2.59126e-20)
(1.18977 -0.0423109 2.10907e-20)
(1.45728 -0.0247689 1.88728e-20)
(1.61536 -0.013061 1.58051e-20)
(1.69488 -0.00783798 0)
(1.72739 -0.00755834 1.09772e-20)
(1.73532 -0.00986398 -4.51983e-20)
(1.73362 -0.0179586 5.87601e-20)
(0.107127 -0.0226684 -1.0186e-19)
(0.530059 -0.0586617 1.84707e-21)
(1.00395 -0.0340321 -5.1287e-20)
(1.36367 -0.00285003 4.59307e-20)
(1.58087 0.0182956 -5.43746e-20)
(1.68978 0.0285184 1.75245e-20)
(1.73337 0.0306522 0)
(1.74402 0.0278901 -1.09781e-20)
(1.74149 0.0226224 9.14316e-21)
(1.73443 0.0144744 2.58277e-20)
(0.170961 -0.0266097 0)
(0.692485 -0.038346 0)
(1.18085 0.00906821 -2.59252e-20)
(1.49959 0.0476862 2.41345e-20)
(1.66463 0.0673865 -1.7222e-20)
(1.73213 0.0731475 1.61692e-20)
(1.74983 0.0707362 2.22359e-20)
(1.74722 0.064261 -2.10183e-20)
(1.73877 0.0559559 -1.42884e-20)
(1.73045 0.0470059 6.87755e-21)
(0.246111 -0.0225928 1.94432e-20)
(0.851935 0.00110061 0)
(1.32898 0.0663001 -1.21361e-20)
(1.59797 0.106062 4.50016e-20)
(1.71531 0.120362 -2.80269e-20)
(1.75065 0.119742 0)
(1.75105 0.112023 0)
(1.74085 0.101462 0)
(1.73003 0.0901677 -1.18569e-20)
(1.7211 0.0801079 1.12706e-20)
(0.328602 -0.00828561 -9.97141e-21)
(0.996339 0.0576522 -3.82219e-22)
(1.44427 0.134123 -1.38873e-20)
(1.66223 0.169606 5.24602e-21)
(1.73928 0.175654 5.02868e-21)
(1.7512 0.167529 7.05693e-21)
(1.74083 0.154098 0)
(1.72691 0.139273 -1.55354e-21)
(1.71534 0.124999 -5.58397e-21)
(1.70664 0.113007 4.27616e-21)
(0.412888 0.0175457 0)
(1.11745 0.127685 -8.48905e-21)
(1.52611 0.209013 0)
(1.69657 0.236079 -2.97653e-21)
(1.74161 0.231981 -2.74937e-21)
(1.7375 0.215754 -3.11621e-21)
(1.72109 0.196403 0)
(1.70587 0.17717 1.55368e-21)
(1.69474 0.159834 1.08503e-21)
(1.68678 0.145396 3.80885e-22)
(-0.00996365 0.00933292 0)
(-0.0385792 0.0166572 -4.6833e-21)
(-0.0777461 0.0186384 0)
(-0.114126 0.018221 -6.12016e-21)
(-0.145105 0.0165917 -1.92897e-21)
(-0.170316 0.0143044 3.57749e-21)
(-0.189709 0.0116839 -3.3691e-21)
(-0.203537 0.00899024 3.17325e-21)
(-0.212451 0.00651355 4.10175e-23)
(-0.217867 0.00460491 2.7828e-21)
(-0.0114753 0.0267331 -1.48561e-20)
(-0.0390228 0.048017 9.2797e-21)
(-0.074396 0.05395 -8.78828e-21)
(-0.106018 0.052777 4.06119e-21)
(-0.131661 0.0479337 1.92099e-20)
(-0.150979 0.0410416 -7.2011e-21)
(-0.163895 0.0330436 0)
(-0.170528 0.0247276 -3.16258e-21)
(-0.171164 0.0170092 -2.96119e-21)
(-0.167404 0.011043 0)
(-0.0142181 0.0406112 9.91179e-21)
(-0.0399789 0.0738661 0)
(-0.0684738 0.0835492 2.65531e-20)
(-0.0913179 0.0817715 -3.31605e-20)
(-0.106993 0.0738565 7.81671e-21)
(-0.115288 0.062352 0)
(-0.116151 0.048696 0)
(-0.109634 0.0341315 0)
(-0.0954435 0.0202268 2.40638e-20)
(-0.0743749 0.00914889 -2.287e-20)
(-0.0176865 0.0496042 0)
(-0.0414884 0.0916586 -1.94696e-20)
(-0.0611905 0.104363 3.61483e-20)
(-0.0723333 0.101959 -1.68621e-20)
(-0.074406 0.0911348 1.58851e-20)
(-0.067497 0.075162 -4.47653e-20)
(-0.0516578 0.0557776 8.67541e-23)
(-0.0271424 0.034365 2.65022e-20)
(0.0061675 0.0128446 2.45014e-20)
(0.0512268 -0.00431786 -3.48734e-20)
(-0.021392 0.0535604 2.08958e-20)
(-0.0434511 0.10028 -3.99703e-20)
(-0.0535139 0.114469 -1.58548e-22)
(-0.0509915 0.110892 1.5228e-22)
(-0.0365155 0.0970532 1.60522e-20)
(-0.0106182 0.0767763 -4.55672e-20)
(0.0264439 0.0519984 0)
(0.0740304 0.0240318 -1.34827e-20)
(0.13123 -0.00532425 1.26314e-20)
(0.20791 -0.0297019 -4.69089e-20)
(-0.0250247 0.0533488 -2.79073e-22)
(-0.0454408 0.100109 4.04805e-20)
(-0.0453199 0.113345 1.8619e-20)
(-0.0273008 0.107258 1.78469e-20)
(0.0069933 0.0897235 1.62345e-20)
(0.0565625 0.0649585 1.52531e-20)
(0.120749 0.0353278 0)
(0.198653 0.0023936 1.34815e-20)
(0.283683 -0.0332386 3.73443e-20)
(0.403078 -0.0644748 -1.25105e-20)
(-0.0284487 0.0503825 7.45811e-23)
(-0.0464487 0.0926711 2.08755e-20)
(-0.0345695 0.101883 0)
(0.00221418 0.0913221 -3.48767e-20)
(0.061576 0.0689764 3.30636e-20)
(0.141928 0.0394433 0)
(0.241221 0.00547999 0)
(0.358028 -0.0301258 0)
(0.473987 -0.0689598 -2.549e-20)
(0.643295 -0.102484 -4.71343e-20)
(-0.031501 0.0459828 -2.28617e-20)
(-0.0445474 0.0798758 2.14151e-20)
(-0.016723 0.082025 3.93946e-20)
(0.0453597 0.0650721 5.45357e-22)
(0.13858 0.0371656 3.35206e-20)
(0.259385 0.0032591 3.12044e-20)
(0.401978 -0.0334775 2.91167e-20)
(0.562046 -0.0686979 2.71158e-20)
(0.709363 -0.106211 2.54867e-20)
(0.917758 -0.134415 -2.32641e-20)
(-0.0337002 0.0408759 -7.18282e-20)
(-0.0366575 0.0632683 -2.13094e-20)
(0.0150656 0.0560777 -7.91089e-20)
(0.113059 0.031791 -3.63342e-20)
(0.251673 -0.00102701 4.92406e-22)
(0.421872 -0.0369383 -3.08552e-20)
(0.610751 -0.072143 2.93718e-20)
(0.805805 -0.103425 -2.71124e-20)
(0.978835 -0.133664 2.48796e-20)
(1.18966 -0.150935 -4.61025e-20)
(-0.0340442 0.035069 4.83053e-20)
(-0.0186917 0.0436735 0)
(0.0688024 0.0263039 4.03467e-20)
(0.216192 -0.00428132 -8.73547e-23)
(0.410502 -0.0388061 5.91379e-22)
(0.631488 -0.0717883 3.11154e-20)
(0.856708 -0.0995537 -8.81185e-20)
(1.06446 -0.12362 0)
(1.24437 -0.140234 -2.4877e-20)
(1.40892 -0.150844 0)
(-0.221389 0.00324746 0)
(-0.223805 0.000856137 -2.53663e-21)
(-0.222812 -0.00190939 5.00172e-21)
(-0.218382 -0.00473907 -2.16012e-21)
(-0.210453 -0.00758459 0)
(-0.198936 -0.0104226 2.10037e-21)
(-0.183807 -0.013218 -2.11078e-21)
(-0.1651 -0.0159344 0)
(-0.142882 -0.0185493 0)
(-0.117253 -0.0210405 1.94329e-22)
(-0.0883326 -0.0233934 0)
(-0.0562716 -0.0255922 0)
(-0.0213099 -0.0275597 0)
(0.0164585 -0.0293349 0)
(0.0568332 -0.0310031 -1.27706e-22)
(0.0995592 -0.0325637 1.28368e-22)
(0.14462 -0.034091 0)
(0.191758 -0.0357232 -1.11593e-23)
(0.240414 -0.0374327 1.1218e-23)
(0.309167 -0.0395887 0)
(-0.163785 0.00716602 0)
(-0.163131 5.19031e-05 6.6479e-22)
(-0.159129 -0.00802608 0)
(-0.151732 -0.016273 9.27876e-21)
(-0.141166 -0.0245985 -9.02915e-21)
(-0.127341 -0.0329504 5.66096e-22)
(-0.1102 -0.0411872 -3.99159e-21)
(-0.0898016 -0.0490926 8.16703e-21)
(-0.0662436 -0.0566995 -6.55173e-21)
(-0.0396343 -0.0639247 3.54319e-21)
(-0.0100875 -0.0706892 2.57242e-21)
(0.0223873 -0.0769368 -4.46473e-21)
(0.0574924 -0.0826488 2.19866e-21)
(0.0949059 -0.0878094 9.34097e-22)
(0.134524 -0.0925385 -7.25035e-22)
(0.176161 -0.0968963 1.23953e-22)
(0.21965 -0.101061 8.47338e-23)
(0.265025 -0.105403 5.91808e-23)
(0.309953 -0.109899 -5.94678e-23)
(0.374926 -0.115674 -6.42897e-24)
(-0.0592185 0.00293168 -6.98491e-22)
(-0.0527063 -0.00804181 -6.65949e-22)
(-0.0429335 -0.0206256 -6.66781e-22)
(-0.0300825 -0.0336084 0)
(-0.014812 -0.0467112 -1.06676e-20)
(0.00304434 -0.0597614 8.33557e-21)
(0.0238901 -0.0725817 0)
(0.0474377 -0.0850694 -1.00288e-21)
(0.07334 -0.0970991 -4.47416e-22)
(0.101663 -0.108484 5.38351e-21)
(0.132294 -0.119064 -7.90803e-22)
(0.165101 -0.128743 -6.10056e-21)
(0.199877 -0.137571 -2.78934e-22)
(0.23639 -0.145475 -2.11148e-22)
(0.274428 -0.152525 -1.83998e-22)
(0.31381 -0.158849 3.20876e-22)
(0.35413 -0.164661 -3.35215e-22)
(0.396176 -0.170405 -2.95138e-22)
(0.434887 -0.176149 -4.36365e-23)
(0.492994 -0.183731 1.71914e-23)
(0.0799725 -0.0130347 -2.17769e-20)
(0.0948902 -0.0263135 5.85926e-22)
(0.111635 -0.0420209 1.38983e-21)
(0.131358 -0.0586301 2.13757e-20)
(0.152954 -0.0754346 1.89664e-21)
(0.176208 -0.092092 5.87113e-22)
(0.201261 -0.108475 -1.62066e-20)
(0.228096 -0.124572 9.89887e-21)
(0.256595 -0.140032 8.04007e-21)
(0.286646 -0.154605 -7.0216e-21)
(0.318108 -0.168089 7.96852e-22)
(0.350816 -0.180335 6.81355e-21)
(0.384585 -0.191278 2.76611e-22)
(0.419193 -0.200879 2.21581e-21)
(0.454416 -0.209222 -1.54247e-21)
(0.490155 -0.2164 -1.01288e-21)
(0.525652 -0.222711 8.87214e-22)
(0.562711 -0.228419 0)
(0.593968 -0.233831 1.13478e-22)
(0.642742 -0.240814 9.60855e-25)
(0.248191 -0.0398861 4.6263e-20)
(0.273186 -0.0545622 -2.11661e-20)
(0.296437 -0.0723393 2.26464e-20)
(0.32242 -0.0912483 0)
(0.350015 -0.110412 -1.27808e-21)
(0.37836 -0.129543 -1.91833e-20)
(0.407382 -0.148448 9.01574e-23)
(0.437117 -0.166867 1.35801e-21)
(0.467484 -0.184472 1.66769e-20)
(0.49833 -0.200956 8.83986e-22)
(0.529504 -0.216067 0)
(0.560816 -0.229594 -6.87882e-22)
(0.592121 -0.241447 0)
(0.623198 -0.251534 -4.90302e-22)
(0.65389 -0.260005 0)
(0.684163 -0.266819 0)
(0.713152 -0.272525 2.232e-22)
(0.743084 -0.276906 -2.47688e-22)
(0.76648 -0.280965 2.22018e-22)
(0.803403 -0.285168 -5.3596e-23)
(0.449554 -0.0741781 0)
(0.48188 -0.0899036 -1.45168e-21)
(0.50999 -0.109125 -4.47436e-20)
(0.539961 -0.129192 4.3364e-20)
(0.57123 -0.149369 -1.32468e-21)
(0.602517 -0.169577 0)
(0.633452 -0.189577 -1.83836e-20)
(0.664012 -0.208978 3.43122e-20)
(0.694115 -0.227386 -1.80705e-20)
(0.723561 -0.244433 -9.34705e-22)
(0.752206 -0.259831 -8.3732e-22)
(0.779812 -0.273309 -7.37328e-22)
(0.806351 -0.284796 0)
(0.831539 -0.29412 3.30991e-21)
(0.855503 -0.301587 -7.37739e-21)
(0.877997 -0.306913 3.09057e-21)
(0.898835 -0.311101 -2.59921e-22)
(0.919196 -0.31316 -1.78039e-22)
(0.934636 -0.315384 6.32379e-23)
(0.957355 -0.315583 -6.16381e-23)
(0.68805 -0.110819 4.71608e-20)
(0.721454 -0.126841 0)
(0.750365 -0.146589 -1.42312e-21)
(0.780416 -0.166729 2.75446e-21)
(0.811219 -0.186883 2.64608e-21)
(0.841425 -0.20712 1.25889e-21)
(0.870527 -0.227064 1.18806e-21)
(0.898335 -0.246215 -1.60278e-20)
(0.924688 -0.264154 1.91426e-20)
(0.949314 -0.280482 1.60085e-20)
(0.972136 -0.294915 -1.32952e-20)
(0.992854 -0.307136 1.46206e-21)
(1.01169 -0.317157 -4.68365e-21)
(1.02818 -0.324712 1.30002e-21)
(1.04309 -0.330339 4.76632e-21)
(1.05548 -0.333447 3.49961e-22)
(1.06683 -0.335618 -3.62182e-22)
(1.07567 -0.334934 4.85789e-22)
(1.08326 -0.335287 6.68801e-22)
(1.09059 -0.331453 3.28013e-23)
(0.952891 -0.142098 0)
(0.980412 -0.158076 -4.63988e-20)
(1.00493 -0.177227 4.76232e-20)
(1.03029 -0.196625 -1.37926e-21)
(1.05585 -0.216224 -2.61892e-21)
(1.08041 -0.235829 -1.25771e-21)
(1.10333 -0.254877 -2.34669e-21)
(1.12417 -0.27286 0)
(1.14272 -0.289397 -1.01402e-21)
(1.15866 -0.304088 -9.20262e-22)
(1.17213 -0.316704 -8.13669e-22)
(1.18277 -0.32693 -1.44133e-21)
(1.19122 -0.334901 0)
(1.19677 -0.34028 0)
(1.20106 -0.343839 -4.31947e-22)
(1.2021 -0.344697 -3.10431e-21)
(1.20363 -0.344958 2.15123e-21)
(1.20064 -0.341867 -1.80645e-22)
(1.20104 -0.340709 -3.44692e-22)
(1.19398 -0.333781 1.01324e-22)
(1.21179 -0.160928 4.80542e-20)
(1.23045 -0.177372 0)
(1.24765 -0.195558 0)
(1.26486 -0.214274 -4.21495e-20)
(1.28152 -0.233262 3.0244e-21)
(1.2967 -0.25184 7.7733e-20)
(1.30967 -0.269463 -3.64704e-20)
(1.31987 -0.285756 0)
(1.32724 -0.300426 0)
(1.3316 -0.313116 0)
(1.33341 -0.323693 4.12656e-22)
(1.33234 -0.331877 1.05043e-21)
(1.32952 -0.33792 8.98301e-21)
(1.32391 -0.341437 -8.66873e-21)
(1.31804 -0.343352 3.04485e-21)
(1.30878 -0.34257 -2.68835e-21)
(1.30197 -0.341512 0)
(1.28915 -0.336845 8.72304e-23)
(1.28411 -0.334733 1.01244e-22)
(1.26587 -0.325857 0)
(1.42927 -0.167755 -7.41224e-22)
(1.44375 -0.183875 -4.47914e-20)
(1.45325 -0.200441 4.4325e-20)
(1.45959 -0.217836 0)
(1.46405 -0.235151 3.84947e-20)
(1.46662 -0.251698 -7.43377e-20)
(1.46688 -0.26724 3.58688e-20)
(1.46447 -0.281544 0)
(1.45962 -0.294372 1.42548e-20)
(1.45231 -0.305389 -2.69568e-20)
(1.44328 -0.314507 1.31014e-20)
(1.43214 -0.321444 -3.38291e-22)
(1.42031 -0.326483 0)
(1.40636 -0.329193 -7.38965e-21)
(1.3934 -0.330521 9.9744e-21)
(1.37726 -0.329273 -2.87248e-21)
(1.36523 -0.327908 -1.65138e-21)
(1.3463 -0.32291 1.18269e-21)
(1.33821 -0.320618 5.33403e-22)
(1.3131 -0.311147 0)
(1.61372 -0.15181 0)
(1.60981 -0.167172 0)
(1.60028 -0.181175 0)
(1.58918 -0.195988 0)
(1.57864 -0.211357 0)
(1.56841 -0.226459 0)
(1.55772 -0.24075 0)
(1.54584 -0.253921 0)
(1.53286 -0.265872 0)
(1.51853 -0.276379 0)
(1.50357 -0.285432 0)
(1.48728 -0.292713 0)
(1.47118 -0.298496 0)
(1.45337 -0.302255 0)
(1.43725 -0.304881 0)
(1.41801 -0.30511 0)
(1.40358 -0.305217 0)
(1.38189 -0.301859 0)
(1.3721 -0.30073 0)
(1.34407 -0.292978 0)
(1.66325 -0.138126 0)
(1.66177 -0.15512 0)
(1.65115 -0.170815 0)
(1.63717 -0.186419 0)
(1.62351 -0.201921 0)
(1.61041 -0.216786 0)
(1.59704 -0.230603 0)
(1.58259 -0.243132 0)
(1.5672 -0.254332 0)
(1.55067 -0.264042 0)
(1.53379 -0.272309 0)
(1.51584 -0.278867 0)
(1.49833 -0.284013 0)
(1.47927 -0.287259 0)
(1.46212 -0.289472 0)
(1.44189 -0.289452 0)
(1.42669 -0.289353 0)
(1.40412 -0.285988 0)
(1.39382 -0.28476 0)
(1.36507 -0.277159 0)
(1.68724 -0.125303 0)
(1.68564 -0.142974 0)
(1.67449 -0.159417 0)
(1.65953 -0.174851 0)
(1.64481 -0.189477 0)
(1.63077 -0.203218 0)
(1.6166 -0.215919 0)
(1.60143 -0.227409 0)
(1.58539 -0.237658 0)
(1.56829 -0.24653 0)
(1.55096 -0.254102 0)
(1.53266 -0.260146 0)
(1.51489 -0.264956 0)
(1.49563 -0.268068 0)
(1.47835 -0.270283 0)
(1.45798 -0.270463 0)
(1.44272 -0.270582 0)
(1.42003 -0.267688 0)
(1.40974 -0.266697 0)
(1.38086 -0.259895 0)
(1.69523 -0.113372 0)
(1.69368 -0.130934 0)
(1.68305 -0.147298 0)
(1.66844 -0.162225 0)
(1.65378 -0.175992 0)
(1.6397 -0.188785 0)
(1.62555 -0.200614 0)
(1.61048 -0.211344 0)
(1.5946 -0.22093 0)
(1.57772 -0.229241 0)
(1.56066 -0.236361 0)
(1.54267 -0.242085 0)
(1.52527 -0.246694 0)
(1.50638 -0.249748 0)
(1.48948 -0.251989 0)
(1.46947 -0.252342 0)
(1.45454 -0.252634 0)
(1.4322 -0.250123 0)
(1.42212 -0.249331 0)
(1.39365 -0.243199 0)
(1.69548 -0.103104 0)
(1.69415 -0.11992 0)
(1.68448 -0.135668 0)
(1.67084 -0.149909 0)
(1.65682 -0.162877 0)
(1.64318 -0.174831 0)
(1.62945 -0.185865 0)
(1.61487 -0.195878 0)
(1.59954 -0.204828 0)
(1.58325 -0.21259 0)
(1.5668 -0.219253 0)
(1.54943 -0.224633 0)
(1.53264 -0.229004 0)
(1.51436 -0.231949 0)
(1.49804 -0.23416 0)
(1.47859 -0.23463 0)
(1.46415 -0.235045 0)
(1.44231 -0.232867 0)
(1.43256 -0.232247 0)
(1.40466 -0.226724 0)
(1.69388 -0.0943185 0)
(1.6926 -0.109995 0)
(1.68386 -0.124817 0)
(1.67126 -0.138235 0)
(1.65803 -0.150385 0)
(1.64498 -0.161517 0)
(1.63179 -0.171758 0)
(1.61779 -0.181047 0)
(1.60311 -0.189357 0)
(1.58748 -0.196571 0)
(1.57171 -0.202779 0)
(1.55499 -0.207813 0)
(1.53886 -0.211933 0)
(1.52121 -0.214751 0)
(1.50549 -0.216907 0)
(1.48662 -0.217459 0)
(1.47268 -0.217965 0)
(1.45138 -0.216075 0)
(1.44196 -0.215597 0)
(1.41466 -0.210622 0)
(1.69314 -0.0865081 0)
(1.69163 -0.100909 0)
(1.68357 -0.114665 0)
(1.6719 -0.12717 0)
(1.65942 -0.138473 0)
(1.64693 -0.148784 0)
(1.63424 -0.158245 0)
(1.62077 -0.166821 0)
(1.60667 -0.174501 0)
(1.59164 -0.181178 0)
(1.57647 -0.186938 0)
(1.56035 -0.191625 0)
(1.5448 -0.195485 0)
(1.52772 -0.198154 0)
(1.51254 -0.200227 0)
(1.49419 -0.200823 0)
(1.48071 -0.201382 0)
(1.4599 -0.199731 0)
(1.45077 -0.199364 0)
(1.42404 -0.194876 0)
(1.69391 -0.079348 0)
(1.69196 -0.0924606 0)
(1.68435 -0.10509 0)
(1.67343 -0.116625 0)
(1.6616 -0.127055 0)
(1.64959 -0.136549 0)
(1.63732 -0.145244 0)
(1.62428 -0.153123 0)
(1.61065 -0.160185 0)
(1.59612 -0.166333 0)
(1.58145 -0.171647 0)
(1.56582 -0.175983 0)
(1.55076 -0.17957 0)
(1.53416 -0.182069 0)
(1.51943 -0.184034 0)
(1.50153 -0.184643 0)
(1.48842 -0.185224 0)
(1.46804 -0.183775 0)
(1.45916 -0.183492 0)
(1.43292 -0.179443 0)
(1.696 -0.0726386 0)
(1.69351 -0.0844789 0)
(1.68617 -0.0959577 0)
(1.67584 -0.106494 0)
(1.66455 -0.116036 0)
(1.65294 -0.124717 0)
(1.64099 -0.132658 0)
(1.6283 -0.139853 0)
(1.61504 -0.146306 0)
(1.6009 -0.15193 0)
(1.58663 -0.1568 0)
(1.57141 -0.160781 0)
(1.55674 -0.164087 0)
(1.54053 -0.166404 0)
(1.52617 -0.168242 0)
(1.50863 -0.168842 0)
(1.49584 -0.169422 0)
(1.47581 -0.168146 0)
(1.46715 -0.167928 0)
(1.44133 -0.164281 0)
(1.69904 -0.0662073 0)
(1.69596 -0.0768079 0)
(1.68875 -0.0871432 0)
(1.67889 -0.0966743 0)
(1.66803 -0.105325 0)
(1.65673 -0.113198 0)
(1.64504 -0.120398 0)
(1.63261 -0.12692 0)
(1.61965 -0.132773 0)
(1.60583 -0.137879 0)
(1.59188 -0.142307 0)
(1.57698 -0.145933 0)
(1.56263 -0.148953 0)
(1.54673 -0.151079 0)
(1.53267 -0.152777 0)
(1.51543 -0.153353 0)
(1.50291 -0.153915 0)
(1.48317 -0.15279 0)
(1.47469 -0.152621 0)
(1.44922 -0.14935 0)
(1.70264 -0.0599226 0)
(1.69896 -0.0693308 0)
(1.6918 -0.0785491 0)
(1.68228 -0.0870851 0)
(1.67176 -0.0948507 0)
(1.66072 -0.101923 0)
(1.64924 -0.108391 0)
(1.63701 -0.114252 0)
(1.62428 -0.119515 0)
(1.61071 -0.124109 0)
(1.59703 -0.128099 0)
(1.58238 -0.13137 0)
(1.56829 -0.134102 0)
(1.55264 -0.136031 0)
(1.53883 -0.137581 0)
(1.52184 -0.13812 0)
(1.50953 -0.138651 0)
(1.49003 -0.137662 0)
(1.4817 -0.137531 0)
(1.45653 -0.134613 0)
(1.70648 -0.0537048 0)
(1.70221 -0.0619721 0)
(1.69503 -0.0701064 0)
(1.68578 -0.0776651 0)
(1.67554 -0.0845562 0)
(1.66469 -0.0908377 0)
(1.65337 -0.0965855 0)
(1.64131 -0.101795 0)
(1.62876 -0.106475 0)
(1.61539 -0.110564 0)
(1.60192 -0.11412 0)
(1.58749 -0.117038 0)
(1.5736 -0.11948 0)
(1.55816 -0.121208 0)
(1.54455 -0.122604 0)
(1.52776 -0.123098 0)
(1.51563 -0.12359 0)
(1.49634 -0.122724 0)
(1.48813 -0.122624 0)
(1.46322 -0.120043 0)
(1.71031 -0.047505 0)
(1.70549 -0.0546796 0)
(1.69825 -0.0617638 0)
(1.6892 -0.0683662 0)
(1.67918 -0.0743969 0)
(1.66849 -0.0798993 0)
(1.6573 -0.084937 0)
(1.64536 -0.0895046 0)
(1.63296 -0.0936117 0)
(1.61975 -0.0972019 0)
(1.60645 -0.100327 0)
(1.59219 -0.102893 0)
(1.57848 -0.105046 0)
(1.5632 -0.106571 0)
(1.54976 -0.107808 0)
(1.53313 -0.108252 0)
(1.52115 -0.108696 0)
(1.50203 -0.107947 0)
(1.49393 -0.107869 0)
(1.46923 -0.105613 0)
(1.71397 -0.0412886 0)
(1.70863 -0.047415 0)
(1.70132 -0.0534822 0)
(1.69241 -0.0591509 0)
(1.68257 -0.0643369 0)
(1.672 -0.069073 0)
(1.6609 -0.0734118 0)
(1.64907 -0.0773475 0)
(1.63678 -0.0808887 0)
(1.6237 -0.0839859 0)
(1.61054 -0.0866841 0)
(1.59641 -0.0889017 0)
(1.58284 -0.0907642 0)
(1.56771 -0.0920861 0)
(1.5544 -0.0931609 0)
(1.53791 -0.0935511 0)
(1.52605 -0.0939435 0)
(1.50708 -0.0933031 0)
(1.49906 -0.0932436 0)
(1.47454 -0.0913036 0)
(1.7173 -0.0350339 0)
(1.71151 -0.0401526 0)
(1.70411 -0.0452342 0)
(1.69531 -0.0499913 0)
(1.6856 -0.054349 0)
(1.67514 -0.0583315 0)
(1.66411 -0.061982 0)
(1.65235 -0.0652951 0)
(1.64015 -0.0682776 0)
(1.62718 -0.0708876 0)
(1.61412 -0.0731629 0)
(1.60011 -0.075034 0)
(1.58665 -0.0766074 0)
(1.57163 -0.0777253 0)
(1.55843 -0.0786364 0)
(1.54206 -0.0789696 0)
(1.5303 -0.0793063 0)
(1.51144 -0.0787705 0)
(1.50349 -0.0787253 0)
(1.47913 -0.0770938 0)
(1.7202 -0.0287309 0)
(1.71403 -0.0328773 0)
(1.70654 -0.0370007 0)
(1.69783 -0.0408664 0)
(1.68821 -0.0444108 0)
(1.67782 -0.0476521 0)
(1.66685 -0.0506245 0)
(1.65514 -0.0533233 0)
(1.64302 -0.0557539 0)
(1.63013 -0.0578819 0)
(1.61716 -0.0597379 0)
(1.60323 -0.0612651 0)
(1.58986 -0.0625503 0)
(1.57493 -0.0634643 0)
(1.56182 -0.0642105 0)
(1.54553 -0.064485 0)
(1.53386 -0.0647632 0)
(1.51509 -0.0643287 0)
(1.5072 -0.0642949 0)
(1.48296 -0.0629665 0)
(1.7226 -0.022384 0)
(1.71611 -0.0255868 0)
(1.70855 -0.0287742 0)
(1.69989 -0.0317645 0)
(1.69035 -0.0345079 0)
(1.68001 -0.0370179 0)
(1.66908 -0.0393207 0)
(1.65742 -0.0414125 0)
(1.64535 -0.043297 0)
(1.63252 -0.0449476 0)
(1.61961 -0.0463875 0)
(1.60575 -0.0475732 0)
(1.59245 -0.0485711 0)
(1.57758 -0.049282 0)
(1.56455 -0.0498622 0)
(1.54833 -0.0500774 0)
(1.53671 -0.0502946 0)
(1.51803 -0.0499595 0)
(1.51018 -0.0499345 0)
(1.48604 -0.0489055 0)
(1.72442 -0.0160132 0)
(1.7177 -0.018294 0)
(1.71007 -0.020561 0)
(1.70145 -0.0226866 0)
(1.69197 -0.0246367 0)
(1.68167 -0.0264218 0)
(1.67076 -0.0280604 0)
(1.65913 -0.02955 0)
(1.6471 -0.0308921 0)
(1.63431 -0.0320685 0)
(1.62146 -0.0330943 0)
(1.60765 -0.0339405 0)
(1.5944 -0.0346512 0)
(1.57958 -0.0351602 0)
(1.56659 -0.0355726 0)
(1.55043 -0.0357295 0)
(1.53886 -0.0358821 0)
(1.52023 -0.0356476 0)
(1.51242 -0.0356267 0)
(1.48834 -0.0348965 0)
(1.72561 -0.00957193 0)
(1.71874 -0.0109589 0)
(1.71109 -0.0123275 0)
(1.7025 -0.0136051 0)
(1.69305 -0.0147739 0)
(1.68278 -0.0158432 0)
(1.67189 -0.0168242 0)
(1.66028 -0.0177169 0)
(1.64827 -0.0185204 0)
(1.63551 -0.0192262 0)
(1.62269 -0.0198395 0)
(1.60891 -0.0203485 0)
(1.5957 -0.0207719 0)
(1.58092 -0.021081 0)
(1.56796 -0.0213231 0)
(1.55183 -0.0214249 0)
(1.54029 -0.0215069 0)
(1.5217 -0.021379 0)
(1.5139 -0.0213532 0)
(1.48988 -0.0209274 0)
(1.72615 -0.00305811 0)
(1.71923 -0.00356272 0)
(1.71157 -0.00404753 0)
(1.70301 -0.00449242 0)
(1.69359 -0.00489455 0)
(1.68333 -0.00525946 0)
(1.67245 -0.00559213 0)
(1.66085 -0.00589389 0)
(1.64886 -0.00616424 0)
(1.63611 -0.00640177 0)
(1.6233 -0.0066069 0)
(1.60955 -0.00677826 0)
(1.59634 -0.00691874 0)
(1.58158 -0.00702403 0)
(1.56864 -0.00710246 0)
(1.55254 -0.0071403 0)
(1.541 -0.00716291 0)
(1.52244 -0.00712675 0)
(1.51464 -0.00711121 0)
(1.49065 -0.0069757 0)
(1.68104 0.128809 -3.72154e-22)
(1.69992 0.103337 0)
(1.71378 0.0767126 2.77924e-22)
(1.72373 0.0490672 8.78106e-21)
(1.72841 0.0206459 -2.64688e-20)
(1.73013 -0.00801751 0)
(1.72715 -0.0374017 -3.3301e-20)
(1.71144 -0.0665208 0)
(1.7073 -0.0957944 -3.97612e-20)
(1.61187 -0.131025 6.11001e-22)
(1.67777 0.114393 -7.76196e-23)
(1.69469 0.0920879 -1.37962e-22)
(1.70797 0.0685672 1.38237e-22)
(1.71588 0.0445702 -2.03956e-21)
(1.72287 0.0192395 8.35372e-21)
(1.71987 -0.00600081 6.88823e-22)
(1.72813 -0.0320195 0)
(1.70274 -0.0597782 2.77276e-20)
(1.72622 -0.0825674 0)
(1.65803 -0.119029 3.33803e-20)
(1.67843 0.100485 3.44066e-22)
(1.692 0.0805956 0)
(1.70519 0.0595596 1.55246e-22)
(1.70895 0.0380265 -2.03333e-21)
(1.71937 0.0158502 -9.05242e-21)
(1.71 -0.00753666 0)
(1.72554 -0.0288407 -1.98142e-20)
(1.69713 -0.0563305 -2.835e-20)
(1.72145 -0.0734383 0)
(1.68176 -0.107379 -3.30413e-20)
(1.68146 0.0883796 -2.43686e-22)
(1.69188 0.0703252 4.15617e-22)
(1.70518 0.0519212 0)
(1.7053 0.0320994 -5.20951e-21)
(1.71738 0.0134376 -4.39813e-22)
(1.70529 -0.00889176 9.78003e-22)
(1.72046 -0.0258573 1.93503e-20)
(1.69736 -0.0522357 6.28569e-22)
(1.71195 -0.0665424 2.20428e-20)
(1.69022 -0.096296 0)
(1.68576 0.0777135 0)
(1.69402 0.0612259 -4.27728e-22)
(1.70671 0.0454326 6.14568e-23)
(1.70534 0.0269966 -2.84683e-22)
(1.71621 0.0114417 2.30171e-22)
(1.70547 -0.00959889 4.33601e-22)
(1.71552 -0.0237996 1.27766e-20)
(1.69957 -0.0478032 1.11546e-21)
(1.70523 -0.0612501 -3.90777e-21)
(1.69117 -0.086969 -2.09093e-20)
(1.6907 0.0682262 7.24897e-22)
(1.6979 0.0531762 5.37834e-23)
(1.709 0.0395693 -6.69184e-22)
(1.708 0.0225687 -1.22169e-23)
(1.71598 0.00918047 2.48912e-21)
(1.70816 -0.0100447 0)
(1.7128 -0.0228944 -1.41204e-20)
(1.70161 -0.0440163 4.21104e-22)
(1.7023 -0.057081 -3.38097e-20)
(1.69036 -0.0794067 3.8226e-20)
(1.69602 0.0596934 -7.28463e-22)
(1.70282 0.0460833 -1.11246e-21)
(1.71193 0.0341344 6.09469e-22)
(1.71194 0.0187583 -4.84391e-22)
(1.71705 0.00674888 -1.17569e-21)
(1.71163 -0.0103587 2.78419e-21)
(1.71279 -0.022451 -3.32175e-22)
(1.70373 -0.0408597 7.32431e-22)
(1.70236 -0.0533135 1.48656e-20)
(1.6906 -0.072918 -1.73514e-20)
(1.70164 0.0519907 0)
(1.70821 0.0398386 2.5941e-21)
(1.71553 0.029156 -1.83033e-22)
(1.71632 0.0154952 -2.63858e-22)
(1.71942 0.00449102 -1.11397e-21)
(1.71532 -0.0105261 -4.23114e-21)
(1.71483 -0.021877 2.70297e-21)
(1.70651 -0.0379932 0)
(1.70439 -0.0495931 0)
(1.69248 -0.0670192 0)
(1.70744 0.0450572 0)
(1.7137 0.0343216 -2.77909e-21)
(1.71967 0.0246993 -1.51937e-22)
(1.72079 0.012687 7.49469e-22)
(1.72275 0.00260148 -1.42998e-22)
(1.71919 -0.0105517 1.73e-21)
(1.71803 -0.0210368 -3.15813e-21)
(1.71004 -0.0352657 1.7905e-22)
(1.70751 -0.0459177 0)
(1.69568 -0.0615069 -4.70354e-21)
(1.71327 0.0388413 1.22057e-22)
(1.71909 0.029425 1.63588e-21)
(1.72413 0.02078 2.2564e-21)
(1.72525 0.0102609 -1.37484e-23)
(1.72659 0.00110737 1.31915e-22)
(1.72323 -0.0104428 -2.9257e-22)
(1.72176 -0.0199841 -1.02569e-21)
(1.71407 -0.0326105 1.15342e-22)
(1.7112 -0.0422868 0)
(1.69978 -0.056234 8.30291e-21)
(1.71897 0.0332802 0)
(1.72429 0.0250668 1.94291e-21)
(1.72865 0.0173664 3.58676e-22)
(1.72965 0.00817732 0)
(1.73058 -2.67389e-05 0)
(1.72737 -0.0101771 3.26361e-22)
(1.72565 -0.0187473 8.73657e-22)
(1.71837 -0.0299394 1.19927e-22)
(1.71517 -0.0386317 -3.2026e-23)
(1.70437 -0.0510648 -3.69479e-21)
(1.72437 0.0283017 0)
(1.72922 0.021183 -3.82701e-21)
(1.73304 0.014405 -3.32506e-21)
(1.7339 0.00641522 3.97165e-22)
(1.73452 -0.000839295 -2.29062e-22)
(1.73147 -0.00972256 -5.96571e-23)
(1.72952 -0.0173212 4.9345e-23)
(1.72272 -0.0271806 -2.29476e-22)
(1.71919 -0.0348993 -1.2732e-22)
(1.70914 -0.0459118 5.87771e-23)
(1.72937 0.0238344 0)
(1.73381 0.0177199 2.1092e-21)
(1.73717 0.011838 -1.86939e-22)
(1.73793 0.00495321 1.85392e-22)
(1.73827 -0.00136595 0)
(1.73541 -0.00906739 0)
(1.73324 -0.0157093 0)
(1.72695 -0.0243066 3.06049e-22)
(1.7231 -0.0310729 -4.88773e-22)
(1.71381 -0.0407294 0)
(1.73389 0.0198259 0)
(1.73796 0.0146408 1.43945e-21)
(1.74095 0.00962259 1.6371e-21)
(1.74163 0.00377215 1.78013e-21)
(1.74172 -0.00163635 -3.04028e-22)
(1.73907 -0.0082171 1.38271e-21)
(1.7367 -0.0139252 -8.10363e-22)
(1.7309 -0.0213125 0)
(1.72676 -0.0271477 5.41939e-22)
(1.71821 -0.0354892 6.60332e-22)
(1.73786 0.0161705 -3.6989e-22)
(1.74163 0.0118749 -1.18499e-21)
(1.74429 0.00769869 -2.1223e-21)
(1.74493 0.00283418 -1.25962e-21)
(1.74482 -0.00168807 0)
(1.74237 -0.0071922 -1.693e-21)
(1.73982 -0.0119883 1.21698e-21)
(1.73447 -0.018202 -1.01509e-22)
(1.73007 -0.0231235 1.96542e-22)
(1.72219 -0.0301749 -7.19779e-22)
(1.74124 0.0127956 3.71791e-22)
(1.74477 0.00936737 -9.88397e-22)
(1.74717 0.00601489 7.6186e-22)
(1.74778 0.00210017 -1.67411e-21)
(1.74749 -0.00155777 0)
(1.74522 -0.00601754 0)
(1.74252 -0.00991985 1.30046e-22)
(1.73757 -0.0149847 -1.06826e-21)
(1.73295 -0.0190068 -1.97002e-22)
(1.72565 -0.0247816 8.15902e-23)
(1.74401 0.00968929 0)
(1.74735 0.00709162 1.57841e-21)
(1.74953 0.00453457 -5.04801e-22)
(1.75012 0.00153621 1.53302e-21)
(1.74969 -0.00127947 3.78939e-22)
(1.74757 -0.00472154 -2.18363e-22)
(1.74476 -0.00774697 3.64369e-22)
(1.74012 -0.0116809 7.1728e-22)
(1.73532 -0.0148159 0)
(1.7285 -0.0193198 0)
(1.74613 0.00680171 0)
(1.74931 0.00500058 6.69161e-22)
(1.75133 0.00321589 -1.08711e-21)
(1.7519 0.00110853 0)
(1.75138 -0.000883282 -7.13371e-22)
(1.74937 -0.00333057 -2.34401e-22)
(1.74648 -0.00549518 -5.76684e-22)
(1.74208 -0.00831573 -1.09475e-22)
(1.73714 -0.010576 7.54217e-23)
(1.73066 -0.0138166 2.97918e-23)
(1.74756 0.00408226 0)
(1.75064 0.00305972 -6.72379e-22)
(1.75254 0.00204492 -5.38975e-22)
(1.75309 0.000823928 6.6638e-22)
(1.75251 -0.000344787 3.08802e-22)
(1.75057 -0.00180504 2.81927e-22)
(1.74763 -0.00311314 9.81142e-22)
(1.74339 -0.00483124 -5.87151e-22)
(1.73835 -0.00622663 1.16147e-22)
(1.7321 -0.00821789 0)
(1.74826 0.00128315 0)
(1.75128 0.00105612 3.16931e-22)
(1.75313 0.000821731 -2.90073e-22)
(1.75368 0.000497282 2.5762e-22)
(1.75306 0.000165418 0)
(1.75116 -0.000291085 -2.83344e-22)
(1.74818 -0.00072252 1.84407e-22)
(1.74402 -0.00131535 1.16317e-22)
(1.73891 -0.00182211 0)
(1.73275 -0.00254314 0)
(1.18577 0.317357 0)
(1.15795 0.348729 -4.32575e-20)
(1.13785 0.388449 0)
(1.12226 0.437829 -1.4158e-19)
(1.10839 0.496681 5.63445e-20)
(1.09486 0.567106 2.79102e-21)
(1.07946 0.650182 3.79484e-20)
(1.04326 0.734288 -1.02213e-20)
(0.912173 0.752484 0)
(0.527055 0.472214 2.60761e-20)
(1.24883 0.318267 7.75582e-20)
(1.22539 0.356448 4.32558e-20)
(1.21225 0.395104 -3.8161e-20)
(1.20282 0.443127 4.78064e-20)
(1.1951 0.50135 -3.43168e-20)
(1.1891 0.57095 9.87009e-21)
(1.18234 0.652289 -4.14242e-20)
(1.15251 0.731942 -7.38582e-20)
(1.01475 0.741562 -1.93542e-20)
(0.583179 0.453748 -3.65035e-20)
(1.31119 0.313619 -3.17177e-20)
(1.29448 0.353147 3.21261e-20)
(1.28674 0.39107 3.81593e-20)
(1.28195 0.438349 3.79645e-20)
(1.27979 0.495807 3.71953e-20)
(1.28103 0.563813 3.53896e-20)
(1.28207 0.641876 1.14676e-20)
(1.25658 0.71438 2.54389e-20)
(1.10871 0.713363 1.42907e-21)
(0.628972 0.422549 -1.52551e-21)
(1.37483 0.305447 6.36209e-20)
(1.36355 0.344083 -3.21245e-20)
(1.35959 0.380394 0)
(1.35853 0.42592 0)
(1.36141 0.481328 0)
(1.3692 0.546406 1.71433e-20)
(1.37662 0.619475 -7.17366e-21)
(1.35243 0.682282 0)
(1.19032 0.6692 -6.48914e-21)
(0.6607 0.380273 1.63037e-20)
(1.43611 0.293235 -8.67919e-21)
(1.42932 0.329735 3.78171e-20)
(1.42859 0.363996 0)
(1.43104 0.406973 0)
(1.43858 0.459075 6.02329e-21)
(1.45198 0.519847 3.31014e-21)
(1.46374 0.586624 9.91001e-21)
(1.43742 0.636828 -6.53589e-21)
(1.25402 0.610244 -2.82503e-20)
(0.676192 0.330256 -5.80282e-21)
(1.49244 0.276757 2.68352e-20)
(1.48975 0.310157 1.00256e-20)
(1.49207 0.342097 0)
(1.49795 0.38203 0)
(1.50977 0.429884 -1.0999e-20)
(1.52772 0.484964 1.99001e-21)
(1.54169 0.543315 5.38056e-21)
(1.50803 0.58104 -1.62698e-23)
(1.29604 0.540163 3.45418e-20)
(0.674849 0.273974 2.29128e-20)
(1.54332 0.256365 -1.19503e-20)
(1.54417 0.28579 1.25734e-20)
(1.5492 0.315152 6.91161e-21)
(1.55817 0.351603 -7.31205e-21)
(1.57359 0.394506 1.33453e-21)
(1.59458 0.442777 -1.42137e-21)
(1.6072 0.491427 1.08438e-20)
(1.55956 0.516145 -1.16466e-20)
(1.31519 0.461955 0)
(0.655572 0.214728 0)
(1.58812 0.232342 -7.00372e-21)
(1.59206 0.257674 7.36911e-21)
(1.59932 0.284256 0)
(1.6109 0.316875 0)
(1.62902 0.354158 0)
(1.65085 0.394845 -4.8467e-21)
(1.65765 0.432911 2.46046e-20)
(1.58979 0.444038 -2.63861e-20)
(1.30892 0.378169 0)
(0.617837 0.156168 -1.77122e-20)
(1.62751 0.205767 -1.21436e-21)
(1.63332 0.226116 1.40387e-21)
(1.64213 0.250211 5.52392e-22)
(1.6558 0.278679 0)
(1.67535 0.310101 3.89866e-21)
(1.69514 0.34284 -1.1233e-20)
(1.69104 0.369643 0)
(1.59621 0.366996 4.42562e-21)
(1.27464 0.29199 -1.61151e-20)
(0.562642 0.101781 2.64396e-20)
(1.66089 0.176588 0)
(1.66758 0.193741 -1.26123e-22)
(1.67766 0.21436 -5.52346e-22)
(1.69262 0.238193 0)
(1.71178 0.263589 -2.59057e-21)
(1.72601 0.288121 3.74842e-21)
(1.705 0.303413 1.99485e-21)
(1.57595 0.287682 5.95251e-21)
(1.21083 0.207163 7.94033e-21)
(0.492816 0.0547318 0)
(0.672407 0.0201321 -1.83722e-20)
(0.643867 0.0229417 1.95265e-20)
(0.609296 0.0262377 1.05122e-20)
(0.567441 0.0300346 1.15333e-20)
(0.516597 0.0344824 -1.22465e-20)
(0.454331 0.0397866 -2.02997e-20)
(0.377574 0.0461254 7.3274e-21)
(0.280063 0.0530213 -1.6228e-20)
(0.154619 0.0560396 -1.78772e-20)
(0.0450301 0.0378474 0)
(0.683792 0.060087 0)
(0.655849 0.0684129 -9.75505e-21)
(0.621573 0.0782341 -1.04772e-20)
(0.580127 0.0895524 0)
(0.529992 0.102801 2.4724e-20)
(0.468755 0.118598 1.34128e-20)
(0.393348 0.137494 0)
(0.297347 0.158053 -1.54914e-20)
(0.172061 0.166958 -5.69211e-23)
(0.0566586 0.11276 -1.87648e-20)
(0.706242 0.0991148 7.23541e-20)
(0.67947 0.112644 -7.61427e-20)
(0.645793 0.128784 0)
(0.605174 0.147405 0)
(0.556458 0.169169 0)
(0.497282 0.195107 -7.90906e-20)
(0.424591 0.226145 1.13927e-19)
(0.331501 0.259913 -3.01838e-20)
(0.206567 0.274348 0)
(0.0797067 0.185085 3.7764e-20)
(0.739089 0.136567 7.08389e-20)
(0.71403 0.154801 -7.45475e-20)
(0.681278 0.176913 -8.08384e-20)
(0.641936 0.202454 -1.46908e-21)
(0.595345 0.23225 1.3932e-19)
(0.539229 0.267743 -5.00516e-20)
(0.47056 0.310223 5.53529e-20)
(0.381737 0.356405 -1.19592e-19)
(0.257314 0.37588 6.4913e-20)
(0.113526 0.252944 0)
(0.781394 0.171729 -1.70633e-19)
(0.758534 0.194127 3.55638e-20)
(0.727064 0.221869 0)
(0.689495 0.253888 0)
(0.645752 0.291066 4.64959e-20)
(0.593659 0.335266 -1.4284e-19)
(0.530234 0.38815 1.03053e-19)
(0.44694 0.44557 -1.10838e-19)
(0.323081 0.469333 2.7636e-21)
(0.15713 0.314624 -6.24308e-20)
(0.832109 0.20372 2.30555e-19)
(0.811897 0.229426 -1.74782e-19)
(0.782007 0.262143 0)
(0.746623 0.299985 0)
(0.706378 0.343829 4.35689e-20)
(0.659231 0.395905 4.69131e-20)
(0.602211 0.458119 4.33339e-20)
(0.525609 0.525422 5.44986e-20)
(0.402232 0.552544 2.58449e-21)
(0.209193 0.368474 1.2238e-19)
(0.889843 0.232523 -1.30238e-19)
(0.872754 0.261641 -6.39477e-20)
(0.844811 0.299107 0)
(0.812057 0.34188 0)
(0.775874 0.391016 0)
(0.734393 0.449362 -8.43594e-20)
(0.684714 0.519143 8.1792e-20)
(0.615769 0.594369 0)
(0.492631 0.623525 -4.96916e-20)
(0.268035 0.412969 1.05722e-19)
(0.95443 0.253929 -6.12538e-20)
(0.940106 0.285316 6.39471e-20)
(0.913873 0.32715 6.25105e-20)
(0.88421 0.374809 6.59878e-20)
(0.852884 0.429117 6.94859e-20)
(0.817826 0.493189 7.29227e-20)
(0.776159 0.569359 -9.44463e-21)
(0.715402 0.650636 7.83392e-20)
(0.591895 0.680356 -4.26435e-20)
(0.331766 0.446761 4.55183e-20)
(1.02497 0.278641 -1.12338e-19)
(1.01218 0.311984 5.41925e-20)
(0.986687 0.355862 -6.25091e-20)
(0.960325 0.405052 -6.88936e-20)
(0.934538 0.461396 5.89736e-20)
(0.9067 0.528558 -8.6707e-21)
(0.873822 0.608676 -2.11026e-19)
(0.821678 0.693347 -1.39353e-19)
(0.697082 0.721505 4.00135e-20)
(0.398087 0.468521 -2.60688e-20)
(1.105 0.284794 0)
(1.08826 0.320823 -5.41914e-20)
(1.06309 0.369749 0)
(1.04091 0.423058 5.15584e-20)
(1.02077 0.482652 -1.80089e-19)
(0.999939 0.552774 -1.2235e-19)
(0.975774 0.635588 1.27882e-19)
(0.931947 0.721381 6.58883e-20)
(0.80503 0.745777 0)
(0.464232 0.477179 6.33639e-20)
(0.82168 0.000790616 0)
(0.821478 0.000811608 -1.12176e-21)
(0.820608 0.000870999 1.11589e-21)
(0.819283 0.00099354 0)
(0.817745 0.00118228 -2.21094e-21)
(0.815987 0.00143433 2.19955e-21)
(0.813889 0.00175095 0)
(0.811331 0.00213731 0)
(0.808213 0.00260191 0)
(0.804419 0.00315197 0)
(0.799845 0.00380833 1.08115e-21)
(0.794395 0.00458166 0)
(0.787926 0.0054852 0)
(0.780261 0.00653878 8.65965e-21)
(0.771211 0.00776573 -8.61694e-21)
(0.760552 0.00919831 0)
(0.748042 0.0108608 9.81189e-21)
(0.733352 0.0128268 -1.74579e-20)
(0.716203 0.0150342 8.73015e-21)
(0.695969 0.0179638 8.90292e-21)
(0.828396 0.00226112 2.37373e-21)
(0.828169 0.00233966 4.44981e-21)
(0.827336 0.00255291 -4.42837e-21)
(0.826088 0.0029474 2.20283e-21)
(0.824627 0.00352734 2.19278e-21)
(0.822938 0.00428982 8.74157e-21)
(0.820906 0.00524286 -6.52599e-21)
(0.818422 0.00640361 -1.73572e-20)
(0.815386 0.00779824 3.67407e-20)
(0.811697 0.00945064 -1.72253e-20)
(0.807253 0.0114135 -1.61624e-20)
(0.801946 0.0137233 3.65131e-20)
(0.795638 0.016422 -3.22028e-20)
(0.788165 0.0195693 1.71302e-20)
(0.779347 0.0232338 2.14298e-21)
(0.768968 0.0275134 3.67222e-20)
(0.756795 0.032478 -3.55005e-20)
(0.742521 0.0383568 0)
(0.725859 0.044944 2.1712e-21)
(0.706479 0.0537193 0)
(0.841357 0.00361022 -7.04127e-21)
(0.841178 0.0037643 1.44506e-24)
(0.840468 0.00416184 8.76905e-21)
(0.839368 0.00484928 -4.36618e-21)
(0.838046 0.00582931 -1.08737e-20)
(0.836488 0.00710543 -2.16425e-21)
(0.834591 0.00869676 -2.16039e-21)
(0.832257 0.010632 -2.14877e-21)
(0.82939 0.0129527 3.00708e-20)
(0.825905 0.0157034 6.52116e-23)
(0.821708 0.0189566 -3.84261e-20)
(0.81668 0.0227786 -2.13792e-21)
(0.810695 0.0272434 -4.26411e-21)
(0.803608 0.0324503 0)
(0.795257 0.0385099 -3.85403e-20)
(0.785441 0.0455889 2.98619e-20)
(0.773954 0.053792 0)
(0.760527 0.0635302 -2.14165e-21)
(0.744868 0.0743867 -2.17502e-21)
(0.727172 0.088967 -2.1602e-21)
(0.860156 0.00491101 2.30925e-21)
(0.860043 0.00514375 6.50662e-21)
(0.859493 0.0057165 0)
(0.858581 0.00668477 -1.93729e-20)
(0.857441 0.00805378 1.71732e-20)
(0.856062 0.00983306 1.92591e-20)
(0.854355 0.0120533 -1.2807e-20)
(0.852231 0.0147579 2.13092e-21)
(0.849608 0.0179965 -2.76258e-20)
(0.846415 0.0218377 -4.48948e-23)
(0.84257 0.0263576 3.17361e-20)
(0.83795 0.031653 -3.38755e-20)
(0.832446 0.0378338 -3.18554e-20)
(0.825936 0.0450432 7.17636e-20)
(0.818288 0.0534267 2.12492e-21)
(0.809324 0.0632283 6.34423e-21)
(0.798886 0.0745621 -6.82344e-20)
(0.786748 0.0880721 1.69476e-21)
(0.772653 0.102998 -4.95733e-22)
(0.757405 0.123315 7.07129e-20)
(0.884104 0.00611066 4.51655e-21)
(0.884054 0.00642534 -1.70104e-20)
(0.883675 0.00716769 8.487e-21)
(0.882969 0.00840565 4.23305e-21)
(0.882033 0.0101501 0)
(0.880866 0.0124149 0)
(0.879395 0.0152397 -4.20798e-21)
(0.877538 0.0186859 0)
(0.875225 0.022832 -4.19655e-21)
(0.872395 0.027748 0)
(0.868972 0.0335057 4.19118e-21)
(0.864865 0.040227 -6.6876e-20)
(0.859993 0.0480538 -1.20215e-22)
(0.85425 0.0571808 -4.35013e-21)
(0.847548 0.0677782 6.68321e-20)
(0.83973 0.080187 -4.21421e-21)
(0.830727 0.0944802 4.15693e-21)
(0.820332 0.111621 -6.74392e-20)
(0.808419 0.130291 7.14957e-20)
(0.796287 0.156231 1.35287e-19)
(0.912343 0.00715995 4.39915e-21)
(0.912343 0.00756343 -4.15557e-21)
(0.912123 0.00847515 -4.14045e-21)
(0.91162 0.009973 -4.1324e-21)
(0.910891 0.0120763 -3.30307e-20)
(0.909944 0.0148073 6.19088e-20)
(0.908729 0.0182055 -3.7107e-20)
(0.907201 0.0223733 0)
(0.905275 0.0273567 -4.09986e-21)
(0.902861 0.0332516 -4.09535e-21)
(0.899922 0.040167 -4.09163e-21)
(0.896416 0.0482527 6.1709e-20)
(0.892309 0.0576524 -1.35716e-19)
(0.887508 0.0686087 6.5832e-20)
(0.881995 0.0812875 0)
(0.875613 0.0961676 -4.08027e-21)
(0.868446 0.1132 -1.40335e-19)
(0.860235 0.133814 1.32103e-19)
(0.851172 0.155781 -4.18528e-21)
(0.842747 0.187139 0)
(0.943959 0.00801853 4.2717e-21)
(0.943986 0.00851587 -1.20897e-20)
(0.943893 0.00959669 4.07942e-21)
(0.943569 0.0113462 2.42153e-20)
(0.943037 0.0137928 4.02373e-21)
(0.942302 0.0169716 -2.41524e-20)
(0.941382 0.0209546 4.1112e-21)
(0.940186 0.0257618 3.22801e-20)
(0.938608 0.031469 8.06017e-21)
(0.936657 0.0382139 6.85158e-20)
(0.934328 0.0461362 -5.6538e-20)
(0.931563 0.0554292 -5.64612e-20)
(0.92837 0.0662307 6.87308e-20)
(0.924679 0.0788514 4.00405e-21)
(0.920595 0.0933818 3.99972e-21)
(0.915938 0.110504 8.07634e-21)
(0.911043 0.129861 8.07187e-21)
(0.90544 0.153655 -3.96687e-21)
(0.899826 0.178316 0)
(0.895455 0.215123 1.27204e-19)
(0.978071 0.00864491 -1.23773e-20)
(0.978099 0.00923843 1.4e-23)
(0.978095 0.0104819 -3.90952e-21)
(0.977919 0.0124833 -3.52119e-20)
(0.977563 0.0152863 2.35832e-20)
(0.977084 0.0188864 -3.93539e-21)
(0.976399 0.0233148 0)
(0.975415 0.0286417 0)
(0.974207 0.0349963 -7.87526e-21)
(0.97277 0.0425311 -3.92092e-21)
(0.971112 0.0513634 -3.97047e-21)
(0.969176 0.0617263 -3.97791e-21)
(0.967052 0.0737231 0)
(0.964638 0.0877922 -7.90556e-21)
(0.962231 0.10385 -3.99656e-21)
(0.959515 0.122946 -7.89278e-21)
(0.957313 0.144054 -3.99884e-21)
(0.954755 0.170609 -1.20947e-19)
(0.953612 0.196586 1.25506e-19)
(0.954399 0.23829 0)
(1.01394 0.00906256 0)
(1.01396 0.00981029 3.78118e-21)
(1.01402 0.0112751 1.90067e-21)
(1.014 0.0134696 0)
(1.01379 0.0164704 3.41724e-20)
(1.01338 0.020351 -3.05675e-20)
(1.01281 0.0251291 6.29105e-20)
(1.01214 0.0309522 -6.14291e-20)
(1.01139 0.037926 5.76645e-21)
(1.01051 0.046208 1.9582e-21)
(1.00958 0.0558837 0)
(1.00854 0.0672511 0)
(1.00762 0.0803211 0)
(1.00661 0.0957451 1.27006e-19)
(1.00615 0.113126 -2.46866e-19)
(1.00557 0.134234 5.2348e-21)
(1.00651 0.156973 1.23333e-19)
(1.00717 0.187171 0)
(1.01117 0.214908 0)
(1.01814 0.263498 1.17096e-19)
(1.05139 0.0092657 0)
(1.05138 0.0100087 -1.45165e-20)
(1.05132 0.0114573 -1.26573e-20)
(1.05116 0.0136452 2.941e-20)
(1.05095 0.0166687 2.93514e-20)
(1.05069 0.0206503 -8.85442e-20)
(1.0504 0.0256952 5.76169e-20)
(1.05009 0.0318946 0)
(1.04984 0.039307 -1.876e-21)
(1.0496 0.0481103 -5.77558e-20)
(1.04956 0.0583453 1.1998e-19)
(1.0496 0.0703727 -6.03463e-20)
(1.05021 0.084044 0)
(1.05095 0.100208 -1.19424e-19)
(1.05318 0.117963 2.39569e-19)
(1.05544 0.139716 -1.20149e-19)
(1.06134 0.161824 0)
(1.06675 0.192358 -1.14595e-19)
(1.07942 0.217359 1.15791e-19)
(1.09499 0.26973 -1.7806e-21)
(1.08799 0.00946899 0)
(1.08795 0.0102721 0)
(1.08788 0.0118522 0)
(1.08781 0.0143148 0)
(1.08777 0.017737 0)
(1.08775 0.0221921 0)
(1.08777 0.0277393 0)
(1.08784 0.0344864 0)
(1.08809 0.042486 0)
(1.08845 0.0519539 0)
(1.08926 0.0628792 0)
(1.09023 0.0757463 0)
(1.09228 0.0901979 0)
(1.09434 0.107547 0)
(1.09909 0.126022 0)
(1.10289 0.149904 0)
(1.1138 0.171698 0)
(1.12007 0.207545 0)
(1.14714 0.225681 0)
(1.15653 0.292463 0)
(1.12569 0.00953682 0)
(1.12565 0.0103106 0)
(1.12565 0.0118718 0)
(1.12574 0.01431 0)
(1.12592 0.0176844 0)
(1.12616 0.0220524 0)
(1.12652 0.0274496 0)
(1.127 0.0339841 0)
(1.12776 0.0416778 0)
(1.12873 0.0507555 0)
(1.13033 0.0611114 0)
(1.13215 0.0732975 0)
(1.1354 0.0866859 0)
(1.13858 0.102887 0)
(1.14515 0.119349 0)
(1.15027 0.141289 0)
(1.16381 0.159344 0)
(1.17102 0.190732 0)
(1.19925 0.203649 0)
(1.20552 0.249953 0)
(1.1649 0.00951428 0)
(1.16485 0.0102484 0)
(1.1649 0.0117405 0)
(1.16511 0.0140875 0)
(1.16545 0.0173433 0)
(1.16591 0.0215569 0)
(1.16654 0.0267454 0)
(1.16735 0.0330075 0)
(1.16855 0.0403324 0)
(1.17 0.0489399 0)
(1.17223 0.0586508 0)
(1.17471 0.0700293 0)
(1.17881 0.0822951 0)
(1.18282 0.0970923 0)
(1.1904 0.111656 0)
(1.19641 0.130973 0)
(1.21056 0.14618 0)
(1.21824 0.171843 0)
(1.24461 0.182647 0)
(1.25097 0.216838 0)
(1.20484 0.00939258 0)
(1.20477 0.0100908 0)
(1.20485 0.0115044 0)
(1.20517 0.0137436 0)
(1.20568 0.0168636 0)
(1.20632 0.0209065 0)
(1.20719 0.0258703 0)
(1.20828 0.0318419 0)
(1.20982 0.0387829 0)
(1.21168 0.0469021 0)
(1.21438 0.0559751 0)
(1.21738 0.0665432 0)
(1.22206 0.077778 0)
(1.22667 0.0912118 0)
(1.23477 0.104206 0)
(1.24128 0.121128 0)
(1.25538 0.134344 0)
(1.26317 0.155716 0)
(1.28788 0.165414 0)
(1.29397 0.192885 0)
(1.24487 0.0091703 0)
(1.24476 0.00983427 0)
(1.24486 0.0111658 0)
(1.24528 0.013283 0)
(1.24594 0.0162433 0)
(1.24675 0.0200823 0)
(1.24782 0.0247821 0)
(1.24914 0.0304168 0)
(1.25096 0.0369275 0)
(1.25313 0.0445062 0)
(1.25619 0.0529051 0)
(1.25958 0.0626224 0)
(1.26464 0.0728413 0)
(1.26962 0.0849339 0)
(1.27797 0.096503 0)
(1.28469 0.111299 0)
(1.2985 0.122844 0)
(1.30618 0.140944 0)
(1.32939 0.149406 0)
(1.33489 0.172183 0)
(1.28443 0.00885463 0)
(1.28426 0.00948389 0)
(1.28437 0.0107296 0)
(1.28488 0.0127118 0)
(1.28567 0.0154896 0)
(1.28662 0.0190945 0)
(1.28785 0.0234962 0)
(1.28935 0.0287561 0)
(1.29139 0.0348005 0)
(1.29379 0.041802 0)
(1.29711 0.0495043 0)
(1.30074 0.0583543 0)
(1.30604 0.0675774 0)
(1.31122 0.0783819 0)
(1.31961 0.0886292 0)
(1.32637 0.10154 0)
(1.33972 0.111576 0)
(1.34717 0.126978 0)
(1.3688 0.134183 0)
(1.37387 0.153221 0)
(1.32301 0.00845936 0)
(1.32279 0.00905147 0)
(1.32288 0.0102071 0)
(1.32346 0.0120445 0)
(1.32436 0.0146241 0)
(1.32544 0.0179744 0)
(1.32679 0.0220561 0)
(1.32843 0.0269185 0)
(1.33061 0.0324788 0)
(1.33318 0.0388887 0)
(1.33666 0.0458944 0)
(1.34045 0.0538908 0)
(1.34584 0.06216 0)
(1.3511 0.0717584 0)
(1.35938 0.0807924 0)
(1.36606 0.0920327 0)
(1.37881 0.100719 0)
(1.386 0.113844 0)
(1.406 0.11995 0)
(1.41087 0.135925 0)
(1.36019 0.00799612 0)
(1.35991 0.00854854 0)
(1.35996 0.00961103 0)
(1.36059 0.011298 0)
(1.36158 0.0136703 0)
(1.36276 0.0167535 0)
(1.3642 0.0205029 0)
(1.36593 0.0249567 0)
(1.36822 0.0300274 0)
(1.37089 0.0358463 0)
(1.37445 0.0421698 0)
(1.37832 0.0493431 0)
(1.38371 0.0567115 0)
(1.38896 0.0651941 0)
(1.39701 0.0731238 0)
(1.40356 0.0828842 0)
(1.41559 0.0903847 0)
(1.42254 0.101573 0)
(1.44091 0.106763 0)
(1.44575 0.120179 0)
(1.39559 0.00747452 0)
(1.39523 0.00798545 0)
(1.39524 0.00895401 0)
(1.39591 0.0104887 0)
(1.39697 0.0126495 0)
(1.39822 0.0154597 0)
(1.39973 0.0188716 0)
(1.40152 0.0229139 0)
(1.40386 0.0274981 0)
(1.40658 0.0327366 0)
(1.41017 0.0384009 0)
(1.41405 0.0447901 0)
(1.41936 0.0513152 0)
(1.42455 0.0587708 0)
(1.43228 0.0657006 0)
(1.43866 0.0741474 0)
(1.44993 0.0806118 0)
(1.45667 0.0901366 0)
(1.47342 0.0945565 0)
(1.47837 0.105803 0)
(1.42888 0.00690431 0)
(1.42845 0.00737261 0)
(1.4284 0.00824818 0)
(1.42908 0.00963169 0)
(1.4302 0.0115808 0)
(1.4315 0.0141166 0)
(1.43305 0.0171913 0)
(1.43488 0.0208254 0)
(1.43724 0.0249327 0)
(1.43998 0.029608 0)
(1.44353 0.0346414 0)
(1.44739 0.0402894 0)
(1.45256 0.0460296 0)
(1.45765 0.0525428 0)
(1.46502 0.0585696 0)
(1.47121 0.0658473 0)
(1.48169 0.0714047 0)
(1.48826 0.0794868 0)
(1.50345 0.0832526 0)
(1.50857 0.0926451 0)
(1.45977 0.00629545 0)
(1.45927 0.00672034 0)
(1.45916 0.00750514 0)
(1.45984 0.00874069 0)
(1.461 0.0104808 0)
(1.46234 0.0127444 0)
(1.46392 0.0154859 0)
(1.46575 0.0187195 0)
(1.46811 0.0223638 0)
(1.47083 0.0264972 0)
(1.47433 0.030931 0)
(1.47813 0.0358819 0)
(1.48312 0.0408941 0)
(1.48809 0.0465436 0)
(1.49506 0.0517546 0)
(1.50107 0.0579888 0)
(1.51077 0.0627478 0)
(1.5172 0.069572 0)
(1.5309 0.0727761 0)
(1.53624 0.0805805 0)
(1.48806 0.00565611 0)
(1.48749 0.00603773 0)
(1.48731 0.00673567 0)
(1.48799 0.0078282 0)
(1.48917 0.00936343 0)
(1.49053 0.0113591 0)
(1.49211 0.0137742 0)
(1.49395 0.016618 0)
(1.49627 0.0198157 0)
(1.49896 0.0234307 0)
(1.50237 0.0272966 0)
(1.5061 0.0315941 0)
(1.51089 0.0359314 0)
(1.51572 0.0407896 0)
(1.5223 0.0452615 0)
(1.52814 0.0505617 0)
(1.53708 0.0546132 0)
(1.5434 0.0603365 0)
(1.55571 0.063053 0)
(1.5613 0.0694951 0)
(1.51355 0.00499031 0)
(1.51291 0.00533118 0)
(1.51267 0.00594929 0)
(1.51333 0.00690519 0)
(1.51452 0.00824019 0)
(1.5159 0.0099731 0)
(1.51747 0.01207 0)
(1.51929 0.0145365 0)
(1.52157 0.0173051 0)
(1.52422 0.0204257 0)
(1.52753 0.0237548 0)
(1.53117 0.0274402 0)
(1.53576 0.0311513 0)
(1.54046 0.0352832 0)
(1.54664 0.0390825 0)
(1.55232 0.0435442 0)
(1.56055 0.0469636 0)
(1.56678 0.0517203 0)
(1.57783 0.0540074 0)
(1.58366 0.0592787 0)
(1.5361 0.00430189 0)
(1.53541 0.0046079 0)
(1.5351 0.00515578 0)
(1.53574 0.0059809 0)
(1.53693 0.00711913 0)
(1.53831 0.00859456 0)
(1.53987 0.0103824 0)
(1.54166 0.0124849 0)
(1.54389 0.0148419 0)
(1.5465 0.0174915 0)
(1.5497 0.0203127 0)
(1.55326 0.0234243 0)
(1.55764 0.0265526 0)
(1.56221 0.0300162 0)
(1.56803 0.0331998 0)
(1.57355 0.0369053 0)
(1.58114 0.039755 0)
(1.58729 0.0436589 0)
(1.59721 0.0455625 0)
(1.60327 0.0498237 0)
(1.55561 0.00361194 0)
(1.55489 0.00388971 0)
(1.55451 0.00437233 0)
(1.5551 0.00506589 0)
(1.55628 0.00600662 0)
(1.55766 0.00722866 0)
(1.5592 0.00871636 0)
(1.56098 0.0104679 0)
(1.56315 0.0124298 0)
(1.5657 0.0146303 0)
(1.56881 0.0169701 0)
(1.57228 0.0195424 0)
(1.57648 0.0221258 0)
(1.58092 0.0249714 0)
(1.58641 0.0275874 0)
(1.5918 0.0306068 0)
(1.59882 0.0329379 0)
(1.60491 0.0360843 0)
(1.61385 0.0376404 0)
(1.62011 0.0410255 0)
(1.57201 0.00296856 0)
(1.57126 0.0032196 0)
(1.57082 0.00362627 0)
(1.57135 0.00417434 0)
(1.5725 0.00491149 0)
(1.57388 0.00588311 0)
(1.57541 0.00707845 0)
(1.57716 0.00848969 0)
(1.57929 0.0100702 0)
(1.58179 0.0118404 0)
(1.5848 0.0137216 0)
(1.5882 0.0157845 0)
(1.59223 0.017855 0)
(1.59657 0.0201255 0)
(1.60177 0.0222138 0)
(1.60704 0.0246056 0)
(1.61358 0.0264591 0)
(1.61961 0.0289267 0)
(1.62772 0.0301624 0)
(1.63416 0.0327815 0)
(1.58524 0.00244082 0)
(1.58447 0.0026417 0)
(1.58394 0.00292868 0)
(1.5844 0.00330025 0)
(1.58554 0.00382756 0)
(1.58692 0.00455677 0)
(1.58845 0.00546951 0)
(1.59019 0.00654976 0)
(1.59227 0.00776003 0)
(1.59473 0.00911566 0)
(1.59767 0.0105573 0)
(1.60099 0.0121358 0)
(1.60488 0.0137198 0)
(1.60913 0.0154503 0)
(1.61409 0.0170429 0)
(1.61927 0.0188549 0)
(1.62541 0.0202635 0)
(1.63139 0.0221154 0)
(1.63883 0.0230512 0)
(1.6454 0.0249902 0)
(1.59522 0.00204319 0)
(1.59441 0.00211909 0)
(1.59379 0.00218124 0)
(1.59422 0.00232982 0)
(1.59538 0.00266325 0)
(1.5968 0.003185 0)
(1.59834 0.00384356 0)
(1.60006 0.004614 0)
(1.60211 0.00547262 0)
(1.60453 0.00643335 0)
(1.6074 0.00745534 0)
(1.61067 0.00857234 0)
(1.61445 0.00969257 0)
(1.61862 0.0109122 0)
(1.62339 0.0120349 0)
(1.62849 0.013305 0)
(1.63432 0.0142946 0)
(1.64026 0.015581 0)
(1.64719 0.0162328 0)
(1.65386 0.0175555 0)
(1.6018 0.00250675 0)
(1.60102 0.00233249 0)
(1.60042 0.00182362 0)
(1.60096 0.00151912 0)
(1.60223 0.00157232 0)
(1.60369 0.0018597 0)
(1.6052 0.00225436 0)
(1.60688 0.00271494 0)
(1.60887 0.00322789 0)
(1.61125 0.00380336 0)
(1.61405 0.00441652 0)
(1.61726 0.00508597 0)
(1.62094 0.0057566 0)
(1.62504 0.00648472 0)
(1.62968 0.00715434 0)
(1.63471 0.00790922 0)
(1.64031 0.00849696 0)
(1.64622 0.00925622 0)
(1.65279 0.00963735 0)
(1.6595 0.0103988 0)
(1.60731 0.00157124 0)
(1.60548 0.00140372 0)
(1.60427 0.000938539 0)
(1.60484 0.000622248 0)
(1.60621 0.000552574 0)
(1.60763 0.000623668 0)
(1.60902 0.000746882 0)
(1.61059 0.000895496 0)
(1.61249 0.00106363 0)
(1.61479 0.00125434 0)
(1.61752 0.00145858 0)
(1.62067 0.00168198 0)
(1.62428 0.00190564 0)
(1.62833 0.00214845 0)
(1.63287 0.00237105 0)
(1.63786 0.00262265 0)
(1.64335 0.00281643 0)
(1.64922 0.0030706 0)
(1.6556 0.00319017 0)
(1.66231 0.00344752 0)
(1.22301 0.275041 -1.33311e-21)
(1.28625 0.262182 -7.8107e-20)
(1.34312 0.255071 0)
(1.40002 0.247491 -5.82793e-20)
(1.45539 0.237788 0)
(1.50602 0.225937 -3.67977e-20)
(1.55155 0.211731 1.46816e-20)
(1.59206 0.194732 -3.67737e-22)
(1.62734 0.175962 0)
(1.65709 0.153268 0)
(1.25996 0.240494 8.7367e-20)
(1.32233 0.233142 0)
(1.37681 0.229812 6.62916e-20)
(1.42701 0.225156 0)
(1.47617 0.216555 -1.34526e-21)
(1.52152 0.204996 2.06147e-20)
(1.56232 0.191074 6.16502e-22)
(1.59827 0.174942 -2.67164e-22)
(1.62966 0.156488 2.66762e-22)
(1.65573 0.13612 4.71958e-22)
(1.29782 0.214531 -8.64456e-20)
(1.35527 0.210026 0)
(1.40796 0.205614 -6.40923e-20)
(1.45388 0.200458 -1.89923e-21)
(1.49802 0.192214 4.7729e-20)
(1.539 0.18124 -1.93082e-20)
(1.576 0.168379 1.0457e-21)
(1.60777 0.153829 -4.19061e-22)
(1.6359 0.137259 0)
(1.65839 0.119573 -1.1147e-21)
(1.33598 0.192101 0)
(1.38799 0.188667 7.27009e-20)
(1.43774 0.183774 -1.87705e-21)
(1.48001 0.178459 3.49122e-21)
(1.51936 0.171091 -5.07164e-20)
(1.556 0.16109 1.36707e-21)
(1.58958 0.149303 -1.56974e-20)
(1.61789 0.136031 0)
(1.64342 0.121293 -4.82145e-21)
(1.66283 0.105332 7.58557e-22)
(1.37316 0.171453 -7.90775e-20)
(1.4199 0.168783 9.63737e-22)
(1.46584 0.164072 -3.95167e-21)
(1.50483 0.158634 3.45927e-21)
(1.5401 0.151876 -1.61122e-21)
(1.57275 0.142825 -1.1514e-21)
(1.60312 0.132156 1.61684e-21)
(1.62845 0.120059 5.92513e-21)
(1.65164 0.106989 5.08906e-21)
(1.66855 0.0925522 0)
(1.40883 0.152537 1.55005e-19)
(1.45073 0.150422 -1.40062e-19)
(1.49251 0.146142 -1.82701e-21)
(1.5283 0.140776 1.82892e-21)
(1.56003 0.134511 0)
(1.58911 0.126372 2.06992e-20)
(1.61642 0.116827 4.85353e-22)
(1.63921 0.105822 -7.65061e-21)
(1.66014 0.0942548 3.86958e-22)
(1.67518 0.0811774 -1.05168e-21)
(1.44269 0.135343 -7.59573e-20)
(1.48015 0.133596 7.10589e-20)
(1.51775 0.12979 -3.84186e-21)
(1.55037 0.124676 1.8142e-21)
(1.57896 0.118849 2.41067e-20)
(1.60493 0.111534 -9.34864e-22)
(1.62935 0.103048 1.91043e-20)
(1.64995 0.0931085 0)
(1.66872 0.0828528 3.00238e-21)
(1.68236 0.0710659 1.05687e-21)
(1.47453 0.119692 0)
(1.50792 0.118197 0)
(1.54151 0.114835 0)
(1.57103 0.110096 2.87369e-20)
(1.5968 0.104705 -4.99171e-20)
(1.62004 0.098135 2.49158e-22)
(1.64182 0.0906132 -8.25145e-21)
(1.66046 0.0817195 -9.54151e-22)
(1.67723 0.0726047 -5.7653e-21)
(1.68975 0.0620651 0)
(1.5042 0.105402 -3.55194e-20)
(1.53385 0.104105 0)
(1.5637 0.10115 -1.77796e-21)
(1.59025 0.0968489 -2.36921e-20)
(1.61345 0.0919103 2.2591e-20)
(1.63429 0.0860228 -2.1322e-20)
(1.65372 0.079366 -9.20541e-21)
(1.67057 0.0714795 -4.50941e-22)
(1.68556 0.0633771 6.99295e-21)
(1.69706 0.0540292 0)
(1.5316 0.0923284 6.99147e-20)
(1.55782 0.091204 0)
(1.58424 0.0886178 -1.76562e-21)
(1.608 0.0847737 -2.36317e-20)
(1.62887 0.080302 -1.61369e-21)
(1.64758 0.0750499 1.26824e-21)
(1.66493 0.0691724 8.85319e-21)
(1.68014 0.0622349 -9.2849e-21)
(1.69359 0.0550562 -3.08449e-21)
(1.70411 0.0468261 1.95208e-22)
(1.55664 0.080345 -3.33774e-20)
(1.57974 0.0793761 8.678e-22)
(1.60305 0.0771253 -1.93625e-21)
(1.62424 0.0737317 2.85591e-20)
(1.64299 0.0697321 -1.61697e-21)
(1.65982 0.0650789 0)
(1.67535 0.0599123 1.4503e-22)
(1.68909 0.0538562 -1.92679e-22)
(1.70119 0.0475381 -3.62605e-21)
(1.71079 0.040344 0)
(1.57925 0.0693326 -1.00961e-21)
(1.59954 0.0685052 2.9144e-21)
(1.62008 0.0665603 -3.6624e-21)
(1.63895 0.0635984 3.36932e-21)
(1.65579 0.0600671 -1.62031e-21)
(1.67095 0.0559827 -1.30234e-21)
(1.68492 0.0514744 -7.8927e-21)
(1.69733 0.0462326 7.44423e-21)
(1.70825 0.0407255 7.891e-21)
(1.71701 0.0344894 0)
(1.59939 0.0591773 0)
(1.61719 0.0584784 -3.10982e-20)
(1.63528 0.0568134 0)
(1.65209 0.0542597 1.34457e-20)
(1.66724 0.0511859 0)
(1.68093 0.0476444 0)
(1.69354 0.0437528 5.85381e-22)
(1.70479 0.0392666 -5.90322e-22)
(1.71471 0.034529 -3.7639e-21)
(1.72271 0.0291835 0)
(1.61704 0.0497697 3.13734e-20)
(1.63267 0.0491862 3.18901e-20)
(1.64863 0.0477782 0)
(1.66363 0.0456082 1.60492e-21)
(1.6773 0.0429775 -1.40038e-20)
(1.68974 0.0399566 -1.32951e-21)
(1.70119 0.0366474 -3.74039e-21)
(1.71144 0.0328689 -5.23473e-22)
(1.72048 0.0288586 -1.44664e-21)
(1.72783 0.024374 0)
(1.63217 0.0410042 -4.79784e-20)
(1.64594 0.0405232 -1.52185e-20)
(1.6601 0.0393515 -1.71731e-21)
(1.67357 0.0375412 -1.00464e-20)
(1.68598 0.035339 2.31541e-20)
(1.69734 0.0328172 0)
(1.70782 0.0300674 5.7041e-21)
(1.71723 0.0269492 -6.08679e-22)
(1.72554 0.0236346 1.98293e-21)
(1.73233 0.0199458 4.35342e-22)
(1.64479 0.032779 1.57875e-20)
(1.65702 0.0323885 1.69305e-20)
(1.66969 0.0314345 1.06989e-20)
(1.68189 0.029962 1.74989e-21)
(1.69325 0.0281729 -1.2405e-20)
(1.70372 0.0261322 0)
(1.71341 0.0239232 5.18408e-21)
(1.72212 0.0214262 -2.86321e-21)
(1.72982 0.0187819 5.46097e-22)
(1.73614 0.0158132 -4.37588e-22)
(1.65489 0.0249934 1.55305e-20)
(1.66589 0.0246839 0)
(1.67739 0.0239334 -1.59084e-20)
(1.68858 0.0227835 1.00125e-20)
(1.69911 0.0213952 -1.63089e-21)
(1.70888 0.0198231 1.35671e-21)
(1.71793 0.0181349 -5.96458e-21)
(1.72609 0.0162356 -1.18564e-21)
(1.73329 0.0142306 5.53613e-22)
(1.73924 0.0119716 0)
(1.66248 0.0175477 -6.78039e-21)
(1.67258 0.017302 8.21734e-22)
(1.6832 0.0167409 -1.8378e-21)
(1.69364 0.0159088 1.58621e-21)
(1.70356 0.0149231 -1.63084e-21)
(1.71281 0.0138198 2.87334e-21)
(1.72138 0.012645 0)
(1.72913 0.0113288 2.35503e-21)
(1.73595 0.00994478 -1.04993e-21)
(1.74162 0.00837489 2.29657e-22)
(1.66755 0.0103561 -7.60383e-21)
(1.67706 0.0101231 1.76799e-21)
(1.68712 0.00970187 -5.41691e-25)
(1.6971 0.00915971 -4.90849e-21)
(1.70661 0.00857112 -1.55319e-21)
(1.71551 0.00794446 -5.68156e-21)
(1.72375 0.00729357 2.0135e-21)
(1.7312 0.00657423 -3.6913e-23)
(1.73776 0.00581952 1.05505e-21)
(1.74322 0.00496872 -2.3086e-22)
(1.67003 0.00339269 0)
(1.67925 0.00317211 0)
(1.6891 0.00286209 -5.19305e-21)
(1.6989 0.00254673 1.73792e-21)
(1.70824 0.00227799 1.56136e-21)
(1.71697 0.00206045 1.44885e-21)
(1.72503 0.00188809 6.27073e-22)
(1.73231 0.00173742 -1.80214e-21)
(1.73872 0.00160076 5.70823e-22)
(1.74405 0.00146124 0)
)
;

boundaryField
{
    bottom
    {
        type            symmetryPlane;
    }
    right
    {
        type            zeroGradient;
    }
    top
    {
        type            symmetryPlane;
    }
    left
    {
        type            zeroGradient;
    }
    cylinder
    {
        type            noSlip;
    }
    defaultFaces
    {
        type            empty;
    }
}


// ************************************************************************* //
