/*--------------------------------*- C++ -*----------------------------------*\
| =========                 |                                                 |
| \\      /  F ield         | OpenFOAM: The Open Source CFD Toolbox           |
|  \\    /   O peration     | Version:  4.1                                   |
|   \\  /    A nd           | Web:      www.OpenFOAM.org                      |
|    \\/     M anipulation  |                                                 |
\*---------------------------------------------------------------------------*/
FoamFile
{
    version     2.0;
    format      ascii;
    class       surfaceScalarField;
    location    "9.3";
    object      phi;
}
// * * * * * * * * * * * * * * * * * * * * * * * * * * * * * * * * * * * * * //

dimensions      [0 3 -1 0 0 0 0];

internalField   nonuniform List<scalar> 
3890
(
0.00021035
0.00262489
-0.00283524
0.00205562
0.00159894
-0.00344422
0.00637898
-0.00368068
-0.000642674
0.0136701
-0.0120153
0.00472418
0.0238158
-0.0220794
0.0119337
0.0361155
-0.0324788
0.0201791
0.0495402
-0.0420876
0.028663
0.0632354
-0.0503029
0.0366077
0.0763621
-0.0571154
0.0439888
-0.06161
0.0501427
0.0878294
0.00048318
0.00214171
0.00334904
-0.00126691
0.00952831
-0.00985995
0.0191258
-0.0216129
0.0312482
-0.0342017
0.0444927
-0.0457233
0.0575649
-0.0551599
0.0695978
-0.0623357
0.0798877
-0.0674054
-0.070795
0.0890727
0.000890689
0.00125102
0.00507022
-0.00544644
0.0132611
-0.0180508
0.0246663
-0.0330181
0.0374665
-0.0470018
0.0499258
-0.0581825
0.0609792
-0.0662134
0.0702174
-0.0715739
0.0778328
-0.0750207
-0.077314
0.0843518
0.00142846
-0.000177444
0.00711384
-0.0111318
0.017032
-0.027969
0.0291344
-0.0451205
0.0410786
-0.058946
0.0514484
-0.0685524
0.0598439
-0.0746089
0.0665396
-0.0782696
0.0720685
-0.0805496
-0.0821569
0.0769114
0.00208039
-0.00225784
0.00925201
-0.0183034
0.0201124
-0.0388294
0.0316002
-0.0566083
0.0416126
-0.0689584
0.0495037
-0.0764435
0.0555571
-0.0806622
0.0603794
-0.0830919
0.0645388
-0.084709
-0.086114
0.0684959
0.00282002
-0.00507785
0.0111369
-0.0266204
0.0218893
-0.0495817
0.031794
-0.066513
0.0395326
-0.076697
0.0452084
-0.0821193
0.0494686
-0.0849224
0.0529606
-0.0865839
0.0561525
-0.0879009
-0.0891969
0.0592354
0.00356569
-0.00864355
0.0124068
-0.0354615
0.0221385
-0.0593134
0.0300407
-0.0744153
0.035646
-0.0823022
0.039526
-0.0859994
0.0424233
-0.0878197
0.0448909
-0.0890515
0.0472246
-0.0902346
-0.0915179
0.0495456
0.0041957
-0.0128393
0.0128358
-0.0441016
0.0210062
-0.0674838
0.0268849
-0.080294
0.0306551
-0.0860724
0.0331015
-0.0884457
0.0349111
-0.0896293
0.0364906
-0.0906311
0.0380194
-0.0917634
-0.0930375
0.039539
0.00458691
-0.0174262
0.0123927
-0.0519074
0.0188087
-0.0738998
0.0228349
-0.0843202
0.0250709
-0.0883083
0.0263427
-0.0897176
0.0272148
-0.0905013
0.0279633
-0.0913796
0.0286748
-0.0924749
-0.0937288
0.0293662
0.00466553
-0.0220917
0.0112419
-0.0584837
0.0158963
-0.0785542
0.0182937
-0.0867176
0.0192423
-0.0892569
0.0195049
-0.0899802
0.0195138
-0.0905102
0.0194431
-0.0913089
0.0193348
-0.0923666
0.0191883
-0.0935824
-0.000916492
0.000916492
-0.00269974
0.00178325
-0.00491119
0.00221145
-0.00733728
0.00242609
-0.00987678
0.0025395
-0.0124893
0.00261247
-0.015167
0.00267777
-0.0179207
0.00275368
-0.0207767
0.00285604
0.00300435
-0.0237811
-0.000807061
0.00172355
-0.00239614
0.00337233
-0.00436844
0.00418374
-0.00650788
0.00456554
-0.0087008
0.00473242
-0.0108903
0.00480195
-0.0130514
0.00483891
-0.0151798
0.00488209
-0.0172874
0.0049636
0.00513393
-0.019417
-0.000615184
0.00233874
-0.00186459
0.00462174
-0.00340657
0.00572571
-0.00503201
0.00619098
-0.00661223
0.00631265
-0.00806512
0.00625483
-0.00933656
0.00611035
-0.0103949
0.00594044
-0.0112258
0.0057945
0.00574788
-0.0118397
-0.000391921
0.00273066
-0.00122423
0.00545405
-0.00222573
0.00672721
-0.00320239
0.00716763
-0.00401729
0.00712755
-0.00456712
0.00680467
-0.00476565
0.00630887
-0.00454431
0.00571911
-0.00384705
0.00509723
0.00457086
-0.00267002
-0.000189306
0.00291996
-0.000605459
0.0058702
-0.00103902
0.00716077
-0.00131435
0.00744296
-0.00129422
0.00710741
-0.000862543
0.00637299
8.90864e-05
0.00535724
0.001674
0.00413419
0.00399173
0.00277951
0.00137935
0.00718324
-4.72636e-05
0.00296723
-0.000106337
0.00592928
-2.39272e-06
0.00705683
0.000433147
0.00700742
0.00135117
0.00618939
0.00288644
0.00483772
0.00517164
0.00307204
0.00833208
0.000973749
0.0124335
-0.0013219
-0.00421208
0.0180249
1.8316e-05
0.00294891
0.000228938
0.00571865
0.000830991
0.00645478
0.00202078
0.00581764
0.00398679
0.00422338
0.00691149
0.00191302
0.0109549
-0.000971328
0.0162566
-0.004328
0.0226961
-0.00776134
-0.0126915
0.0311755
2.54528e-05
0.00292346
0.000459144
0.00528496
0.00158829
0.00532563
0.00368587
0.00372005
0.00702086
0.000888393
0.0118312
-0.00289733
0.0182631
-0.00740325
0.0263441
-0.012409
0.035805
-0.0172222
-0.0241649
0.0472784
2.20566e-05
0.0029014
0.000723884
0.00458314
0.00254985
0.00349967
0.00589783
0.000372072
0.0111141
-0.00432787
0.0183825
-0.0101657
0.0276823
-0.0167031
0.0386938
-0.0234205
0.0512171
-0.0297456
-0.0373718
0.0644241
6.61616e-05
0.00120508
0.00406208
0.00915833
0.0167641
0.0267775
0.0387374
0.0519246
0.0661678
0.0789386
-0.0256884
0.00190735
-0.0275599
0.00187148
-0.0293713
0.00181134
-0.0311144
0.00174315
-0.0327782
0.0016638
-0.0343478
0.00156962
-0.0358048
0.00145699
-0.0371268
0.00132201
-0.0382876
0.0011608
-0.0392573
0.000969699
-0.0400029
0.000745544
-0.0404881
0.000485218
-0.0406712
0.000183087
-0.0405256
-0.000145539
-0.0400411
-0.000484552
-0.0391979
-0.000843148
-0.0380018
-0.00119611
-0.036478
-0.00152386
-0.0346492
-0.00182876
-0.00207125
-0.0210271
0.00351748
-0.0226239
0.00346825
-0.0241768
0.00336424
-0.0256784
0.00324475
-0.0271192
0.00310463
-0.0284875
0.00293793
-0.0297692
0.00273871
-0.0309469
0.00249967
-0.0320002
0.00221413
-0.0329058
0.0018753
-0.0336372
0.00147689
-0.0341651
0.00101312
-0.0344585
0.000476479
-0.0344742
-0.000129793
-0.0342126
-0.000746157
-0.0336419
-0.0014139
-0.0327468
-0.00209119
-0.0315342
-0.00273645
-0.0300327
-0.00333028
-0.00378909
-0.0129216
0.00459934
-0.0140154
0.00456202
-0.0150989
0.00444782
-0.0161602
0.00430598
-0.0171901
0.00413455
-0.0181792
0.00392706
-0.0191164
0.00367586
-0.0199906
0.00337394
-0.0207906
0.00301405
-0.0215013
0.00258603
-0.022106
0.00208161
-0.0225869
0.00149404
-0.0229284
0.000817912
-0.0230765
1.83498e-05
-0.0230637
-0.000759026
-0.0228426
-0.00163497
-0.0223821
-0.00255166
-0.0216584
-0.00346019
-0.0206786
-0.00431
-0.00498115
-0.00302791
0.00495722
-0.0034958
0.00502991
-0.00398842
0.00494044
-0.00448256
0.00480013
-0.00497626
0.00462825
-0.00546367
0.00441447
-0.00593471
0.00414691
-0.00637844
0.00381767
-0.00678591
0.00342152
-0.0071524
0.00295252
-0.00746745
0.00239667
-0.0077192
0.00174579
-0.00789728
0.000995991
-0.00800784
0.000128908
-0.00802191
-0.000744953
-0.007948
-0.00170888
-0.00776425
-0.00273541
-0.0074341
-0.00379034
-0.00693416
-0.00480994
-0.00566026
0.00747807
0.0046624
0.00764825
0.00485973
0.0077625
0.00482618
0.00786131
0.00470132
0.00794338
0.00454618
0.00800756
0.00435028
0.00806223
0.00409224
0.00811794
0.00376195
0.00818311
0.00335635
0.00826196
0.00287367
0.00835692
0.00230171
0.00847815
0.00162456
0.00862944
0.000844698
0.0088072
-4.88536e-05
0.00900684
-0.000944587
0.0092303
-0.00193235
0.00946635
-0.00297146
0.00972329
-0.00404728
0.0100006
-0.00508726
-0.00609221
0.0187956
0.00389168
0.0194405
0.0042149
0.0200365
0.00423014
0.0206292
0.00410865
0.0212087
0.00396671
0.0217689
0.00379009
0.0223173
0.00354382
0.0228629
0.00321628
0.023411
0.00280827
0.0239633
0.00232142
0.0245196
0.00174534
0.0250892
0.00105501
0.0256845
0.000249399
0.0262368
-0.000601143
0.0268088
-0.00151658
0.0273724
-0.002496
0.0279032
-0.00350223
0.0283981
-0.00454216
0.0287967
-0.00548586
-0.00654988
0.0320677
0.00299942
0.032895
0.00338765
0.033731
0.00339414
0.0346067
0.00323289
0.035496
0.00307748
0.0363942
0.0028919
0.0373092
0.00262873
0.0382443
0.0022812
0.0391983
0.00185425
0.0401672
0.00135258
0.0411543
0.000758202
0.042183
2.63185e-05
0.0431586
-0.000726173
0.04414
-0.00158258
0.0451128
-0.00248939
0.0460652
-0.00344834
0.0469638
-0.00440084
0.0478113
-0.00538964
0.0485277
-0.00620226
-0.00722492
0.0479411
0.00233669
0.0486787
0.00265014
0.049543
0.00252982
0.0504867
0.0022892
0.0514755
0.0020887
0.052526
0.00184138
0.0536441
0.00151059
0.0548195
0.00110579
0.0560448
0.000628948
0.0573204
7.70686e-05
0.05863
-0.00055146
0.0599254
-0.00126906
0.0612508
-0.00205154
0.0625703
-0.0029021
0.0638697
-0.0037888
0.0651388
-0.00471741
0.0663426
-0.00560469
0.067481
-0.00652806
0.0685025
-0.00722368
-0.00814007
0.064845
0.00191575
0.0655481
0.00194708
0.0664658
0.00161209
0.0674606
0.00129438
0.068523
0.00102636
0.0696738
0.000690577
0.0708897
0.000294689
0.0721791
-0.000183611
0.07355
-0.000742043
0.0749728
-0.00134564
0.0764259
-0.00200461
0.077898
-0.00274118
0.0793808
-0.00353432
0.0808608
-0.00438207
0.0823169
-0.00524494
0.0837382
-0.00613866
0.0850945
-0.00696103
0.086376
-0.00780958
0.0875634
-0.00841109
-0.00919828
0.0797274
0.00112699
0.0809142
0.000760276
0.0820857
0.00044055
0.0832112
0.000168936
0.084412
-0.000174417
0.0856772
-0.000574649
0.0869978
-0.00102589
0.0883545
-0.00154039
0.0897275
-0.00211497
0.0911339
-0.0027521
0.0925781
-0.00344882
0.0940471
-0.00421011
0.0955256
-0.00501288
0.0970057
-0.0058621
0.0984652
-0.00670449
0.0998988
-0.00757223
0.101281
-0.0083431
0.102609
-0.00913756
0.103866
-0.00966864
-0.0103198
0.107973
0.0017732
-0.108619
0.107398
0.00133527
0.106934
0.000904764
0.106644
0.000458229
0.1065
-2.96383e-05
0.106469
-0.000544232
0.106538
-0.00109447
0.106672
-0.00167463
0.106856
-0.0022988
0.107073
-0.00296937
0.107299
-0.00367509
0.107512
-0.00442312
0.107687
-0.00518734
0.107807
-0.00598198
0.107848
-0.00674604
0.107803
-0.00752691
0.107654
-0.00819409
0.107402
-0.00888549
0.107048
-0.00931521
-0.00982555
0.116701
0.00183159
-0.11676
0.116618
0.0014183
0.116533
0.000989661
0.116475
0.000516782
0.11643
1.54221e-05
0.116442
-0.00055606
0.116468
-0.00112118
0.116512
-0.00171827
0.116558
-0.00234523
0.116595
-0.00300612
0.116607
-0.0036871
0.116582
-0.00439838
0.116504
-0.00510899
0.116363
-0.00584057
0.116144
-0.00652711
0.115843
-0.00722645
0.115455
-0.00780582
0.11498
-0.00841002
0.114431
-0.00876702
-0.00922982
0.122018
0.00192537
-0.122112
0.122025
0.00141218
0.122079
0.000935571
0.122154
0.000441201
0.122248
-7.79611e-05
0.122321
-0.000629571
0.122389
-0.00118938
0.122441
-0.0017704
0.122467
-0.00237033
0.122456
-0.00299588
0.1224
-0.00363129
0.122291
-0.00428928
0.122118
-0.00493559
0.121875
-0.0055977
0.121555
-0.00620686
0.121157
-0.00682892
0.120682
-0.00733049
0.120136
-0.00786396
0.119538
-0.0081687
-0.00858802
0.125616
0.0019079
-0.125598
0.125693
0.0013345
0.125811
0.000817497
0.125938
0.000314347
0.126061
-0.000200876
0.126162
-0.000729838
0.126241
-0.00126912
0.126294
-0.00182339
0.126311
-0.00238739
0.126285
-0.0029697
0.126207
-0.00355356
0.126072
-0.00415375
0.125871
-0.00473492
0.125602
-0.00532848
0.125261
-0.00586557
0.124849
-0.00641685
0.124369
-0.00685131
0.12383
-0.00732472
0.123247
-0.00758518
-0.00796428
0.128443
0.001771
-0.128306
0.128577
0.00119991
0.128723
0.00067156
0.128868
0.00016965
0.128999
-0.000331551
0.129105
-0.00083655
0.129185
-0.0013483
0.129232
-0.00187059
0.12924
-0.00239598
0.129204
-0.00293344
0.129117
-0.00346604
0.128973
-0.00400985
0.128768
-0.00453011
0.1285
-0.0050601
0.128167
-0.00553316
0.127771
-0.00602116
0.127319
-0.00639876
0.126813
-0.00681866
0.12627
-0.0070423
-0.0073859
0.131111
0.00158651
-0.130927
0.131272
0.00103952
0.131424
0.000519163
0.131568
2.58221e-05
0.131692
-0.000456064
0.131791
-0.000935479
0.13186
-0.0014166
0.131893
-0.00190446
0.131888
-0.00239087
0.131839
-0.00288445
0.131742
-0.00336862
0.131592
-0.0038599
0.131387
-0.00432513
0.131125
-0.00479782
0.130807
-0.00521504
0.130433
-0.00564709
0.13001
-0.00597647
0.12954
-0.0063487
0.12904
-0.00654223
-0.00685214
0.133897
0.00139235
-0.133703
0.134062
0.000874161
0.134208
0.000373507
0.134337
-0.000103589
0.134443
-0.00056196
0.134522
-0.00101422
0.134569
-0.00146375
0.134581
-0.00191666
0.134555
-0.00236496
0.134488
-0.00281679
0.134375
-0.00325619
0.134215
-0.00369943
0.134005
-0.00411551
0.133744
-0.0045371
0.133435
-0.00490573
0.133076
-0.00528847
0.132677
-0.00557676
0.132235
-0.00590667
0.131767
-0.00607504
-0.00635264
0.136851
0.00119905
-0.136657
0.137009
0.000715368
0.13714
0.000243252
0.137246
-0.00020997
0.137327
-0.000642361
0.137378
-0.00106578
0.137398
-0.00148332
0.137383
-0.00190153
0.137331
-0.00231296
0.137239
-0.00272526
0.137106
-0.00312329
0.136929
-0.00352268
0.136709
-0.00389475
0.136442
-0.00427068
0.136133
-0.00459681
0.135781
-0.00493596
0.135393
-0.00518894
0.134967
-0.00548109
0.13452
-0.00562801
-0.00587525
0.139922
0.00101547
-0.139738
0.140066
0.000571576
0.140175
0.000133773
0.140256
-0.000290635
0.140308
-0.000694183
0.140329
-0.00108739
0.140318
-0.00147262
0.140273
-0.00185643
0.140192
-0.00223207
0.140074
-0.00260669
0.139917
-0.00296615
0.139719
-0.00332515
0.139482
-0.00365744
0.139203
-0.00399225
0.138887
-0.00428078
0.138533
-0.00458106
0.138147
-0.00480328
0.137727
-0.00506155
0.137289
-0.00518994
-0.00540903
0.143029
0.000851391
-0.142865
0.143152
0.000448689
0.143238
4.71568e-05
0.143292
-0.000344208
0.143314
-0.00071676
0.143305
-0.00107841
0.143264
-0.00143089
0.143188
-0.00178051
0.143077
-0.00212118
0.14293
-0.00245959
0.142746
-0.00278269
0.142525
-0.0031041
0.142268
-0.00339996
0.141973
-0.00369733
0.141644
-0.00395213
0.141281
-0.0042174
0.14089
-0.00441242
0.140468
-0.00464011
0.140031
-0.00475227
-0.00494546
0.146091
0.00071172
-0.145952
0.14619
0.00034974
0.146252
-1.46497e-05
0.146278
-0.000370243
0.146271
-0.000709989
0.146232
-0.00103896
0.146159
-0.00135829
0.146053
-0.00167387
0.145912
-0.00198027
0.145736
-0.00228367
0.145525
-0.00257216
0.145279
-0.00285821
0.145
-0.00312031
0.144686
-0.00338317
0.144341
-0.00360732
0.143964
-0.00384072
0.143563
-0.00401136
0.143134
-0.00421128
0.142691
-0.00430902
-0.00447852
0.149033
0.000597586
-0.148919
0.149107
0.000276
0.149143
-5.00468e-05
0.149141
-0.000369052
0.149106
-0.000674517
0.149037
-0.000969894
0.148934
-0.00125579
0.148798
-0.00153751
0.148628
-0.00181023
0.148424
-0.00207962
0.148187
-0.00233493
0.147916
-0.00258743
0.147613
-0.00281789
0.147279
-0.00304863
0.146916
-0.00324459
0.146524
-0.0034487
0.14611
-0.00359721
0.145671
-0.00377175
0.145218
-0.00385651
-0.00400441
0.151778
0.000508479
-0.151689
0.151827
0.000227002
0.151837
-6.00873e-05
0.15181
-0.000342004
0.151748
-0.000612302
0.151651
-0.000873462
0.151521
-0.00112572
0.151358
-0.00137377
0.151161
-0.00161336
0.150931
-0.00184957
0.150669
-0.00207285
0.150374
-0.00229325
0.15005
-0.00249378
0.149696
-0.00269432
0.149315
-0.00286404
0.148908
-0.00304094
0.148479
-0.00316909
0.148028
-0.00332026
0.147565
-0.00339319
-0.00352136
0.154243
0.000441081
-0.154175
0.154271
0.00019922
0.154259
-4.88139e-05
0.15421
-0.000293222
0.154126
-0.000527771
0.154007
-0.000754273
0.153854
-0.000972735
0.153667
-0.00118724
0.153448
-0.00139407
0.153196
-0.00159772
0.152913
-0.00178983
0.152599
-0.00197921
0.152256
-0.00215108
0.151885
-0.00232286
0.151489
-0.0024678
0.151067
-0.00261907
0.150626
-0.00272821
0.150163
-0.00285752
0.14969
-0.00291951
-0.00302942
0.156346
0.000387714
-0.156293
0.156361
0.000184812
0.156336
-2.40128e-05
0.156273
-0.00023053
0.156174
-0.000428707
0.15604
-0.000620038
0.155872
-0.000804397
0.15567
-0.000985239
0.155435
-0.00115941
0.155168
-0.00133075
0.15487
-0.00149213
0.154542
-0.00165108
0.154186
-0.00179504
0.153802
-0.00193893
0.153395
-0.00206001
0.152962
-0.00218663
0.152511
-0.00227763
0.15204
-0.00238603
0.151558
-0.00243765
-0.00253016
0.158029
0.000336709
-0.157978
0.158042
0.000172289
0.158014
3.41507e-06
0.157948
-0.000164705
0.157845
-0.000325559
0.157706
-0.000480886
0.157532
-0.000630448
0.157324
-0.000777101
0.157083
-0.000918231
0.156809
-0.001057
0.156504
-0.00118753
0.156169
-0.00131607
0.155807
-0.00143228
0.155416
-0.00154848
0.155002
-0.00164605
0.154564
-0.0017483
0.154108
-0.00182154
0.153631
-0.00190929
0.153144
-0.00195081
-0.00202609
0.159279
0.000276181
-0.159218
0.1593
0.000150776
0.159282
2.18003e-05
0.159223
-0.000105845
0.159126
-0.000228339
0.158992
-0.000346478
0.158821
-0.000460154
0.158616
-0.000571661
0.158377
-0.00067888
0.158104
-0.000784312
0.1578
-0.000883352
0.157465
-0.000980922
0.157101
-0.00106897
0.15671
-0.00115714
0.156295
-0.00123097
0.155855
-0.0013086
0.155398
-0.00136398
0.154919
-0.00143074
0.15443
-0.00146215
-0.00151971
0.160139
0.000199158
-0.160062
0.160176
0.000113898
0.160172
2.59171e-05
0.160126
-5.999e-05
0.160041
-0.000142738
0.159916
-0.000222298
0.159755
-0.000298891
0.159558
-0.000374128
0.159325
-0.000446345
0.159058
-0.000517438
0.158759
-0.000584065
0.158428
-0.000649849
0.158068
-0.000709013
0.157679
-0.000768474
0.157266
-0.000818025
0.156828
-0.00087043
0.156372
-0.000907572
0.155894
-0.000952697
0.155405
-0.000973786
-0.00101283
0.160675
0.000106359
-0.160583
0.160728
6.16621e-05
0.160736
1.75206e-05
0.160703
-2.69873e-05
0.160628
-6.80938e-05
0.160514
-0.000108109
0.160362
-0.000146695
0.160173
-0.000184733
0.159947
-0.000220995
0.159687
-0.000256944
0.159393
-0.000290282
0.159067
-0.000323627
0.158711
-0.000353084
0.158326
-0.000383382
0.157916
-0.000407842
0.15748
-0.000434796
0.157025
-0.000452788
0.156549
-0.000476377
0.156061
-0.000486023
-0.000506467
0.160933
-0.160827
0.160995
0.161012
0.160985
0.160917
0.160809
0.160662
0.160478
0.160257
0.16
0.15971
0.159386
0.159033
0.158649
0.158242
0.157807
0.157354
0.156878
0.156392
0.0965363
0.0176267
-0.0949747
0.0982671
0.0276354
0.1002
0.0376057
0.102286
0.0474598
0.104593
0.0569289
0.107009
0.0660791
0.109255
0.0746657
0.111658
0.0819489
0.110693
0.0900371
0.0899038
0.0980837
0.0161923
-0.0966493
0.0997342
0.0259849
0.101648
0.0356924
0.10381
0.0452975
0.106139
0.0546002
0.108913
0.0633048
0.111346
0.072233
0.114695
0.0785993
0.116782
0.0879501
0.0899263
0.0998641
0.0148954
-0.0985673
0.101436
0.024413
0.103261
0.0338669
0.105467
0.0430923
0.107769
0.052298
0.110682
0.0603919
0.113447
0.0694679
0.116706
0.07534
0.120279
0.0843767
0.0880936
0.101794
0.0137155
-0.100614
0.103312
0.0228946
0.105072
0.0321072
0.107272
0.0408924
0.109621
0.0499492
0.112448
0.0575648
0.115525
0.0663913
0.118556
0.0723083
0.122514
0.0804193
0.085009
0.103824
0.012624
-0.102732
0.105297
0.0214216
0.107051
0.0303531
0.109215
0.038728
0.111672
0.047492
0.11439
0.0548475
0.117633
0.0631479
0.120711
0.0692307
0.124627
0.0765026
0.0813303
0.105913
0.0115946
-0.104884
0.10734
0.0199949
0.109125
0.0285673
0.111268
0.0365858
0.113833
0.0449262
0.116565
0.0521155
0.11988
0.0598332
0.12317
0.0659407
0.127017
0.0726555
0.0774208
0.108021
0.0106122
-0.107038
0.109409
0.0186065
0.111231
0.0267454
0.113394
0.0344226
0.116044
0.0422764
0.118899
0.0492601
0.122269
0.0564631
0.125773
0.0624375
0.129657
0.0687711
0.0733752
0.11011
0.00967214
-0.10917
0.111476
0.0172398
0.113326
0.0248958
0.115549
0.0322
0.118269
0.0395561
0.12128
0.0462493
0.124736
0.053007
0.128426
0.0587474
0.132453
0.0647439
0.0691712
0.112146
0.00877376
-0.111248
0.113507
0.0158789
0.11538
0.0230226
0.117679
0.0299008
0.120475
0.0367607
0.123635
0.0430886
0.127222
0.0494207
0.131099
0.0548698
0.135331
0.0605125
0.0647638
0.114098
0.00791429
-0.113238
0.115463
0.014514
0.117363
0.0211224
0.119741
0.0275224
0.122626
0.0338765
0.12593
0.0397844
0.129678
0.0456724
0.133754
0.0507934
0.138215
0.0560515
0.0601146
0.11593
0.00708804
-0.115104
0.117304
0.0131399
0.119238
0.0191884
0.121695
0.0250658
0.12468
0.030891
0.128127
0.0363371
0.132051
0.041749
0.136334
0.0465105
0.141034
0.0513512
0.055197
0.117602
0.00628778
-0.116801
0.118988
0.0117536
0.120962
0.017214
0.123497
0.0225311
0.12659
0.0277976
0.130181
0.0327463
0.134281
0.0376489
0.138775
0.0420167
0.143719
0.0464078
0.0499963
0.119068
0.00550586
-0.118286
0.12047
0.0103519
0.122489
0.0151949
0.125101
0.0199185
0.128303
0.0245956
0.132036
0.0290133
0.13631
0.033375
0.141016
0.0373111
0.146201
0.0412222
0.0445087
0.120284
0.00473434
-0.119513
0.121705
0.00893169
0.12377
0.0131292
0.126459
0.01723
0.129765
0.0212889
0.133635
0.0251434
0.138076
0.0289345
0.142987
0.0323997
0.148407
0.0358029
0.0387399
0.121219
0.00396461
-0.120449
0.122661
0.00748974
0.124772
0.0110176
0.127532
0.0144704
0.130935
0.017886
0.134931
0.0211471
0.139524
0.0243416
0.144626
0.0272977
0.150261
0.0301683
0.0327076
0.12187
0.00318808
-0.121093
0.123336
0.00602377
0.12549
0.00886334
0.128313
0.0116481
0.131798
0.0144002
0.135904
0.017042
0.140627
0.0196186
0.145894
0.0220305
0.151714
0.0243483
0.0264433
0.122281
0.00239927
-0.121492
0.123771
0.00453447
0.125961
0.00667313
0.128834
0.00877488
0.132385
0.0108494
0.136576
0.0128505
0.141401
0.0147941
0.1468
0.0166315
0.152766
0.0183816
0.0199911
0.122531
0.00160032
-0.121732
0.124038
0.00302766
0.126253
0.00445772
0.129162
0.00586576
0.132758
0.00725371
0.137011
0.00859762
0.141906
0.00989847
0.1474
0.0111373
0.153472
0.0123097
0.0134014
0.122687
0.000800215
-0.121887
0.124202
0.00151304
0.12643
0.00222994
0.129359
0.00293644
0.132981
0.00363209
0.137271
0.00430724
0.14221
0.00495932
0.147765
0.00558304
0.153903
0.00617097
0.00672207
0.122773
-0.121972
0.124286
0.126516
0.129452
0.133084
0.137391
0.142351
0.147934
0.154105
0.0460865
0.059303
-0.0534361
-0.0519534
0.0400054
0.0587547
-0.0526735
0.03415
0.0586264
-0.052771
0.0284693
0.0590197
-0.053339
0.022887
0.0598551
-0.0542728
0.0173623
0.0611595
-0.0556348
0.0118897
0.0629143
-0.0574418
0.00662378
0.0640404
-0.0587744
0.00218211
0.0594648
-0.0550231
0.0353786
-0.0331965
0.0430641
0.0652312
-0.0489922
0.0372217
0.064597
0.0315579
0.0642902
0.0260943
0.0644833
0.0207679
0.0651815
0.0155216
0.0664058
0.0103646
0.0680712
0.00550933
0.0688957
0.00162776
0.0633464
0.0370064
0.0393384
0.0707879
-0.0448952
0.0338101
0.0701253
0.0284147
0.0696855
0.0232116
0.0696863
0.0181755
0.0702175
0.0132591
0.0713223
0.00849432
0.072836
0.00415494
0.0732351
0.000954653
0.0665467
0.0379611
0.0346397
0.0759164
-0.0397682
0.0295611
0.0752039
0.0245724
0.0746743
0.0197445
0.0745142
0.0150854
0.0748767
0.0105718
0.0758358
0.00627158
0.0771363
0.00255734
0.0769493
0.000127163
0.0689769
0.0380882
0.0290435
0.0805689
-0.033696
0.0244701
0.0797773
0.0199892
0.0791551
0.0156501
0.0788533
0.0114684
0.0790584
0.00745008
0.0798541
0.00370241
0.080884
0.000664616
0.0799871
-0.000645897
0.0702874
0.0374423
0.0225643
0.0846507
-0.0266461
0.018583
0.0837587
0.014699
0.0830391
0.0109423
0.0826101
0.00733586
0.0826648
0.00391567
0.0832743
0.000875653
0.083924
-0.00124485
0.0821076
-0.00149216
0.0705347
0.0359502
0.0153076
0.0880548
-0.0187116
0.0119974
0.0870688
0.00878408
0.0862524
0.00567933
0.0857148
0.00273497
0.0856092
-2.33324e-06
0.0860116
-0.00223555
0.0861572
-0.00328384
0.0831559
-0.00235408
0.0696049
0.0335961
0.00736527
0.0907025
-0.0100129
0.00478815
0.0896459
0.00232518
0.0887154
-2.61759e-05
0.0880662
-0.00229663
0.0878796
-0.00427827
0.0879933
-0.00558064
0.0874596
-0.0054499
0.0830251
-0.00318174
0.0673367
0.0304144
-0.00116068
0.0926492
-0.000786076
-0.0029366
0.0914219
-0.00463471
0.0904135
-0.00626013
0.0896916
-0.00772026
0.0893398
-0.00883242
0.0891054
-0.00907381
0.087701
-0.00759525
0.0815466
-0.00390078
0.0636423
0.0265136
-0.0101054
0.00917231
-0.0110502
-0.0119456
-0.0127642
-0.0134047
-0.0135562
-0.0125728
-0.00958043
-0.00442189
0.0442648
0.00417239
-0.0484372
0.0399362
0.00432855
0.0354263
0.00450997
0.0307115
0.0047148
0.0257602
0.00495123
0.0205304
0.00522981
0.0149771
0.00555328
0.00913779
0.00583934
0.00350957
0.00562822
0.00350957
0.0446746
0.00845346
-0.0489556
0.040251
0.00875208
0.0356601
0.00910096
0.0308781
0.00949671
0.0258733
0.00995609
0.0206025
0.0105006
0.0150181
0.0111376
0.00915489
0.0117026
0.00352071
0.0112624
0.00703029
0.0454355
0.0129401
-0.0499221
0.0408323
0.0133552
0.0360879
0.0138454
0.0311784
0.0144062
0.0260709
0.0150635
0.0207214
0.0158501
0.0150813
0.0167778
0.00918334
0.0176005
0.00352679
0.0169189
0.0105571
0.0464347
0.0177027
-0.0511973
0.0415896
0.0182004
0.0366379
0.018797
0.031556
0.0194882
0.0263104
0.0203091
0.0208562
0.0213044
0.0151432
0.0224908
0.00920201
0.0235417
0.0035267
0.0225943
0.0140838
0.0475192
0.0227806
-0.052597
0.0423956
0.023324
0.0372053
0.0239873
0.0319267
0.0247667
0.0265264
0.0257095
0.0209572
0.0268735
0.0151675
0.0282804
0.00918757
0.0295216
0.00350796
0.0282739
0.0175917
0.0485263
0.028167
-0.0539127
0.0431229
0.0287274
0.037687
0.0294232
0.0322058
0.030248
0.0266488
0.0312664
0.0209681
0.0325542
0.0151115
0.0341371
0.00911094
0.0355222
0.0034564
0.0339284
0.0210481
0.0492338
0.0338491
-0.0549159
0.0435586
0.0344025
0.037901
0.0350809
0.0322524
0.0358965
0.0265728
0.036946
0.0208109
0.0383161
0.0149184
0.0400296
0.00893595
0.0415046
0.00335665
0.0395077
0.0244048
0.0496405
0.0397605
-0.0555519
0.0437015
0.0403415
0.0378416
0.0409408
0.0320497
0.0416884
0.0262702
0.0427256
0.0204523
0.0441339
0.0145558
0.0459261
0.00863676
0.0474237
0.00320307
0.0449414
0.0276079
0.0491338
0.046081
-0.0554543
0.0430054
0.0464699
0.0371209
0.0468253
0.031326
0.0474833
0.0255524
0.0484992
0.019769
0.0499173
0.0139475
0.0517476
0.00816689
0.0532043
0.00296353
0.0501448
0.0305714
0.0482638
-0.0556189
0.0420602
0.0361145
0.0302588
0.0244853
0.0187678
0.0130736
0.00750353
0.00262514
0.0527054
-0.000183568
0.0528869
-0.000181543
0.0530661
-0.000179167
0.0532366
-0.000170459
0.0533924
-0.000155857
0.0535283
-0.000135865
0.0536384
-0.000110164
0.0537164
-7.79139e-05
0.0537539
-3.75308e-05
0.0537427
1.11633e-05
0.0536817
6.10313e-05
0.053559
0.000122705
0.0533626
0.000196382
0.0530791
0.000283546
0.0526928
0.00038628
0.0521854
0.000507344
0.0515358
0.000649612
0.0507173
0.000818546
0.0497043
0.001013
0.00126712
0.0534653
-0.000367112
0.0536443
-0.000360451
0.0538175
-0.000352381
0.0539804
-0.000333426
0.0541283
-0.000303693
0.0542557
-0.000263329
0.054357
-0.000211416
0.0544253
-0.00014618
0.0544519
-6.42156e-05
0.0544315
3.15534e-05
0.0543597
0.000132851
0.0542251
0.000257311
0.0540157
0.000405811
0.0537179
0.000581384
0.053316
0.000788179
0.0527915
0.0010318
0.0521233
0.00131782
0.0512841
0.00165776
0.0502494
0.00204772
0.00256084
0.05496
-0.000533111
0.0551218
-0.000522315
0.0552784
-0.00050891
0.0554242
-0.000479249
0.055554
-0.000433508
0.0556624
-0.0003717
0.0557433
-0.000292398
0.0557899
-0.000192755
0.0557933
-6.76378e-05
0.0557527
7.21664e-05
0.0556575
0.000228064
0.0554972
0.000417658
0.0552597
0.000643234
0.0549315
0.000909612
0.0544967
0.00122296
0.0539366
0.00159198
0.0532299
0.00202445
0.0523483
0.00253942
0.0512698
0.00312615
0.00390857
0.0571285
-0.000666814
0.057258
-0.000651823
0.057382
-0.00063292
0.0574951
-0.000592258
0.0575913
-0.000529775
0.0576651
-0.000445527
0.0577105
-0.000337757
0.0577195
-0.000201748
0.0576797
-2.78542e-05
0.0576028
0.000149072
0.0574671
0.000363744
0.057263
0.000621831
0.0569787
0.000927495
0.0566004
0.00128796
0.0561121
0.00171119
0.0554944
0.00220974
0.0547267
0.00279215
0.0537775
0.00348853
0.0526308
0.00427286
0.0053421
0.0598882
-0.000747928
0.0599649
-0.000728549
0.0600352
-0.000703155
0.0600933
-0.000650433
0.0601332
-0.000569619
0.0601486
-0.000460979
0.0601326
-0.00032174
0.0600777
-0.000146774
0.059987
6.27901e-05
0.059848
0.000288036
0.0596472
0.000564588
0.0593746
0.000894426
0.0590187
0.0012834
0.0585649
0.00174171
0.0579978
0.00227832
0.0572961
0.00291147
0.0564411
0.00364717
0.0553957
0.00453387
0.0541534
0.00551515
0.00689853
0.0631425
-0.000750194
0.0631396
-0.000725702
0.0631277
-0.000691228
0.0631019
-0.000624599
0.0630561
-0.000523856
0.062985
-0.000389913
0.062882
-0.000218751
0.0627267
8.5824e-06
0.0625559
0.000233537
0.0623241
0.000519858
0.0620276
0.000861051
0.0616566
0.00126548
0.0611995
0.00174052
0.0606403
0.00230086
0.0599647
0.00295397
0.0591479
0.00372825
0.0581752
0.00461983
0.0570002
0.00570893
0.0556313
0.006884
0.00861711
0.0667923
-0.00064141
0.0666758
-0.000609216
0.0665447
-0.000560101
0.0663956
-0.000475454
0.0662254
-0.000353717
0.0660269
-0.000191354
0.0657836
2.45221e-05
0.0655389
0.000253269
0.0652328
0.000539694
0.0648691
0.000883542
0.0644402
0.00128991
0.0639339
0.00177182
0.0633398
0.00233455
0.0626396
0.00300109
0.0618223
0.00377127
0.0608566
0.00469395
0.0597369
0.00573949
0.058398
0.00704791
0.0568676
0.00841442
0.0105687
0.0707454
-0.000369841
0.0704693
-0.000333147
0.0701763
-0.000267038
0.0698613
-0.00016047
0.0695074
2.04918e-07
0.0691431
0.000172893
0.068765
0.000402685
0.0683353
0.000682955
0.0678571
0.00101783
0.0673215
0.00141916
0.0667208
0.00189061
0.0660403
0.00245232
0.0652724
0.00310246
0.0643921
0.00388142
0.0633951
0.00476828
0.0622361
0.00585295
0.0609333
0.00704223
0.059396
0.00858527
0.0576922
0.0101182
0.012709
0.0749219
0.000113617
0.0744274
0.000161374
0.07391
0.000250323
0.0733734
0.000376124
0.0728327
0.000540901
0.0722571
0.000748551
0.0716511
0.00100864
0.0710052
0.0013289
0.0703131
0.00170996
0.0695633
0.00216889
0.06875
0.0027039
0.0678551
0.00334728
0.0668772
0.00408032
0.065784
0.00497459
0.0645846
0.00596773
0.0631994
0.00723816
0.0616828
0.00855878
0.0598469
0.0104212
0.0579132
0.0120519
0.015168
0.0792847
0.00093325
0.078495
0.000951103
0.0777089
0.00103644
0.0769108
0.00117418
0.076096
0.00135568
0.0752574
0.00158716
0.0743923
0.00187383
0.0734914
0.0022298
0.0725479
0.00265347
0.0715477
0.00316904
0.0704872
0.00376445
0.069344
0.00449042
0.068125
0.00529935
0.0667852
0.00631435
0.0653725
0.00738049
0.0637831
0.00882756
0.0621892
0.0101526
0.0602411
0.0123693
0.0584797
0.0138132
0.0180289
0.0774354
0.000876188
0.0774364
0.000950148
0.0774159
0.00105695
0.0773925
0.00119758
0.0773738
0.00137431
0.0773607
0.00160031
0.0773552
0.00187932
0.0773571
0.00222789
0.0773716
0.00263894
0.0773976
0.00314311
0.0774493
0.00371271
0.0775207
0.004419
0.0776462
0.0051739
0.0778026
0.00615791
0.0780776
0.00710552
0.0783959
0.00850922
0.0789787
0.00956986
0.0796691
0.0116789
0.0811199
0.0123624
0.0155742
0.0835746
0.0819088
0.000887116
0.0818841
0.000974869
0.0818562
0.00108487
0.0818349
0.00121884
0.0818248
0.00138447
0.081826
0.00159913
0.0818402
0.00186507
0.0818676
0.00220047
0.0819137
0.00259291
0.0819794
0.00307736
0.0820771
0.00361498
0.0822085
0.00428764
0.0823975
0.00498493
0.0826478
0.00590754
0.0830012
0.00675213
0.0834841
0.00802639
0.0841406
0.00891328
0.0851257
0.0106939
0.0861958
0.0112923
0.0138761
0.0878939
0.0866456
0.00103944
0.0865742
0.00104625
0.0865406
0.00111852
0.086526
0.00123344
0.0865271
0.00138334
0.0865441
0.00158216
0.0865787
0.00183044
0.0866316
0.00214754
0.0867076
0.00251694
0.0868098
0.00297519
0.0869476
0.00347716
0.0871287
0.00410658
0.087367
0.00474657
0.087683
0.00559159
0.0880875
0.00634759
0.0886437
0.00747024
0.0893081
0.00824882
0.0902648
0.00973722
0.0912286
0.0103285
0.0123061
0.0927986
0.0915337
0.00106401
0.0914874
0.00109256
0.09145
0.0011559
0.091435
0.00124846
0.0914437
0.00137465
0.0914741
0.00155177
0.0915263
0.00177824
0.091601
0.00207284
0.0917022
0.00241577
0.0918344
0.00284298
0.0920048
0.00330673
0.0922239
0.00388746
0.0924996
0.00447086
0.0928567
0.00523451
0.093293
0.00591124
0.0938689
0.00689443
0.0945326
0.00758509
0.095431
0.00883878
0.0963887
0.00937077
0.0109506
0.0977442
0.0965994
0.00109612
0.0965505
0.00114152
0.0965109
0.00119551
0.0964979
0.00126142
0.0965148
0.00135775
0.0965584
0.00150816
0.0966269
0.00170977
0.0967205
0.00197919
0.0968427
0.00229356
0.0969989
0.00268685
0.0971947
0.00311095
0.097441
0.00364108
0.0977429
0.00416901
0.098123
0.00485437
0.0985766
0.00545769
0.0991518
0.00631923
0.0998109
0.00692601
0.100657
0.00799268
0.101576
0.00845139
0.00977114
0.102756
0.101783
0.00121127
0.101712
0.00121288
0.101669
0.00123823
0.101661
0.00126939
0.101688
0.0013307
0.101746
0.00145085
0.101829
0.00162598
0.101939
0.00186916
0.102079
0.00215431
0.102253
0.00251259
0.102467
0.00289689
0.102731
0.0033769
0.103049
0.00385145
0.103439
0.00446385
0.103898
0.00499894
0.104463
0.00575416
0.105106
0.00628317
0.1059
0.00719843
0.106759
0.0075926
0.00871238
0.107818
0.107033
0.00128124
0.106959
0.00128639
0.10691
0.00128712
0.106904
0.00127608
0.106939
0.00129568
0.107007
0.00138264
0.107102
0.0015311
0.107223
0.00174824
0.107373
0.00200442
0.107558
0.0023276
0.107782
0.00267286
0.108054
0.00310436
0.108377
0.00352844
0.108768
0.00407337
0.109221
0.00454592
0.109767
0.00520737
0.110383
0.00566779
0.111125
0.00645627
0.111921
0.00679686
0.00774861
0.112885
0.112339
0.00138045
0.11225
0.0013752
0.112193
0.00134405
0.112188
0.00128167
0.11223
0.00125358
0.112306
0.00130672
0.112406
0.0014305
0.112532
0.00162305
0.112685
0.00185116
0.112873
0.00213981
0.113098
0.00244745
0.11337
0.00283264
0.113689
0.00320964
0.11407
0.00369225
0.114507
0.00410827
0.115028
0.00468619
0.115609
0.00508721
0.116299
0.00576621
0.117034
0.00606237
0.00687002
0.117912
0.117626
0.00148617
0.117517
0.00148473
0.117449
0.00141152
0.117448
0.00128334
0.117498
0.00120312
0.117579
0.00122565
0.117681
0.0013288
0.117805
0.00149888
0.117956
0.00170022
0.11814
0.00195544
0.11836
0.00222757
0.118624
0.00256904
0.118931
0.00290265
0.119296
0.00332768
0.119711
0.00369296
0.120201
0.0041958
0.120743
0.0045453
0.121381
0.00512816
0.122056
0.00538714
0.00607054
0.122856
0.122763
0.00167031
0.122607
0.00164082
0.122543
0.00147532
0.122564
0.00126248
0.122631
0.00113568
0.122719
0.00113734
0.122822
0.00122589
0.122945
0.00137604
0.123093
0.00155238
0.123272
0.00177615
0.123484
0.00201572
0.123737
0.00231668
0.124028
0.00261077
0.124373
0.00298281
0.124764
0.00330257
0.125222
0.00373774
0.125725
0.00404218
0.126313
0.00454028
0.126932
0.00476746
0.00534365
0.127659
0.127445
0.00198686
0.127291
0.00179521
0.127292
0.00147439
0.127372
0.00118207
0.127474
0.0010338
0.12758
0.00103159
0.127692
0.00111405
0.12782
0.0012478
0.12797
0.00140203
0.128149
0.00159773
0.128356
0.00180873
0.128599
0.00207305
0.128878
0.0023316
0.129206
0.00265528
0.129574
0.00293432
0.130003
0.00330879
0.130472
0.00357352
0.131015
0.00399725
0.131586
0.00419641
0.00468066
0.132249
0.131298
0.00200879
0.131389
0.00170437
0.131544
0.00131879
0.131715
0.00101089
0.13187
0.000878735
0.132009
0.00089348
0.132143
0.000979574
0.132289
0.00110165
0.132453
0.00123837
0.13264
0.00141108
0.13285
0.00159845
0.133092
0.00183055
0.133366
0.00205757
0.133684
0.00233771
0.134038
0.00258056
0.134445
0.00290123
0.134888
0.00313097
0.135395
0.00349003
0.135927
0.00366417
0.00407016
0.136538
0.134292
0.00145228
0.134766
0.00123076
0.135157
0.000927034
0.135458
0.00071066
0.135686
0.00065008
0.135876
0.00070405
0.136053
0.000802194
0.136236
0.000918954
0.136428
0.00104574
0.136636
0.00120321
0.136861
0.00137322
0.137114
0.00157833
0.137393
0.00177827
0.13771
0.00202036
0.138059
0.0022319
0.138454
0.00250576
0.13888
0.00270529
0.139362
0.00300851
0.139865
0.00316088
0.00350011
0.140435
0.136715
0.000466053
0.137553
0.000393229
0.138193
0.000286813
0.138631
0.000272125
0.13894
0.000341017
0.13919
0.000454584
0.139422
0.000570166
0.139652
0.000688846
0.139882
0.00081613
0.140116
0.000968821
0.140361
0.00112876
0.140626
0.0013129
0.140913
0.00149076
0.141233
0.00170092
0.141579
0.00188612
0.141965
0.00211988
0.142376
0.00229357
0.142836
0.00254842
0.143315
0.00268225
0.00296325
0.143852
0.139245
-0.000898074
0.140398
-0.000760195
0.141202
-0.000517216
0.141692
-0.000217454
0.142007
2.59911e-05
0.142257
0.000204715
0.142495
0.000331883
0.142727
0.000456341
0.142951
0.000592219
0.143174
0.000745601
0.143406
0.000897477
0.143656
0.00106278
0.143927
0.00122004
0.144226
0.00140133
0.144551
0.00156154
0.144912
0.0017587
0.145298
0.00190732
0.145728
0.00211814
0.146177
0.00223347
0.00246159
0.146679
0.142648
-0.00230043
0.143892
-0.00200465
0.144645
-0.0012705
0.144996
-0.00056771
0.145109
-8.74902e-05
0.145213
0.000100371
0.145337
0.000207874
0.145461
0.000333215
0.145582
0.000470323
0.145717
0.000611304
0.145872
0.000741843
0.146056
0.000878792
0.146269
0.00100715
0.146517
0.00115406
0.146795
0.0012826
0.147114
0.00144017
0.147463
0.00155798
0.147857
0.00172473
0.148274
0.00181576
0.00199433
0.148742
0.14634
-0.00372428
0.14704
-0.00270485
0.147155
-0.001386
0.147047
-0.000459011
0.14698
-2.05264e-05
0.146893
0.000186771
0.146871
0.000230287
0.146879
0.000325363
0.146916
0.00043293
0.14699
0.000537907
0.147102
0.000629893
0.147253
0.000727059
0.147443
0.000817329
0.147674
0.000923124
0.147943
0.00101369
0.148255
0.00112856
0.148601
0.00121126
0.148992
0.00133401
0.149411
0.00139642
0.00152905
0.149877
0.149363
-0.000380663
0.14707
-0.000412089
0.146038
-0.000353418
0.145824
-0.000245727
0.145908
-0.000103695
0.146054
4.01262e-05
0.146149
0.000135585
0.146272
0.000202299
0.146442
0.000262678
0.14665
0.000330297
0.146882
0.00039778
0.147138
0.000470938
0.147419
0.000535934
0.147732
0.000610427
0.148073
0.000672582
0.148449
0.000752439
0.148853
0.000808039
0.149294
0.000892567
0.149758
0.000932492
0.0010227
0.150264
0.148695
0.00243648
0.146745
0.00153784
0.14582
0.000571631
0.145589
-1.52848e-05
0.145732
-0.000246165
0.145887
-0.000115245
0.146027
-4.39513e-06
0.146188
4.16844e-05
0.14639
6.06241e-05
0.146626
9.37111e-05
0.146887
0.000137475
0.147171
0.000186474
0.14748
0.000227388
0.147819
0.000271172
0.148184
0.000307408
0.148584
0.0003526
0.149008
0.0003841
0.14947
0.000430321
0.149951
0.000451855
0.000497291
0.150476
0.145556
0.147094
0.147666
0.147651
0.147404
0.147289
0.147285
0.147326
0.147387
0.147481
0.147618
0.147805
0.148032
0.148303
0.148611
0.148963
0.149347
0.149778
0.15023
0.150727
0.084513
-0.0528918
0.0857638
-0.0502431
0.0870313
-0.0461627
0.0881292
-0.040866
0.0891581
-0.0347249
0.0901726
-0.0276606
0.0912251
-0.0197642
0.0923575
-0.0111453
0.0936126
-0.00204109
0.0078102
0.0892205
-0.0542184
0.0900604
-0.051083
0.0909091
-0.0470113
0.091648
-0.0416049
0.0922814
-0.0353582
0.0929119
-0.0282911
0.0936409
-0.0204932
0.0944708
-0.0119752
0.095438
-0.00300828
0.00659887
0.0937033
-0.0551231
0.0941442
-0.0515239
0.0945234
-0.0473906
0.0949258
-0.0420073
0.0952823
-0.0357147
0.0956411
-0.02865
0.0961151
-0.0209672
0.0967206
-0.0125807
0.0975206
-0.00380826
0.00555218
0.0981814
-0.0555603
0.0983033
-0.0516458
0.0982882
-0.0473755
0.0983181
-0.0420371
0.0983675
-0.0357641
0.0984513
-0.0287338
0.0986664
-0.0211823
0.0990696
-0.0129839
0.0996946
-0.00443318
0.00463271
0.102717
-0.0555217
0.102474
-0.0514023
0.102078
-0.04698
0.101725
-0.0416839
0.101453
-0.0354924
0.101275
-0.028556
0.10125
-0.0211567
0.10146
-0.0131947
0.101925
-0.00489816
0.00382613
0.107285
-0.0549891
0.106631
-0.0507486
0.105861
-0.0462092
0.105135
-0.0409579
0.104536
-0.0348934
0.104095
-0.0281156
0.103842
-0.0209038
0.103867
-0.0132195
0.104186
-0.00521657
0.00312823
0.111847
-0.0539516
0.110755
-0.0496568
0.109603
-0.0450566
0.108514
-0.0398692
0.10759
-0.0339696
0.106884
-0.0274094
0.106415
-0.0204348
0.10626
-0.0130649
0.106445
-0.00540169
0.00253526
0.116362
-0.0524017
0.114816
-0.0481108
0.113273
-0.0435137
0.111829
-0.0384251
0.110588
-0.0327285
0.109617
-0.0264378
0.108939
-0.0197569
0.108612
-0.0127384
0.108674
-0.00546301
0.00203909
0.120787
-0.0503327
0.118778
-0.0461021
0.116839
-0.0415741
0.115045
-0.0366314
0.113496
-0.0311792
0.112264
-0.0252061
0.111382
-0.0188752
0.110893
-0.0122494
0.110837
-0.00540702
0.00162855
0.125067
-0.0477402
0.122593
-0.0436282
0.120256
-0.0392368
0.11812
-0.0344953
0.116273
-0.0293328
0.114791
-0.023724
0.113712
-0.0177956
0.11307
-0.0116077
0.112903
-0.00523988
0.00129276
0.129136
-0.0446271
0.126203
-0.0406954
0.123475
-0.0365084
0.121007
-0.0320275
0.118877
-0.0272028
0.117157
-0.0220045
0.115889
-0.0165271
0.115104
-0.0108231
0.114834
-0.00496907
0.00102257
0.132919
-0.0410087
0.129544
-0.0373197
0.126439
-0.0334038
0.123655
-0.0292436
0.121258
-0.024806
0.119317
-0.0200632
0.117871
-0.0150815
0.116954
-0.00990607
0.116589
-0.00460366
0.000810011
0.136339
-0.0369124
0.132545
-0.0335263
0.129086
-0.0299445
0.126006
-0.0261635
0.123362
-0.022162
0.121217
-0.0179181
0.119609
-0.0134741
0.118572
-0.00886868
0.118123
-0.00415451
0.000646986
0.139312
-0.0323724
0.135131
-0.0293455
0.131344
-0.0261573
0.127992
-0.0228119
0.125126
-0.0192954
0.1228
-0.0155922
0.121051
-0.0117249
0.119909
-0.00772688
0.11939
-0.00363523
0.000523671
0.141732
-0.0274253
0.137201
-0.024815
0.133124
-0.02208
0.129538
-0.0192257
0.126484
-0.0162418
0.12401
-0.013118
0.122148
-0.00986259
0.120924
-0.00650333
0.120353
-0.00306386
0.000427295
0.143453
-0.0221365
0.138642
-0.0200038
0.134341
-0.0177795
0.130582
-0.0154666
0.127397
-0.0130565
0.124822
-0.0105432
0.122885
-0.0079262
0.12161
-0.00522816
0.121009
-0.00246261
0.000342835
0.144384
-0.0166436
0.139415
-0.0150349
0.134996
-0.0133606
0.131151
-0.011621
0.127903
-0.00980919
0.125283
-0.00792266
0.123314
-0.00595764
0.122018
-0.00393181
0.121407
-0.0018522
0.00025773
0.144727
-0.011106
0.139725
-0.0100327
0.135282
-0.00891771
0.131419
-0.00775852
0.12816
-0.00655016
0.12553
-0.00529243
0.123554
-0.00398177
0.122252
-0.0026303
0.121642
-0.00124184
0.000168026
0.144937
-0.00556676
0.139931
-0.00502679
0.135482
-0.00446902
0.131613
-0.00388886
0.128346
-0.00328356
0.125707
-0.0026537
0.123723
-0.00199745
0.122414
-0.00132067
0.121797
-0.000625764
7.8208e-05
0.14516
0.140133
0.135664
0.131775
0.128492
0.125838
0.123841
0.12252
0.121894
)
;

boundaryField
{
    bottom
    {
        type            symmetryPlane;
        value           uniform 0;
    }
    right
    {
        type            calculated;
        value           nonuniform List<scalar> 
30
(
-0.032578
-0.0283148
-0.0194866
-0.00625505
0.0104326
0.0292543
0.0492027
0.0694176
0.0886216
0.104988
0.106554
0.113836
0.118896
0.122623
0.125692
0.128506
0.131268
0.134043
0.136823
0.139567
0.142224
0.144744
0.147082
0.149198
0.151059
0.15264
0.153924
0.154898
0.155555
0.155885
)
;
    }
    top
    {
        type            symmetryPlane;
        value           uniform 0;
    }
    left
    {
        type            calculated;
        value           nonuniform List<scalar> 
30
(
-0.0525218
-0.0532818
-0.054794
-0.0569948
-0.0598071
-0.0631402
-0.0669011
-0.071017
-0.0754054
-0.0801044
-0.0773783
-0.0819198
-0.0867979
-0.0915583
-0.0966315
-0.101898
-0.107103
-0.112438
-0.117732
-0.122947
-0.127762
-0.13132
-0.133735
-0.135729
-0.13788
-0.141245
-0.144916
-0.152707
-0.151512
-0.14312
)
;
    }
    cylinder
    {
        type            calculated;
        value           uniform 0;
    }
    defaultFaces
    {
        type            empty;
        value           nonuniform 0();
    }
}


// ************************************************************************* //
