/*--------------------------------*- C++ -*----------------------------------*\
| =========                 |                                                 |
| \\      /  F ield         | OpenFOAM: The Open Source CFD Toolbox           |
|  \\    /   O peration     | Version:  4.1                                   |
|   \\  /    A nd           | Web:      www.OpenFOAM.org                      |
|    \\/     M anipulation  |                                                 |
\*---------------------------------------------------------------------------*/
FoamFile
{
    version     2.0;
    format      ascii;
    class       surfaceScalarField;
    location    "7.3";
    object      phi;
}
// * * * * * * * * * * * * * * * * * * * * * * * * * * * * * * * * * * * * * //

dimensions      [0 3 -1 0 0 0 0];

internalField   nonuniform List<scalar> 
3890
(
0.000358126
0.00232031
-0.00267844
0.002646
7.36014e-05
-0.00236148
0.00770974
-0.00684906
0.00178532
0.015889
-0.0169555
0.00877628
0.0267418
-0.0284986
0.0176458
0.0392167
-0.0397695
0.0272945
0.0520867
-0.0495544
0.0366844
0.0643854
-0.0573926
0.0450939
0.0753186
-0.0631471
0.0522139
-0.0668751
0.0581196
0.0840742
0.00066384
0.00165647
0.00402654
-0.0032891
0.0109234
-0.0137459
0.0211287
-0.0271608
0.0333478
-0.0407177
0.045962
-0.0523837
0.0577078
-0.0613001
0.0678499
-0.0675347
0.0761387
-0.0714359
-0.0738678
0.0831314
0.00109253
0.000563942
0.00577367
-0.00797023
0.0145129
-0.0224852
0.0260587
-0.0387066
0.038326
-0.052985
0.0496321
-0.0636898
0.0591384
-0.0708064
0.0667008
-0.0750971
0.0727111
-0.0774462
-0.0787853
0.0776287
0.00163794
-0.001074
0.00776298
-0.0140953
0.0179257
-0.0326479
0.0296936
-0.0504744
0.0407389
-0.0640303
0.0498834
-0.0728343
0.0569688
-0.0778919
0.0623969
-0.0805252
0.0667399
-0.0817892
-0.0824694
0.070424
0.00228518
-0.00335918
0.00975665
-0.0215667
0.0205259
-0.0434171
0.0313994
-0.0613479
0.0404845
-0.0731154
0.0473608
-0.0797106
0.0524216
-0.0829526
0.0562831
-0.0843868
0.0594951
-0.0850011
-0.0854015
0.0624271
0.00299775
-0.00635693
0.0114325
-0.0300015
0.0218628
-0.0538474
0.031115
-0.0706001
0.0380857
-0.0800861
0.0429923
-0.0846172
0.0464983
-0.0864586
0.049229
-0.0871175
0.0516248
-0.087397
-0.0876363
0.0538596
0.00369774
-0.0100547
0.0124942
-0.038798
0.0218346
-0.0631879
0.0291874
-0.0779529
0.0342163
-0.085115
0.0375264
-0.0879274
0.0398447
-0.0887768
0.0417013
-0.0889742
0.0433857
-0.0890813
-0.0892651
0.0450144
0.00427422
-0.0143289
0.0127745
-0.0472982
0.0206055
-0.0710189
0.0260809
-0.0834283
0.0294439
-0.088478
0.0314768
-0.0899603
0.0328475
-0.0901476
0.033954
-0.0900806
0.0349797
-0.0901071
-0.0902583
0.0359729
0.00462196
-0.0189508
0.0122794
-0.0549557
0.0184549
-0.0771943
0.0222179
-0.0871914
0.0241853
-0.0904453
0.0251719
-0.0909468
0.0257324
-0.0907081
0.0261448
-0.090493
0.0265069
-0.0904691
-0.0905962
0.0268448
0.00468154
-0.0236324
0.0111628
-0.0614369
0.0156819
-0.0817135
0.0179338
-0.0894432
0.0187273
-0.0912389
0.0188181
-0.0910376
0.0186385
-0.0905286
0.0183725
-0.090227
0.018074
-0.0901706
0.0177469
-0.0902691
-0.000972527
0.000972527
-0.00281624
0.00184371
-0.00505229
0.00223605
-0.00744257
0.00239028
-0.00986046
0.00241789
-0.0122366
0.0023761
-0.0145338
0.00229725
-0.0167372
0.0022034
-0.0188543
0.00211711
0.00207426
-0.0209286
-0.000850892
0.00182342
-0.0024799
0.00347272
-0.00445161
0.00420776
-0.00652713
0.0044658
-0.00856956
0.00446032
-0.0104944
0.00430091
-0.0122463
0.00404916
-0.0137928
0.00374995
-0.0151202
0.00344452
0.00321693
-0.0162629
-0.000638745
0.00246216
-0.00189235
0.00472632
-0.00338754
0.00570295
-0.00489542
0.00597369
-0.00626823
0.00583312
-0.00740064
0.00543331
-0.00820853
0.00485705
-0.00862926
0.00417068
-0.0086271
0.00344235
0.00272242
-0.00813258
-0.000394133
0.0028563
-0.00118853
0.00552072
-0.00208356
0.00659798
-0.00286678
0.00675692
-0.0033844
0.00635074
-0.00351634
0.00556525
-0.00315304
0.00449374
-0.00218289
0.00320053
-0.000497972
0.00175744
0.000371972
0.00185247
-0.000175466
0.00303176
-0.000514519
0.00585977
-0.000777173
0.00686064
-0.000767267
0.00674701
-0.000324441
0.00590791
0.000688786
0.00455203
0.00239862
0.00278391
0.00492643
0.00067272
0.00835638
-0.00167251
-0.00433105
0.0130594
-2.46951e-05
0.00305646
2.81008e-05
0.00580698
0.000362631
0.00652611
0.00119003
0.00591961
0.00269219
0.00440575
0.0050349
0.00220932
0.00836513
-0.000546324
0.0128165
-0.00377865
0.0183532
-0.0072092
-0.0116186
0.0256407
4.70938e-05
0.00300937
0.000400001
0.00545407
0.00130807
0.00561804
0.00301238
0.00421531
0.00575126
0.00166686
0.00974001
-0.00177943
0.0151299
-0.00593623
0.0220085
-0.0106572
0.0301156
-0.0153163
-0.021676
0.040173
6.75479e-05
0.00294182
0.000693551
0.00482806
0.00222463
0.00408695
0.00499207
0.00144787
0.0093059
-0.00264696
0.0153833
-0.00785684
0.0232787
-0.0138316
0.0328655
-0.020244
0.0437444
-0.0261952
-0.0339371
0.0560054
9.0287e-05
0.00285153
0.00105968
0.00385867
0.00341471
0.00173192
0.00760175
-0.00273916
0.013934
-0.00897921
0.0224648
-0.0163876
0.0329437
-0.0243105
0.044844
-0.0321443
0.0577861
-0.0391373
-0.0467349
0.0705839
0.00017309
0.00167028
0.00518753
0.0112246
0.0198912
0.0307981
0.0431719
0.0561215
0.0691982
0.0805828
-0.0219572
0.00102862
-0.0228231
0.000865883
-0.0234914
0.000668339
-0.02395
0.000458554
-0.0241856
0.000235623
-0.0241759
-9.69747e-06
-0.0239505
-0.000225457
-0.0234877
-0.000462758
-0.0227783
-0.000709435
-0.021816
-0.000962269
-0.0205969
-0.00121909
-0.019118
-0.00147885
-0.0173767
-0.00174132
-0.0153732
-0.00200351
-0.0131027
-0.00227048
-0.0105555
-0.0025472
-0.00771015
-0.00284538
-0.00452087
-0.00318928
-0.000956378
-0.00356449
-0.00350123
-0.0170098
0.00177555
-0.0176206
0.00147668
-0.0180549
0.00110263
-0.0182981
0.000701771
-0.0183322
0.000269646
-0.0181721
-0.000169773
-0.017794
-0.000603539
-0.0171931
-0.00106368
-0.0163614
-0.00154108
-0.0152933
-0.00203037
-0.0139857
-0.00252673
-0.0124385
-0.00302609
-0.010646
-0.00353378
-0.00861793
-0.00403158
-0.0063563
-0.00453211
-0.00386237
-0.00504114
-0.0011353
-0.00557244
0.00182545
-0.00615003
0.00498236
-0.00672141
-0.00710355
-0.0083685
0.00201146
-0.00851182
0.00162001
-0.0085255
0.00111631
-0.00838329
0.000559563
-0.008062
-5.16467e-05
-0.0076027
-0.000629077
-0.00695103
-0.0012552
-0.00610361
-0.00191111
-0.00505434
-0.00259034
-0.00379838
-0.00328633
-0.00233227
-0.00399284
-0.000655916
-0.00470245
0.00120743
-0.00539713
0.00326972
-0.00609387
0.00552071
-0.0067831
0.00794454
-0.00746497
0.0105188
-0.00814673
0.0132157
-0.00884688
0.0160183
-0.00952403
-0.0102421
0.00235599
0.00150795
0.00279841
0.00117758
0.00332342
0.0005913
0.00397631
-9.33284e-05
0.00469508
-0.000770413
0.00556385
-0.00149785
0.00657637
-0.00226771
0.00774162
-0.00307636
0.00906671
-0.00391544
0.0105559
-0.00477549
0.0122099
-0.00564683
0.0140251
-0.00651764
0.0160044
-0.00737644
0.0181292
-0.00821865
0.0203847
-0.00903865
0.0227492
-0.00982951
0.0251932
-0.0105907
0.02768
-0.0113337
0.0301731
-0.012017
-0.0128167
0.0141004
0.000466995
0.0151747
0.000103286
0.0162649
-0.000498977
0.0173939
-0.00122225
0.0186181
-0.0019947
0.0199316
-0.00281131
0.0213446
-0.00368069
0.0228663
-0.00459807
0.0245027
-0.00555184
0.0262559
-0.00652871
0.0281251
-0.00751601
0.0301052
-0.00849781
0.0321903
-0.00946154
0.0343632
-0.0103915
0.0366068
-0.0112822
0.0388933
-0.012116
0.0411978
-0.0128952
0.0434762
-0.0136121
0.0456928
-0.0142336
-0.0149412
0.0271771
-0.00106934
0.0286531
-0.00137269
0.0301631
-0.00200903
0.0317322
-0.0027913
0.0333548
-0.00361738
0.0350373
-0.00449376
0.0367883
-0.00543167
0.0386119
-0.00642174
0.0405095
-0.00744935
0.0424784
-0.00849763
0.0445141
-0.00955176
0.0466063
-0.0105899
0.0487444
-0.0115997
0.0509075
-0.0125547
0.0530802
-0.0134549
0.0552291
-0.0142649
0.0573398
-0.0150059
0.0593601
-0.0156324
0.0612872
-0.0161608
-0.0166779
0.0418635
-0.00275982
0.0435157
-0.00302492
0.0452237
-0.00371706
0.0469852
-0.0045528
0.0487977
-0.00542986
0.0506662
-0.00636222
0.0525896
-0.00735509
0.0545613
-0.00839345
0.0565743
-0.00946229
0.0586185
-0.0105419
0.0606834
-0.0116167
0.0627521
-0.0126587
0.0648111
-0.0136587
0.0668361
-0.0145796
0.0688148
-0.0154336
0.0707126
-0.0161627
0.0725279
-0.0168212
0.074206
-0.0173105
0.0757814
-0.0177362
-0.0180247
0.0574942
-0.00424857
0.0590679
-0.00459861
0.0607232
-0.00537241
0.0624309
-0.00626047
0.0642033
-0.00720224
0.0660389
-0.00819781
0.0679205
-0.00923671
0.0698296
-0.0103026
0.0717512
-0.0113838
0.073668
-0.0124587
0.0755643
-0.013513
0.0774202
-0.0145145
0.0792214
-0.0154599
0.0809459
-0.0163042
0.0825859
-0.0170735
0.0841138
-0.0176907
0.085537
-0.0182443
0.0868103
-0.0185838
0.0879879
-0.0189138
-0.0189997
0.0717241
-0.00538872
0.0731646
-0.00603919
0.0746634
-0.00687114
0.0762101
-0.00780725
0.0778182
-0.00881028
0.0794685
-0.00984811
0.0811346
-0.0109028
0.0827958
-0.0119638
0.084436
-0.013024
0.0860393
-0.0140621
0.0875925
-0.0150661
0.0890812
-0.0160032
0.0904964
-0.0168751
0.0918258
-0.0176336
0.0930667
-0.0183144
0.0942061
-0.0188301
0.0952521
-0.0192903
0.0961796
-0.0195112
0.0970279
-0.0197621
-0.019701
0.0820999
-0.00690578
0.0835353
-0.0074746
0.0849289
-0.00826476
0.0863022
-0.00918052
0.0876639
-0.010172
0.0890132
-0.0111974
0.0903444
-0.0122341
0.091649
-0.0132683
0.0929195
-0.0142946
0.0941494
-0.0152919
0.0953343
-0.0162511
0.0964698
-0.0171387
0.0975534
-0.0179587
0.0985825
-0.0186627
0.0995564
-0.0192883
0.100475
-0.0197488
0.101338
-0.0201535
0.102147
-0.0203197
0.102898
-0.0205139
-0.0203272
0.111071
-0.00603072
-0.111947
0.110593
-0.00699658
0.110226
-0.00789687
0.109907
-0.00886204
0.10961
-0.00987525
0.10931
-0.0108969
0.108982
-0.0119061
0.108604
-0.0128907
0.108159
-0.0138491
0.107632
-0.0147647
0.107015
-0.0156342
0.106305
-0.0164288
0.105503
-0.0171568
0.104614
-0.0177741
0.103645
-0.0183192
0.102609
-0.0187127
0.101511
-0.0190553
0.100374
-0.0191831
0.0991904
-0.0193299
-0.0191174
0.115971
-0.00546821
-0.116533
0.115484
-0.00650984
0.115068
-0.00748064
0.114648
-0.0084427
0.114192
-0.00941927
0.11369
-0.0103949
0.113137
-0.0113527
0.112525
-0.0122783
0.111845
-0.0131692
0.111091
-0.0140114
0.110262
-0.0148047
0.109357
-0.0155243
0.108381
-0.0161804
0.10734
-0.0167333
0.106241
-0.0172197
0.105095
-0.0175675
0.103909
-0.0178692
0.102701
-0.0179748
0.10147
-0.0180993
-0.0179224
0.118525
-0.00492463
-0.119069
0.118024
-0.00600904
0.117556
-0.00701232
0.117078
-0.00796487
0.116558
-0.00889898
0.115982
-0.00981927
0.115347
-0.0107181
0.114651
-0.0115817
0.113888
-0.0124068
0.113058
-0.0131808
0.112159
-0.0139055
0.111194
-0.0145599
0.110168
-0.0151544
0.109089
-0.0156541
0.107962
-0.0160926
0.106801
-0.016406
0.105608
-0.0166765
0.104407
-0.0167735
0.103194
-0.0168863
-0.0167289
0.119856
-0.0044822
-0.120299
0.119392
-0.00554446
0.11892
-0.00654012
0.118425
-0.00747016
0.117886
-0.00836007
0.11729
-0.00922339
0.116633
-0.0100613
0.115914
-0.010863
0.115133
-0.0116254
0.114289
-0.0123364
0.113382
-0.0129991
0.112417
-0.0135951
0.111399
-0.0141356
0.110334
-0.0145892
0.109228
-0.014987
0.108094
-0.0152718
0.106935
-0.0155177
0.10577
-0.0156089
0.104596
-0.0157118
-0.0155786
0.120631
-0.00412574
-0.120988
0.120218
-0.00513165
0.119771
-0.00609251
0.119287
-0.00698623
0.118755
-0.00782822
0.118166
-0.00863431
0.117516
-0.00941144
0.116806
-0.0101525
0.116035
-0.0108549
0.115206
-0.0115073
0.11432
-0.012113
0.113381
-0.0126561
0.112393
-0.0131477
0.111363
-0.0135598
0.110298
-0.0139214
0.109207
-0.0141806
0.108094
-0.0144049
0.106975
-0.0144905
0.105849
-0.0145856
-0.0144722
0.121278
-0.00382499
-0.121579
0.120911
-0.00476461
0.120492
-0.00567346
0.120025
-0.00651919
0.119506
-0.0073094
0.11893
-0.00805868
0.118295
-0.0087766
0.117602
-0.0094589
0.116851
-0.0101038
0.116044
-0.010701
0.115185
-0.0112538
0.114277
-0.011748
0.113324
-0.0121948
0.112333
-0.0125687
0.111309
-0.012897
0.110261
-0.0131325
0.109193
-0.0133369
0.108119
-0.0134163
0.107037
-0.0135041
-0.013406
0.121989
-0.00356258
-0.122251
0.121654
-0.00442936
0.121256
-0.0052753
0.120801
-0.00606511
0.120293
-0.00680065
0.119728
-0.0074937
0.119105
-0.00815426
0.118426
-0.0087799
0.117692
-0.00936992
0.116906
-0.00991486
0.116071
-0.0104181
0.115189
-0.0108667
0.114266
-0.0112718
0.113308
-0.0116102
0.112319
-0.0119077
0.111307
-0.0121208
0.110276
-0.0123064
0.109239
-0.0123792
0.108195
-0.0124597
-0.0123737
0.122805
-0.00332177
-0.123046
0.122487
-0.00411143
0.122101
-0.00488893
0.121654
-0.00561841
0.121151
-0.00629735
0.120592
-0.00693455
0.119977
-0.00753933
0.119307
-0.00811033
0.118585
-0.00864773
0.117813
-0.00914296
0.116994
-0.00959947
0.116133
-0.0100054
0.115233
-0.0103715
0.114299
-0.0106767
0.113337
-0.0109452
0.112353
-0.0111372
0.111352
-0.011305
0.110343
-0.0113708
0.109328
-0.0114442
-0.0113678
0.123701
-0.00308729
-0.123935
0.123389
-0.0038002
0.123008
-0.00450754
0.122564
-0.00517443
0.122062
-0.00579556
0.121505
-0.00637709
0.120893
-0.00692733
0.120228
-0.00744546
0.119512
-0.00793222
0.118749
-0.00837993
0.117942
-0.00879202
0.117094
-0.00915762
0.11621
-0.00948708
0.115294
-0.00976107
0.114351
-0.0100023
0.113388
-0.0101743
0.112408
-0.0103252
0.111422
-0.010384
0.110428
-0.0104504
-0.010382
0.124634
-0.0028503
-0.124871
0.124322
-0.00348895
0.123941
-0.00412628
0.123496
-0.00472967
0.122993
-0.00529231
0.122434
-0.00581839
0.121822
-0.00631509
0.121158
-0.00678181
0.120446
-0.00721963
0.119688
-0.00762167
0.118887
-0.00799128
0.118048
-0.00831854
0.117174
-0.00861322
0.116271
-0.00885772
0.115341
-0.00907314
0.114393
-0.0092262
0.113429
-0.00936102
0.112458
-0.00941306
0.11148
-0.0094725
-0.00941114
0.125566
-0.00260672
-0.12581
0.125251
-0.00317346
0.124866
-0.00374169
0.124418
-0.00428152
0.123911
-0.00478555
0.123349
-0.00525651
0.122735
-0.00570055
0.12207
-0.00611712
0.121358
-0.00650744
0.120601
-0.00686535
0.119804
-0.00719409
0.11897
-0.00748465
0.118103
-0.00774612
0.117208
-0.00796259
0.116288
-0.00815344
0.115351
-0.00828855
0.114398
-0.00840798
0.113438
-0.00845349
0.112472
-0.00850625
-0.00845131
0.126467
-0.00235413
-0.126719
0.126144
-0.00285107
0.125754
-0.00335144
0.125301
-0.00382824
0.124789
-0.00427396
0.124223
-0.00469031
0.123605
-0.00508249
0.122938
-0.00544998
0.122224
-0.00579401
0.121468
-0.00610912
0.120672
-0.00639832
0.119841
-0.00665354
0.118978
-0.00688312
0.118089
-0.00707277
0.117175
-0.0072401
0.116245
-0.00735811
0.1153
-0.00746278
0.114348
-0.00750209
0.11339
-0.00754839
-0.00749953
0.127312
-0.00209098
-0.127575
0.126981
-0.00252031
0.126584
-0.00295426
0.126124
-0.00336884
0.125607
-0.00375681
0.125036
-0.00411915
0.124414
-0.00446026
0.123743
-0.00477961
0.123028
-0.0050784
0.12227
-0.00535181
0.121475
-0.00560259
0.120645
-0.00582362
0.119784
-0.00602236
0.118898
-0.00618624
0.117988
-0.00633091
0.117063
-0.00643258
0.116123
-0.00652302
0.115177
-0.00655649
0.114226
-0.00659651
-0.00655361
0.128082
-0.00181675
-0.128356
0.127742
-0.00218066
0.127338
-0.00254966
0.126872
-0.00290296
0.126349
-0.00323385
0.125773
-0.00354284
0.125146
-0.00383361
0.124472
-0.00410567
0.123754
-0.00436011
0.122995
-0.00459275
0.122198
-0.00480605
0.121368
-0.00499383
0.120509
-0.00516264
0.119624
-0.0053016
0.118717
-0.00542433
0.117795
-0.0055103
0.116859
-0.00558698
0.115918
-0.00561494
0.11497
-0.00564888
-0.0056119
0.128764
-0.00153181
-0.129049
0.128416
-0.00183231
0.128004
-0.00213776
0.127532
-0.00243068
0.127003
-0.00270519
0.126422
-0.00296149
0.125791
-0.0032026
0.125113
-0.00342813
0.124392
-0.00363896
0.123631
-0.00383164
0.122833
-0.00400823
0.122003
-0.00416355
0.121143
-0.00430314
0.12026
-0.0044179
0.119355
-0.00451929
0.118434
-0.0045901
0.117501
-0.00465341
0.116562
-0.00467617
0.115617
-0.00470419
-0.00467317
0.129347
-0.00123715
-0.129642
0.128991
-0.00147598
0.128572
-0.00171912
0.128094
-0.0019525
0.12756
-0.00217126
0.126974
-0.00237549
0.126339
-0.00256756
0.125658
-0.00274718
0.124934
-0.00291506
0.124171
-0.00306843
0.123372
-0.00320892
0.122541
-0.00333244
0.121681
-0.00344339
0.120798
-0.00353453
0.119893
-0.00361504
0.118974
-0.00367117
0.118042
-0.00372141
0.117105
-0.00373928
0.116163
-0.0037615
-0.00373652
0.129823
-0.000934201
-0.130126
0.12946
-0.00111281
0.129035
-0.00129463
0.128552
-0.00146916
0.128014
-0.00163273
0.127423
-0.00178542
0.126785
-0.00192898
0.126101
-0.00206324
0.125375
-0.00218866
0.124609
-0.00230326
0.123809
-0.00240815
0.122977
-0.00250039
0.122116
-0.00258313
0.121233
-0.00265117
0.120329
-0.00271113
0.119411
-0.00275301
0.11848
-0.00279036
0.117544
-0.00280361
0.116603
-0.00282014
-0.00280128
0.130185
-0.00062489
-0.130494
0.129816
-0.000744289
0.129387
-0.000865509
0.1289
-0.000981696
0.128358
-0.0010905
0.127764
-0.00119209
0.127123
-0.00128756
0.126436
-0.00137688
0.125708
-0.00146025
0.124941
-0.00153649
0.124139
-0.00160613
0.123306
-0.00166751
0.122446
-0.00172235
0.121562
-0.00176768
0.120658
-0.0018073
0.119741
-0.00183529
0.11881
-0.00185984
0.117875
-0.00186877
0.116935
-0.00187957
-0.00186701
0.130427
-0.000311674
-0.130741
0.130056
-0.000372531
0.129624
-0.000433441
0.129133
-0.000491501
0.128589
-0.000545758
0.127993
-0.000596495
0.12735
-0.000644146
0.126662
-0.000688855
0.125932
-0.000730419
0.125164
-0.000768614
0.124361
-0.000803197
0.123527
-0.000834059
0.122666
-0.000861091
0.121783
-0.00088415
0.120879
-0.000903298
0.119961
-0.000918078
0.119031
-0.0009292
0.118097
-0.00093512
0.117156
-0.000938634
-0.000933992
0.130547
-0.130859
0.130174
0.129741
0.129249
0.128704
0.128107
0.127463
0.126774
0.126044
0.125275
0.124472
0.123638
0.122777
0.121893
0.120989
0.120071
0.119142
0.118207
0.117268
0.092199
0.0160833
-0.0905354
0.0941048
0.0249389
0.0962786
0.0337992
0.0987026
0.0425904
0.101408
0.0511541
0.104388
0.059447
0.107308
0.0675043
0.110602
0.0743345
0.111553
0.0821805
0.0836806
0.0924906
0.0145607
-0.090968
0.0943033
0.0231262
0.0964253
0.0316772
0.0988872
0.0401284
0.101575
0.0484664
0.104781
0.0562414
0.107838
0.0644466
0.111684
0.0704889
0.114841
0.0790232
0.0819886
0.0929636
0.0131995
-0.0916025
0.0946657
0.0214241
0.096669
0.0296739
0.0991029
0.0376945
0.101725
0.045844
0.104928
0.053039
0.108186
0.061188
0.111864
0.0668115
0.116016
0.0748711
0.078936
0.0935615
0.0119756
-0.0923376
0.0951664
0.0198193
0.0970686
0.0277717
0.0994259
0.0353373
0.102034
0.0432359
0.105099
0.049974
0.108536
0.0577504
0.112048
0.0633002
0.116416
0.0705031
0.075053
0.0942445
0.0108582
-0.0931271
0.0957633
0.0183005
0.0976128
0.0259221
0.0998834
0.0330667
0.102518
0.0406014
0.105465
0.0470274
0.108969
0.0542463
0.112494
0.0597751
0.116768
0.0662286
0.0708336
0.0949789
0.0098223
-0.093943
0.0964195
0.0168599
0.0982456
0.024096
0.100452
0.0308606
0.103108
0.0379453
0.106019
0.044116
0.109504
0.050762
0.113107
0.0561717
0.117261
0.0620745
0.0665161
0.095735
0.00885336
-0.0947661
0.0971096
0.0154854
0.098917
0.0222886
0.101091
0.0286864
0.103748
0.0352886
0.106681
0.0411828
0.110127
0.0473162
0.113797
0.0525011
0.117904
0.0579683
0.0621684
0.0964898
0.00794474
-0.0955812
0.0978132
0.014162
0.0995979
0.0205038
0.101764
0.02652
0.104412
0.0326406
0.107386
0.038209
0.11082
0.0438826
0.114547
0.0487743
0.118669
0.0538461
0.0577911
0.0972271
0.00709252
-0.0963749
0.0985119
0.0128772
0.100273
0.018743
0.102443
0.0243495
0.105088
0.0299961
0.108103
0.0351937
0.111557
0.040429
0.115339
0.044992
0.119509
0.0496758
0.0533654
0.0979351
0.00629227
-0.0971348
0.0991898
0.0116225
0.10093
0.0170025
0.103108
0.0221714
0.10576
0.0273447
0.108814
0.0321398
0.112305
0.0369376
0.116144
0.0411528
0.120376
0.0454435
0.0488713
0.0986044
0.00553846
-0.0978506
0.0998341
0.0103928
0.101559
0.0152773
0.103746
0.019985
0.106411
0.0246793
0.109501
0.0290497
0.113036
0.0334028
0.116934
0.0372546
0.121234
0.0411435
0.0442959
0.0992271
0.00482515
-0.0985138
0.100435
0.00918466
0.10215
0.0135629
0.104344
0.0177906
0.107027
0.0219964
0.110151
0.0259253
0.11373
0.0298237
0.117689
0.0332964
0.122058
0.0367744
0.0396343
0.0997962
0.00414671
-0.0991177
0.100986
0.0079953
0.102693
0.0118557
0.104895
0.0155884
0.107596
0.0192953
0.110753
0.0227678
0.114375
0.0262017
0.118392
0.0292793
0.122828
0.0323386
0.0348877
0.100306
0.00349808
-0.0996573
0.101479
0.00682207
0.103181
0.0101538
0.105391
0.0133784
0.10811
0.0165764
0.111299
0.0195794
0.114961
0.0225397
0.119033
0.0252074
0.12353
0.0278412
0.0300614
0.100752
0.00287479
-0.100129
0.101912
0.00566246
0.10361
0.00845553
0.105827
0.011161
0.108563
0.013841
0.111779
0.0163627
0.115477
0.0188417
0.119599
0.021086
0.124151
0.0232886
0.0251635
0.101131
0.00227237
-0.100529
0.102279
0.00451422
0.103975
0.00676014
0.106199
0.00893691
0.108949
0.0110912
0.11219
0.0131214
0.115919
0.0151126
0.120083
0.0169221
0.124683
0.0186888
0.0202043
0.10144
0.00168572
-0.100853
0.102579
0.00337558
0.104272
0.00506707
0.106501
0.00670727
0.109263
0.00832926
0.112525
0.00985973
0.11628
0.0113579
0.120479
0.012723
0.125117
0.0140504
0.0151955
0.101676
0.00111408
-0.101104
0.102807
0.00224468
0.104498
0.00337602
0.106732
0.00447349
0.109503
0.00555808
0.11278
0.00658227
0.116555
0.00758326
0.120781
0.00849709
0.125449
0.0093828
0.0101498
0.101835
0.000555391
-0.101277
0.10296
0.00111975
0.104649
0.001687
0.106886
0.00223716
0.109663
0.00278064
0.112952
0.00329389
0.11674
0.00379511
0.120984
0.00425288
0.125671
0.00469587
0.00508009
0.101916
-0.101361
0.103036
0.104723
0.10696
0.109741
0.113035
0.11683
0.121083
0.125779
0.0444139
0.0596153
-0.0544558
-0.0495734
0.0388803
0.0597453
-0.0542116
0.0334061
0.0602546
-0.0547804
0.0279818
0.0612134
-0.0557892
0.0225687
0.0625646
-0.0571515
0.0171441
0.064359
-0.0589344
0.0117146
0.0665873
-0.0611577
0.00646341
0.0681464
-0.0628952
0.00206886
0.0636857
-0.0592911
0.0382657
-0.0361968
0.0408229
0.0649493
-0.0461569
0.0355426
0.0650256
0.0303453
0.0654519
0.0252295
0.0663293
0.0201467
0.0676474
0.0150619
0.0694438
0.0100067
0.0716425
0.00522833
0.0729247
0.00145762
0.0674564
0.0397233
0.0367763
0.0699163
-0.0417433
0.0318015
0.0700004
0.0268919
0.0703615
0.0220777
0.0711434
0.0173297
0.0723954
0.0126154
0.0741581
0.00799599
0.076262
0.00378793
0.0771328
0.000735668
0.0705087
0.040459
0.031979
0.074462
-0.0365247
0.0274264
0.074553
0.0229067
0.0748812
0.01847
0.0755802
0.0141133
0.0767521
0.00982007
0.0784513
0.00568068
0.0804014
0.00213878
0.0806746
-0.000108754
0.0727562
0.0403502
0.0264716
0.0785622
-0.0305717
0.0223847
0.0786398
0.0183355
0.0789305
0.014361
0.0795546
0.0104685
0.0806446
0.00666733
0.0822525
0.00307763
0.0839911
0.000143639
0.0836086
-0.000859238
0.0737591
0.039491
0.0202743
0.0821538
-0.023866
0.0167169
0.0821972
0.013205
0.0824424
0.00976388
0.0829957
0.00640792
0.0840006
0.00318482
0.0854756
0.000311873
0.086864
-0.00160189
0.0855224
-0.00167652
0.0738337
0.0378144
0.0134762
0.0851526
-0.0164749
0.0105078
0.0851656
0.00758405
0.0853661
0.00473069
0.0858491
0.00197443
0.0867568
-0.000610041
0.08806
-0.0026979
0.0889519
-0.00360108
0.0864256
-0.0024975
0.0727301
0.0353169
0.00615316
0.0875137
-0.00851427
0.00380902
0.0875097
0.00153174
0.0876434
-0.000686669
0.0880675
-0.00282274
0.0888929
-0.00470033
0.0899376
-0.0059128
0.0901644
-0.00567827
0.0861911
-0.00328082
0.0703327
0.0320361
-0.00160975
0.089337
-0.000213523
-0.00329238
0.0891924
-0.00492256
0.0892736
-0.00649559
0.0896405
-0.00793231
0.0903296
-0.00902205
0.0910274
-0.0092349
0.0903772
-0.00771233
0.0846685
-0.00395695
0.0665773
0.0280792
-0.00973702
0.00880486
-0.0107153
-0.0116686
-0.0125567
-0.0132647
-0.0134762
-0.0125422
-0.00958718
-0.00444677
0.0497267
0.00470377
-0.0544305
0.0448523
0.00487439
0.0397805
0.00507179
0.0344881
0.0052924
0.0289436
0.00554455
0.0231039
0.00583969
0.0169187
0.0061852
0.0104065
0.00651222
0.00406272
0.00634374
0.00406272
0.0499105
0.00947812
-0.0546848
0.0449757
0.00980918
0.0398544
0.0101931
0.0345233
0.0106234
0.0289507
0.0111172
0.0230929
0.0116975
0.0168975
0.0123806
0.0103814
0.0130284
0.00405438
0.0126707
0.00811709
0.0502337
0.014385
-0.0551406
0.0451857
0.0148572
0.0399715
0.0154073
0.0345676
0.0160273
0.0289416
0.0167432
0.0230492
0.0175899
0.016838
0.0185918
0.0103269
0.0195395
0.00402087
0.0189767
0.012138
0.0506116
0.0194652
-0.0556918
0.0454155
0.0200534
0.0400795
0.0207433
0.0345804
0.0215264
0.0288857
0.0224379
0.0229512
0.0235245
0.0167245
0.0248184
0.0102269
0.0260371
0.00396437
0.0252393
0.0161023
0.0509301
0.0247362
-0.0562011
0.0455688
0.0254146
0.040098
0.0262141
0.0344971
0.0271272
0.0287336
0.0282014
0.0227618
0.0294963
0.01653
0.0310502
0.0100646
0.0325025
0.00387551
0.0314284
0.0199778
0.0510813
0.0301756
-0.0565206
0.0455653
0.0309305
0.0399626
0.0318169
0.0342635
0.0328263
0.0284392
0.0340257
0.0224432
0.0354922
0.0162253
0.0372681
0.00982058
0.0389072
0.00374524
0.0375037
0.0237231
0.0508815
0.0357766
-0.0564825
0.0452181
0.0365939
0.0395102
0.0375248
0.0337525
0.0385841
0.0279067
0.0398715
0.0219243
0.0414746
0.01576
0.0434324
0.00946409
0.0452032
0.00356624
0.0434016
0.0272893
0.0504364
0.0414904
-0.0561502
0.0446203
0.04241
0.038819
0.0433261
0.0330182
0.0443849
0.0271634
0.0457262
0.0212099
0.0474281
0.0151246
0.0495178
0.00897936
0.0513484
0.00332753
0.0490534
0.0306169
0.0490435
0.047521
-0.0550741
0.043139
0.0483145
0.037422
0.049043
0.0317299
0.050077
0.0259883
0.0514678
0.0201668
0.0532497
0.0142451
0.0554394
0.00832572
0.0572678
0.00299903
0.0543801
0.0336159
0.0475528
-0.0544876
0.0416557
0.0359183
0.0302061
0.0245224
0.0188377
0.0131194
0.00749194
0.00258091
0.0591945
-0.000230747
0.0594269
-0.000232348
0.059655
-0.000228094
0.0598716
-0.00021658
0.0600697
-0.000198173
0.0602433
-0.000173535
0.0603857
-0.00014243
0.0604897
-0.000104012
0.0605465
-5.67874e-05
0.0605438
2.71656e-06
0.0604807
6.30922e-05
0.0603432
0.00013752
0.0601178
0.000225344
0.0597896
0.000328252
0.0593411
0.000448442
0.0587519
0.000589182
0.0579992
0.000752759
0.0570522
0.000947014
0.0558872
0.00116495
0.00145676
0.0597654
-0.000465792
0.0599912
-0.000458193
0.0602088
-0.000445718
0.0604132
-0.000420904
0.0605985
-0.00038351
0.0607588
-0.000333844
0.0608875
-0.000271104
0.060977
-0.000193556
0.0610184
-9.81748e-05
0.0610029
1.82831e-05
0.0609242
0.000141699
0.0607703
0.000291426
0.0605278
0.000467892
0.0601814
0.000674616
0.059714
0.000915917
0.0591046
0.00119854
0.0583306
0.00152672
0.0573604
0.00191726
0.0561714
0.00235389
0.00294339
0.0608887
-0.000666139
0.0610896
-0.000659021
0.0612821
-0.000638238
0.0614605
-0.000599343
0.061619
-0.000541993
0.0617515
-0.000466298
0.0618513
-0.000370908
0.0619107
-0.000253019
0.0619205
-0.000107891
0.0618758
6.29026e-05
0.0617651
0.000252399
0.0615773
0.000479288
0.0612991
0.000746054
0.0609154
0.00105838
0.0604087
0.00142255
0.0597579
0.00184931
0.0589408
0.00234391
0.0579233
0.00293471
0.0566867
0.00359055
0.00448941
0.0625154
-0.000823565
0.0626731
-0.000816683
0.0628218
-0.000786899
0.0629557
-0.000733294
0.0630689
-0.000655169
0.063155
-0.000552393
0.0632073
-0.000423189
0.0632177
-0.000263442
0.0631758
-6.60161e-05
0.0630825
0.000156187
0.0629198
0.00041513
0.0626773
0.000721778
0.0623423
0.00108108
0.0618991
0.00150151
0.0613308
0.00199092
0.0606149
0.00256519
0.0597303
0.00322849
0.0586393
0.00402569
0.0573294
0.00490048
0.00612703
0.06458
-0.000916281
0.0646719
-0.000908542
0.0647535
-0.000868552
0.0648195
-0.000799271
0.0648638
-0.000699444
0.06488
-0.000568595
0.064861
-0.000404247
0.0647984
-0.000200819
0.0646848
4.75873e-05
0.0645171
0.000323844
0.0642775
0.000654805
0.0639554
0.0010438
0.0635385
0.00149801
0.0630105
0.00202953
0.0623547
0.00264667
0.0615472
0.00337274
0.0605689
0.00420674
0.0593761
0.00521851
0.057966
0.00631062
0.00789187
0.0670013
-0.000918642
0.0670002
-0.000907452
0.0669872
-0.000855573
0.0669572
-0.000769191
0.066904
-0.000646325
0.0668217
-0.000486283
0.0667032
-0.000285675
0.0665365
-3.41389e-05
0.0663298
0.000254231
0.0660564
0.000597325
0.0657106
0.00100058
0.0652804
0.00147398
0.0647532
0.00202519
0.0641116
0.0026711
0.0633403
0.00341803
0.0624116
0.00430142
0.0613109
0.00530748
0.0599845
0.00654489
0.0584444
0.0078507
0.00981571
0.0696936
-0.000799331
0.069567
-0.000780901
0.0694266
-0.000715215
0.069268
-0.000610523
0.0690858
-0.000464122
0.0688724
-0.000272932
0.0686212
-3.44336e-05
0.0683302
0.000256833
0.067984
0.00060046
0.0675737
0.00100763
0.0670898
0.00148442
0.0665194
0.00204444
0.0658507
0.00269381
0.0650644
0.00345749
0.0641483
0.00433414
0.0630694
0.00538023
0.061822
0.00655495
0.0603348
0.00803203
0.0586262
0.00955934
0.0119593
0.0725766
-0.000523348
0.0722878
-0.000492108
0.0719818
-0.000409292
0.0716561
-0.000284792
0.0713087
-0.000116663
0.0709319
0.000103849
0.0705152
0.000382197
0.0700546
0.000717502
0.0695389
0.00111612
0.068958
0.0015886
0.0683025
0.00213987
0.0675577
0.00278928
0.0667139
0.00353755
0.0657477
0.00442373
0.064653
0.00542886
0.0633874
0.00664576
0.0619646
0.00797783
0.0602905
0.00970604
0.058445
0.0114048
0.0142542
0.0755866
-4.48475e-05
0.0750939
5.32505e-07
0.0745817
0.000103003
0.074051
0.000245899
0.0734956
0.000438669
0.0729101
0.00068939
0.0722903
0.00100196
0.071625
0.00138282
0.0709057
0.0018354
0.0701203
0.00237399
0.0692603
0.00299986
0.068308
0.00374156
0.0672582
0.00458741
0.0660796
0.00560235
0.0647793
0.00672912
0.0632876
0.00813748
0.0616542
0.0096112
0.0597013
0.011659
0.0576541
0.013452
0.0168342
0.0787134
0.000733619
0.0779412
0.000772679
0.0771708
0.000873444
0.0763891
0.00102763
0.0755882
0.00123949
0.0747611
0.00151658
0.0739
0.00186299
0.0729949
0.00228795
0.0720373
0.00279297
0.0710145
0.00339687
0.0699197
0.00409467
0.0687337
0.00492751
0.0674585
0.00586266
0.0660585
0.00700231
0.0645683
0.00821933
0.0629011
0.00980469
0.0612066
0.0113057
0.0591892
0.0136763
0.0573525
0.0152887
0.0196991
0.0756887
0.000723859
0.0756803
0.000781111
0.0756729
0.000880779
0.0756674
0.00103319
0.0756635
0.00124334
0.0756618
0.00151826
0.0756647
0.00186016
0.0756735
0.00227914
0.0756934
0.00277309
0.0757262
0.00336408
0.0757843
0.00403653
0.0758679
0.00484388
0.0760076
0.00572298
0.0761912
0.00681872
0.0764982
0.00791237
0.0768681
0.00943475
0.0775207
0.0106531
0.0782996
0.0128975
0.0798997
0.0136886
0.0171174
0.0824814
0.0788411
0.000731015
0.0788357
0.000786492
0.0788357
0.000880759
0.0788415
0.00102746
0.078853
0.00123178
0.078871
0.00150033
0.078898
0.00183309
0.0789368
0.00224041
0.0789931
0.00271678
0.0790709
0.00328628
0.0791822
0.00392515
0.0793327
0.00469345
0.0795465
0.0055092
0.0798308
0.00653435
0.0802316
0.00751161
0.0807723
0.00889406
0.0815147
0.00991072
0.0825927
0.0118194
0.0837915
0.0124898
0.015269
0.0856398
0.0821387
0.000751812
0.0821373
0.000787856
0.082144
0.000874062
0.0821593
0.00101218
0.0821836
0.00120749
0.0822179
0.00146596
0.0822654
0.00178556
0.0823295
0.00217634
0.0824162
0.00263008
0.0825311
0.00317139
0.0826848
0.0037715
0.0828869
0.00449132
0.0831542
0.00524191
0.0835073
0.00618126
0.0839639
0.00705495
0.0845823
0.00827568
0.0853312
0.00916182
0.0863883
0.0107624
0.0874671
0.0114109
0.0135357
0.0892004
0.0855185
0.000752017
0.0855243
0.000782033
0.0855384
0.000859995
0.0855628
0.000987782
0.0855987
0.00117156
0.0856477
0.00141698
0.085713
0.00172025
0.0857986
0.00209069
0.0859106
0.0025181
0.0860556
0.0030264
0.0862425
0.00358456
0.0864834
0.00425047
0.0867891
0.00493617
0.0871847
0.00578567
0.0876729
0.00656676
0.0883127
0.0076359
0.0890562
0.00841835
0.0900551
0.0097634
0.0911229
0.0103432
0.0120331
0.0926255
0.0889301
0.000740349
0.0889442
0.000767885
0.0889659
0.000838317
0.0889989
0.00095479
0.0890452
0.00112519
0.089107
0.00135526
0.0891874
0.00163983
0.0892909
0.00198715
0.0894233
0.00238569
0.0895918
0.00285791
0.089804
0.00337238
0.0900722
0.00398225
0.090404
0.0046044
0.0908229
0.00536674
0.0913269
0.0060628
0.0919653
0.00699743
0.0927003
0.00768338
0.0936416
0.00882207
0.0946643
0.00932053
0.0107245
0.0959729
0.0923275
0.00072263
0.0923488
0.000746594
0.0923778
0.000809318
0.0924188
0.000913851
0.0924743
0.00106969
0.0925467
0.00128282
0.0926395
0.00154706
0.0927572
0.00186939
0.0929054
0.00223752
0.0930913
0.00267203
0.0933214
0.0031423
0.0936073
0.00369626
0.0939547
0.00425707
0.094384
0.00493744
0.0948922
0.00555462
0.0955189
0.00637074
0.0962345
0.00696776
0.0971176
0.00793899
0.098073
0.00836505
0.00954874
0.0992488
0.0956678
0.000698624
0.0956954
0.000719022
0.095731
0.000773714
0.0957789
0.000865893
0.0958421
0.00100651
0.0959232
0.00120175
0.0960256
0.00144468
0.096154
0.00174094
0.0963136
0.00207792
0.0965114
0.00247423
0.096753
0.00290073
0.097049
0.00340023
0.0974035
0.00390255
0.0978342
0.00450677
0.0983375
0.00505129
0.0989454
0.0057629
0.0996322
0.00628093
0.100459
0.00711248
0.101347
0.00747695
0.00847639
0.102419
0.098912
0.000668598
0.0989453
0.000685703
0.0989867
0.000732262
0.0990407
0.000811973
0.09911
0.000937193
0.0991976
0.00111413
0.099307
0.00133531
0.0994428
0.00160504
0.09961
0.00191081
0.099815
0.00226921
0.100063
0.00265305
0.100363
0.00310027
0.100718
0.0035474
0.101143
0.00408126
0.101635
0.00455957
0.102219
0.00517862
0.102873
0.0056274
0.103646
0.00633942
0.104471
0.00665158
0.00749469
0.105453
0.102025
0.000633009
0.102063
0.000647034
0.10211
0.000685548
0.102169
0.000753064
0.102243
0.000863209
0.102335
0.00102195
0.102449
0.00122138
0.10259
0.00146461
0.102761
0.00173957
0.102969
0.0020609
0.103219
0.00240364
0.103518
0.00280112
0.103869
0.00319658
0.104284
0.00366562
0.10476
0.00408391
0.105318
0.0046205
0.105937
0.00500853
0.106659
0.0056168
0.107426
0.00588454
0.00659438
0.108327
0.104974
0.000592235
0.105018
0.000603225
0.10507
0.000633879
0.105133
0.000689977
0.10521
0.000785946
0.105305
0.000927021
0.105422
0.00110502
0.105564
0.0013221
0.105737
0.00156699
0.105945
0.00185245
0.106193
0.00215592
0.106488
0.00250634
0.106831
0.00285365
0.107233
0.00326302
0.10769
0.00362693
0.108221
0.00408969
0.108805
0.00442419
0.10948
0.00494176
0.110193
0.0051715
0.00576702
0.111021
0.107732
0.000546136
0.107782
0.000553863
0.107838
0.000577092
0.107905
0.000623383
0.107984
0.000706737
0.10808
0.00083096
0.108197
0.000987977
0.10834
0.00117947
0.108512
0.00139529
0.108718
0.0016463
0.108961
0.00191245
0.109249
0.00221848
0.109582
0.00252097
0.109969
0.00287539
0.110406
0.0031899
0.11091
0.00358629
0.111461
0.00387329
0.112091
0.00431118
0.112755
0.00450797
0.00500488
0.113517
0.110273
0.00049329
0.11033
0.000497075
0.110392
0.000514453
0.110462
0.00055406
0.110542
0.000627015
0.110637
0.000735201
0.110754
0.000871665
0.110895
0.00103831
0.111064
0.00122623
0.111266
0.0014443
0.111503
0.001675
0.111783
0.00193923
0.112104
0.00219994
0.112475
0.00250367
0.112892
0.00277309
0.113369
0.00310959
0.113888
0.00335409
0.114478
0.00372161
0.115096
0.00388932
0.00430084
0.1158
0.112576
0.000428687
0.112645
0.000428693
0.112714
0.000445335
0.112784
0.000483619
0.112863
0.000548544
0.112957
0.000641019
0.113071
0.000757235
0.11321
0.000899927
0.113375
0.00106115
0.113571
0.00124774
0.113801
0.00144472
0.114071
0.0016695
0.11438
0.00189114
0.114736
0.002148
0.115133
0.00237597
0.115584
0.0026582
0.116074
0.00286424
0.116626
0.0031693
0.117205
0.00331089
0.00364815
0.117857
0.114629
0.000339749
0.114713
0.000344242
0.114787
0.000371517
0.114855
0.000415456
0.11493
0.000473353
0.115022
0.000549451
0.115133
0.000645676
0.115268
0.00076541
0.115428
0.000901014
0.115618
0.00105734
0.115841
0.00122205
0.116101
0.00140951
0.116398
0.00159443
0.116738
0.00180774
0.117117
0.00199732
0.117545
0.00223008
0.118008
0.00240093
0.118527
0.00265022
0.11907
0.00276791
0.00304022
0.119678
0.116431
0.000235002
0.116525
0.000249972
0.116595
0.000301233
0.116656
0.000354767
0.116727
0.000402701
0.116815
0.000460811
0.116923
0.000537535
0.117054
0.000635273
0.117209
0.000745929
0.117393
0.00087284
0.117609
0.0010065
0.11786
0.00115854
0.118145
0.00130876
0.118472
0.00148142
0.118834
0.00163516
0.119241
0.00182254
0.119681
0.00196085
0.120172
0.00215995
0.120684
0.00225548
0.00247057
0.121254
0.117985
0.000106776
0.118068
0.000166999
0.118115
0.00025382
0.118164
0.000306124
0.118231
0.00033506
0.118319
0.000373448
0.118424
0.000431799
0.118552
0.000508212
0.118703
0.000594129
0.118884
0.000692342
0.119094
0.000796189
0.119338
0.000914657
0.119615
0.00103204
0.119929
0.00116663
0.120278
0.00128676
0.120668
0.00143225
0.121089
0.00154023
0.121555
0.00169379
0.122042
0.00176858
0.00193283
0.12258
0.119328
0.000159479
0.119299
0.000196101
0.119307
0.000245702
0.119352
0.000260816
0.119425
0.000262133
0.119517
0.000281904
0.119624
0.000324286
0.119753
0.000379744
0.119905
0.000441261
0.120086
0.000512104
0.120294
0.000587937
0.120534
0.000674955
0.120804
0.000761465
0.12111
0.000860455
0.121448
0.000949063
0.121825
0.00105577
0.122229
0.00113539
0.122676
0.00124722
0.123142
0.00130237
0.00142086
0.123654
0.120352
0.000359242
0.120209
0.000338799
0.120171
0.000284121
0.120226
0.000205016
0.120317
0.000171918
0.120418
0.000180809
0.120533
0.000208582
0.12067
0.000243621
0.120828
0.000282473
0.121012
0.000328741
0.12122
0.000379334
0.121458
0.000437524
0.121724
0.000495378
0.122023
0.000561243
0.122352
0.000620324
0.122717
0.000690954
0.123108
0.000743904
0.123538
0.000817138
0.123987
0.000853294
0.000929453
0.124479
0.120913
0.000739473
0.12073
0.00052183
0.120767
0.000246891
0.120874
9.84006e-05
0.120991
5.40923e-05
0.121108
6.42362e-05
0.12123
8.66484e-05
0.121368
0.000105367
0.121525
0.000125255
0.121704
0.000150097
0.121906
0.000177548
0.122135
0.000208469
0.122391
0.000238797
0.12268
0.000272774
0.122997
0.000303119
0.123349
0.000338994
0.123727
0.000365881
0.124142
0.000402615
0.124575
0.000420145
0.000455535
0.125049
0.120704
0.121226
0.121472
0.121571
0.121625
0.121689
0.121776
0.121881
0.122006
0.122157
0.122334
0.122543
0.122781
0.123054
0.123357
0.123696
0.124062
0.124465
0.124885
0.12534
0.0826905
-0.0497824
0.0833691
-0.0468356
0.0841014
-0.0424756
0.0847277
-0.0371511
0.0853687
-0.0312127
0.086087
-0.0245843
0.0869299
-0.0173178
0.0879449
-0.00952927
0.0891351
-0.00140374
0.00740461
0.0862034
-0.050346
0.0863803
-0.0470125
0.0866639
-0.0427592
0.0869247
-0.0374119
0.0871785
-0.0314664
0.0875375
-0.0249433
0.0880765
-0.0178568
0.0887984
-0.0102513
0.0897169
-0.00232217
0.00615351
0.0893428
-0.0504883
0.0891187
-0.0467884
0.088958
-0.0425984
0.0889129
-0.0373669
0.0889067
-0.0314602
0.0890049
-0.0250415
0.0892918
-0.0181438
0.0897897
-0.0107491
0.0905342
-0.00306672
0.00508526
0.0923289
-0.0501917
0.0918175
-0.0462771
0.0912942
-0.0420752
0.0909154
-0.036988
0.0906366
-0.0311814
0.0904843
-0.0248893
0.0905352
-0.0181946
0.090842
-0.011056
0.0914125
-0.00363721
0.00416018
0.095254
-0.0494728
0.0944325
-0.0454556
0.0935804
-0.0412231
0.0928711
-0.0362787
0.092321
-0.0306312
0.0919406
-0.024509
0.09178
-0.0180339
0.0919086
-0.0111846
0.0923286
-0.00405717
0.00336166
0.0981105
-0.0483345
0.0969532
-0.0442982
0.0957932
-0.0400631
0.0947757
-0.0352612
0.0939599
-0.0298154
0.0933622
-0.0239113
0.0930104
-0.0176821
0.0929741
-0.0111483
0.0932602
-0.00434335
0.0026789
0.100872
-0.046787
0.0993693
-0.0427959
0.0979123
-0.038606
0.0966102
-0.0339592
0.0955417
-0.0287469
0.0947355
-0.0231051
0.0942098
-0.0171564
0.0940217
-0.0109602
0.0941891
-0.00451073
0.00210192
0.103512
-0.0448459
0.101669
-0.040953
0.0999241
-0.0368612
0.0983588
-0.0323939
0.0970547
-0.0274428
0.0960505
-0.0221009
0.0953647
-0.0164706
0.0950382
-0.0106337
0.0950984
-0.00457094
0.00161916
0.106011
-0.0425299
0.10384
-0.0387818
0.101818
-0.0348398
0.100009
-0.0305845
0.0984873
-0.0259215
0.0972982
-0.0209118
0.0964636
-0.015636
0.0960119
-0.010182
0.0959743
-0.00453329
0.00121858
0.108351
-0.0398597
0.105869
-0.0362998
0.103585
-0.0325561
0.101549
-0.0285488
0.0998291
-0.0242014
0.09847
-0.0195526
0.0974974
-0.0146635
0.0969327
-0.00961733
0.0968057
-0.00440621
0.000889421
0.110517
-0.0368593
0.107745
-0.033528
0.105216
-0.0300276
0.102972
-0.0263049
0.101071
-0.0223006
0.0995577
-0.0180388
0.0984586
-0.0135643
0.0977921
-0.00895083
0.097584
-0.00419809
0.00062277
0.112496
-0.0335548
0.109458
-0.0304901
0.106704
-0.027274
0.104271
-0.0238713
0.102207
-0.0202369
0.100555
-0.0163863
0.0993409
-0.0123506
0.0985829
-0.00819282
0.0983022
-0.00391736
0.000411163
0.114278
-0.0299754
0.111
-0.0272123
0.108044
-0.0243174
0.105439
-0.0212672
0.103231
-0.0180283
0.101455
-0.0146105
0.100139
-0.0110347
0.0992996
-0.00735322
0.0989546
-0.00357233
0.000248027
0.115855
-0.0261522
0.112365
-0.0237222
0.109228
-0.0211811
0.106474
-0.0185127
0.104138
-0.0156926
0.102255
-0.0127271
0.100849
-0.00962922
0.0999379
-0.00644177
0.0995366
-0.00317111
0.000127313
0.11722
-0.0221183
0.113547
-0.0200491
0.110255
-0.0178897
0.107371
-0.0156286
0.104926
-0.0132476
0.102951
-0.0107512
0.101468
-0.00814679
0.100494
-0.00546814
0.100045
-0.00272128
4.31973e-05
0.11837
-0.0179084
0.114544
-0.0162231
0.111123
-0.0144687
0.10813
-0.0126359
0.105594
-0.0107114
0.10354
-0.00869801
0.101993
-0.00659968
0.100967
-0.00444227
0.100476
-0.0022302
-9.02842e-06
0.119303
-0.0135572
0.115355
-0.0122746
0.111829
-0.0109434
0.108749
-0.00955564
0.106139
-0.00810119
0.104023
-0.00658205
0.102423
-0.00499973
0.101354
-0.00337376
0.100831
-0.0017068
-3.13958e-05
0.12002
-0.00909908
0.115979
-0.00823333
0.112375
-0.00733918
0.109228
-0.00640857
0.106561
-0.00543417
0.104396
-0.00441733
0.102755
-0.00335859
0.101652
-0.00227098
0.101102
-0.00115605
-3.43682e-05
0.120517
-0.00456691
0.116413
-0.00412993
0.112756
-0.00368205
0.109563
-0.00321591
0.106857
-0.00272759
0.104658
-0.00221806
0.102987
-0.00168774
0.101858
-0.0011426
0.101286
-0.000583823
-2.5048e-05
0.120774
0.116644
0.112962
0.109746
0.107018
0.1048
0.103112
0.10197
0.101386
)
;

boundaryField
{
    bottom
    {
        type            symmetryPlane;
        value           uniform 0;
    }
    right
    {
        type            calculated;
        value           nonuniform List<scalar> 
30
(
0.00254485
0.00858469
0.0191569
0.0327476
0.0478173
0.063024
0.0771282
0.0889629
0.0977293
0.103525
0.0979806
0.100275
0.102
0.103446
0.104743
0.105971
0.107162
0.108322
0.109442
0.11051
0.111512
0.112439
0.11328
0.114028
0.114679
0.115226
0.115668
0.116
0.116223
0.116334
)
;
    }
    top
    {
        type            symmetryPlane;
        value           uniform 0;
    }
    left
    {
        type            calculated;
        value           nonuniform List<scalar> 
30
(
-0.0589638
-0.0595303
-0.0606884
-0.062358
-0.0644873
-0.0669989
-0.0698129
-0.0728525
-0.0760651
-0.0794919
-0.0756789
-0.0788483
-0.0821595
-0.0855187
-0.0889184
-0.0923098
-0.0956438
-0.0988819
-0.101989
-0.104934
-0.107686
-0.11022
-0.112512
-0.11454
-0.116326
-0.117856
-0.119381
-0.120552
-0.121293
-0.119964
)
;
    }
    cylinder
    {
        type            calculated;
        value           uniform 0;
    }
    defaultFaces
    {
        type            empty;
        value           nonuniform 0();
    }
}


// ************************************************************************* //
