/*--------------------------------*- C++ -*----------------------------------*\
| =========                 |                                                 |
| \\      /  F ield         | OpenFOAM: The Open Source CFD Toolbox           |
|  \\    /   O peration     | Version:  4.1                                   |
|   \\  /    A nd           | Web:      www.OpenFOAM.org                      |
|    \\/     M anipulation  |                                                 |
\*---------------------------------------------------------------------------*/
FoamFile
{
    version     2.0;
    format      ascii;
    class       volVectorField;
    location    "9.1";
    object      U;
}
// * * * * * * * * * * * * * * * * * * * * * * * * * * * * * * * * * * * * * //

dimensions      [0 1 -1 0 0 0 0];

internalField   nonuniform List<vector> 
2000
(
(-0.043299 0.0362825 2.62569e-20)
(-0.0296206 0.047719 0)
(0.0705361 0.0380601 3.94254e-20)
(0.244311 0.021759 1.70983e-20)
(0.474352 0.00816746 -3.18283e-20)
(0.733021 0.000620139 -4.21277e-20)
(0.99279 0.000580309 1.31333e-20)
(1.22386 0.00105957 0)
(1.44107 0.0111873 -1.07343e-20)
(1.57244 0.00905068 0)
(-0.0400153 0.0296945 -1.29227e-20)
(0.0115312 0.0265263 1.09863e-20)
(0.176935 0.0113048 -4.36241e-20)
(0.429216 -0.00163327 -5.62508e-20)
(0.727247 -0.00529209 -9.9625e-22)
(1.02432 -0.000428149 1.37012e-20)
(1.28562 0.0094135 -1.37315e-20)
(1.49607 0.0180996 -1.17291e-20)
(1.65506 0.0291267 1.07337e-20)
(1.74498 0.0242809 1.8445e-20)
(-0.0296267 0.0209561 1.47559e-20)
(0.0786551 0.00353179 -1.38214e-20)
(0.328203 -0.0107801 2.20345e-20)
(0.660817 -0.0120712 -1.67475e-21)
(1.00267 -0.0010194 1.69588e-20)
(1.29807 0.0155152 1.4985e-20)
(1.52386 0.0312708 1.32555e-20)
(1.68057 0.0416415 1.17288e-20)
(1.78052 0.0483419 9.76273e-21)
(1.84634 0.0439768 -8.35309e-21)
(-0.0093118 0.0102859 -7.0958e-22)
(0.177376 -0.018202 -1.54441e-20)
(0.522148 -0.0218269 0)
(0.915259 -0.00498756 1.90547e-20)
(1.26019 0.0198669 -1.9575e-20)
(1.51598 0.0424194 0)
(1.68441 0.0577536 0)
(1.78595 0.0644998 0)
(1.84803 0.0669994 -9.76329e-21)
(1.88078 0.060245 1.57698e-20)
(0.0239718 -0.0013612 3.91447e-20)
(0.310246 -0.0331154 7.68541e-23)
(0.744116 -0.0159359 1.4772e-20)
(1.1594 0.0194336 1.04797e-20)
(1.46891 0.0519032 1.00832e-20)
(1.66618 0.0736766 8.1145e-21)
(1.77941 0.0842854 0)
(1.84228 0.0865943 5.10858e-21)
(1.8786 0.0845965 -1.98082e-20)
(1.90572 0.0759873 2.55463e-20)
(0.0727965 -0.0117479 -6.32119e-20)
(0.4734 -0.0340559 2.00792e-21)
(0.969334 0.00898269 -2.93956e-20)
(1.36666 0.0570905 2.59545e-20)
(1.61988 0.0898389 -2.90078e-20)
(1.75977 0.106361 9.65208e-21)
(1.83135 0.111111 0)
(1.86928 0.108831 -5.10904e-21)
(1.89519 0.103066 3.9952e-21)
(1.91756 0.0942575 8.91924e-21)
(0.138131 -0.0176482 0)
(0.654391 -0.0157241 0)
(1.17393 0.0507091 -1.56189e-20)
(1.5263 0.103495 1.45398e-20)
(1.71978 0.13107 -9.34976e-21)
(1.81261 0.140271 8.77815e-21)
(1.85561 0.138853 1.02273e-20)
(1.88012 0.132234 -9.6673e-21)
(1.90045 0.123385 -4.94117e-21)
(1.92208 0.113758 2.35707e-21)
(0.218581 -0.0154854 1.36313e-20)
(0.835298 0.0230044 0)
(1.34379 0.105417 -7.24143e-21)
(1.63946 0.155607 2.72714e-20)
(1.77912 0.17455 -1.62133e-20)
(1.83675 0.175488 0)
(1.862 0.16803 0)
(1.87944 0.157242 0)
(1.89821 0.145544 -2.78999e-21)
(1.91981 0.135102 2.65211e-21)
(0.309644 -0.00233992 -7.00968e-21)
(0.999391 0.0794003 -3.26648e-22)
(1.47401 0.169412 -8.96013e-21)
(1.71179 0.211411 3.181e-21)
(1.80717 0.219635 3.00779e-21)
(1.84033 0.212058 3.7025e-21)
(1.85522 0.198705 0)
(1.86969 0.183825 -2.96132e-22)
(1.88801 0.16951 -1.43962e-23)
(1.90964 0.157306 5.74207e-23)
(0.404338 0.0232549 0)
(1.13576 0.148991 -5.87495e-21)
(1.56473 0.239337 0)
(1.74963 0.269385 -1.89014e-21)
(1.81087 0.26578 -1.7436e-21)
(1.82798 0.249694 -1.50224e-21)
(1.83744 0.230524 0)
(1.85099 0.21152 2.96163e-22)
(1.8697 0.194464 -4.60211e-23)
(1.89182 0.179863 -6.17571e-22)
(-0.0095375 0.0091596 0)
(-0.0381517 0.0169749 -1.79654e-21)
(-0.0787848 0.0197471 0)
(-0.118312 0.0203771 -2.44674e-21)
(-0.154384 0.0201375 -8.00868e-22)
(-0.18701 0.0196501 1.52066e-21)
(-0.216524 0.0192293 -1.43209e-21)
(-0.243431 0.0190373 1.42161e-21)
(-0.26844 0.0192002 -9.28315e-24)
(-0.29259 0.019838 1.32159e-21)
(-0.0111097 0.0263057 -5.64388e-21)
(-0.0391062 0.0490978 3.54375e-21)
(-0.0766159 0.0573753 -3.48578e-21)
(-0.112128 0.0592605 1.61955e-21)
(-0.143605 0.0584382 7.93809e-21)
(-0.171016 0.0567516 -2.99396e-21)
(-0.194616 0.055159 0)
(-0.214773 0.0541939 -1.41683e-21)
(-0.23198 0.0542762 -1.37764e-21)
(-0.2477 0.055807 0)
(-0.0139859 0.0401809 3.76429e-21)
(-0.0410589 0.0760838 0)
(-0.0729955 0.0896247 1.06576e-20)
(-0.101244 0.0927264 -1.3516e-20)
(-0.124367 0.0910877 3.20406e-21)
(-0.142356 0.0876563 0)
(-0.155404 0.0840281 0)
(-0.163708 0.0812029 0)
(-0.167252 0.0800262 1.14423e-20)
(-0.167728 0.0813724 -1.08745e-20)
(-0.0176734 0.0494956 0)
(-0.0440095 0.095572 -7.92179e-21)
(-0.0690236 0.113692 1.47974e-20)
(-0.0878643 0.117855 -6.94411e-21)
(-0.100025 0.115169 6.76603e-21)
(-0.105695 0.10943 -1.93422e-20)
(-0.105086 0.102735 -2.59494e-22)
(-0.0984116 0.0965088 1.18136e-20)
(-0.0850734 0.0921858 1.15684e-20)
(-0.0648686 0.0919783 -1.65104e-20)
(-0.021695 0.0540571 8.50359e-21)
(-0.047856 0.106493 -1.66638e-20)
(-0.0656147 0.127838 -1.05546e-22)
(-0.073837 0.132598 1.41842e-22)
(-0.0732006 0.128658 6.92564e-21)
(-0.0642805 0.120341 -1.96353e-20)
(-0.0473575 0.109987 0)
(-0.0228586 0.0990838 -6.03853e-21)
(0.0098114 0.0895121 5.76548e-21)
(0.055393 0.0858191 -2.27149e-20)
(-0.0257811 0.0546241 -2.64813e-22)
(-0.0523242 0.109086 1.71027e-20)
(-0.0629177 0.131498 7.85131e-21)
(-0.0595146 0.135823 7.72513e-21)
(-0.0439522 0.130237 6.94846e-21)
(-0.0172257 0.119344 6.60883e-21)
(0.020333 0.105557 0)
(0.0681742 0.0902045 6.03806e-21)
(0.124674 0.0746264 1.7019e-20)
(0.207101 0.065421 -5.70639e-21)
(-0.0299432 0.0525269 4.10769e-23)
(-0.0568301 0.104687 9.0727e-21)
(-0.0596273 0.125282 0)
(-0.0424786 0.127434 -1.49004e-20)
(-0.00791075 0.119371 1.42285e-20)
(0.0428406 0.105829 0)
(0.109357 0.0893999 0)
(0.191507 0.071892 0)
(0.277861 0.0518454 -1.14115e-20)
(0.417019 0.0381794 -2.22248e-20)
(-0.0342713 0.0491347 -1.01512e-20)
(-0.0601077 0.0951274 9.50888e-21)
(-0.0522311 0.11075 1.73577e-20)
(-0.0160965 0.108656 3.35203e-22)
(0.0456638 0.0970968 1.44199e-20)
(0.13144 0.0809187 1.33902e-20)
(0.239423 0.062858 1.25512e-20)
(0.369744 0.0465736 1.17878e-20)
(0.492206 0.0257796 1.14099e-20)
(0.70206 0.0140057 -1.02071e-20)
(-0.0385873 0.0453227 -3.30653e-20)
(-0.0596183 0.0820064 -9.3955e-21)
(-0.0342911 0.090003 -3.48314e-20)
(0.0310999 0.0821141 -1.57391e-20)
(0.133599 0.066908 2.84078e-22)
(0.269283 0.0493563 -1.32174e-20)
(0.431624 0.0322793 1.26449e-20)
(0.61515 0.0200377 -1.17861e-20)
(0.780238 0.00422816 1.12135e-20)
(1.03724 0.0018357 -2.13527e-20)
(-0.0421008 0.041221 2.23849e-20)
(-0.0512633 0.0661828 0)
(0.00322767 0.0651211 1.80647e-20)
(0.113563 0.0515994 -9.62754e-24)
(0.27352 0.0347536 4.47884e-22)
(0.471258 0.0193978 1.35471e-20)
(0.691414 0.00867986 -3.81151e-20)
(0.912924 0.00208211 0)
(1.12097 -0.0017182 -1.12116e-20)
(1.35372 0.0049229 0)
(-0.31655 0.0207408 0)
(-0.342087 0.0202772 -1.40161e-21)
(-0.366735 0.0195973 2.8483e-21)
(-0.390663 0.0188344 -1.26236e-21)
(-0.413774 0.0179519 0)
(-0.435884 0.0169157 1.53176e-21)
(-0.456772 0.0156894 -1.53935e-21)
(-0.476166 0.0142345 0)
(-0.49374 0.0125117 0)
(-0.509113 0.0104842 1.96192e-22)
(-0.521826 0.00812158 0)
(-0.531302 0.00539866 0)
(-0.536928 0.0022823 0)
(-0.538362 -0.00123979 0)
(-0.535306 -0.00505879 -2.63147e-22)
(-0.527538 -0.00903822 2.64511e-22)
(-0.514362 -0.0129371 0)
(-0.493801 -0.016582 -4.98693e-23)
(-0.465385 -0.0200228 5.01317e-23)
(-0.441498 -0.0229301 0)
(-0.26445 0.0582488 0)
(-0.286152 0.0570173 3.56821e-22)
(-0.306673 0.0551168 0)
(-0.326493 0.0529694 5.82087e-21)
(-0.345662 0.0504775 -5.64589e-21)
(-0.364009 0.047556 3.94615e-22)
(-0.381349 0.0441161 -3.16226e-21)
(-0.397464 0.0400566 6.76388e-21)
(-0.412099 0.0352703 -5.96317e-21)
(-0.424959 0.0296539 3.39962e-21)
(-0.4357 0.0231183 3.05748e-21)
(-0.443906 0.015587 -5.61648e-21)
(-0.449132 0.00697914 2.94606e-21)
(-0.451092 -0.00273844 1.60259e-21)
(-0.449411 -0.0133952 -1.26437e-21)
(-0.443941 -0.0246727 2.7021e-22)
(-0.434104 -0.0359412 2.2026e-22)
(-0.418154 -0.0465884 2.27254e-22)
(-0.394875 -0.0565092 -2.28355e-22)
(-0.373722 -0.0647656 2.48087e-23)
(-0.172694 0.0849958 -3.55725e-22)
(-0.187199 0.0832524 -3.5745e-22)
(-0.20039 0.0805512 -3.76678e-22)
(-0.212898 0.0774197 0)
(-0.225032 0.0737358 -7.11313e-21)
(-0.236623 0.0693929 5.55317e-21)
(-0.247524 0.0642716 0)
(-0.25759 0.0582507 -8.24704e-22)
(-0.266649 0.0512056 -4.06269e-22)
(-0.274508 0.0429989 5.72619e-21)
(-0.280956 0.0335114 -1.60555e-22)
(-0.285764 0.0226436 -7.23643e-21)
(-0.288703 0.0103168 -3.90305e-22)
(-0.289735 -0.00349282 -3.42021e-22)
(-0.288545 -0.0187914 -3.34143e-22)
(-0.285087 -0.0353105 7.52446e-22)
(-0.279062 -0.0523728 -6.85433e-22)
(-0.269333 -0.069017 -8.0361e-22)
(-0.25405 -0.0845656 -1.74414e-22)
(-0.237418 -0.097388 7.8472e-24)
(-0.0565298 0.0959303 -1.13375e-20)
(-0.0621632 0.0947465 -2.89526e-22)
(-0.0661696 0.0919733 7.22719e-23)
(-0.0695861 0.0883688 1.24015e-20)
(-0.0729245 0.0840695 1.20927e-21)
(-0.0760603 0.0789389 4.06121e-22)
(-0.0788408 0.0728 -1.26644e-20)
(-0.0811394 0.0655219 7.14122e-21)
(-0.0828701 0.0569974 6.85028e-21)
(-0.0839316 0.0471134 -7.27014e-21)
(-0.0841938 0.0357663 1.34827e-22)
(-0.0835202 0.0229069 7.97291e-21)
(-0.0817697 0.00851874 3.87062e-22)
(-0.0792469 -0.00741094 3.63427e-21)
(-0.0757896 -0.0249516 -2.54479e-21)
(-0.0714434 -0.0439271 -2.21252e-21)
(-0.0662893 -0.0639427 1.9379e-21)
(-0.0601767 -0.0842422 0)
(-0.0519761 -0.103561 3.58476e-22)
(-0.039533 -0.119464 3.33851e-23)
(0.0771814 0.0903603 2.253e-20)
(0.0817746 0.090811 -1.14642e-20)
(0.0857521 0.088457 1.22393e-20)
(0.091173 0.0848338 0)
(0.0968945 0.0804459 -8.11813e-22)
(0.102538 0.0751421 -1.3543e-20)
(0.108219 0.0686498 -1.0718e-21)
(0.114106 0.0608049 -1.51032e-22)
(0.120276 0.0515128 1.39842e-20)
(0.126753 0.040697 8.65624e-22)
(0.133596 0.0283049 0)
(0.140904 0.0143394 -8.37169e-22)
(0.14862 -0.00105106 0)
(0.156355 -0.0180893 -7.57942e-22)
(0.164243 -0.0365283 0)
(0.172183 -0.0561435 0)
(0.179749 -0.0766015 5.12336e-22)
(0.186885 -0.0975818 -6.62978e-22)
(0.193045 -0.117858 5.90939e-22)
(0.203211 -0.136134 -1.73721e-22)
(0.238564 0.0718862 0)
(0.251746 0.0740163 -7.59416e-22)
(0.261264 0.0722131 -2.52361e-20)
(0.273025 0.0687705 2.44389e-20)
(0.286019 0.0645846 -8.1831e-22)
(0.299069 0.0594462 0)
(0.312034 0.0529696 -1.38834e-20)
(0.325125 0.0449932 2.70754e-20)
(0.338427 0.0354507 -1.49495e-20)
(0.351933 0.02427 -8.86297e-22)
(0.365623 0.0115095 -8.79941e-22)
(0.379568 -0.00277633 -8.62653e-22)
(0.39321 -0.0187806 0)
(0.406389 -0.0362698 5.23418e-21)
(0.419334 -0.0548364 -1.21808e-20)
(0.431822 -0.0743064 5.43856e-21)
(0.443061 -0.0940988 -5.37082e-22)
(0.45374 -0.114102 -4.11304e-22)
(0.460733 -0.132372 1.76911e-22)
(0.472368 -0.151813 -1.76064e-22)
(0.45093 0.0470378 2.19535e-20)
(0.468019 0.0504586 0)
(0.479107 0.0485732 -7.742e-22)
(0.493054 0.0450066 1.58654e-21)
(0.509561 0.0409896 1.62898e-21)
(0.526752 0.0359528 8.31656e-22)
(0.544137 0.029415 8.4952e-22)
(0.561889 0.0213246 -1.31132e-20)
(0.580044 0.011647 1.57017e-20)
(0.598652 0.000429249 1.57663e-20)
(0.617532 -0.0124326 -1.31156e-20)
(0.63608 -0.0269758 1.69865e-21)
(0.654094 -0.0431409 -6.38722e-21)
(0.671788 -0.0604029 1.20353e-21)
(0.688652 -0.0784977 7.34207e-21)
(0.704722 -0.0972594 6.21197e-22)
(0.718652 -0.115735 -8.11113e-22)
(0.73235 -0.134356 9.35196e-22)
(0.74052 -0.149638 1.5666e-21)
(0.753797 -0.167693 8.55228e-23)
(0.729148 0.0246691 0)
(0.743809 0.0279958 -2.46958e-20)
(0.752481 0.0246035 2.53644e-20)
(0.764693 0.0202229 -7.91798e-22)
(0.780525 0.0159198 -1.60577e-21)
(0.797783 0.0103601 -8.30913e-22)
(0.81585 0.0031667 -1.6754e-21)
(0.834756 -0.00544927 0)
(0.854482 -0.0153828 -8.64526e-22)
(0.87473 -0.0267559 -8.64048e-22)
(0.895036 -0.0397481 -8.35509e-22)
(0.915169 -0.0542695 -1.64966e-21)
(0.934924 -0.0699049 0)
(0.953904 -0.0865034 0)
(0.971686 -0.103639 -6.88691e-22)
(0.988256 -0.12117 -5.60263e-21)
(1.00228 -0.137806 3.88368e-21)
(1.01563 -0.15452 -3.69711e-22)
(1.02346 -0.166943 -8.03169e-22)
(1.03475 -0.18207 2.32042e-22)
(1.05308 0.0134067 2.22886e-20)
(1.0618 0.0138466 0)
(1.06739 0.00761059 0)
(1.07718 0.00222922 -2.49798e-20)
(1.09029 -0.00325967 9.20021e-23)
(1.10484 -0.0102767 5.12761e-20)
(1.12058 -0.0185737 -2.49437e-20)
(1.13749 -0.0279627 0)
(1.15514 -0.0385673 0)
(1.17294 -0.0505438 0)
(1.19086 -0.0637266 4.30297e-22)
(1.20827 -0.0779505 1.18442e-21)
(1.22525 -0.0930402 1.17002e-20)
(1.24084 -0.108784 -1.12788e-20)
(1.25544 -0.124648 4.81616e-21)
(1.2678 -0.14057 -4.21114e-21)
(1.27853 -0.155149 0)
(1.28651 -0.16948 1.90167e-22)
(1.29196 -0.179456 2.26465e-22)
(1.29563 -0.19094 0)
(1.37345 0.00826734 -3.69547e-22)
(1.38337 0.000832008 -2.41577e-20)
(1.39115 -0.00607032 2.39067e-20)
(1.40012 -0.0105378 0)
(1.40935 -0.0160641 2.45185e-20)
(1.41899 -0.0230719 -4.90169e-20)
(1.42922 -0.0312425 2.44981e-20)
(1.4397 -0.0406419 0)
(1.45059 -0.0513394 1.24299e-20)
(1.46138 -0.0632051 -2.45572e-20)
(1.47241 -0.0761188 1.25183e-20)
(1.4825 -0.0899689 -3.76069e-22)
(1.49251 -0.104447 0)
(1.50042 -0.119365 -1.021e-20)
(1.50829 -0.134055 1.41661e-20)
(1.51252 -0.148572 -4.34199e-21)
(1.51744 -0.16144 -2.93339e-21)
(1.51657 -0.173739 2.0459e-21)
(1.51849 -0.181967 1.01359e-21)
(1.51137 -0.190453 0)
(1.69491 0.0112105 0)
(1.68505 0.00276773 0)
(1.67918 -0.00335404 0)
(1.67446 -0.00994601 0)
(1.67107 -0.0175466 0)
(1.66963 -0.0258955 0)
(1.67016 -0.0349183 0)
(1.67177 -0.0446004 0)
(1.67451 -0.0549462 0)
(1.67726 -0.0660204 0)
(1.68069 -0.0777889 0)
(1.683 -0.0902427 0)
(1.68588 -0.103037 0)
(1.68618 -0.116204 0)
(1.68755 -0.128984 0)
(1.68428 -0.141781 0)
(1.68384 -0.152938 0)
(1.67551 -0.16404 0)
(1.67413 -0.171292 0)
(1.65903 -0.179562 0)
(1.81832 0.0181537 0)
(1.81953 0.0114075 0)
(1.81873 0.004169 0)
(1.81653 -0.00442285 0)
(1.81511 -0.013684 0)
(1.8145 -0.0233309 0)
(1.81469 -0.0333183 0)
(1.81482 -0.0437036 0)
(1.81531 -0.0545241 0)
(1.81497 -0.0658689 0)
(1.81497 -0.0776128 0)
(1.81328 -0.0897859 0)
(1.81221 -0.10199 0)
(1.80807 -0.114362 0)
(1.80552 -0.126082 0)
(1.79776 -0.137695 0)
(1.79397 -0.147548 0)
(1.78137 -0.157281 0)
(1.7778 -0.163432 0)
(1.75886 -0.170292 0)
(1.89407 0.0198646 0)
(1.89803 0.0111017 0)
(1.89895 0.00249185 0)
(1.89855 -0.00616535 0)
(1.89843 -0.0151128 0)
(1.8986 -0.0244784 0)
(1.89921 -0.0342054 0)
(1.89926 -0.044306 0)
(1.89928 -0.0547346 0)
(1.89803 -0.0655542 0)
(1.89689 -0.0765727 0)
(1.8937 -0.0878673 0)
(1.89114 -0.098993 0)
(1.88524 -0.110182 0)
(1.88118 -0.120563 0)
(1.87168 -0.130826 0)
(1.8667 -0.139288 0)
(1.85264 -0.147733 0)
(1.84855 -0.152806 0)
(1.82855 -0.158757 0)
(1.94508 0.0205546 0)
(1.95069 0.0109893 0)
(1.95262 0.00203225 0)
(1.95268 -0.00679464 0)
(1.95283 -0.0157783 0)
(1.95316 -0.0250206 0)
(1.95385 -0.034483 0)
(1.95382 -0.0441892 0)
(1.95365 -0.0540573 0)
(1.95203 -0.064165 0)
(1.95048 -0.0743044 0)
(1.94677 -0.0846049 0)
(1.94373 -0.0946047 0)
(1.93733 -0.104618 0)
(1.9329 -0.113752 0)
(1.92312 -0.122816 0)
(1.91801 -0.130108 0)
(1.90406 -0.137554 0)
(1.90008 -0.141829 0)
(1.88067 -0.147297 0)
(1.9849 0.0198351 0)
(1.99122 0.0100445 0)
(1.99386 0.000739555 0)
(1.99437 -0.00815371 0)
(1.99468 -0.0169342 0)
(1.99501 -0.0258053 0)
(1.99564 -0.0347852 0)
(1.99549 -0.0439199 0)
(1.99517 -0.053109 0)
(1.99335 -0.0624355 0)
(1.99161 -0.0716839 0)
(1.98773 -0.0810136 0)
(1.98458 -0.0899669 0)
(1.97818 -0.0989056 0)
(1.97381 -0.106954 0)
(1.96432 -0.114974 0)
(1.95947 -0.121309 0)
(1.94622 -0.127918 0)
(1.94255 -0.131602 0)
(1.92437 -0.136614 0)
(2.02259 0.017883 0)
(2.02899 0.00826726 0)
(2.03202 -0.000900329 0)
(2.03281 -0.00961107 0)
(2.03316 -0.0180621 0)
(2.03335 -0.0264778 0)
(2.03378 -0.0349168 0)
(2.03341 -0.0434441 0)
(2.03289 -0.0519513 0)
(2.03088 -0.0605188 0)
(2.02898 -0.0689303 0)
(2.02501 -0.0773603 0)
(2.02183 -0.0853711 0)
(2.01554 -0.0933454 0)
(2.01134 -0.100449 0)
(2.00225 -0.107552 0)
(1.99773 -0.113085 0)
(1.98525 -0.118956 0)
(1.98191 -0.122154 0)
(1.96497 -0.126706 0)
(2.06231 0.0153489 0)
(2.06843 0.00625718 0)
(2.07151 -0.00252154 0)
(2.07232 -0.0108908 0)
(2.07255 -0.0189456 0)
(2.07247 -0.0268854 0)
(2.07256 -0.0347771 0)
(2.07186 -0.0426973 0)
(2.07104 -0.0505415 0)
(2.06877 -0.0583865 0)
(2.06666 -0.0660229 0)
(2.06254 -0.0736296 0)
(2.0593 -0.0807971 0)
(2.05305 -0.0879109 0)
(2.04895 -0.0941922 0)
(2.04016 -0.100489 0)
(2.0359 -0.105339 0)
(2.02401 -0.110553 0)
(2.02094 -0.113341 0)
(2.00497 -0.117448 0)
(2.10477 0.012801 0)
(2.11031 0.00434908 0)
(2.11317 -0.0039439 0)
(2.11385 -0.0118849 0)
(2.11387 -0.0194976 0)
(2.11343 -0.0269421 0)
(2.11311 -0.0342814 0)
(2.11199 -0.0415997 0)
(2.1108 -0.0488022 0)
(2.10819 -0.0559634 0)
(2.1058 -0.0628846 0)
(2.10145 -0.069741 0)
(2.09805 -0.0761553 0)
(2.09173 -0.0825021 0)
(2.08764 -0.0880658 0)
(2.07899 -0.0936502 0)
(2.07486 -0.0979139 0)
(2.06334 -0.10254 0)
(2.06044 -0.104981 0)
(2.04511 -0.10866 0)
(2.14899 0.0104462 0)
(2.1538 0.00264212 0)
(2.1563 -0.00510098 0)
(2.15677 -0.0125448 0)
(2.15652 -0.0196655 0)
(2.1557 -0.0265888 0)
(2.15496 -0.0333702 0)
(2.15337 -0.040095 0)
(2.15177 -0.0466784 0)
(2.14876 -0.0531918 0)
(2.14605 -0.05945 0)
(2.14139 -0.0656194 0)
(2.13778 -0.0713557 0)
(2.13128 -0.0770141 0)
(2.12711 -0.0819447 0)
(2.11843 -0.0868949 0)
(2.11436 -0.0906486 0)
(2.10299 -0.0947457 0)
(2.10018 -0.096886 0)
(2.08518 -0.100159 0)
(2.19369 0.00832645 0)
(2.19771 0.00118452 0)
(2.19979 -0.00594846 0)
(2.19998 -0.0128363 0)
(2.19945 -0.019423 0)
(2.19825 -0.0258038 0)
(2.19707 -0.0320235 0)
(2.19502 -0.0381627 0)
(2.19299 -0.0441463 0)
(2.18955 -0.0500415 0)
(2.1865 -0.0556782 0)
(2.18148 -0.0612112 0)
(2.17762 -0.0663291 0)
(2.17086 -0.0713625 0)
(2.16655 -0.0757265 0)
(2.15773 -0.0801058 0)
(2.15363 -0.0834087 0)
(2.14224 -0.0870261 0)
(2.13947 -0.0889025 0)
(2.12458 -0.0917956 0)
(2.23767 0.00649808 0)
(2.24091 4.74701e-05 0)
(2.24252 -0.00644061 0)
(2.2424 -0.0127369 0)
(2.24157 -0.0187621 0)
(2.23998 -0.024585 0)
(2.23838 -0.0302395 0)
(2.23586 -0.0357996 0)
(2.23341 -0.0411985 0)
(2.22954 -0.046499 0)
(2.22613 -0.0515468 0)
(2.22074 -0.0564835 0)
(2.2166 -0.0610302 0)
(2.20953 -0.0654891 0)
(2.20505 -0.069339 0)
(2.19601 -0.0731989 0)
(2.19184 -0.0760976 0)
(2.18031 -0.0792777 0)
(2.17754 -0.0809188 0)
(2.16259 -0.0834591 0)
(2.27988 0.00503158 0)
(2.28235 -0.000722888 0)
(2.28347 -0.00655501 0)
(2.28301 -0.01224 0)
(2.28187 -0.0176856 0)
(2.27991 -0.0229393 0)
(2.27791 -0.0280261 0)
(2.27494 -0.0330123 0)
(2.27208 -0.0378393 0)
(2.26779 -0.0425645 0)
(2.26403 -0.0470496 0)
(2.25826 -0.0514224 0)
(2.25384 -0.0554352 0)
(2.24645 -0.0593606 0)
(2.24178 -0.0627382 0)
(2.23246 -0.0661207 0)
(2.22819 -0.0686523 0)
(2.21645 -0.0714314 0)
(2.21365 -0.0728601 0)
(2.19854 -0.0750752 0)
(2.31932 0.00395426 0)
(2.32105 -0.00112024 0)
(2.32167 -0.00629293 0)
(2.32088 -0.011355 0)
(2.31945 -0.0162091 0)
(2.31713 -0.020886 0)
(2.31476 -0.0254037 0)
(2.31138 -0.029821 0)
(2.30815 -0.0340871 0)
(2.30347 -0.0382531 0)
(2.29938 -0.042197 0)
(2.29325 -0.046032 0)
(2.28856 -0.0495411 0)
(2.28084 -0.0529658 0)
(2.27598 -0.0559046 0)
(2.26638 -0.058844 0)
(2.262 -0.0610382 0)
(2.25001 -0.0634471 0)
(2.24716 -0.064682 0)
(2.23184 -0.0665977 0)
(2.35493 0.00324131 0)
(2.35601 -0.00116801 0)
(2.3562 -0.0056836 0)
(2.35511 -0.0101162 0)
(2.35343 -0.0143705 0)
(2.35082 -0.0184654 0)
(2.34814 -0.0224137 0)
(2.3444 -0.0262668 0)
(2.34086 -0.0299808 0)
(2.33582 -0.0336006 0)
(2.33146 -0.0370201 0)
(2.325 -0.0403379 0)
(2.32009 -0.0433666 0)
(2.31207 -0.0463166 0)
(2.30704 -0.0488425 0)
(2.29717 -0.0513661 0)
(2.29268 -0.053246 0)
(2.28044 -0.0553098 0)
(2.27755 -0.0563655 0)
(2.26199 -0.0580044 0)
(2.38574 0.00281615 0)
(2.38632 -0.00093981 0)
(2.38618 -0.00479948 0)
(2.38488 -0.00859682 0)
(2.38304 -0.0122439 0)
(2.38023 -0.0157517 0)
(2.37733 -0.0191292 0)
(2.37333 -0.0224199 0)
(2.36954 -0.0255871 0)
(2.36424 -0.0286687 0)
(2.35967 -0.031575 0)
(2.35296 -0.0343895 0)
(2.34787 -0.0369541 0)
(2.3396 -0.0394478 0)
(2.33443 -0.0415794 0)
(2.32433 -0.0437069 0)
(2.31975 -0.0452893 0)
(2.30729 -0.0470267 0)
(2.30437 -0.0479138 0)
(2.28858 -0.0492931 0)
(2.41103 0.002548 0)
(2.41129 -0.000559095 0)
(2.41098 -0.0037592 0)
(2.40959 -0.00691279 0)
(2.40771 -0.00994222 0)
(2.40481 -0.0128537 0)
(2.4018 -0.0156537 0)
(2.39765 -0.0183784 0)
(2.39373 -0.0209976 0)
(2.38826 -0.0235425 0)
(2.38357 -0.0259393 0)
(2.37668 -0.0282568 0)
(2.37148 -0.0303654 0)
(2.36303 -0.0324128 0)
(2.35778 -0.0341606 0)
(2.34749 -0.0359035 0)
(2.34286 -0.0371985 0)
(2.3302 -0.0386207 0)
(2.32727 -0.0393459 0)
(2.31129 -0.0404757 0)
(2.43057 0.00225907 0)
(2.4307 -0.000189824 0)
(2.43037 -0.00271424 0)
(2.42903 -0.00520578 0)
(2.42721 -0.0075988 0)
(2.42433 -0.00989704 0)
(2.42133 -0.0121054 0)
(2.41713 -0.0142526 0)
(2.41317 -0.0163144 0)
(2.40762 -0.0183158 0)
(2.40288 -0.0201983 0)
(2.39589 -0.0220166 0)
(2.39065 -0.0236687 0)
(2.38208 -0.0252714 0)
(2.37679 -0.026638 0)
(2.36637 -0.0280001 0)
(2.36172 -0.0290111 0)
(2.34892 -0.030122 0)
(2.34597 -0.0306877 0)
(2.32984 -0.0315715 0)
(2.44469 0.00179459 0)
(2.44482 2.8375e-05 0)
(2.44457 -0.00180115 0)
(2.44334 -0.00360409 0)
(2.44165 -0.00533228 0)
(2.43886 -0.00699249 0)
(2.43592 -0.00858721 0)
(2.43173 -0.0101381 0)
(2.4278 -0.0116255 0)
(2.42223 -0.0130696 0)
(2.4175 -0.0144255 0)
(2.41047 -0.0157357 0)
(2.40521 -0.0169233 0)
(2.39658 -0.0180769 0)
(2.39128 -0.0190572 0)
(2.38077 -0.0200371 0)
(2.37612 -0.0207612 0)
(2.36321 -0.0215604 0)
(2.36027 -0.0219648 0)
(2.34402 -0.0226009 0)
(2.45391 0.00122282 0)
(2.45409 0.000100451 0)
(2.45392 -0.0010288 0)
(2.45281 -0.00212047 0)
(2.45124 -0.00316148 0)
(2.44853 -0.00416409 0)
(2.44566 -0.00512622 0)
(2.44151 -0.00606436 0)
(2.43761 -0.00696117 0)
(2.43206 -0.00783524 0)
(2.42734 -0.00865137 0)
(2.4203 -0.00944495 0)
(2.41505 -0.0101577 0)
(2.40639 -0.0108574 0)
(2.40108 -0.0114433 0)
(2.39052 -0.0120394 0)
(2.38587 -0.0124695 0)
(2.37289 -0.0129573 0)
(2.36995 -0.0131953 0)
(2.35362 -0.0135826 0)
(2.45843 0.000612782 0)
(2.45866 0.000167845 0)
(2.45859 -0.000246467 0)
(2.45757 -0.000631328 0)
(2.45606 -0.000993408 0)
(2.45341 -0.00134063 0)
(2.45057 -0.00167112 0)
(2.44645 -0.00199269 0)
(2.44257 -0.00229751 0)
(2.43702 -0.0025952 0)
(2.43231 -0.00287039 0)
(2.42527 -0.00313984 0)
(2.42003 -0.00337841 0)
(2.41134 -0.00361599 0)
(2.40604 -0.00381057 0)
(2.39545 -0.00401359 0)
(2.3908 -0.0041549 0)
(2.37779 -0.0043218 0)
(2.37485 -0.00439875 0)
(2.35848 -0.00453076 0)
(1.91638 0.162082 6.03435e-22)
(1.93367 0.146087 0)
(1.94298 0.129702 3.50109e-23)
(1.94684 0.1131 1.4393e-21)
(1.94182 0.0966113 -9.58006e-21)
(1.93504 0.0812696 0)
(1.91754 0.0653967 -1.48993e-20)
(1.88954 0.0537497 0)
(1.87278 0.0367313 -1.9312e-20)
(1.71007 0.0197352 3.10759e-22)
(1.94593 0.147549 -9.73869e-22)
(1.96151 0.134057 8.8992e-23)
(1.96996 0.119795 -8.91727e-23)
(1.97235 0.106673 -1.51674e-21)
(1.97017 0.0920585 1.66671e-21)
(1.95744 0.0805309 2.18872e-22)
(1.95774 0.0662107 0)
(1.91021 0.0558869 1.30839e-20)
(1.94248 0.0455741 0)
(1.81684 0.0269366 1.81285e-20)
(1.98113 0.132889 2.10912e-21)
(1.99272 0.121478 0)
(2.0026 0.108499 -5.9629e-23)
(1.99874 0.0975539 -1.37614e-21)
(2.00411 0.0846435 -1.88724e-21)
(1.97887 0.0745455 0)
(1.99547 0.0636475 -6.99803e-21)
(1.93575 0.051811 -1.33448e-20)
(1.97331 0.0458261 0)
(1.8886 0.0302293 -1.79436e-20)
(2.0196 0.119898 -1.00703e-21)
(2.02632 0.10979 3.5791e-21)
(2.03958 0.098456 0)
(2.02854 0.0883907 1.47727e-21)
(2.04077 0.0778879 -4.09833e-23)
(2.00728 0.067304 1.82722e-22)
(2.02766 0.0595259 6.92636e-21)
(1.9718 0.0469479 2.3382e-22)
(1.99475 0.0416609 9.81427e-21)
(1.93732 0.0306804 0)
(2.05939 0.108265 0)
(2.0623 0.0989478 -3.51223e-21)
(2.0779 0.0896467 -3.42569e-21)
(2.0632 0.0798258 2.93388e-22)
(2.07711 0.0717025 -1.52917e-22)
(2.04393 0.0608849 6.29442e-23)
(2.05824 0.0546414 2.06618e-21)
(2.01327 0.0435352 3.87461e-22)
(2.02237 0.0373578 -2.44827e-21)
(1.97662 0.0295654 -1.01751e-20)
(2.09915 0.0976935 1.51454e-21)
(2.10048 0.0889837 2.46137e-22)
(2.11577 0.0814267 -9.28791e-22)
(2.10173 0.0720287 1.74948e-22)
(2.11294 0.065368 -3.16291e-21)
(2.0851 0.0554732 0)
(2.09179 0.0494238 -2.36004e-21)
(2.05561 0.0406314 8.26386e-23)
(2.05768 0.0335389 -1.28397e-20)
(2.01471 0.0272434 1.79666e-20)
(2.1383 0.0879205 -1.52199e-21)
(2.13985 0.079956 -2.60172e-21)
(2.15307 0.0735023 3.60599e-21)
(2.14181 0.0650159 -5.70663e-21)
(2.14939 0.0589041 -1.27126e-21)
(2.12701 0.0505561 -2.39692e-21)
(2.1292 0.0442053 -1.74019e-23)
(2.09753 0.0371733 1.15868e-22)
(2.09758 0.0297208 5.22992e-21)
(2.05508 0.0241343 -7.81462e-21)
(2.17675 0.0788282 0)
(2.17909 0.0717872 5.7258e-21)
(2.1901 0.0659384 -5.39294e-22)
(2.18152 0.0586195 2.80136e-21)
(2.1868 0.0526697 -8.9958e-22)
(2.16798 0.0457388 5.59049e-21)
(2.16884 0.0392514 -1.73897e-21)
(2.1394 0.0332346 0)
(2.13962 0.0260232 0)
(2.0983 0.0208697 0)
(2.21429 0.0704197 0)
(2.21721 0.0643271 -5.48739e-21)
(2.22673 0.0588905 -3.28721e-22)
(2.21993 0.0526581 3.45517e-21)
(2.22442 0.04691 5.06488e-21)
(2.20773 0.040992 -3.51829e-21)
(2.20889 0.0347458 2.15938e-21)
(2.18141 0.0293427 -1.00922e-22)
(2.18229 0.0226987 0)
(2.14341 0.0178276 -9.43707e-22)
(2.25043 0.0627004 2.12313e-22)
(2.25357 0.057447 3.15087e-21)
(2.26232 0.0524317 4.60982e-21)
(2.25666 0.0470602 -1.66284e-22)
(2.26118 0.0416896 4.48117e-22)
(2.24622 0.0364682 -5.19928e-21)
(2.24806 0.0307246 3.90486e-21)
(2.22305 0.0257647 -1.52143e-22)
(2.22444 0.0197344 0)
(2.18902 0.0150661 1.04929e-21)
(2.28447 0.0556305 0)
(2.28769 0.0510713 3.32441e-21)
(2.29602 0.0465408 3.05003e-22)
(2.29136 0.0418334 0)
(2.29614 0.0369722 0)
(2.28307 0.0322773 4.66726e-21)
(2.28549 0.0271185 -3.21782e-21)
(2.26347 0.0225173 -1.22585e-22)
(2.2651 0.0170611 9.4937e-23)
(2.23387 0.0125908 -8.7858e-23)
(2.31563 0.0491289 0)
(2.31898 0.0451505 -6.41285e-21)
(2.32701 0.0411475 -6.31457e-21)
(2.3235 0.0369865 8.63003e-22)
(2.32848 0.0326869 -5.32101e-22)
(2.31762 0.0284419 -3.30444e-22)
(2.32039 0.0238642 5.68903e-22)
(2.30176 0.0195948 3.09472e-21)
(2.30348 0.0147033 2.10464e-22)
(2.27692 0.010464 -4.69751e-23)
(2.34308 0.0430907 0)
(2.34676 0.0396252 3.48229e-21)
(2.35451 0.0361596 -3.46169e-22)
(2.35236 0.0324906 3.43309e-22)
(2.35745 0.0287566 0)
(2.34904 0.0249403 0)
(2.35205 0.0209315 0)
(2.33705 0.0170155 -3.48317e-21)
(2.33877 0.0126985 2.93091e-21)
(2.31712 0.00873748 0)
(2.36607 0.0373913 0)
(2.37029 0.0344056 2.27937e-21)
(2.3778 0.0314669 2.75815e-21)
(2.37718 0.0282736 3.29436e-21)
(2.38234 0.0250929 -5.98838e-22)
(2.37651 0.021719 3.25559e-21)
(2.37968 0.0182738 -2.53638e-21)
(2.3684 0.0147576 0)
(2.37012 0.011016 5.79656e-22)
(2.3534 0.00739681 -2.4461e-21)
(2.3841 0.0318819 -5.45333e-22)
(2.38903 0.029365 -1.86214e-21)
(2.39638 0.0269343 -3.57018e-21)
(2.39736 0.0242223 -2.32359e-21)
(2.4026 0.021579 0)
(2.39934 0.0186792 -4.08395e-21)
(2.40264 0.0157897 3.68544e-21)
(2.39499 0.0127291 -3.34115e-22)
(2.39671 0.00955497 -1.48105e-21)
(2.38474 0.00635985 3.72882e-21)
(2.39718 0.0263919 5.48133e-22)
(2.40294 0.0243471 -1.4941e-21)
(2.41023 0.022406 1.23637e-21)
(2.41278 0.020191 -2.8778e-21)
(2.41808 0.0180682 0)
(2.41722 0.0156783 0)
(2.42064 0.0133308 3.64848e-22)
(2.41629 0.0107826 -3.27857e-21)
(2.41804 0.00816795 -1.60806e-21)
(2.41034 0.0054845 -1.37355e-21)
(2.40607 0.0207716 0)
(2.41266 0.0192102 2.41637e-21)
(2.41995 0.0177442 -8.2714e-22)
(2.42388 0.0160416 2.6005e-21)
(2.42926 0.0144209 6.67747e-22)
(2.43042 0.0125664 -4.71964e-22)
(2.43394 0.0107449 8.44793e-22)
(2.43235 0.00875012 2.24947e-21)
(2.43418 0.00668979 0)
(2.42999 0.00458139 0)
(2.41205 0.014981 0)
(2.4193 0.013913 1.00465e-21)
(2.42658 0.0129135 -1.7267e-21)
(2.43156 0.01173 0)
(2.43697 0.0105956 -1.27429e-21)
(2.43966 0.00927988 -4.86881e-22)
(2.44326 0.00796967 -1.28465e-21)
(2.44373 0.00653248 -3.19048e-22)
(2.44566 0.00502145 1.84586e-22)
(2.44409 0.0034946 1.21056e-22)
(2.41611 0.00905754 0)
(2.42373 0.00849181 -1.00947e-21)
(2.43095 0.00796891 -8.5458e-22)
(2.43659 0.00732139 1.11348e-21)
(2.44198 0.00668171 5.82837e-22)
(2.44565 0.00591373 5.41208e-22)
(2.44928 0.00512045 2.16324e-21)
(2.45108 0.0042379 -1.45053e-21)
(2.4531 0.00327963 3.17626e-22)
(2.45323 0.00230898 0)
(2.41833 0.00288551 0)
(2.4261 0.00282474 4.83143e-22)
(2.43323 0.00277334 -4.50679e-22)
(2.43916 0.00266234 4.12397e-22)
(2.44451 0.00252853 0)
(2.44864 0.00232503 -5.43903e-22)
(2.45227 0.00208247 4.15107e-22)
(2.45471 0.00178342 3.24956e-22)
(2.45676 0.00142999 0)
(2.45772 0.00104706 0)
(1.28218 0.301575 0)
(1.23392 0.329987 -5.36179e-20)
(1.1961 0.36718 0)
(1.16554 0.414532 -1.7744e-19)
(1.1386 0.471375 6.88802e-20)
(1.11335 0.539892 2.85463e-21)
(1.08806 0.621905 5.34918e-20)
(1.04485 0.707804 -9.91608e-21)
(0.909964 0.733218 0)
(0.525158 0.464886 4.621e-20)
(1.36617 0.303918 9.66912e-20)
(1.32051 0.34015 5.3616e-20)
(1.28636 0.376163 -4.9336e-20)
(1.25879 0.421887 5.98451e-20)
(1.2354 0.478197 -4.71996e-20)
(1.21557 0.546187 9.78544e-21)
(1.19738 0.626955 -5.64727e-20)
(1.15986 0.709439 -1.07062e-19)
(1.01834 0.727757 -2.83726e-20)
(0.586228 0.451418 -6.66686e-20)
(1.4461 0.301267 -4.13199e-20)
(1.40649 0.339836 4.24895e-20)
(1.37607 0.375249 4.93338e-20)
(1.3506 0.420057 4.99439e-20)
(1.33013 0.475644 5.01085e-20)
(1.31541 0.542286 4.941e-20)
(1.30368 0.620259 1.14838e-20)
(1.27011 0.696658 4.23203e-20)
(1.1189 0.705356 1.08322e-20)
(0.637723 0.424745 -1.15631e-20)
(1.52518 0.295819 8.25871e-20)
(1.49039 0.334251 -4.24873e-20)
(1.46273 0.36833 0)
(1.43902 0.411409 0)
(1.42127 0.465028 0)
(1.41115 0.528924 3.12543e-20)
(1.40465 0.602371 -2.21609e-20)
(1.37224 0.670093 0)
(1.2071 0.666562 2.84356e-21)
(0.674703 0.385456 -3.60704e-21)
(1.60068 0.287101 -1.35347e-20)
(1.56931 0.323922 5.27248e-20)
(1.54387 0.35628 0)
(1.52205 0.396993 0)
(1.50701 0.447459 1.22538e-20)
(1.50089 0.507234 1.01436e-20)
(1.49797 0.574567 1.75828e-20)
(1.46328 0.630527 1.81796e-21)
(1.27812 0.613365 -9.83696e-21)
(0.694363 0.337418 -5.87931e-21)
(1.66943 0.275242 4.00579e-20)
(1.64102 0.309161 1.49826e-20)
(1.6176 0.339415 0)
(1.59783 0.377349 0)
(1.58555 0.423755 -2.97801e-20)
(1.58272 0.478017 8.52474e-21)
(1.58132 0.537507 5.27725e-21)
(1.53957 0.580424 -1.56251e-22)
(1.32652 0.547989 1.62429e-20)
(0.695127 0.282589 1.31374e-20)
(1.73077 0.260312 -2.08518e-20)
(1.70475 0.290293 2.19394e-20)
(1.68296 0.318246 1.72652e-20)
(1.66518 0.353032 -1.82654e-20)
(1.65524 0.394689 -4.86417e-21)
(1.65463 0.442428 5.18067e-21)
(1.65175 0.492404 3.23071e-21)
(1.5967 0.521624 -3.46988e-21)
(1.34964 0.473764 0)
(0.675513 0.223707 0)
(1.78372 0.242747 -1.56621e-20)
(1.75981 0.268482 1.64794e-20)
(1.73925 0.293765 0)
(1.72308 0.325246 0)
(1.71508 0.361616 0)
(1.715 0.401811 -1.35413e-21)
(1.70649 0.441184 9.63918e-21)
(1.63105 0.455864 -1.39644e-20)
(1.34475 0.393457 0)
(0.634626 0.164557 -1.27334e-20)
(1.82881 0.223094 -5.449e-21)
(1.80588 0.244043 4.73272e-21)
(1.78595 0.267156 -6.8111e-22)
(1.77114 0.294762 0)
(1.76438 0.325528 8.08605e-22)
(1.76229 0.357968 -2.87981e-21)
(1.743 0.385841 0)
(1.63954 0.38527 2.36943e-21)
(1.30877 0.310103 -1.13618e-20)
(0.573294 0.109101 1.89443e-20)
(1.86521 0.202049 0)
(1.84249 0.21953 1.00057e-21)
(1.82317 0.239534 6.81041e-22)
(1.80933 0.262822 0)
(1.80225 0.287809 -1.02123e-21)
(1.79491 0.312222 1.25992e-21)
(1.75854 0.328048 1.04908e-21)
(1.61871 0.312229 3.7902e-21)
(1.23938 0.227296 5.54402e-21)
(0.494681 0.06101 0)
(0.620406 0.0181084 -1.99318e-20)
(0.594573 0.0207424 2.11985e-20)
(0.563143 0.023847 1.14115e-20)
(0.524934 0.0274495 1.24765e-20)
(0.478288 0.0317 -1.32481e-20)
(0.420854 0.0367991 -2.18939e-20)
(0.349641 0.0429012 7.88853e-21)
(0.258605 0.0494438 -1.74219e-20)
(0.141603 0.052009 -1.91469e-20)
(0.0406939 0.0344931 0)
(0.63549 0.0541089 0)
(0.609641 0.0619184 -1.05963e-20)
(0.577974 0.0711728 -1.13735e-20)
(0.53968 0.0819119 0)
(0.493268 0.0945719 2.67557e-20)
(0.436404 0.10976 1.45206e-20)
(0.366095 0.127958 0)
(0.276087 0.147494 -1.67797e-20)
(0.158672 0.155122 -6.78089e-23)
(0.0516591 0.102963 -2.01947e-20)
(0.665163 0.0894628 7.90194e-20)
(0.639322 0.102163 -8.31561e-20)
(0.607221 0.117383 0)
(0.568791 0.135053 0)
(0.522865 0.15585 0)
(0.467163 0.180792 -8.57945e-20)
(0.398697 0.210714 1.23495e-19)
(0.310676 0.242903 -3.28213e-20)
(0.192527 0.255473 0)
(0.0735003 0.169643 4.05509e-20)
(0.708438 0.123698 7.78586e-20)
(0.682697 0.14083 -8.19339e-20)
(0.650055 0.161704 -8.88355e-20)
(0.611505 0.185946 -1.50835e-21)
(0.566354 0.214417 1.52854e-19)
(0.512413 0.24856 -5.48579e-20)
(0.446712 0.289569 6.04507e-20)
(0.361657 0.333797 -1.30522e-19)
(0.242531 0.351179 7.08005e-20)
(0.105807 0.23312 0)
(0.76393 0.156246 -1.88986e-19)
(0.738455 0.177283 3.9644e-20)
(0.705267 0.203505 0)
(0.666718 0.233925 0)
(0.622705 0.26947 5.11627e-20)
(0.571156 0.312018 -1.58452e-19)
(0.509128 0.363163 1.14274e-19)
(0.428018 0.41848 -1.22911e-19)
(0.307712 0.440358 2.49771e-21)
(0.147908 0.292 -6.96429e-20)
(0.830028 0.186426 2.58218e-19)
(0.805097 0.210514 -1.95503e-19)
(0.77143 0.241442 0)
(0.732999 0.277391 0)
(0.690465 0.319312 4.85548e-20)
(0.641941 0.369483 5.22456e-20)
(0.58451 0.429807 4.99059e-20)
(0.508343 0.495128 6.06601e-20)
(0.386703 0.521052 2.24314e-21)
(0.198826 0.344796 1.37142e-19)
(0.904702 0.214102 -1.46161e-19)
(0.880682 0.241296 -7.30722e-20)
(0.8468 0.276831 0)
(0.808812 0.317594 0)
(0.768188 0.36462 0)
(0.72324 0.420857 -9.62006e-20)
(0.671161 0.488667 9.52815e-20)
(0.60081 0.562272 0)
(0.477661 0.591363 -5.73479e-20)
(0.257203 0.389968 1.22141e-19)
(0.987115 0.235813 -6.97632e-20)
(0.963813 0.264679 7.30723e-20)
(0.929275 0.304124 7.27428e-20)
(0.891906 0.349541 7.69864e-20)
(0.853878 0.40163 8.13276e-20)
(0.813294 0.463543 8.57043e-20)
(0.767312 0.537836 -8.7003e-21)
(0.703445 0.61812 9.34853e-20)
(0.578419 0.649326 -5.08619e-20)
(0.321396 0.426042 5.42905e-20)
(1.07564 0.260046 -1.30442e-19)
(1.05254 0.291246 6.40764e-20)
(1.01687 0.332966 -7.27421e-20)
(0.980353 0.379896 -7.97965e-20)
(0.945319 0.43388 7.14625e-20)
(0.909586 0.49881 -8.1387e-21)
(0.870337 0.577214 -2.53711e-19)
(0.813505 0.661709 -1.70692e-19)
(0.686201 0.69322 4.83005e-20)
(0.389316 0.451461 -3.59595e-20)
(1.17386 0.268191 0)
(1.1435 0.300699 -6.40756e-20)
(1.10599 0.347318 0)
(1.07214 0.398586 6.35384e-20)
(1.04116 0.455936 -2.17237e-19)
(1.01054 0.523891 -1.49335e-19)
(0.978148 0.605244 1.56978e-19)
(0.928307 0.691798 8.17509e-20)
(0.797899 0.721517 0)
(0.458301 0.464748 8.25358e-20)
(0.756419 0.00113496 0)
(0.756054 0.00113587 -1.13445e-21)
(0.754858 0.00116284 1.12852e-21)
(0.753206 0.00124694 0)
(0.751428 0.00139155 -2.27377e-21)
(0.749519 0.00159204 2.26205e-21)
(0.747346 0.00184844 0)
(0.74479 0.00216511 0)
(0.741755 0.00255002 0)
(0.738139 0.00300855 0)
(0.733872 0.00355964 1.14327e-21)
(0.728891 0.00421607 0)
(0.723064 0.00499113 0)
(0.716227 0.00590262 9.27927e-21)
(0.708195 0.0069728 -9.23352e-21)
(0.698765 0.00823047 0)
(0.687702 0.00970447 1.06e-20)
(0.674725 0.0114521 -1.88784e-20)
(0.659503 0.0134564 9.44919e-21)
(0.641597 0.016079 9.65759e-21)
(0.767353 0.00327353 2.37346e-21)
(0.766974 0.00329629 4.50086e-21)
(0.765849 0.00342463 -4.47917e-21)
(0.764322 0.00371361 2.24793e-21)
(0.762666 0.0041652 2.25041e-21)
(0.760865 0.00477382 9.04199e-21)
(0.758794 0.00554648 -6.74321e-21)
(0.756341 0.00649836 -1.81417e-20)
(0.753412 0.00765351 3.84985e-20)
(0.749915 0.00902922 -1.80935e-20)
(0.745793 0.0106822 -1.71356e-20)
(0.740967 0.0126509 3.87956e-20)
(0.735307 0.0149743 -3.43518e-20)
(0.728655 0.0177054 1.83105e-20)
(0.720835 0.0209102 2.30556e-21)
(0.711655 0.0246756 3.96361e-20)
(0.700878 0.0290858 -3.83182e-20)
(0.688276 0.0343174 0)
(0.673419 0.040303 2.36008e-21)
(0.656455 0.0481581 0)
(0.788561 0.00529039 -7.05074e-21)
(0.788274 0.00535792 -5.40876e-24)
(0.787353 0.00562537 8.92466e-21)
(0.786056 0.00614738 -4.40524e-21)
(0.784614 0.006921 -1.11367e-20)
(0.783012 0.00794654 -2.23562e-21)
(0.781139 0.00924331 -2.24164e-21)
(0.778891 0.0108408 -2.24432e-21)
(0.776168 0.0127773 3.16384e-20)
(0.77291 0.015074 2.46841e-22)
(0.769074 0.0178238 -4.0627e-20)
(0.764557 0.0210975 -2.27355e-21)
(0.759227 0.0249608 -4.55899e-21)
(0.752945 0.0295007 0)
(0.745549 0.0348238 -4.15752e-20)
(0.736874 0.0410759 3.22094e-20)
(0.726675 0.0483882 0)
(0.714837 0.0570734 -2.3325e-21)
(0.700723 0.0669531 -2.36423e-21)
(0.685611 0.0800072 -2.36291e-21)
(0.819412 0.00728295 2.31166e-21)
(0.819239 0.00739803 6.56671e-21)
(0.818574 0.00779034 0)
(0.817569 0.00853415 -1.9844e-20)
(0.816403 0.00962773 1.75941e-20)
(0.815068 0.0110715 1.99547e-20)
(0.813468 0.0128879 -1.32581e-20)
(0.811508 0.0151209 2.22567e-21)
(0.809066 0.0178099 -2.91252e-20)
(0.806131 0.0210453 -2.3311e-22)
(0.802699 0.0249106 3.36012e-20)
(0.798627 0.0294922 -3.62287e-20)
(0.793785 0.0348852 -3.43871e-20)
(0.788053 0.0412162 7.71073e-20)
(0.781293 0.0486279 2.29271e-21)
(0.77338 0.0573314 6.88881e-21)
(0.764059 0.0674835 -7.43755e-20)
(0.753392 0.0795741 1.63968e-21)
(0.740425 0.0931886 -7.25261e-22)
(0.727988 0.111406 7.74737e-20)
(0.858834 0.00916362 4.54013e-21)
(0.858768 0.00933162 -1.71863e-20)
(0.858379 0.00984571 8.59569e-21)
(0.857701 0.0108089 4.32593e-21)
(0.856841 0.0122262 0)
(0.855793 0.014096 0)
(0.854486 0.0164426 -4.37791e-21)
(0.852821 0.0193338 0)
(0.850751 0.0227563 -4.4157e-21)
(0.848295 0.0269088 0)
(0.845362 0.0318757 4.45711e-21)
(0.841827 0.0377474 -7.17638e-20)
(0.837592 0.0446384 -4.73741e-22)
(0.832571 0.0527204 -5.02074e-21)
(0.82665 0.062161 7.2389e-20)
(0.819756 0.0732543 -4.58256e-21)
(0.811628 0.0861338 4.56323e-21)
(0.802546 0.101553 -7.4174e-20)
(0.791179 0.118636 7.86609e-20)
(0.782115 0.141984 1.49664e-19)
(0.905559 0.0108182 4.42757e-21)
(0.905564 0.0110608 -4.18363e-21)
(0.90543 0.0117132 -4.21227e-21)
(0.905076 0.0129004 -4.23238e-21)
(0.904525 0.0146388 -3.4138e-20)
(0.903769 0.0169155 6.41841e-20)
(0.902784 0.0197743 -3.86146e-20)
(0.901404 0.0232173 0)
(0.899705 0.0274556 -4.33821e-21)
(0.897772 0.0325572 -4.35966e-21)
(0.895408 0.0385974 -4.38134e-21)
(0.892492 0.0457126 6.64898e-20)
(0.888982 0.0540384 -1.4662e-19)
(0.884824 0.0638051 7.13015e-20)
(0.879948 0.0751742 0)
(0.874325 0.0885727 -4.48848e-21)
(0.867718 0.104015 -1.54862e-19)
(0.860624 0.12269 1.45794e-19)
(0.851376 0.142871 -4.62881e-21)
(0.846236 0.171339 0)
(0.958264 0.0120889 4.29007e-21)
(0.958287 0.0124482 -1.22753e-20)
(0.958336 0.0132828 4.03643e-21)
(0.958244 0.0147171 2.476e-20)
(0.957928 0.0167831 4.15537e-21)
(0.95741 0.0194318 -2.52043e-20)
(0.956587 0.0227292 4.0663e-21)
(0.955571 0.0268237 3.38776e-20)
(0.954469 0.0318519 8.54217e-21)
(0.953035 0.0378538 7.32662e-20)
(0.9512 0.0449012 -6.04481e-20)
(0.94893 0.0531895 -6.11437e-20)
(0.94624 0.062848 7.44024e-20)
(0.943078 0.0742023 4.38453e-21)
(0.939456 0.0873287 4.40539e-21)
(0.935357 0.102881 8.91516e-21)
(0.930651 0.120556 8.95677e-21)
(0.925936 0.142296 -4.44452e-21)
(0.919392 0.165031 0)
(0.918412 0.198609 1.43619e-19)
(1.01561 0.0129191 -1.24748e-20)
(1.01563 0.0134484 -1.52051e-23)
(1.01577 0.014502 -3.98485e-21)
(1.01583 0.0161579 -3.62468e-20)
(1.01562 0.0184672 2.42578e-20)
(1.01516 0.0215574 -4.09301e-21)
(1.01466 0.0254122 0)
(1.01412 0.030202 0)
(1.01337 0.0359056 -8.37323e-21)
(1.01233 0.0426681 -4.20491e-21)
(1.01105 0.0505839 -4.26886e-21)
(1.00949 0.0599337 -4.30367e-21)
(1.00773 0.0707664 0)
(1.00567 0.0835995 -8.68255e-21)
(1.0035 0.0982771 -4.4019e-21)
(1.0011 0.115919 -8.77509e-21)
(0.998652 0.135409 -4.45471e-21)
(0.996696 0.160016 -1.36575e-19)
(0.993574 0.184057 1.41687e-19)
(0.997445 0.222332 0)
(1.07659 0.0131184 0)
(1.07649 0.013856 3.82482e-21)
(1.07649 0.0152752 1.93552e-21)
(1.07645 0.0173045 0)
(1.07634 0.0199716 3.55102e-20)
(1.07615 0.0234491 -3.17813e-20)
(1.07586 0.0278131 6.63808e-20)
(1.07547 0.0330842 -6.48222e-20)
(1.07501 0.0393158 6.14876e-21)
(1.07439 0.0467551 2.09142e-21)
(1.07375 0.0554205 0)
(1.07294 0.0657203 0)
(1.0723 0.0774723 0)
(1.07149 0.0915508 1.40784e-19)
(1.07114 0.107195 -2.74626e-19)
(1.07057 0.126654 4.90132e-21)
(1.0708 0.14731 1.38614e-19)
(1.07144 0.175595 0)
(1.07211 0.201298 0)
(1.08153 0.246765 1.35972e-19)
(1.13968 0.0135991 0)
(1.13984 0.0143946 -1.47569e-20)
(1.13989 0.0159411 -1.31025e-20)
(1.13976 0.018178 3.01416e-20)
(1.13958 0.0211149 3.05751e-20)
(1.13937 0.0248168 -9.27302e-20)
(1.13922 0.0293664 6.04974e-20)
(1.13904 0.0349351 0)
(1.139 0.0415229 -2.00529e-21)
(1.13888 0.0494359 -6.25904e-20)
(1.13907 0.0585486 1.30496e-19)
(1.13912 0.0694766 -6.58884e-20)
(1.13992 0.0816715 0)
(1.14044 0.096555 -1.33431e-19)
(1.14265 0.112367 2.68727e-19)
(1.14431 0.132745 -1.35311e-19)
(1.14949 0.152425 0)
(1.15434 0.181923 -1.32544e-19)
(1.16316 0.204555 1.33929e-19)
(1.18195 0.256737 -2.07887e-21)
(1.20448 0.0138052 0)
(1.20436 0.0145944 0)
(1.20416 0.0160926 0)
(1.20384 0.0182396 0)
(1.20353 0.0210487 0)
(1.20326 0.0246749 0)
(1.2032 0.0291854 0)
(1.20315 0.0348124 0)
(1.20343 0.0414873 0)
(1.2036 0.0496392 0)
(1.20452 0.0589533 0)
(1.20505 0.0704209 0)
(1.20734 0.0829373 0)
(1.2084 0.0990205 0)
(1.21372 0.115123 0)
(1.21533 0.138367 0)
(1.22782 0.157113 0)
(1.22907 0.193742 0)
(1.26127 0.208469 0)
(1.25752 0.277002 0)
(1.27135 0.0136004 0)
(1.2714 0.0144797 0)
(1.27125 0.0161207 0)
(1.27087 0.018313 0)
(1.27063 0.0210632 0)
(1.27053 0.0245963 0)
(1.27079 0.0289623 0)
(1.27107 0.0344334 0)
(1.27189 0.0408561 0)
(1.2725 0.0487554 0)
(1.27429 0.057596 0)
(1.27535 0.0686216 0)
(1.27911 0.080204 0)
(1.2806 0.095499 0)
(1.28854 0.109762 0)
(1.28994 0.131407 0)
(1.30715 0.146867 0)
(1.30614 0.178723 0)
(1.34388 0.189613 0)
(1.33186 0.23573 0)
(1.34159 0.0146145 0)
(1.34199 0.0153427 0)
(1.34199 0.0166921 0)
(1.34161 0.018607 0)
(1.34146 0.0211104 0)
(1.34155 0.0244248 0)
(1.34215 0.0285497 0)
(1.34274 0.0337689 0)
(1.34408 0.0398522 0)
(1.34509 0.0473684 0)
(1.34766 0.0556438 0)
(1.34914 0.0660049 0)
(1.35407 0.0766145 0)
(1.35589 0.0906617 0)
(1.36547 0.103321 0)
(1.36682 0.122349 0)
(1.38581 0.135568 0)
(1.38376 0.161283 0)
(1.4212 0.170827 0)
(1.40749 0.204389 0)
(1.4159 0.0158293 0)
(1.41603 0.0163917 0)
(1.41586 0.0173446 0)
(1.41544 0.0188501 0)
(1.4154 0.0209973 0)
(1.41565 0.0240056 0)
(1.41655 0.0278214 0)
(1.41741 0.0327194 0)
(1.41919 0.0384128 0)
(1.42052 0.0454728 0)
(1.42373 0.0531668 0)
(1.42556 0.0627873 0)
(1.43133 0.0725038 0)
(1.43342 0.0852496 0)
(1.44398 0.0966048 0)
(1.44528 0.11321 0)
(1.46488 0.12485 0)
(1.46223 0.146158 0)
(1.49873 0.154952 0)
(1.48419 0.181982 0)
(1.49239 0.0162854 0)
(1.49229 0.0168581 0)
(1.4919 0.0176411 0)
(1.49141 0.0188349 0)
(1.4915 0.0206327 0)
(1.49192 0.0233104 0)
(1.49311 0.0267912 0)
(1.4942 0.0313311 0)
(1.49636 0.0366026 0)
(1.49794 0.0431556 0)
(1.50165 0.0502448 0)
(1.50372 0.0590818 0)
(1.51011 0.0679253 0)
(1.51233 0.0794031 0)
(1.52348 0.089561 0)
(1.52467 0.104092 0)
(1.54442 0.114344 0)
(1.54133 0.132456 0)
(1.57669 0.140241 0)
(1.56162 0.162837 0)
(1.57031 0.0169845 0)
(1.57001 0.0175386 0)
(1.56927 0.0180539 0)
(1.56866 0.0188205 0)
(1.56888 0.0201666 0)
(1.56951 0.0224386 0)
(1.57099 0.0255397 0)
(1.57229 0.0296855 0)
(1.57476 0.0345089 0)
(1.57652 0.040522 0)
(1.5806 0.0469902 0)
(1.58282 0.0550332 0)
(1.58962 0.0630206 0)
(1.59188 0.0733023 0)
(1.60332 0.082337 0)
(1.60435 0.095078 0)
(1.6239 0.104051 0)
(1.62052 0.119594 0)
(1.65438 0.126305 0)
(1.63933 0.145378 0)
(1.64982 0.0179108 0)
(1.64898 0.0184352 0)
(1.64759 0.0185776 0)
(1.6467 0.0187867 0)
(1.64704 0.0195809 0)
(1.64789 0.0213899 0)
(1.64963 0.0240894 0)
(1.65107 0.0278293 0)
(1.65375 0.0321989 0)
(1.6556 0.0376635 0)
(1.65991 0.0435141 0)
(1.66218 0.0507803 0)
(1.66919 0.0579478 0)
(1.67141 0.0671208 0)
(1.68286 0.0751202 0)
(1.68374 0.0862932 0)
(1.70276 0.0941147 0)
(1.69926 0.107494 0)
(1.73127 0.113263 0)
(1.7168 0.129442 0)
(1.73022 0.0188085 0)
(1.72863 0.0193476 0)
(1.72626 0.0191089 0)
(1.72493 0.0186956 0)
(1.72537 0.0188803 0)
(1.72646 0.0202033 0)
(1.72844 0.0225061 0)
(1.72995 0.0258476 0)
(1.73272 0.029772 0)
(1.73455 0.034694 0)
(1.73894 0.0399445 0)
(1.74118 0.0464646 0)
(1.7482 0.0528616 0)
(1.75031 0.0610115 0)
(1.76152 0.0680706 0)
(1.76228 0.0778519 0)
(1.78044 0.0846643 0)
(1.77703 0.0961903 0)
(1.80688 0.101187 0)
(1.79345 0.114934 0)
(1.81074 0.0197417 0)
(1.80814 0.0203029 0)
(1.80439 0.0196395 0)
(1.80245 0.0185398 0)
(1.80299 0.0180942 0)
(1.80439 0.0189507 0)
(1.8066 0.0208884 0)
(1.80813 0.023851 0)
(1.81087 0.0273447 0)
(1.8126 0.0317363 0)
(1.81692 0.0364121 0)
(1.81906 0.042222 0)
(1.8259 0.0479025 0)
(1.8279 0.0551069 0)
(1.83863 0.0613182 0)
(1.83932 0.0698526 0)
(1.85637 0.07579 0)
(1.85324 0.0857041 0)
(1.88067 0.0900649 0)
(1.86865 0.101725 0)
(1.88951 0.0210913 0)
(1.88573 0.0214777 0)
(1.88032 0.0201036 0)
(1.87773 0.0181715 0)
(1.87853 0.017126 0)
(1.88038 0.0176111 0)
(1.88285 0.0192651 0)
(1.88439 0.0218927 0)
(1.88701 0.0249848 0)
(1.88861 0.0288708 0)
(1.89277 0.033009 0)
(1.8948 0.0381517 0)
(1.90134 0.0431731 0)
(1.90323 0.0495037 0)
(1.91331 0.0549528 0)
(1.91402 0.0623628 0)
(1.92975 0.0675387 0)
(1.92711 0.0760336 0)
(1.95193 0.0798584 0)
(1.94162 0.0897089 0)
(1.96371 0.02385 0)
(1.95853 0.0234521 0)
(1.95141 0.0206424 0)
(1.94854 0.0175541 0)
(1.95005 0.0159232 0)
(1.95265 0.0161533 0)
(1.95548 0.0176167 0)
(1.95706 0.0199581 0)
(1.95957 0.0226854 0)
(1.96109 0.0261039 0)
(1.96507 0.0297544 0)
(1.96706 0.034283 0)
(1.97322 0.0387064 0)
(1.9751 0.0442347 0)
(1.98442 0.0490003 0)
(1.98531 0.055396 0)
(1.99958 0.0599037 0)
(1.99765 0.067144 0)
(2.01972 0.0705039 0)
(2.01143 0.0787847 0)
(2.03083 0.0268972 0)
(2.02351 0.0252291 0)
(2.01481 0.0206509 0)
(2.01252 0.016415 0)
(2.01547 0.0143847 0)
(2.01921 0.0145268 0)
(2.02255 0.0158896 0)
(2.02428 0.017985 0)
(2.02674 0.0203847 0)
(2.02832 0.023382 0)
(2.03219 0.026601 0)
(2.03427 0.0305731 0)
(2.04007 0.034459 0)
(2.04209 0.0392568 0)
(2.05063 0.0434116 0)
(2.05188 0.0488978 0)
(2.06465 0.052816 0)
(2.06367 0.058952 0)
(2.08295 0.0618998 0)
(2.07693 0.0688269 0)
(2.08817 0.0254923 0)
(2.07836 0.0229727 0)
(2.06866 0.0178519 0)
(2.06798 0.0136826 0)
(2.07312 0.0120415 0)
(2.07838 0.0124776 0)
(2.08235 0.013894 0)
(2.08438 0.0158197 0)
(2.08693 0.0179612 0)
(2.08877 0.0206091 0)
(2.09264 0.0234625 0)
(2.09499 0.0269385 0)
(2.10049 0.030343 0)
(2.10282 0.0344813 0)
(2.1106 0.038092 0)
(2.11241 0.0427697 0)
(2.12369 0.0461674 0)
(2.12388 0.0513374 0)
(2.1404 0.0539173 0)
(2.13684 0.0596825 0)
(2.13424 0.0162389 0)
(2.12309 0.0139556 0)
(2.11378 0.01039 0)
(2.11545 0.00824328 0)
(2.12297 0.00816157 0)
(2.1297 0.00942472 0)
(2.13427 0.0111311 0)
(2.13668 0.0130578 0)
(2.13942 0.0151098 0)
(2.14165 0.0175604 0)
(2.14554 0.0201618 0)
(2.14824 0.0232338 0)
(2.15342 0.0262296 0)
(2.15614 0.0297951 0)
(2.16314 0.0329331 0)
(2.16562 0.0369064 0)
(2.17537 0.0398488 0)
(2.17686 0.0441809 0)
(2.19066 0.0464341 0)
(2.18967 0.0512006 0)
(2.17572 0.000478877 0)
(2.16452 7.27374e-05 0)
(2.15653 -0.000165733 0)
(2.16008 0.000845614 0)
(2.16873 0.00294731 0)
(2.17576 0.00524726 0)
(2.18012 0.00734834 0)
(2.18239 0.00945772 0)
(2.18489 0.0116492 0)
(2.18711 0.0141127 0)
(2.19063 0.0166126 0)
(2.19334 0.019404 0)
(2.19789 0.0220822 0)
(2.20081 0.0251784 0)
(2.20683 0.0279149 0)
(2.20987 0.0312871 0)
(2.21803 0.0338248 0)
(2.22075 0.0374309 0)
(2.23189 0.0393822 0)
(2.23343 0.0432805 0)
(2.22532 -0.0220439 0)
(2.21334 -0.0175273 0)
(2.20423 -0.010271 0)
(2.20635 -0.00361869 0)
(2.21287 0.000604794 0)
(2.21753 0.00314596 0)
(2.21981 0.00500453 0)
(2.22065 0.0069935 0)
(2.22181 0.00917503 0)
(2.22306 0.0115431 0)
(2.2254 0.0138293 0)
(2.22751 0.0162588 0)
(2.23102 0.0185409 0)
(2.23379 0.0211328 0)
(2.23868 0.0234123 0)
(2.24209 0.026185 0)
(2.24875 0.02827 0)
(2.25259 0.0311888 0)
(2.26142 0.0327827 0)
(2.26528 0.0358913 0)
(2.26647 -0.0526124 0)
(2.25496 -0.0451595 0)
(2.24267 -0.0255845 0)
(2.23756 -0.00813915 0)
(2.23717 0.000756282 0)
(2.23787 0.00378162 0)
(2.23825 0.00509398 0)
(2.23826 0.0066282 0)
(2.2387 0.0084652 0)
(2.23947 0.0104226 0)
(2.24123 0.0122192 0)
(2.24327 0.0140769 0)
(2.24645 0.0157791 0)
(2.24961 0.0177306 0)
(2.25418 0.0194123 0)
(2.25836 0.0215058 0)
(2.26442 0.0230277 0)
(2.26952 0.0252398 0)
(2.27718 0.0263724 0)
(2.2831 0.0287348 0)
(2.2229 -0.0356531 0)
(2.23242 -0.0329359 0)
(2.23532 -0.0198037 0)
(2.22869 -0.00671715 0)
(2.22265 0.000774423 0)
(2.22171 0.00367092 0)
(2.22429 0.00487754 0)
(2.22753 0.00596067 0)
(2.23067 0.00715655 0)
(2.23368 0.00845451 0)
(2.23721 0.00966142 0)
(2.24105 0.0109397 0)
(2.24562 0.0120888 0)
(2.25037 0.0134342 0)
(2.25595 0.0145582 0)
(2.26157 0.0160178 0)
(2.26823 0.0170243 0)
(2.27477 0.0185876 0)
(2.28258 0.0193021 0)
(2.29008 0.0209854 0)
(2.21076 0.0311641 0)
(2.22175 0.026277 0)
(2.22774 0.0121428 0)
(2.22378 0.00144721 0)
(2.21908 -0.00145392 0)
(2.21863 -0.000104847 0)
(2.22153 0.00158966 0)
(2.22542 0.00259931 0)
(2.22933 0.00325383 0)
(2.23317 0.00400082 0)
(2.23735 0.00481999 0)
(2.24187 0.00574115 0)
(2.24693 0.00656499 0)
(2.25231 0.0074938 0)
(2.25827 0.00825535 0)
(2.2645 0.00922366 0)
(2.27142 0.0098843 0)
(2.27854 0.0108971 0)
(2.28648 0.0113523 0)
(2.29457 0.0124112 0)
(2.25831 0.0318552 0)
(2.24775 0.0276859 0)
(2.23983 0.0138124 0)
(2.24014 0.00236069 0)
(2.24249 -0.00173779 0)
(2.24316 -0.00147177 0)
(2.24291 -0.000446161 0)
(2.24314 0.000104392 0)
(2.24433 0.000350506 0)
(2.24626 0.000630152 0)
(2.24884 0.0009806 0)
(2.25198 0.00138178 0)
(2.25581 0.00173931 0)
(2.26022 0.00212059 0)
(2.26532 0.00243156 0)
(2.27094 0.00280701 0)
(2.27724 0.00306668 0)
(2.28399 0.00344471 0)
(2.29145 0.00362004 0)
(2.29934 0.00400243 0)
(1.34092 0.261412 -1.64158e-21)
(1.42218 0.249111 -9.73687e-20)
(1.49775 0.243078 0)
(1.57183 0.237817 -7.70665e-20)
(1.64359 0.231229 0)
(1.70862 0.223687 -5.43674e-20)
(1.76625 0.214776 2.31586e-20)
(1.81594 0.204123 -6.24403e-22)
(1.85786 0.192331 0)
(1.89154 0.177777 0)
(1.4064 0.227402 1.06746e-19)
(1.48864 0.220992 0)
(1.56425 0.219159 8.47322e-20)
(1.63269 0.217606 0)
(1.69856 0.212767 -1.88433e-21)
(1.75806 0.20571 2.94648e-20)
(1.81092 0.196802 3.58797e-22)
(1.85574 0.186635 -5.08981e-22)
(1.89353 0.17471 5.08233e-22)
(1.92327 0.161634 1.38415e-21)
(1.47586 0.203077 -1.05622e-19)
(1.55313 0.199947 0)
(1.62737 0.197169 -8.18904e-20)
(1.69195 0.194948 -2.45663e-21)
(1.75315 0.190368 6.45451e-20)
(1.80816 0.183705 -2.76355e-20)
(1.85794 0.175418 1.04722e-21)
(1.89853 0.166553 -6.6107e-22)
(1.93376 0.155849 0)
(1.95962 0.145121 -2.91438e-21)
(1.5483 0.182243 0)
(1.62012 0.180247 9.10344e-20)
(1.69156 0.17709 -2.42284e-21)
(1.75274 0.174531 4.56164e-21)
(1.80933 0.170792 -6.85669e-20)
(1.85929 0.165031 1.87545e-21)
(1.90593 0.157544 -2.34939e-20)
(1.94239 0.149538 0)
(1.97592 0.140128 -8.46067e-21)
(1.9977 0.130708 1.75641e-21)
(1.62195 0.163204 -9.7031e-20)
(1.68822 0.162024 1.21099e-21)
(1.75544 0.159195 -5.03575e-21)
(1.81321 0.156343 4.50012e-21)
(1.86563 0.153041 -2.12146e-21)
(1.91084 0.14802 -1.62848e-21)
(1.95427 0.141422 2.32367e-21)
(1.98699 0.134093 9.02647e-21)
(2.01896 0.125924 8.85559e-21)
(2.03712 0.117445 0)
(1.69586 0.145798 1.90185e-19)
(1.75675 0.145193 -1.75255e-19)
(1.81905 0.142875 -2.34368e-21)
(1.87315 0.139939 2.34621e-21)
(1.92163 0.136899 0)
(1.96257 0.132518 2.81569e-20)
(2.00245 0.126873 7.09329e-22)
(2.032 0.120153 -1.16576e-20)
(2.06198 0.113126 6.03284e-22)
(2.07765 0.10535 -1.86355e-21)
(1.76932 0.12997 -9.31898e-20)
(1.82496 0.129772 8.88866e-20)
(1.88201 0.127972 -4.87119e-21)
(1.93214 0.125176 2.31865e-21)
(1.97674 0.122321 3.1568e-20)
(2.01387 0.118458 -1.59821e-21)
(2.05002 0.113663 2.66083e-20)
(2.07691 0.107588 0)
(2.10441 0.101501 4.64454e-21)
(2.11868 0.0944113 1.87275e-21)
(1.84172 0.115577 0)
(1.89218 0.115673 0)
(1.94386 0.114327 0)
(1.98977 0.111809 3.67611e-20)
(2.03051 0.109128 -6.5113e-20)
(2.06416 0.105695 5.30919e-23)
(2.09661 0.101592 -1.16603e-20)
(2.12111 0.0962185 -1.37596e-21)
(2.14593 0.0908668 -8.81903e-21)
(2.15935 0.0845267 0)
(1.91242 0.102475 -4.3381e-20)
(1.95774 0.102799 0)
(2.00405 0.101841 -2.25369e-21)
(2.04556 0.0996617 -3.02991e-20)
(2.08247 0.0971768 2.93966e-20)
(2.11281 0.0941126 -2.84096e-20)
(2.14176 0.0905557 -1.26642e-20)
(2.16395 0.0858841 -6.54155e-22)
(2.18622 0.0811294 1.04008e-20)
(2.19884 0.0755558 0)
(1.98071 0.09055 8.52769e-20)
(2.0209 0.0910519 0)
(2.06192 0.0904193 -2.22853e-21)
(2.09896 0.0885843 -2.99179e-20)
(2.13205 0.0863193 -2.06216e-21)
(2.1592 0.0835761 1.68983e-21)
(2.18492 0.0804593 1.19498e-20)
(2.20482 0.0764336 -1.29183e-20)
(2.22478 0.07221 -4.57308e-21)
(2.23648 0.0673533 2.92124e-22)
(2.0457 0.0796889 -4.0649e-20)
(2.08084 0.0803176 1.09654e-21)
(2.11668 0.079951 -2.40631e-21)
(2.14927 0.0784365 3.61779e-20)
(2.1786 0.0764073 -2.05603e-21)
(2.20266 0.0739485 0)
(2.2254 0.0712044 8.05283e-23)
(2.24309 0.0677419 -1.36037e-22)
(2.26097 0.0640232 -5.17062e-21)
(2.2717 0.0598022 0)
(2.10639 0.0697573 -1.23319e-21)
(2.13659 0.0704647 3.59077e-21)
(2.16743 0.0703093 -4.55779e-21)
(2.19567 0.0690811 4.2398e-21)
(2.22131 0.0672936 -2.05094e-21)
(2.24243 0.0650941 -1.70883e-21)
(2.2624 0.0626802 -1.05537e-20)
(2.27803 0.0597 1.02443e-20)
(2.29401 0.0564687 1.11684e-20)
(2.30385 0.0528067 0)
(2.16156 0.0606067 0)
(2.18702 0.0613539 -3.80629e-20)
(2.21307 0.0613621 0)
(2.23714 0.0603835 1.6823e-20)
(2.25922 0.0588342 0)
(2.27757 0.0568774 0)
(2.29501 0.0547644 7.82579e-22)
(2.30881 0.0522008 -7.89197e-22)
(2.32307 0.0494335 -5.30091e-21)
(2.33219 0.0462728 0)
(2.2098 0.0521011 3.77436e-20)
(2.23072 0.0528574 3.90233e-20)
(2.25226 0.0529818 0)
(2.27241 0.0522108 1.96068e-21)
(2.29117 0.0508835 -1.76683e-20)
(2.30702 0.0491556 -1.72576e-21)
(2.32222 0.047319 -4.91492e-21)
(2.33451 0.045123 -7.14886e-22)
(2.3473 0.0427888 -2.00887e-21)
(2.35594 0.0400896 0)
(2.24916 0.0441396 -5.76773e-20)
(2.26588 0.0448605 -1.85007e-20)
(2.28337 0.0450349 -2.12644e-21)
(2.30007 0.0444126 -1.25365e-20)
(2.31597 0.0432742 2.92061e-20)
(2.32978 0.0417585 0)
(2.34319 0.0401752 7.47864e-21)
(2.3544 0.0383119 -8.04621e-22)
(2.36606 0.0363776 2.74145e-21)
(2.37451 0.0341152 6.17483e-22)
(2.27727 0.036624 1.8943e-20)
(2.29058 0.0372076 2.05921e-20)
(2.30492 0.037329 1.31221e-20)
(2.31908 0.0367774 2.16089e-21)
(2.33293 0.0357851 -1.56205e-20)
(2.34541 0.034467 0)
(2.35768 0.0331218 6.74337e-21)
(2.36836 0.0315729 -3.82023e-21)
(2.37933 0.0300121 7.37187e-22)
(2.38791 0.0281766 -6.20672e-22)
(2.29293 0.0292018 1.85575e-20)
(2.30441 0.0295303 0)
(2.3171 0.0295107 -1.95259e-20)
(2.32998 0.028984 1.24059e-20)
(2.34285 0.0281308 -2.03427e-21)
(2.35485 0.0270316 1.74535e-21)
(2.36667 0.0259412 -7.7316e-21)
(2.3773 0.0247169 -1.56502e-21)
(2.388 0.0235215 7.44388e-22)
(2.39692 0.0221144 0)
(2.29959 0.0211905 -8.10641e-21)
(2.31083 0.021285 1.01277e-21)
(2.32319 0.0211563 -2.2345e-21)
(2.33584 0.0207079 1.96675e-21)
(2.3485 0.020066 -2.03161e-21)
(2.36052 0.0192697 3.65741e-21)
(2.37226 0.0185029 0)
(2.38307 0.0176544 3.1244e-21)
(2.39368 0.0168479 -1.42486e-21)
(2.40295 0.0158814 3.2069e-22)
(2.30417 0.0125036 -9.07403e-21)
(2.31545 0.0124746 2.14772e-21)
(2.32773 0.0123038 4.50824e-25)
(2.34028 0.0119816 -6.08884e-21)
(2.35279 0.011598 -1.94667e-21)
(2.36478 0.0111646 -7.24547e-21)
(2.37639 0.0107772 2.59944e-21)
(2.38724 0.0103638 -3.9915e-23)
(2.39769 0.00998474 1.43183e-21)
(2.40712 0.00952092 -3.22371e-22)
(2.30852 0.00402621 0)
(2.31943 0.00391478 0)
(2.33137 0.00371174 -6.35855e-21)
(2.34366 0.00347053 2.13627e-21)
(2.35592 0.00325692 1.95699e-21)
(2.36772 0.00308759 1.84345e-21)
(2.37912 0.00298963 8.2003e-22)
(2.38985 0.00293402 -2.3821e-21)
(2.40012 0.00292187 7.63235e-22)
(2.40951 0.00291444 0)
)
;

boundaryField
{
    bottom
    {
        type            symmetryPlane;
    }
    right
    {
        type            zeroGradient;
    }
    top
    {
        type            symmetryPlane;
    }
    left
    {
        type            zeroGradient;
    }
    cylinder
    {
        type            noSlip;
    }
    defaultFaces
    {
        type            empty;
    }
}


// ************************************************************************* //
