/*--------------------------------*- C++ -*----------------------------------*\
| =========                 |                                                 |
| \\      /  F ield         | OpenFOAM: The Open Source CFD Toolbox           |
|  \\    /   O peration     | Version:  4.1                                   |
|   \\  /    A nd           | Web:      www.OpenFOAM.org                      |
|    \\/     M anipulation  |                                                 |
\*---------------------------------------------------------------------------*/
FoamFile
{
    version     2.0;
    format      ascii;
    class       surfaceScalarField;
    location    "8.2";
    object      phi;
}
// * * * * * * * * * * * * * * * * * * * * * * * * * * * * * * * * * * * * * //

dimensions      [0 3 -1 0 0 0 0];

internalField   nonuniform List<scalar> 
3890
(
0.000277573
0.00260188
-0.00287945
0.00237524
0.000991168
-0.00308884
0.0071882
-0.00525977
0.000446815
0.0151689
-0.0147812
0.00680056
0.0260307
-0.0259733
0.0151115
0.0388409
-0.0371996
0.0243894
0.0523968
-0.0472184
0.0336625
0.0657287
-0.0554848
0.0421529
0.0779783
-0.0618846
0.049635
-0.0660744
0.0559336
0.0881191
0.000572597
0.00202928
0.00375356
-0.00218979
0.01049
-0.0119962
0.0207297
-0.025021
0.0333081
-0.0385516
0.0466181
-0.0505096
0.0593153
-0.0599156
0.0705627
-0.0667323
0.0798976
-0.0712196
-0.0741175
0.0879408
0.00100096
0.00102832
0.00554961
-0.00673844
0.0142987
-0.0207453
0.0261607
-0.036883
0.0390605
-0.0514514
0.0512056
-0.0626547
0.0616242
-0.0703341
0.0700581
-0.0751662
0.0768556
-0.078017
-0.0797911
0.0825292
0.00155898
-0.000530654
0.00764785
-0.0128273
0.018034
-0.0311314
0.0303315
-0.0491806
0.0420898
-0.0632097
0.0519857
-0.0725506
0.0597705
-0.0781189
0.0658275
-0.0812232
0.0707452
-0.0829347
-0.0840299
0.0749839
0.00223304
-0.0027637
0.00980385
-0.0203981
0.0209733
-0.0423009
0.0324385
-0.0606458
0.0421467
-0.0729179
0.0495917
-0.0799956
0.0551584
-0.0836855
0.05949
-0.0855549
0.0631628
-0.0866075
-0.0874596
0.0665925
0.00299146
-0.00575516
0.0116616
-0.0290683
0.0225649
-0.0532042
0.0323405
-0.0704214
0.0397823
-0.0803596
0.0450966
-0.08531
0.0489761
-0.087565
0.0520764
-0.0886552
0.0548596
-0.0893908
-0.0901024
0.0575024
0.00375129
-0.00950645
0.0128741
-0.0381911
0.0226555
-0.0629856
0.0304087
-0.0781746
0.0357682
-0.0857191
0.0393668
-0.0889086
0.0419661
-0.0901643
0.0441184
-0.0908074
0.046117
-0.0913894
-0.0920643
0.0480789
0.00438801
-0.0138945
0.0132378
-0.0470408
0.0214188
-0.0711665
0.0271696
-0.0839255
0.0307512
-0.0893007
0.0329847
-0.0911421
0.0345648
-0.0917444
0.0358975
-0.0921401
0.0371639
-0.0926558
-0.0933063
0.0384058
0.0047798
-0.0186743
0.0127459
-0.0550069
0.0191678
-0.0775885
0.0231001
-0.0878578
0.0252002
-0.0914008
0.0263179
-0.0922598
0.0270224
-0.092449
0.0275916
-0.0927092
0.0281158
-0.09318
-0.093806
0.0286154
0.00485657
-0.0235308
0.0115715
-0.0617218
0.0162389
-0.0822559
0.0185755
-0.0901944
0.0194343
-0.0922596
0.0195954
-0.0924209
0.0194957
-0.0923493
0.0193137
-0.0925272
0.0190962
-0.0929625
0.0188438
-0.0935536
-0.000970583
0.000970583
-0.00282916
0.00185858
-0.00510485
0.00227569
-0.00756808
0.00246323
-0.0101045
0.00253642
-0.01266
0.00255549
-0.0152133
0.00255329
-0.0177628
0.00254954
-0.0203262
0.00256336
0.00262278
-0.022949
-0.000852445
0.00182303
-0.00250286
0.003509
-0.00452274
0.00429557
-0.00668036
0.00462084
-0.00884907
0.00470513
-0.0109579
0.00466437
-0.0129672
0.00456258
-0.0148587
0.00444102
-0.0166316
0.00433619
0.00432035
-0.0183291
-0.000645872
0.0024689
-0.00193236
0.00479549
-0.00349194
0.00585514
-0.00510104
0.00622995
-0.00661909
0.00622318
-0.00795061
0.00599589
-0.00902516
0.00563713
-0.00979528
0.00521114
-0.0102317
0.00477265
0.00438766
-0.010299
-0.00040658
0.00287548
-0.0012471
0.00563601
-0.00222798
0.00683602
-0.00314177
0.00714374
-0.00384046
0.00692187
-0.00420947
0.00636489
-0.00414749
0.00557515
-0.00355905
0.00462271
-0.00236961
0.0035832
0.0026241
-0.00060605
-0.000190984
0.00306646
-0.00058786
0.00603289
-0.000959061
0.00720722
-0.00111549
0.00730016
-0.000904784
0.00671117
-0.00019821
0.00565832
0.00112791
0.00424903
0.00319385
0.00255678
0.00610543
0.000671621
-0.0014242
0.0101537
-4.12352e-05
0.0031077
-5.64951e-05
0.00604815
0.000147874
0.00700285
0.000769504
0.00667853
0.00197817
0.00550251
0.00392984
0.00370665
0.00677463
0.00140423
0.0106551
-0.00132372
0.0155794
-0.0042526
-0.00807561
0.0222308
2.8354e-05
0.00307934
0.000301928
0.00577457
0.00105234
0.00625244
0.00250587
0.00522501
0.00488852
0.00311985
0.0084056
0.000189572
0.0132399
-0.00343004
0.0195207
-0.00760459
0.0270311
-0.011763
-0.0177335
0.036689
4.07547e-05
0.00303859
0.000564762
0.00525056
0.00190042
0.00491678
0.00436475
0.00276068
0.00826531
-0.000780706
0.0138595
-0.00540458
0.0212501
-0.0108206
0.030405
-0.0167595
0.0409489
-0.0223068
-0.0300442
0.0532596
4.82171e-05
0.00299037
0.000882335
0.00441645
0.00299765
0.00280147
0.0068425
-0.00108417
0.0127743
-0.0067125
0.0209312
-0.0135615
0.031175
-0.0210645
0.0430587
-0.0286432
0.0562835
-0.0355316
-0.0435172
0.0697564
0.000110923
0.00143853
0.00468681
0.0104032
0.0188022
0.0296301
0.0422281
0.0557378
0.0698412
0.0822577
-0.0244765
0.00152752
-0.0259037
0.00142728
-0.0272048
0.00130109
-0.0283691
0.00116428
-0.0293845
0.00101536
-0.0302372
0.000852764
-0.0309126
0.00067536
-0.0313947
0.000482102
-0.031666
0.000271325
-0.0316983
3.23044e-05
-0.0315078
-0.000190569
-0.0310678
-0.000439964
-0.0303529
-0.000714884
-0.0293364
-0.0010165
-0.0279876
-0.00134885
-0.0262724
-0.00171513
-0.0241671
-0.00210535
-0.0216783
-0.00248873
-0.0188148
-0.00286351
-0.00325584
-0.0195505
0.0027489
-0.0206984
0.00257517
-0.0217381
0.00234074
-0.0226587
0.00208488
-0.0234468
0.00180354
-0.0240883
0.00149423
-0.0245675
0.00115459
-0.0248701
0.000784699
-0.02498
0.000381185
-0.0248848
-6.28756e-05
-0.0245859
-0.000489457
-0.0240613
-0.000964604
-0.0232968
-0.00147938
-0.0222778
-0.00203547
-0.0209889
-0.00263775
-0.0194121
-0.00329197
-0.0175247
-0.0039927
-0.0153123
-0.00470116
-0.0128028
-0.00537302
-0.00614221
-0.011018
0.00346789
-0.0116399
0.00319704
-0.0122127
0.00291351
-0.0126977
0.00256987
-0.0130819
0.00218782
-0.0133513
0.00176363
-0.0134832
0.00128643
-0.0134694
0.0007709
-0.0132834
0.000195202
-0.0129614
-0.000384833
-0.0124515
-0.000999392
-0.011753
-0.00166311
-0.0108604
-0.002372
-0.00977097
-0.00312487
-0.00848614
-0.00392258
-0.0070111
-0.00476701
-0.00534662
-0.00565718
-0.00345756
-0.00659021
-0.00131789
-0.00751269
-0.00813904
-0.000458333
0.00332017
-0.000495238
0.00323395
-0.000473005
0.00289128
-0.000394664
0.00249153
-0.000248371
0.00204153
-2.5649e-05
0.00154091
0.000274139
0.000986642
0.000692821
0.000352218
0.00120989
-0.000321869
0.00185269
-0.00102763
0.00264344
-0.00179014
0.00358366
-0.00260333
0.00467433
-0.00346268
0.00591202
-0.00436256
0.00728694
-0.0052975
0.0087819
-0.00626197
0.0103718
-0.00724709
0.0120355
-0.00825391
0.013732
-0.00920919
-0.0101625
0.0108266
0.0026473
0.0114726
0.00258795
0.0120867
0.00227722
0.0127419
0.00183627
0.0134358
0.00134761
0.0141746
0.000802134
0.015002
0.000159251
0.0158666
-0.000512373
0.0168054
-0.00126064
0.0178474
-0.00206968
0.0189943
-0.00293702
0.020248
-0.00385704
0.0216073
-0.00482202
0.0230656
-0.00582078
0.0246104
-0.0068423
0.026222
-0.00787359
0.0278678
-0.00889288
0.0295187
-0.00990482
0.0311189
-0.0108094
-0.0118306
0.0233818
0.00149623
0.0244967
0.00147309
0.0256011
0.00117279
0.0267448
0.000692613
0.0279367
0.000155709
0.0291556
-0.000416776
0.0303884
-0.00107358
0.0316874
-0.00181134
0.0330491
-0.00262231
0.0344793
-0.00349993
0.0359813
-0.004439
0.0375527
-0.00542846
0.0391891
-0.0064584
0.0408788
-0.00751044
0.0426074
-0.00857089
0.0443517
-0.00961789
0.0460826
-0.0106238
0.0477706
-0.0115928
0.0493604
-0.0123993
-0.0133363
0.0379544
0.000230801
0.0392573
0.000170166
0.0406395
-0.000209355
0.0420657
-0.000733576
0.0435264
-0.00130499
0.0450371
-0.0019275
0.0465995
-0.00263603
0.0482155
-0.00342728
0.0498848
-0.00429167
0.0516053
-0.00522035
0.0533734
-0.00620715
0.0551798
-0.00723489
0.0570149
-0.0082935
0.0588599
-0.00935547
0.0606994
-0.0104104
0.0625043
-0.0114227
0.0642544
-0.0123739
0.0659113
-0.0132497
0.0674604
-0.0139483
-0.0147125
0.0545005
-0.00101004
0.0557821
-0.00111146
0.0571416
-0.00156884
0.0585935
-0.00218549
0.0601158
-0.00282735
0.0617201
-0.00353179
0.0634001
-0.00431607
0.0651413
-0.00516839
0.0669327
-0.00608314
0.068763
-0.00705065
0.0706205
-0.00806457
0.0724876
-0.00910202
0.0743493
-0.0101552
0.0761819
-0.0111881
0.0779698
-0.0121982
0.0796813
-0.0131343
0.0813071
-0.0139997
0.0828016
-0.0147443
0.0841924
-0.0153391
-0.0159021
0.0707301
-0.00198367
0.0719117
-0.00229311
0.0732529
-0.00291004
0.074656
-0.00358857
0.0761481
-0.00431948
0.0777289
-0.00511259
0.0793744
-0.00596149
0.0810642
-0.00685819
0.0827844
-0.00780333
0.08452
-0.00878628
0.0862559
-0.00980043
0.087974
-0.0108202
0.0896582
-0.0118394
0.0912883
-0.0128182
0.0928498
-0.0137597
0.0943197
-0.0146042
0.0956931
-0.0153731
0.0969347
-0.0159859
0.0980789
-0.0164833
-0.0168657
0.0835253
-0.00325129
0.0849854
-0.00375317
0.0863848
-0.00430951
0.0877922
-0.00499594
0.0892259
-0.00575314
0.0906833
-0.00657007
0.0921596
-0.00743774
0.0936484
-0.008347
0.0951418
-0.0092967
0.0966302
-0.0102748
0.0981035
-0.0112737
0.099551
-0.0122676
0.10096
-0.0132485
0.102321
-0.0141789
0.10362
-0.0150589
0.104851
-0.0158355
0.106005
-0.016527
0.107078
-0.0170588
0.10807
-0.0174756
-0.0176921
0.112639
-0.00252135
-0.113369
0.112168
-0.0032817
0.111863
-0.00400487
0.111658
-0.00479099
0.11154
-0.00563548
0.111482
-0.00651141
0.111452
-0.00740769
0.111423
-0.00831816
0.11137
-0.00924422
0.111272
-0.010176
0.111106
-0.0111085
0.110859
-0.0120199
0.110515
-0.0129046
0.110067
-0.0137314
0.109509
-0.0145007
0.108844
-0.0151707
0.108071
-0.0157538
0.107208
-0.0161957
0.106254
-0.0165219
-0.0166464
0.11915
-0.00221123
-0.11946
0.118889
-0.00302102
0.11869
-0.00380553
0.118509
-0.00460983
0.118322
-0.00544904
0.118122
-0.00631059
0.117897
-0.00718358
0.117639
-0.00805977
0.117333
-0.00893822
0.116967
-0.00980995
0.116529
-0.0106707
0.116012
-0.0115028
0.115408
-0.0123008
0.114717
-0.01304
0.113936
-0.0137193
0.113072
-0.0143067
0.112128
-0.0148099
0.111119
-0.0151867
0.110054
-0.0154578
-0.0155848
0.122851
-0.00189677
-0.123165
0.122613
-0.00278307
0.12242
-0.00361209
0.122231
-0.00442088
0.122018
-0.0052363
0.121769
-0.00606181
0.121477
-0.00689202
0.121136
-0.00771843
0.120736
-0.0085383
0.12027
-0.00934368
0.11973
-0.010131
0.119114
-0.0108862
0.118417
-0.011604
0.117642
-0.0122656
0.116791
-0.0128677
0.115872
-0.0133877
0.114889
-0.0138267
0.113862
-0.0141602
0.1128
-0.0143957
-0.0145127
0.125124
-0.00168972
-0.125331
0.124927
-0.0025863
0.124741
-0.00342562
0.124545
-0.00422446
0.124317
-0.00500918
0.124047
-0.00579148
0.123727
-0.00657188
0.123352
-0.00734356
0.122917
-0.00810297
0.122416
-0.00884288
0.121845
-0.00956013
0.121203
-0.0102439
0.120488
-0.0108893
0.119704
-0.0114819
0.118854
-0.0120174
0.117947
-0.0124803
0.116987
-0.0128672
0.115993
-0.0131663
0.11497
-0.0133721
-0.0134856
0.12676
-0.00157463
-0.126876
0.126609
-0.00243453
0.126439
-0.00325605
0.126247
-0.00403223
0.126019
-0.00478084
0.125743
-0.00551634
0.125416
-0.00624405
0.125032
-0.0069596
0.124588
-0.00765949
0.124082
-0.00833691
0.123511
-0.00898909
0.122875
-0.00960734
0.122173
-0.0101876
0.12141
-0.0107188
0.120589
-0.0111962
0.119718
-0.0116094
0.118803
-0.0119525
0.117858
-0.0122211
0.116889
-0.0124029
-0.0125128
0.128263
-0.0015047
-0.128333
0.128143
-0.00231446
0.127988
-0.00310093
0.127799
-0.00384327
0.127569
-0.00455115
0.127291
-0.00523851
0.126961
-0.0059133
0.126574
-0.00657342
0.126131
-0.00721592
0.125628
-0.00783445
0.125066
-0.00842652
0.124443
-0.00898496
0.123762
-0.00950661
0.123026
-0.00998269
0.122239
-0.0104089
0.121407
-0.0107777
0.120537
-0.0110827
0.11964
-0.0113236
0.118722
-0.0114852
-0.0115886
0.129851
-0.00145781
-0.129898
0.129749
-0.00221181
0.129599
-0.00295141
0.129407
-0.00365112
0.129171
-0.00431463
0.128886
-0.00495351
0.128549
-0.00557641
0.128158
-0.00618274
0.127712
-0.00677041
0.127212
-0.00733357
0.126655
-0.00787009
0.126044
-0.00837381
0.12538
-0.00884242
0.124666
-0.00926873
0.123906
-0.00964921
0.123107
-0.00997822
0.122273
-0.0102495
0.121415
-0.0104649
0.120538
-0.0106085
-0.0107034
0.131565
-0.00142133
-0.131601
0.131466
-0.00211356
0.131314
-0.00279889
0.131113
-0.00345024
0.130865
-0.0040667
0.130568
-0.00465687
0.130221
-0.00522897
0.129821
-0.00578329
0.12937
-0.00631857
0.128866
-0.00682953
0.12831
-0.00731439
0.127704
-0.00776772
0.127049
-0.00818798
0.12635
-0.00856905
0.125609
-0.00890834
0.124832
-0.00920121
0.124025
-0.00944225
0.123194
-0.00963395
0.122347
-0.00976147
-0.00984698
0.133361
-0.0013819
-0.1334
0.133257
-0.00201016
0.133096
-0.00263777
0.132883
-0.00323734
0.132621
-0.0038047
0.13231
-0.0043458
0.131949
-0.00486792
0.131538
-0.00537177
0.131076
-0.00585675
0.130564
-0.00631814
0.130004
-0.00675456
0.129398
-0.00716108
0.128747
-0.00753681
0.128054
-0.00787642
0.127324
-0.00817818
0.126561
-0.00843803
0.12577
-0.00865172
0.124958
-0.00882142
0.12413
-0.00893431
-0.00901004
0.135179
-0.00133061
-0.13523
0.135064
-0.00189602
0.134891
-0.00246477
0.134665
-0.00301055
0.134387
-0.00352731
0.13406
-0.00401891
0.133684
-0.00449162
0.133259
-0.00494625
0.132785
-0.00538267
0.132263
-0.00579667
0.131696
-0.00618722
0.131084
-0.00654983
0.130432
-0.00688413
0.129741
-0.00718534
0.129015
-0.00745257
0.128259
-0.00768201
0.127478
-0.00787065
0.126677
-0.00801992
0.125862
-0.00811939
-0.00818548
0.136963
-0.00126407
-0.13703
0.136835
-0.00176811
0.136648
-0.00227785
0.136407
-0.00276875
0.136113
-0.00323395
0.13577
-0.00367576
0.135378
-0.00409951
0.134938
-0.00450594
0.13445
-0.00489523
0.133917
-0.00526361
0.13334
-0.00561037
0.132722
-0.0059314
0.132064
-0.00622676
0.131371
-0.00649208
0.130646
-0.00672718
0.129892
-0.00692839
0.129115
-0.00709385
0.12832
-0.00722413
0.127511
-0.00731119
-0.00736805
0.138669
-0.00118102
-0.138752
0.138526
-0.00162484
0.138324
-0.00207579
0.138066
-0.00251143
0.137757
-0.00292461
0.137398
-0.00331655
0.13699
-0.00369175
0.136535
-0.00405084
0.136034
-0.00439418
0.135489
-0.0047184
0.134901
-0.00502305
0.134274
-0.00530438
0.13361
-0.00556278
0.132912
-0.00579426
0.132184
-0.00599918
0.13143
-0.00617398
0.130654
-0.00631778
0.12986
-0.00643033
0.129055
-0.00650584
-0.00655405
0.140259
-0.00108081
-0.14036
0.1401
-0.0014656
0.139883
-0.00185831
0.13961
-0.00223871
0.139285
-0.00259974
0.138911
-0.00294191
0.138488
-0.00326899
0.138018
-0.00358149
0.137504
-0.00387985
0.136947
-0.00416111
0.136349
-0.00442502
0.135713
-0.00466819
0.135041
-0.00489124
0.134337
-0.00509054
0.133605
-0.00526684
0.132848
-0.00541673
0.13207
-0.00554014
0.131276
-0.00563607
0.130471
-0.00570073
-0.00574094
0.141707
-0.000963569
-0.141824
0.141532
-0.00129075
0.141299
-0.00162591
0.141012
-0.00195129
0.140672
-0.00226027
0.140283
-0.00255287
0.139847
-0.00283223
0.139364
-0.00309879
0.138837
-0.00335301
0.138268
-0.00359231
0.13766
-0.00381657
0.137014
-0.00402284
0.136335
-0.00421182
0.135625
-0.00438029
0.134887
-0.00452925
0.134126
-0.00465547
0.133345
-0.00475949
0.132549
-0.00483979
0.131742
-0.00489418
-0.00492705
0.142988
-0.000830388
-0.143121
0.142799
-0.00110133
0.142552
-0.00137968
0.142252
-0.00165034
0.141899
-0.00190743
0.141497
-0.0021507
0.141047
-0.00238275
0.140552
-0.00260393
0.140014
-0.00281468
0.139434
-0.00301284
0.138816
-0.00319836
0.138162
-0.00336873
0.137475
-0.00352467
0.136758
-0.00366341
0.136015
-0.00378604
0.135249
-0.00388963
0.134465
-0.00397509
0.133665
-0.0040406
0.132856
-0.00408519
-0.00411135
0.144088
-0.000682986
-0.144235
0.143885
-0.000898892
0.143627
-0.00112107
0.143313
-0.00133731
0.142949
-0.00154268
0.142535
-0.00173688
0.142074
-0.00192196
0.141568
-0.00209824
0.14102
-0.00226608
0.140431
-0.00242376
0.139804
-0.00257125
0.139141
-0.00270655
0.138447
-0.00283026
0.137724
-0.00294017
0.136975
-0.00303726
0.136205
-0.00311909
0.135416
-0.00318662
0.134614
-0.00323808
0.133802
-0.00327326
-0.0032933
0.144992
-0.000523305
-0.145152
0.144778
-0.00068514
0.144509
-0.000851679
0.144185
-0.00101374
0.14381
-0.00116754
0.143386
-0.00131291
0.142916
-0.00145134
0.142401
-0.00158315
0.141843
-0.00170853
0.141246
-0.0018263
0.140611
-0.00193631
0.139941
-0.00203721
0.13924
-0.00212932
0.138511
-0.00221115
0.137757
-0.0022833
0.136982
-0.00234409
0.13619
-0.00239418
0.135384
-0.00243222
0.134569
-0.0024583
-0.00247274
0.14569
-0.000353514
-0.145859
0.145466
-0.000462034
0.145188
-0.000573311
0.144856
-0.000681333
0.144472
-0.000783718
0.144039
-0.000880496
0.143561
-0.000972565
0.143038
-0.00106027
0.142473
-0.00114357
0.141868
-0.00122189
0.141227
-0.00129486
0.140552
-0.00136191
0.139845
-0.00142288
0.139111
-0.00147726
0.138353
-0.00152488
0.137574
-0.00156528
0.136778
-0.00159824
0.135969
-0.00162342
0.135152
-0.00164057
-0.00164992
0.146166
-0.000176521
-0.146343
0.145936
-0.000232402
0.145651
-0.000288437
0.145312
-0.000342445
0.144922
-0.000393484
0.144484
-0.000441834
0.143999
-0.000487751
0.14347
-0.000531668
0.1429
-0.000573156
0.14229
-0.00061241
0.141644
-0.000648591
0.140964
-0.000682302
0.140254
-0.000712312
0.139516
-0.000739882
0.138754
-0.000762972
0.137973
-0.000783876
0.137174
-0.000799248
0.136364
-0.000813055
0.135543
-0.000820007
-0.00082586
0.146407
-0.146583
0.146174
0.145886
0.145543
0.14515
0.144708
0.14422
0.143689
0.143115
0.142503
0.141854
0.141172
0.14046
0.13972
0.138957
0.138173
0.137374
0.136561
0.135741
0.0959784
0.0171827
-0.0943173
0.097858
0.0267358
0.099988
0.0362758
0.102333
0.045734
0.104947
0.0548886
0.10778
0.0637592
0.110512
0.0722515
0.113584
0.0794574
0.113863
0.0876625
0.0886125
0.0968192
0.0156582
-0.0952948
0.0986111
0.0249439
0.100704
0.0341833
0.103109
0.0433282
0.105721
0.0522774
0.108845
0.0606351
0.111732
0.0693644
0.115501
0.0756888
0.11837
0.0847932
0.0875222
0.0978613
0.0142878
-0.0964908
0.0995563
0.0232489
0.101541
0.0321989
0.103951
0.040918
0.106512
0.0497161
0.109687
0.05746
0.112837
0.0662145
0.116436
0.0720902
0.120484
0.0807457
0.0848404
0.0990319
0.0130478
-0.0977919
0.100649
0.0216322
0.102546
0.0303014
0.104908
0.0385565
0.107483
0.0471404
0.110532
0.054411
0.113921
0.0628255
0.117322
0.0686894
0.12164
0.0764279
0.0811487
0.100286
0.0119073
-0.0991454
0.101833
0.020085
0.1037
0.0284349
0.105994
0.0362625
0.108635
0.044499
0.111568
0.0514778
0.115068
0.0593262
0.118509
0.0652477
0.122751
0.0721865
0.0770239
0.101586
0.0108397
-0.100518
0.103068
0.018603
0.104937
0.0265659
0.107185
0.0340143
0.109888
0.0417958
0.112814
0.0485521
0.116333
0.0558072
0.119918
0.0616623
0.12406
0.0680445
0.0727515
0.102896
0.00982995
-0.101886
0.104324
0.017175
0.106199
0.0246908
0.108441
0.0317729
0.111181
0.039055
0.114178
0.0455556
0.117699
0.0522864
0.121415
0.0579459
0.125549
0.0639105
0.0684021
0.104188
0.00887268
-0.103231
0.105578
0.0157853
0.107452
0.0228165
0.109717
0.0295086
0.112483
0.0362889
0.115571
0.0424673
0.119123
0.0487345
0.122953
0.0541158
0.127163
0.0597005
0.0639643
0.105441
0.00796577
-0.104534
0.106806
0.0144201
0.108676
0.0209462
0.110976
0.027209
0.113772
0.0334929
0.116949
0.0392907
0.12057
0.0451131
0.124515
0.050171
0.128844
0.0553714
0.0594081
0.106638
0.00710604
-0.105779
0.107987
0.0130715
0.109855
0.0190778
0.112192
0.0248726
0.115028
0.0306563
0.118288
0.0360312
0.122001
0.0414001
0.126064
0.0461077
0.130528
0.0509074
0.0547065
0.107767
0.00628853
-0.10695
0.109103
0.0117355
0.110975
0.0172065
0.113346
0.0225013
0.116231
0.0277714
0.119569
0.032693
0.123379
0.0375902
0.127562
0.0419244
0.132166
0.0463037
0.0498427
0.108815
0.00550743
-0.108034
0.110141
0.0104101
0.112019
0.0153282
0.114423
0.0200971
0.117358
0.024836
0.120772
0.0292797
0.124676
0.0336857
0.128979
0.0376219
0.133721
0.0415617
0.0448114
0.109771
0.00475698
-0.109021
0.111088
0.00909317
0.112976
0.0134408
0.115411
0.0176621
0.118395
0.0218519
0.121879
0.0257955
0.125873
0.0296919
0.130291
0.0332042
0.135165
0.0366875
0.0396165
0.110626
0.00403181
-0.109901
0.111936
0.00778295
0.113834
0.0115431
0.116298
0.0151981
0.119328
0.0188222
0.122878
0.0222452
0.126954
0.0256158
0.131479
0.0286789
0.136476
0.0316914
0.0342682
0.111373
0.00332712
-0.110669
0.112679
0.00647754
0.114587
0.00963531
0.117077
0.0127078
0.120148
0.0157516
0.123758
0.0186352
0.127907
0.021466
0.132529
0.0240569
0.137635
0.0265862
0.0287816
0.112009
0.00263881
-0.111321
0.113311
0.0051755
0.115229
0.00771808
0.117742
0.0101942
0.120848
0.0126454
0.12451
0.0149734
0.128724
0.0172527
0.133429
0.0193512
0.138629
0.0213869
0.0231751
0.112532
0.00196398
-0.111857
0.113832
0.00387618
0.115756
0.00579315
0.118289
0.00766154
0.121425
0.0095098
0.125129
0.0112687
0.129395
0.012987
0.13417
0.0145763
0.139447
0.0161102
0.01747
0.11294
0.00130033
-0.112276
0.114236
0.00258007
0.116166
0.00386321
0.118713
0.00511466
0.12187
0.00635197
0.125608
0.00753105
0.129914
0.00868094
0.134742
0.00974793
0.140079
0.010774
0.0116893
0.113222
0.000648774
-0.112571
0.114515
0.00128751
0.116447
0.00193121
0.119003
0.002559
0.122175
0.00317947
0.125935
0.00377102
0.130269
0.00434742
0.135134
0.00488301
0.140511
0.00539707
0.00585712
0.11337
-0.112722
0.114658
0.116589
0.119148
0.122328
0.126099
0.130446
0.135329
0.140726
0.0461131
0.060742
-0.0551872
-0.0516679
0.0402337
0.0605752
-0.0546958
0.0344829
0.0608116
-0.0550609
0.0288347
0.0615383
-0.0558902
0.023235
0.0626855
-0.0570858
0.017654
0.0642961
-0.058715
0.0120908
0.066374
-0.0608108
0.00671391
0.0678533
-0.0624764
0.00218504
0.0634248
-0.0588959
0.0381572
-0.0359722
0.042674
0.0664416
-0.0483736
0.0370453
0.0662039
0.0315432
0.0663138
0.026175
0.0669066
0.0208844
0.067976
0.0156261
0.0695544
0.0104196
0.0715805
0.00549756
0.0727753
0.00158069
0.0673417
0.0397379
0.0386697
0.0717649
-0.043993
0.0333552
0.0715184
0.0281382
0.0715308
0.0230613
0.0719835
0.0180955
0.0729418
0.0132
0.07445
0.00841975
0.0763607
0.00405287
0.0771422
0.000858442
0.0705361
0.0405964
0.0338017
0.0766517
-0.0386885
0.0289319
0.0763882
0.0241203
0.0763424
0.019428
0.0766758
0.0148561
0.0775137
0.0103829
0.0789232
0.0060862
0.0806574
0.00237747
0.0808509
-3.15124e-05
0.0729451
0.0405648
0.0281281
0.0810688
-0.0325452
0.0237517
0.0807646
0.019437
0.0806571
0.0152283
0.0808844
0.0111366
0.0816054
0.00716678
0.0828931
0.00343107
0.0843931
0.00038645
0.0838955
-0.00079093
0.0741225
0.0397739
0.0216653
0.0849398
-0.0255363
0.0178568
0.0845731
0.0141173
0.0843966
0.0104754
0.0845264
0.00694832
0.0851324
0.00357728
0.0862641
0.000566235
0.0874041
-0.00149832
0.0859601
-0.00165556
0.0742797
0.0381184
0.0145125
0.088169
-0.0177417
0.0113409
0.0877447
0.00823765
0.0874998
0.00522521
0.0875388
0.00233517
0.0880225
-0.000368667
0.0889679
-0.00257196
0.0896074
-0.00357561
0.0869638
-0.00252823
0.0732323
0.0355901
0.00675315
0.0906971
-0.00928126
0.00426567
0.0902322
0.00186655
0.0898989
-0.000451664
0.089857
-0.00268085
0.0902517
-0.00464253
0.0909296
-0.00593317
0.0908981
-0.00575884
0.0867894
-0.00336279
0.0708362
0.0322273
-0.00151566
0.092608
-0.000395253
-0.00326799
0.0919845
-0.00495435
0.0915853
-0.00657492
0.0914776
-0.00805005
0.0917268
-0.00917828
0.0920578
-0.00942643
0.0911462
-0.0079107
0.0852737
-0.00408615
0.0670117
0.0281412
-0.0101825
0.00923684
-0.0111605
-0.0121024
-0.0129741
-0.0136681
-0.0138699
-0.0129181
-0.00990024
-0.00461035
0.0484201
0.00456719
-0.0529873
0.0436854
0.00473474
0.0387562
0.00492922
0.0336087
0.00514746
0.0282109
0.00539783
0.0225191
0.00569174
0.0164832
0.00603594
0.0101243
0.00635888
0.00393896
0.00618534
0.00393896
0.0487105
0.00922395
-0.0533672
0.0438982
0.00954704
0.0389039
0.00992345
0.033704
0.0103474
0.0282659
0.010836
0.0225452
0.0114124
0.0164895
0.0120917
0.0101176
0.0127308
0.00393918
0.0123638
0.00787814
0.0492389
0.0140495
-0.0540644
0.0442806
0.0145054
0.0391638
0.0150402
0.0338645
0.0156467
0.0283494
0.0163511
0.0225734
0.0171883
0.0164835
0.0181816
0.0100989
0.0191153
0.00392255
0.0185402
0.0118007
0.0499051
0.0190987
-0.0549543
0.0447529
0.0196576
0.0394729
0.0203202
0.0340413
0.0210783
0.0284246
0.0219677
0.0225773
0.0230356
0.0164457
0.0243131
0.0100495
0.0255116
0.00388978
0.0246999
0.0156905
0.0505737
0.0243991
-0.0558741
0.0452016
0.0250298
0.0397369
0.0257848
0.0341586
0.0266566
0.0284331
0.0276932
0.022513
0.0289557
0.0163442
0.0304819
0.00994923
0.0319065
0.00382984
0.0308193
0.0195203
0.0511098
0.0299332
-0.0566439
0.0455244
0.0306152
0.0398743
0.031435
0.0341487
0.0323821
0.0283181
0.0335239
0.0223342
0.0349396
0.0161434
0.0366728
0.00977409
0.0382758
0.00373134
0.0368621
0.0232516
0.0513041
0.0356911
-0.057062
0.0455124
0.036407
0.0397029
0.0372444
0.0338699
0.0382152
0.0279734
0.0394204
0.0219622
0.0409508
0.0157872
0.0428478
0.0094894
0.0445736
0.00358367
0.0427678
0.0268353
0.0512292
0.0416114
-0.0571495
0.0452324
0.0424037
0.0392789
0.043198
0.0333569
0.0441372
0.02741
0.0453672
0.0213898
0.046971
0.015258
0.0489796
0.00907503
0.0507566
0.00337735
0.0484655
0.0302127
0.0501787
0.0479005
-0.0564678
0.0440466
0.0485358
0.0381354
0.0491092
0.0322799
0.0499926
0.0264051
0.0512421
0.0204791
0.052897
0.0144764
0.0549823
0.00848539
0.0567476
0.00307755
0.0538733
0.0332902
0.0489328
-0.0562195
0.0427729
0.0368212
0.0309236
0.0250799
0.0192619
0.0134334
0.00770455
0.00268197
0.0575996
-0.00021681
0.0578145
-0.000214873
0.0580264
-0.000211879
0.058228
-0.000201646
0.0584127
-0.000184668
0.0585743
-0.000161642
0.0587067
-0.000132328
0.0588025
-9.58751e-05
0.0588533
-5.0737e-05
0.0588476
5.63347e-06
0.0587853
6.23066e-05
0.0586529
0.000132438
0.0584372
0.000215668
0.0581236
0.000313588
0.0576953
0.000428354
0.0571322
0.000563082
0.0564119
0.00072026
0.0555049
0.000907043
0.0543867
0.00111816
0.00139944
0.0582689
-0.000434998
0.0584798
-0.000425771
0.0586832
-0.000415282
0.0588744
-0.000392871
0.0590481
-0.000358325
0.0591983
-0.000311894
0.0593187
-0.000252735
0.059402
-0.000179107
0.059439
-8.78114e-05
0.059422
2.26996e-05
0.059346
0.000138254
0.0591989
0.000279554
0.0589676
0.000447023
0.0586372
0.00064397
0.0581909
0.000874653
0.0576085
0.00114547
0.0568676
0.0014611
0.0559378
0.00183685
0.054796
0.00225997
0.00282825
0.0595862
-0.000628699
0.0597748
-0.000614362
0.0599565
-0.000596923
0.0601253
-0.000561746
0.0602757
-0.000508682
0.0604016
-0.000437807
0.0604966
-0.000347693
0.060553
-0.000235498
0.0605614
-9.62584e-05
0.0605189
6.52441e-05
0.0604142
0.000242929
0.0602362
0.000457556
0.0599719
0.000711281
0.0596065
0.00100943
0.0591229
0.00135821
0.0585006
0.0017678
0.0577175
0.00224415
0.0567413
0.00281314
0.0555522
0.00344906
0.00431599
0.0614953
-0.000783637
0.0616446
-0.000763638
0.0617865
-0.000738801
0.0619152
-0.000690502
0.0620248
-0.000618193
0.0621087
-0.000521797
0.0621605
-0.000399492
0.062172
-0.000246939
0.0621321
-5.63324e-05
0.0620457
0.000151598
0.0618932
0.000395402
0.0616643
0.000686479
0.0613464
0.0010292
0.0609243
0.00143156
0.0603811
0.00190137
0.0596953
0.00245364
0.0588458
0.0030936
0.0577965
0.00386249
0.0565342
0.00471132
0.00589583
0.0639209
-0.000876947
0.0640086
-0.000851376
0.0640881
-0.000818265
0.0641536
-0.000756076
0.0641989
-0.000663428
0.0642172
-0.00054009
0.064201
-0.000383376
0.0641424
-0.000188245
0.0640362
4.98343e-05
0.0638801
0.000307637
0.0636546
0.000620986
0.0633493
0.000991742
0.0629521
0.00142636
0.0624472
0.00193649
0.0618182
0.00253037
0.0610416
0.00323026
0.0600988
0.00403642
0.058947
0.00501431
0.0575837
0.00607463
0.00760533
0.0667724
-0.000880033
0.0667711
-0.000850062
0.0667597
-0.000806879
0.0667328
-0.000729141
0.066684
-0.000614681
0.0666068
-0.000462884
0.0664939
-0.000270462
0.0663296
-2.39908e-05
0.0661372
0.000242296
0.0658781
0.000566706
0.0655483
0.00095079
0.0651363
0.00140372
0.06463
0.00193274
0.0640119
0.00255453
0.0632673
0.00327499
0.0623688
0.00412872
0.0613025
0.00510281
0.060015
0.00630179
0.0585196
0.00757003
0.00948103
0.0699558
-0.00075601
0.069832
-0.000726278
0.0696943
-0.000669165
0.0695382
-0.000573101
0.0693594
-0.000435887
0.0691506
-0.000253999
0.0688943
-1.42241e-05
0.0686199
0.000250454
0.0682862
0.000575967
0.0678892
0.000963751
0.0674205
0.00141943
0.0668671
0.00195719
0.0662178
0.00258197
0.065453
0.00331941
0.0645614
0.0041665
0.0635094
0.00518073
0.0622927
0.00631956
0.0608384
0.00775608
0.0591738
0.00923459
0.0115928
0.0733836
-0.000467624
0.0730952
-0.000437885
0.0727878
-0.000361709
0.0724592
-0.000244553
0.0721043
-8.09603e-05
0.0717206
0.000129669
0.0713158
0.000390639
0.0708591
0.00070711
0.0703497
0.00108537
0.0697769
0.00153655
0.0691321
0.00206421
0.0683998
0.00268951
0.0675714
0.00341036
0.0666215
0.00426929
0.0655465
0.00524154
0.0643006
0.00642664
0.0629017
0.00771839
0.061254
0.00940388
0.0594266
0.0110619
0.01387
0.076979
1.50146e-05
0.0764735
6.76248e-05
0.0759469
0.000164925
0.0754008
0.000301543
0.0748356
0.000484209
0.0742444
0.000720877
0.0736192
0.00101586
0.0729488
0.00137747
0.0722267
0.00180743
0.0714409
0.0023224
0.070584
0.00292116
0.0696371
0.00363634
0.0685969
0.00445055
0.0674293
0.00543693
0.0661443
0.00652652
0.0646656
0.00790539
0.0630485
0.00933547
0.061098
0.0113544
0.059057
0.013103
0.0164591
0.0806988
0.000834474
0.0799012
0.000865176
0.0791069
0.000959316
0.0783023
0.00110614
0.0774803
0.00130612
0.0766337
0.00156756
0.075755
0.0018945
0.0748343
0.00229821
0.0738639
0.00277782
0.0728299
0.00335637
0.0717277
0.00402337
0.0705353
0.00482874
0.069259
0.00572681
0.0678565
0.00683945
0.0663724
0.00801067
0.0647025
0.00957526
0.0630194
0.0110186
0.0609855
0.0133883
0.0591486
0.0149399
0.0193882
0.0781107
0.000807318
0.0781017
0.000874148
0.0780877
0.000973316
0.078076
0.00111793
0.0780681
0.00131398
0.0780638
0.00157183
0.0780653
0.00189303
0.0780728
0.00229073
0.0780917
0.00275889
0.0781221
0.00332596
0.0781782
0.00396725
0.0782564
0.00475059
0.0783915
0.00559169
0.0785634
0.00666754
0.0788609
0.00771322
0.0792086
0.0092275
0.0798408
0.0103864
0.080588
0.0126411
0.0821541
0.0133739
0.0167976
0.0847446
0.0818968
0.000822987
0.0818802
0.000890729
0.0818694
0.00098409
0.0818669
0.00112044
0.0818732
0.00130773
0.0818877
0.00155727
0.0819127
0.00186802
0.0819494
0.00225404
0.0820037
0.00270455
0.0820781
0.00325156
0.0821855
0.0038599
0.0823291
0.00460697
0.0825345
0.00538629
0.0828066
0.00639544
0.0831911
0.00732872
0.0837134
0.00870519
0.0844275
0.00967229
0.085486
0.0115826
0.0866433
0.0122165
0.014981
0.08846
0.0858765
0.000894102
0.0858517
0.000915559
0.085845
0.000990753
0.0858522
0.00111324
0.0858718
0.00128811
0.0859036
0.00152554
0.0859497
0.00182191
0.0860123
0.00219141
0.0860972
0.00261964
0.086209
0.00313981
0.086358
0.00371089
0.0865532
0.00441169
0.0868105
0.00512899
0.0871515
0.00605445
0.0875899
0.00689032
0.0881906
0.00810448
0.0889107
0.00895221
0.0899435
0.0105499
0.0909836
0.0111764
0.0132874
0.0926772
0.0899738
0.000907688
0.0899605
0.000928855
0.0899596
0.000991628
0.089975
0.00109784
0.0900065
0.00125663
0.0900535
0.00147848
0.0901181
0.00175736
0.0902029
0.00210656
0.0903135
0.00250911
0.0904557
0.00299754
0.090638
0.00352863
0.0908723
0.00417743
0.0911678
0.00483348
0.0915514
0.00567086
0.0920216
0.00642005
0.0926429
0.00748322
0.0933594
0.00823564
0.0943308
0.00957851
0.0953638
0.0101434
0.0118236
0.0968276
0.0941507
0.000912674
0.0941465
0.000932985
0.0941527
0.000985517
0.0941762
0.00107433
0.0942184
0.00121437
0.094279
0.00141789
0.0943593
0.00167702
0.0944626
0.00200328
0.0945938
0.00237789
0.0947599
0.00283152
0.0949674
0.00332105
0.0952292
0.00391571
0.0955509
0.00451174
0.0959578
0.00526397
0.0964447
0.00593314
0.0970642
0.00686371
0.0977743
0.00752552
0.0986882
0.00866462
0.0996796
0.00915199
0.0105511
0.100952
0.0983539
0.000918556
0.0983542
0.000932626
0.098367
0.000972728
0.0983987
0.00104259
0.098451
0.00116207
0.0985235
0.00134547
0.098617
0.00158348
0.098735
0.00188532
0.0988821
0.00223077
0.0990655
0.00264811
0.0992909
0.00309563
0.0995703
0.00363635
0.0999077
0.00417435
0.100325
0.00484684
0.100817
0.00544135
0.101425
0.0062557
0.102117
0.00683303
0.102974
0.00780736
0.103901
0.00822533
0.00940863
0.105043
0.102533
0.000918112
0.102538
0.000928084
0.102556
0.00095448
0.102595
0.00100358
0.102656
0.00110109
0.102738
0.00126342
0.102842
0.00147989
0.10297
0.00175675
0.103128
0.00207269
0.103323
0.0024534
0.103559
0.0028594
0.103848
0.00334768
0.104192
0.00383031
0.10461
0.00442881
0.105097
0.00495432
0.105686
0.00566623
0.106351
0.00616824
0.107153
0.00700512
0.108015
0.00736421
0.00836686
0.109056
0.106645
0.000913901
0.106653
0.000920029
0.106676
0.00093156
0.106722
0.000958142
0.10679
0.0010329
0.106879
0.00117433
0.106989
0.00136984
0.107124
0.00162199
0.107288
0.00190872
0.107488
0.00225322
0.107729
0.00261886
0.108019
0.00305685
0.108363
0.00348721
0.108774
0.00401728
0.109249
0.00447974
0.109814
0.00510068
0.110446
0.00553658
0.111196
0.00625542
0.111995
0.00656453
0.00741327
0.112949
0.110647
0.000906796
0.110658
0.000909357
0.110685
0.000904033
0.110737
0.00090626
0.110812
0.000958661
0.110905
0.00108089
0.111018
0.00125711
0.111154
0.00148544
0.111319
0.0017437
0.11152
0.00205292
0.111759
0.00237986
0.112045
0.00277001
0.112381
0.00315142
0.11278
0.00361816
0.113237
0.00402329
0.113775
0.00456273
0.114371
0.00494048
0.11507
0.0055562
0.115812
0.00582267
0.00653937
0.116686
0.114494
0.000900332
0.114506
0.000897101
0.11454
0.000869979
0.1146
0.000846168
0.11468
0.000879002
0.114775
0.000985849
0.114887
0.00114539
0.115021
0.00135111
0.115183
0.00158187
0.115379
0.00185717
0.115611
0.0021474
0.115889
0.0024923
0.116212
0.00282797
0.116594
0.00323599
0.117029
0.00358892
0.117537
0.00405475
0.118096
0.00438094
0.118747
0.00490567
0.119434
0.00513533
0.00573775
0.120236
0.11813
0.000896959
0.118147
0.000879697
0.118195
0.000821836
0.118268
0.000773279
0.118353
0.000793903
0.118447
0.0008918
0.118555
0.00103787
0.118684
0.00122209
0.118839
0.00142659
0.119027
0.00166975
0.119248
0.0019255
0.119513
0.00222767
0.119821
0.00252056
0.120183
0.00287398
0.120592
0.00317908
0.121069
0.00357802
0.121592
0.00385799
0.122196
0.00430182
0.122832
0.00449902
0.00500176
0.123568
0.121481
0.000884114
0.121525
0.00083617
0.121605
0.000741263
0.121698
0.000679963
0.121789
0.000703037
0.12188
0.000801119
0.121981
0.00093658
0.122103
0.00110014
0.12225
0.0012801
0.122426
0.00149349
0.122634
0.00171706
0.122883
0.00197889
0.123172
0.00223154
0.123512
0.00253403
0.123896
0.00279495
0.124342
0.00313278
0.124829
0.00337072
0.125388
0.00374215
0.125978
0.00390994
0.00432522
0.126654
0.124463
0.00080412
0.124589
0.000709506
0.124731
0.000600141
0.124852
0.00055878
0.124946
0.000608338
0.125031
0.000716711
0.125125
0.00084237
0.125239
0.000986128
0.125375
0.00114422
0.125538
0.00133061
0.125731
0.00152403
0.125962
0.0017475
0.126232
0.00196202
0.126549
0.00221681
0.126908
0.00243649
0.127322
0.00271813
0.127776
0.0029172
0.128294
0.00322339
0.128841
0.00336374
0.00370193
0.129464
0.127019
0.000440715
0.127319
0.000409578
0.127546
0.000373039
0.127691
0.000413565
0.12778
0.000519386
0.127854
0.000642844
0.12794
0.000756153
0.128045
0.000881845
0.128167
0.00102145
0.128315
0.00118305
0.128492
0.00134732
0.128705
0.00153376
0.128956
0.00171165
0.129251
0.00192138
0.129586
0.00210192
0.129972
0.00233145
0.130396
0.00249379
0.130878
0.00274083
0.131387
0.00285471
0.00312477
0.131965
0.129192
-0.000141779
0.129711
-0.000110036
0.130019
6.57213e-05
0.130161
0.000271003
0.130223
0.000457364
0.130281
0.000585048
0.130356
0.000681731
0.130445
0.00079254
0.130551
0.000915385
0.130683
0.00105147
0.130844
0.00118536
0.131043
0.00133478
0.131279
0.00147649
0.131557
0.00164287
0.131874
0.00178539
0.132239
0.00196603
0.13264
0.00209294
0.133095
0.0022861
0.133575
0.00237389
0.00258383
0.134116
0.131138
-0.000940113
0.131772
-0.000743834
0.132071
-0.000233531
0.132118
0.000223375
0.132119
0.000456678
0.132155
0.000548954
0.132213
0.000623585
0.132287
0.000718868
0.132383
0.000819448
0.13251
0.000924213
0.132671
0.00102423
0.13287
0.00113568
0.133106
0.00124111
0.133383
0.00136548
0.133697
0.00147112
0.134057
0.00160608
0.134451
0.00169932
0.134893
0.00184376
0.135361
0.00190655
0.00206389
0.135881
0.133105
-0.00113278
0.133113
-0.000751367
0.1331
-0.000220405
0.133083
0.000240468
0.133094
0.00044567
0.133158
0.000484535
0.133245
0.000536736
0.133353
0.00061074
0.133491
0.000681694
0.133662
0.000752746
0.133866
0.000820862
0.134103
0.000898208
0.134373
0.000971308
0.13468
0.00105831
0.13502
0.00113159
0.135399
0.00122659
0.135808
0.00129079
0.136259
0.00139285
0.136731
0.00143434
0.00154626
0.137248
0.134803
0.000527152
0.133617
0.00043385
0.133096
0.000301321
0.133085
0.000251676
0.133263
0.00026746
0.13343
0.000317455
0.133601
0.000365125
0.133805
0.000407387
0.134038
0.000448031
0.134297
0.000493833
0.134577
0.000541
0.134881
0.000594484
0.135208
0.000644225
0.135564
0.000702428
0.135944
0.00075124
0.136357
0.00081414
0.136791
0.000856302
0.137261
0.00092304
0.137747
0.000948861
0.00102091
0.138272
0.134504
0.00198425
0.133609
0.00132895
0.133329
0.000580604
0.133428
0.00015308
0.133659
3.67783e-05
0.133905
7.07775e-05
0.134132
0.000138056
0.134381
0.000158621
0.134653
0.00017645
0.134943
0.000203102
0.13525
0.000234329
0.135576
0.000268129
0.135922
0.0002982
0.136294
0.000331323
0.136686
0.000359031
0.137107
0.000393194
0.137547
0.000416364
0.138018
0.000451294
0.138503
0.000464595
0.00049875
0.139025
0.13291
0.134239
0.134819
0.134972
0.135009
0.13508
0.135218
0.135376
0.135553
0.135756
0.13599
0.136258
0.136557
0.136888
0.137247
0.13764
0.138057
0.138508
0.138972
0.139471
0.0852525
-0.0521757
0.0861824
-0.0493036
0.0871513
-0.0449619
0.0879804
-0.0395175
0.0887882
-0.0333531
0.0896374
-0.0263855
0.0905795
-0.0186837
0.0916606
-0.0103623
0.0929034
-0.00163812
0.007823
0.0893598
-0.0530755
0.089811
-0.0497548
0.0903323
-0.0454832
0.0907928
-0.039978
0.0912016
-0.0337619
0.0916727
-0.0268566
0.0922967
-0.0193078
0.0930752
-0.0111408
0.0940313
-0.00259425
0.00655952
0.0931437
-0.0535421
0.0931842
-0.0497952
0.0932352
-0.0455342
0.093369
-0.0401118
0.0935056
-0.0338986
0.093706
-0.0270569
0.0940713
-0.019673
0.0946214
-0.0116909
0.0954052
-0.00337806
0.00547385
0.0968278
-0.0535423
0.0965598
-0.0495272
0.0962232
-0.0451977
0.095996
-0.0398846
0.0958385
-0.033741
0.0957724
-0.0269908
0.095886
-0.0197866
0.0962373
-0.0120422
0.0968434
-0.00398417
0.0045253
0.100492
-0.0530819
0.0998798
-0.0489152
0.0991822
-0.0445001
0.0985912
-0.0392937
0.0981335
-0.0332834
0.0978204
-0.0266777
0.0977055
-0.0196717
0.0978694
-0.0122061
0.0983187
-0.00443348
0.00369861
0.104116
-0.0521543
0.103125
-0.0479241
0.102081
-0.0434564
0.101145
-0.0383575
0.100388
-0.0325266
0.099834
-0.0261235
0.0995093
-0.019347
0.0994968
-0.0121937
0.0998055
-0.00474213
0.00298585
0.107663
-0.0507612
0.106276
-0.0465365
0.104891
-0.0420716
0.10363
-0.0370962
0.102584
-0.0314807
0.101793
-0.025333
0.101275
-0.0188287
0.101097
-0.0120159
0.10128
-0.00492514
0.00237943
0.111098
-0.0489107
0.109312
-0.0447504
0.10759
-0.0403494
0.106022
-0.0355281
0.104702
-0.030161
0.103683
-0.0243134
0.102983
-0.0181288
0.102652
-0.0116847
0.10272
-0.0049938
0.00186881
0.11439
-0.0466151
0.112213
-0.0425731
0.11016
-0.0382969
0.108302
-0.0336696
0.106725
-0.0285845
0.105488
-0.0230764
0.104617
-0.017257
0.104145
-0.0112126
0.104107
-0.00495654
0.00144204
0.117511
-0.0438903
0.114956
-0.0400183
0.112584
-0.0359251
0.110452
-0.0315368
0.108636
-0.0267687
0.107196
-0.0216363
0.106162
-0.016223
0.105561
-0.0106115
0.105425
-0.00482102
0.00108839
0.120434
-0.0407565
0.117521
-0.0371044
0.114845
-0.0332496
0.112455
-0.0291468
0.110418
-0.0247317
0.10879
-0.0200088
0.107605
-0.0150379
0.106886
-0.00989236
0.10666
-0.00459534
0.000799107
0.123136
-0.0372381
0.119885
-0.0338541
0.116925
-0.0302896
0.114297
-0.0265182
0.112057
-0.022492
0.110259
-0.0182107
0.108936
-0.0137143
0.108109
-0.00906589
0.107802
-0.00428821
0.000566898
0.12559
-0.0333637
0.122029
-0.0302939
0.118808
-0.0270682
0.115962
-0.023672
0.11354
-0.0200698
0.111589
-0.0162599
0.110141
-0.0122666
0.109218
-0.00814317
0.108839
-0.00390887
0.000384996
0.127768
-0.0291671
0.123929
-0.0264552
0.120474
-0.0236131
0.117435
-0.0206324
0.114852
-0.0174872
0.112768
-0.0141756
0.111212
-0.0107106
0.110205
-0.00713618
0.109763
-0.00346696
0.0002466
0.129639
-0.0246901
0.125561
-0.0223766
0.121906
-0.0199579
0.118702
-0.0174284
0.115984
-0.0147692
0.113787
-0.0119791
0.11214
-0.00906335
0.111062
-0.00605779
0.110567
-0.00297241
0.000144798
0.131178
-0.0199874
0.126907
-0.0181061
0.123092
-0.0161428
0.119757
-0.014093
0.116931
-0.011943
0.114644
-0.00969262
0.112924
-0.00734259
0.111787
-0.00492112
0.111249
-0.00243479
7.30655e-05
0.132384
-0.0151232
0.127974
-0.0136964
0.124042
-0.01221
0.120608
-0.0106594
0.1177
-0.00903482
0.115344
-0.00733679
0.113566
-0.00556426
0.112383
-0.0037382
0.11181
-0.00186242
2.60606e-05
0.133301
-0.0101522
0.128796
-0.00919129
0.124779
-0.00819364
0.121274
-0.00715377
0.118304
-0.00606473
0.115894
-0.00492742
0.114071
-0.00374056
0.11285
-0.00251804
0.112251
-0.00126259
6.99977e-07
0.133975
-0.00510224
0.1294
-0.00461647
0.125322
-0.00411576
0.121762
-0.00359395
0.118745
-0.00304728
0.116294
-0.00247661
0.114435
-0.00188141
0.113185
-0.00126807
0.112561
-0.000638431
-9.42003e-06
0.134369
0.129752
0.125637
0.122043
0.118995
0.116519
0.114637
0.113369
0.112731
)
;

boundaryField
{
    bottom
    {
        type            symmetryPlane;
        value           uniform 0;
    }
    right
    {
        type            calculated;
        value           nonuniform List<scalar> 
30
(
-0.015559
-0.00991643
0.000678938
0.0157555
0.032787
0.0508661
0.0688366
0.085382
0.0990424
0.108897
0.105209
0.108993
0.111728
0.113943
0.115916
0.117798
0.119653
0.12149
0.123294
0.125037
0.126694
0.128241
0.129658
0.130929
0.132041
0.132984
0.133749
0.134329
0.134719
0.134915
)
;
    }
    top
    {
        type            symmetryPlane;
        value           uniform 0;
    }
    left
    {
        type            calculated;
        value           nonuniform List<scalar> 
30
(
-0.0573828
-0.0580507
-0.0593925
-0.0613404
-0.0638276
-0.0667693
-0.0700798
-0.073672
-0.0774617
-0.0815183
-0.0780836
-0.0819124
-0.0859476
-0.0899874
-0.0941557
-0.0983597
-0.102533
-0.106641
-0.11064
-0.114487
-0.118126
-0.121468
-0.124383
-0.126656
-0.128609
-0.130339
-0.132913
-0.136463
-0.135961
-0.130925
)
;
    }
    cylinder
    {
        type            calculated;
        value           uniform 0;
    }
    defaultFaces
    {
        type            empty;
        value           nonuniform 0();
    }
}


// ************************************************************************* //
