/*--------------------------------*- C++ -*----------------------------------*\
| =========                 |                                                 |
| \\      /  F ield         | OpenFOAM: The Open Source CFD Toolbox           |
|  \\    /   O peration     | Version:  4.1                                   |
|   \\  /    A nd           | Web:      www.OpenFOAM.org                      |
|    \\/     M anipulation  |                                                 |
\*---------------------------------------------------------------------------*/
FoamFile
{
    version     2.0;
    format      ascii;
    class       volVectorField;
    location    "11.3";
    object      U;
}
// * * * * * * * * * * * * * * * * * * * * * * * * * * * * * * * * * * * * * //

dimensions      [0 1 -1 0 0 0 0];

internalField   nonuniform List<vector> 
2000
(
(-0.0309755 0.0261326 -1.02205e-20)
(-0.0145515 0.0325665 0)
(0.0689725 0.0254635 -2.27752e-20)
(0.207642 0.0151833 -1.17484e-20)
(0.388292 0.00833117 2.20149e-20)
(0.592499 0.00728878 3.34455e-20)
(0.802134 0.0127173 -1.06197e-20)
(0.995835 0.0201442 0)
(1.18792 0.0345403 1.0011e-20)
(1.30815 0.0456185 0)
(-0.0268691 0.0205979 5.24069e-21)
(0.0219752 0.0156601 -5.91984e-21)
(0.157994 0.00501599 1.95015e-20)
(0.35843 -0.00211495 3.1169e-20)
(0.594952 -0.00101006 -7.50717e-22)
(0.836205 0.0077 -1.14102e-20)
(1.0577 0.0211568 9.91247e-21)
(1.24564 0.0343247 1.01987e-20)
(1.40134 0.0494395 -1.00104e-20)
(1.49704 0.0513744 -1.94076e-20)
(-0.016427 0.0131867 -3.90259e-21)
(0.0798899 -0.00271567 3.65546e-21)
(0.282333 -0.0120106 -9.65553e-21)
(0.547011 -0.00993251 -1.25182e-21)
(0.824225 0.00285151 -1.02515e-20)
(1.07429 0.0211268 -1.03343e-20)
(1.27743 0.039462 -1.03123e-20)
(1.43062 0.0538523 -1.01984e-20)
(1.54059 0.0640973 -1.02218e-20)
(1.61842 0.0658085 1.01937e-20)
(0.00266063 0.00427893 -5.96878e-22)
(0.163099 -0.0198715 2.43358e-21)
(0.440123 -0.0207393 0)
(0.756719 -0.00444 -1.02088e-20)
(1.04577 0.0198193 8.19489e-21)
(1.27368 0.0434562 0)
(1.43675 0.0615192 0)
(1.54675 0.0720762 0)
(1.62316 0.0777865 1.02222e-20)
(1.67293 0.0758825 -2.08396e-20)
(0.0326023 -0.00504573 -5.52774e-22)
(0.272826 -0.0314085 -2.22489e-23)
(0.620932 -0.0164665 -2.04187e-21)
(0.962963 0.0149747 -4.40238e-21)
(1.23289 0.046197 -3.75216e-21)
(1.41905 0.0694524 -4.42832e-21)
(1.5382 0.0830492 0)
(1.61468 0.0887191 -5.31597e-21)
(1.66806 0.0896934 2.79441e-20)
(1.71168 0.0849604 -3.7724e-20)
(0.074987 -0.0129075 -2.50676e-21)
(0.405541 -0.0320905 1.55071e-21)
(0.806876 0.00300195 4.16992e-21)
(1.14347 0.0456772 -4.91369e-21)
(1.37388 0.0777167 1.19742e-20)
(1.5147 0.0962932 -3.29058e-21)
(1.59846 0.104073 0)
(1.65296 0.104936 5.31637e-21)
(1.69639 0.1021 -5.57335e-21)
(1.73672 0.0964069 -2.51739e-20)
(0.13008 -0.0167952 0)
(0.55197 -0.0178078 0)
(0.97918 0.0365952 1.35332e-21)
(1.28659 0.0841038 -1.25983e-21)
(1.47088 0.11193 4.10586e-21)
(1.57253 0.123733 -3.85481e-21)
(1.63139 0.125511 -1.15404e-20)
(1.67369 0.122054 1.09083e-20)
(1.71236 0.116188 1.31574e-20)
(1.75233 0.109341 -6.26562e-21)
(0.196213 -0.0140387 2.60828e-21)
(0.698942 0.0127707 0)
(1.12491 0.0814622 1.0424e-21)
(1.39068 0.127546 -3.67394e-21)
(1.53136 0.147889 4.60052e-21)
(1.60281 0.152042 0)
(1.6458 0.148038 0)
(1.6818 0.140604 0)
(1.71916 0.132042 1.47302e-20)
(1.75958 0.124162 -1.40019e-20)
(0.269533 -0.00252333 -1.47686e-21)
(0.83346 0.0580774 -2.70483e-22)
(1.23828 0.134497 -1.46395e-22)
(1.45912 0.174162 -6.28961e-22)
(1.56277 0.185075 -5.61699e-22)
(1.61269 0.181359 -2.40217e-21)
(1.64629 0.171842 0)
(1.67962 0.160665 2.03005e-21)
(1.71679 0.149674 1.05335e-20)
(1.75755 0.140144 -7.96454e-21)
(0.344503 0.0187562 0)
(0.946057 0.114784 -7.89213e-22)
(1.31826 0.192764 0)
(1.49658 0.222545 9.96909e-23)
(1.571 0.223016 1.07019e-22)
(1.60646 0.211516 1.46771e-21)
(1.63502 0.196701 0)
(1.66749 0.181866 -2.03025e-21)
(1.70503 0.168371 -2.15408e-21)
(1.74634 0.156669 -2.46399e-21)
(-0.00607391 0.00603839 0)
(-0.02544 0.0117811 2.08133e-21)
(-0.054094 0.0141931 0)
(-0.0828565 0.0150249 2.59159e-21)
(-0.109708 0.0151333 7.81248e-22)
(-0.134409 0.0150056 -1.438e-21)
(-0.157126 0.014921 1.35424e-21)
(-0.178235 0.0150289 -1.22226e-21)
(-0.198274 0.015431 -2.20561e-23)
(-0.218029 0.0162184 -1.04332e-21)
(-0.0071894 0.0173688 6.69067e-21)
(-0.0263624 0.0340803 -4.15125e-21)
(-0.0529952 0.0412041 3.71714e-21)
(-0.0789552 0.0436417 -1.72177e-21)
(-0.102489 0.0438711 -7.8113e-21)
(-0.12338 0.0433303 2.91839e-21)
(-0.141787 0.0428648 0)
(-0.158023 0.0429601 1.21815e-21)
(-0.172497 0.0439541 1.11686e-21)
(-0.186363 0.0461302 0)
(-0.00925154 0.0266263 -4.46428e-21)
(-0.0282122 0.0528462 0)
(-0.0512406 0.0642701 -1.10384e-20)
(-0.0721148 0.0681117 1.35221e-20)
(-0.0895671 0.0681978 -3.14557e-21)
(-0.10348 0.0668136 0)
(-0.114028 0.0653603 0)
(-0.121464 0.064738 0)
(-0.125896 0.0656336 -8.80662e-21)
(-0.128744 0.068626 8.36973e-21)
(-0.0119535 0.0330122 0)
(-0.0309499 0.0664928 7.84182e-21)
(-0.049498 0.0813846 -1.44537e-20)
(-0.0637562 0.0862257 6.6931e-21)
(-0.0731729 0.0857894 -6.08898e-21)
(-0.0778566 0.0829978 1.69571e-20)
(-0.0780586 0.0797016 -1.94601e-22)
(-0.0740802 0.0772172 -9.8264e-21)
(-0.0656977 0.0767741 -8.95291e-21)
(-0.0532988 0.0799341 1.27947e-20)
(-0.0150058 0.0364308 -8.37887e-21)
(-0.0344468 0.074342 1.52639e-20)
(-0.0482306 0.0913746 -5.62397e-23)
(-0.0549332 0.0965395 6.02218e-23)
(-0.0548985 0.0951446 -6.03774e-21)
(-0.0486059 0.090479 1.70265e-20)
(-0.0364523 0.0846155 0)
(-0.0188969 0.0790549 4.97574e-21)
(0.00449994 0.0756278 -4.69827e-21)
(0.0353972 0.0779938 1.69332e-20)
(-0.0182444 0.0373741 -1.59053e-22)
(-0.0383994 0.0765941 -1.50111e-20)
(-0.0472067 0.0939478 -6.99993e-21)
(-0.0453481 0.0984379 -6.35179e-21)
(-0.0340878 0.0956112 -6.06511e-21)
(-0.0143424 0.0889089 -5.66317e-21)
(0.013284 0.0803991 0)
(0.0480524 0.0714314 -4.97546e-21)
(0.0901379 0.0638647 -1.44934e-20)
(0.146709 0.0640486 4.32162e-21)
(-0.0216472 0.0366511 2.67323e-23)
(-0.0421634 0.0740702 -7.19212e-21)
(-0.0449668 0.0895867 0)
(-0.0323646 0.0920967 1.3003e-20)
(-0.00634566 0.087305 -1.20202e-20)
(0.0318072 0.0787335 0)
(0.0812605 0.0684606 0)
(0.140754 0.0576521 0)
(0.207121 0.0464302 9.92999e-21)
(0.303351 0.044856 1.7872e-20)
(-0.0251976 0.0350146 7.36779e-21)
(-0.044478 0.0678131 -6.90163e-21)
(-0.0382891 0.0792919 -1.30295e-20)
(-0.0101984 0.0784522 1.9056e-22)
(0.0373857 0.0712391 -1.20228e-20)
(0.102646 0.0613004 -1.15212e-20)
(0.183938 0.0508646 -1.10377e-20)
(0.278986 0.04157 -1.05893e-20)
(0.376176 0.0295007 -9.92889e-21)
(0.526188 0.0306729 9.96003e-21)
(-0.0285696 0.0328171 2.01832e-20)
(-0.0431189 0.0586558 7.02766e-21)
(-0.0218849 0.0643102 2.60656e-20)
(0.0301963 0.0592528 1.25704e-20)
(0.11008 0.0498362 1.54783e-22)
(0.214224 0.0397891 1.16965e-20)
(0.338155 0.0313965 -1.09851e-20)
(0.475998 0.0268799 1.05881e-20)
(0.60952 0.0189818 -1.01676e-20)
(0.805118 0.0287148 1.94863e-20)
(-0.0309264 0.0300146 -1.31951e-20)
(-0.0346064 0.0469398 0)
(0.0112924 0.0459019 -1.25382e-20)
(0.0996515 0.0370567 7.80604e-23)
(0.224797 0.0271204 3.67317e-22)
(0.378227 0.0196299 -1.1636e-20)
(0.549829 0.0166553 3.28154e-20)
(0.724972 0.0181285 0)
(0.897344 0.0205204 1.01661e-20)
(1.08892 0.0383529 0)
(-0.237981 0.0172114 0)
(-0.25928 0.0171571 8.77866e-22)
(-0.280278 0.0168041 -1.70785e-21)
(-0.300903 0.0163337 7.29856e-22)
(-0.32106 0.0157433 0)
(-0.340581 0.0150204 -6.47095e-22)
(-0.359286 0.0141595 6.50301e-22)
(-0.376987 0.0131599 0)
(-0.393494 0.0120268 0)
(-0.408621 0.0107713 -5.18483e-23)
(-0.422192 0.00941075 0)
(-0.43405 0.00796952 0)
(-0.444071 0.00647976 0)
(-0.452181 0.00498199 0)
(-0.458367 0.00352617 3.06875e-23)
(-0.462666 0.00217175 -3.08464e-23)
(-0.465134 0.000978781 0)
(-0.465936 -2.13375e-05 4.89676e-24)
(-0.46564 -0.000842324 -4.92252e-24)
(-0.465314 -0.0014272 0)
(-0.20172 0.0489991 0)
(-0.220675 0.0490968 -2.25214e-22)
(-0.239339 0.0483436 0)
(-0.257843 0.0472527 -2.95968e-21)
(-0.276242 0.0458149 2.88903e-21)
(-0.294383 0.0439874 -1.68488e-22)
(-0.312095 0.0417466 1.15026e-21)
(-0.329201 0.0390837 -2.30694e-21)
(-0.345514 0.0360054 1.78545e-21)
(-0.360841 0.0325352 -9.35566e-22)
(-0.374987 0.0287153 -6.24013e-22)
(-0.387765 0.0246088 1.06369e-21)
(-0.399005 0.0203029 -5.07473e-22)
(-0.408569 0.0159131 -1.90324e-22)
(-0.416365 0.0115876 1.50553e-22)
(-0.422343 0.00750919 -1.95374e-23)
(-0.42651 0.00387459 -1.20799e-23)
(-0.429039 0.000831587 -1.37424e-23)
(-0.430372 -0.0015772 1.3809e-23)
(-0.431005 -0.00321439 -2.49986e-25)
(-0.136117 0.0732384 2.37954e-22)
(-0.150339 0.0739747 2.2561e-22)
(-0.164329 0.0735491 2.14608e-22)
(-0.178389 0.0726443 0)
(-0.192884 0.0712167 3.18263e-21)
(-0.207721 0.0691826 -2.48651e-21)
(-0.222757 0.0664864 0)
(-0.237853 0.0630943 2.69191e-22)
(-0.252857 0.0589943 1.17532e-22)
(-0.267595 0.0541969 -1.24768e-21)
(-0.281881 0.0487396 2.70438e-22)
(-0.29551 0.0426923 1.31907e-21)
(-0.308271 0.0361644 4.88672e-23)
(-0.319948 0.0293151 4.02274e-23)
(-0.330334 0.0223672 2.30492e-23)
(-0.339227 0.0156185 -3.19964e-23)
(-0.346489 0.00943317 4.35262e-23)
(-0.352209 0.00419154 2.62574e-23)
(-0.356672 0.000201508 -2.35579e-24)
(-0.359413 -0.00226036 -1.6279e-24)
(-0.050989 0.085763 7.24447e-21)
(-0.0590376 0.0877483 -3.96414e-22)
(-0.0666134 0.0884328 -6.60851e-22)
(-0.074266 0.0885583 -6.70773e-21)
(-0.0827638 0.0881058 -5.64956e-22)
(-0.0921394 0.0869305 -1.68974e-22)
(-0.102299 0.0849258 4.27371e-21)
(-0.113166 0.0820266 -2.73144e-21)
(-0.124665 0.0781905 -2.0059e-21)
(-0.136705 0.073393 1.51429e-21)
(-0.149168 0.067634 -2.85405e-22)
(-0.16191 0.0609469 -1.32546e-21)
(-0.174757 0.0534086 -4.84611e-23)
(-0.187499 0.0451539 -2.69665e-22)
(-0.199889 0.036402 1.85589e-22)
(-0.211613 0.027485 5.22729e-23)
(-0.22234 0.0188782 -5.73542e-23)
(-0.23196 0.0112333 0)
(-0.240608 0.00538112 1.46357e-23)
(-0.246855 0.00211275 2.09492e-24)
(0.0476621 0.0852813 -1.65417e-20)
(0.0465893 0.0891013 6.85914e-21)
(0.0450244 0.0911645 -7.3502e-21)
(0.0440493 0.0926564 0)
(0.0423641 0.0937172 3.79559e-22)
(0.0395855 0.0940993 5.32414e-21)
(0.0357524 0.0936013 -2.93641e-22)
(0.0308989 0.0921308 -6.20958e-22)
(0.0250093 0.0896317 -4.12241e-21)
(0.0180623 0.0860493 -1.96421e-22)
(0.0100571 0.0813413 0)
(0.00101778 0.0754931 1.23723e-22)
(-0.0090053 0.0685255 0)
(-0.0199262 0.0605025 6.11268e-23)
(-0.031613 0.0515502 0)
(-0.0438468 0.0418933 0)
(-0.0562762 0.0319063 -1.08927e-24)
(-0.0685982 0.0222248 -2.84819e-23)
(-0.0809582 0.0140436 2.99481e-23)
(-0.0919263 0.00923655 -1.40662e-23)
(0.166653 0.0742012 0)
(0.170768 0.0801945 4.81813e-22)
(0.17272 0.0834209 1.44922e-20)
(0.176303 0.0860185 -1.40409e-20)
(0.180021 0.0885115 4.17332e-22)
(0.18286 0.0904989 0)
(0.184763 0.0916493 4.99584e-21)
(0.1858 0.0918635 -9.04868e-21)
(0.185899 0.0910969 4.61979e-21)
(0.184925 0.0892769 2.21491e-22)
(0.182764 0.0863286 1.80278e-22)
(0.179324 0.0822047 1.40297e-22)
(0.174526 0.0768934 0)
(0.168307 0.0704162 -3.12369e-22)
(0.160627 0.0628342 5.91354e-22)
(0.151492 0.0542629 -1.72768e-22)
(0.141009 0.0448986 -4.25509e-24)
(0.12939 0.0350356 -1.47564e-23)
(0.116443 0.0254269 1.59439e-23)
(0.102317 0.0184789 -1.6128e-23)
(0.326077 0.0583952 -1.8426e-20)
(0.331129 0.0663324 0)
(0.332222 0.0699917 4.98551e-22)
(0.336254 0.0731123 -9.25915e-22)
(0.341851 0.0765744 -8.58577e-22)
(0.347198 0.0796639 -4.04159e-22)
(0.352079 0.0819557 -3.65877e-22)
(0.356657 0.0834265 4.38442e-21)
(0.360839 0.0840719 -5.22193e-21)
(0.364393 0.0838038 -3.80044e-21)
(0.367112 0.0825252 3.15428e-21)
(0.368824 0.0801696 -2.95972e-22)
(0.369358 0.0767096 7.25835e-22)
(0.36855 0.0721442 -3.29801e-22)
(0.366232 0.0665192 -5.48008e-22)
(0.362267 0.0599126 -2.37006e-23)
(0.356522 0.052487 -2.92883e-23)
(0.348941 0.0444039 -1.43285e-23)
(0.33956 0.0359246 7.12828e-23)
(0.326203 0.0280532 9.53354e-24)
(0.544093 0.046464 0)
(0.545574 0.0546381 1.66409e-20)
(0.542149 0.0571065 -1.70683e-20)
(0.542849 0.0598852 4.76146e-22)
(0.546458 0.0635894 9.05595e-22)
(0.550587 0.0668941 4.03809e-22)
(0.554917 0.0694399 7.53475e-22)
(0.55968 0.0713903 0)
(0.564751 0.0727615 2.81746e-22)
(0.569835 0.0734198 2.38932e-22)
(0.574675 0.073247 2.19264e-22)
(0.579077 0.0721625 3.32182e-22)
(0.582814 0.0701353 0)
(0.585686 0.0671409 0)
(0.58744 0.0632371 4.90817e-23)
(0.587893 0.0584616 2.16556e-22)
(0.58682 0.0530445 -1.51143e-22)
(0.583884 0.0470244 1.25169e-24)
(0.57974 0.0411541 -3.55669e-23)
(0.570601 0.0342348 7.89054e-24)
(0.813557 0.0459354 -2.02984e-20)
(0.810433 0.0509785 0)
(0.803841 0.0505676 0)
(0.80179 0.0525532 1.58387e-20)
(0.802538 0.0556323 -1.51078e-21)
(0.803894 0.0579803 -2.80259e-20)
(0.805779 0.0596837 1.29688e-20)
(0.808451 0.0610989 0)
(0.81175 0.0622088 0)
(0.815431 0.0628506 0)
(0.819294 0.0629232 -9.55232e-23)
(0.823226 0.0623317 -2.73475e-22)
(0.827006 0.061054 -2.01789e-21)
(0.830504 0.05901 1.94451e-21)
(0.833416 0.0563076 -4.7492e-22)
(0.835624 0.05285 4.34709e-22)
(0.836858 0.0490842 0)
(0.836725 0.044592 5.50947e-24)
(0.835996 0.0410054 5.47978e-24)
(0.831532 0.0358522 0)
(1.10346 0.0488309 2.9449e-22)
(1.10502 0.0460029 1.79053e-20)
(1.1034 0.0448471 -1.77192e-20)
(1.10275 0.0476858 0)
(1.10158 0.0508553 -1.53235e-20)
(1.09975 0.0532795 2.93574e-20)
(1.09807 0.0553322 -1.40466e-20)
(1.09697 0.0571115 0)
(1.09641 0.0584714 -5.10761e-21)
(1.09635 0.0592578 9.45653e-21)
(1.09671 0.0594458 -4.47526e-21)
(1.09751 0.0589435 9.76045e-23)
(1.09856 0.0578184 0)
(1.09986 0.0559322 1.83514e-21)
(1.10107 0.0535654 -2.38676e-21)
(1.10223 0.0504185 6.20719e-22)
(1.10297 0.0473073 2.31761e-22)
(1.10317 0.0433138 -1.82232e-22)
(1.10308 0.0406703 -5.33912e-23)
(1.10128 0.0364648 0)
(1.43239 0.0542146 0)
(1.4125 0.051066 0)
(1.39914 0.0500409 0)
(1.38823 0.0504906 0)
(1.37849 0.0513382 0)
(1.37011 0.0522869 0)
(1.3633 0.0532613 0)
(1.358 0.0540994 0)
(1.3539 0.0547175 0)
(1.35085 0.0549823 0)
(1.34858 0.0549096 0)
(1.34709 0.0543325 0)
(1.34607 0.0533966 0)
(1.34559 0.0518327 0)
(1.34522 0.0500746 0)
(1.3451 0.0475716 0)
(1.34483 0.0453743 0)
(1.34438 0.0422106 0)
(1.34394 0.0404404 0)
(1.34248 0.0371307 0)
(1.58379 0.0617182 0)
(1.5776 0.0624738 0)
(1.57385 0.0624588 0)
(1.57041 0.0619389 0)
(1.56659 0.0614325 0)
(1.56282 0.0610796 0)
(1.55949 0.0608265 0)
(1.55681 0.0604987 0)
(1.55465 0.0600622 0)
(1.55304 0.0593625 0)
(1.55177 0.0584757 0)
(1.55094 0.0571733 0)
(1.55029 0.0557014 0)
(1.54994 0.0536706 0)
(1.54955 0.051676 0)
(1.54927 0.0489648 0)
(1.54884 0.0468051 0)
(1.54816 0.0436513 0)
(1.54763 0.0420454 0)
(1.54604 0.0388188 0)
(1.68957 0.0638498 0)
(1.68845 0.0638262 0)
(1.68863 0.0637283 0)
(1.68949 0.0631466 0)
(1.69042 0.0625011 0)
(1.69137 0.0619764 0)
(1.69243 0.0615649 0)
(1.69375 0.0610679 0)
(1.69521 0.0604764 0)
(1.69687 0.0596006 0)
(1.69852 0.0585857 0)
(1.7003 0.0571501 0)
(1.70192 0.0556436 0)
(1.70361 0.0535738 0)
(1.70496 0.0516764 0)
(1.70634 0.0490391 0)
(1.70719 0.0470936 0)
(1.70805 0.0441025 0)
(1.70833 0.0427191 0)
(1.7086 0.0396636 0)
(1.77056 0.0638854 0)
(1.77239 0.0624605 0)
(1.77451 0.0615706 0)
(1.7773 0.0606567 0)
(1.78054 0.059798 0)
(1.78404 0.05906 0)
(1.78766 0.0584748 0)
(1.79149 0.0578483 0)
(1.79539 0.057198 0)
(1.79945 0.0562971 0)
(1.8034 0.0553314 0)
(1.80745 0.053975 0)
(1.81115 0.0526374 0)
(1.81497 0.0507638 0)
(1.81814 0.0491499 0)
(1.82159 0.0468167 0)
(1.82393 0.0452164 0)
(1.82701 0.0425997 0)
(1.82827 0.0414973 0)
(1.8313 0.0388277 0)
(1.83988 0.0619025 0)
(1.84353 0.0595343 0)
(1.847 0.0579503 0)
(1.8509 0.0566982 0)
(1.85525 0.0556328 0)
(1.85995 0.0546789 0)
(1.86478 0.0538853 0)
(1.86983 0.0530858 0)
(1.87489 0.0523336 0)
(1.88017 0.0513885 0)
(1.88527 0.0504528 0)
(1.89059 0.0491842 0)
(1.89543 0.0480048 0)
(1.90061 0.046353 0)
(1.90486 0.0450045 0)
(1.90983 0.0430102 0)
(1.91313 0.0417189 0)
(1.91803 0.0395157 0)
(1.91992 0.0386501 0)
(1.92532 0.036406 0)
(1.90764 0.0583076 0)
(1.91223 0.0555137 0)
(1.91652 0.0535062 0)
(1.92098 0.0519756 0)
(1.92575 0.0507248 0)
(1.93086 0.0495954 0)
(1.93609 0.0486273 0)
(1.94155 0.0476761 0)
(1.94697 0.0468212 0)
(1.95264 0.0458302 0)
(1.95808 0.044903 0)
(1.96384 0.0437072 0)
(1.96903 0.0426428 0)
(1.97478 0.0411835 0)
(1.9794 0.040036 0)
(1.98513 0.0383394 0)
(1.98878 0.0372808 0)
(1.99473 0.035443 0)
(1.99687 0.0347498 0)
(2.00369 0.032884 0)
(1.97899 0.0539144 0)
(1.98397 0.0510313 0)
(1.98862 0.0488069 0)
(1.99326 0.047059 0)
(1.99804 0.0456379 0)
(2.00312 0.044364 0)
(2.00828 0.04326 0)
(2.01368 0.0421911 0)
(2.01899 0.0412478 0)
(2.02457 0.0402169 0)
(2.02987 0.039286 0)
(2.03557 0.0381472 0)
(2.04063 0.0371623 0)
(2.0464 0.0358573 0)
(2.05092 0.0348548 0)
(2.05681 0.0333979 0)
(2.0604 0.0325073 0)
(2.0667 0.0309634 0)
(2.06882 0.030393 0)
(2.07618 0.0288343 0)
(2.0548 0.0492849 0)
(2.05987 0.0464547 0)
(2.06462 0.0441384 0)
(2.06925 0.0422455 0)
(2.0739 0.040691 0)
(2.07876 0.0393083 0)
(2.08366 0.0381074 0)
(2.08878 0.0369571 0)
(2.09377 0.0359479 0)
(2.09905 0.0348884 0)
(2.10398 0.0339523 0)
(2.10936 0.03286 0)
(2.11405 0.0319333 0)
(2.11955 0.0307504 0)
(2.12374 0.0298551 0)
(2.12942 0.0285853 0)
(2.13276 0.0278185 0)
(2.13893 0.0265029 0)
(2.1409 0.0260226 0)
(2.14818 0.0247034 0)
(2.13349 0.0445817 0)
(2.13857 0.0418568 0)
(2.14333 0.0395395 0)
(2.14794 0.0375864 0)
(2.15244 0.0359597 0)
(2.15708 0.0345165 0)
(2.1617 0.0332628 0)
(2.16651 0.0320715 0)
(2.17114 0.0310278 0)
(2.17605 0.0299606 0)
(2.18057 0.0290299 0)
(2.18556 0.027984 0)
(2.18983 0.027109 0)
(2.19492 0.0260289 0)
(2.19872 0.0252204 0)
(2.20402 0.0241008 0)
(2.20704 0.0234311 0)
(2.21283 0.0222955 0)
(2.21461 0.0218852 0)
(2.22146 0.0207559 0)
(2.21262 0.0397725 0)
(2.21773 0.0371969 0)
(2.22254 0.0349573 0)
(2.22716 0.0330279 0)
(2.23159 0.0313987 0)
(2.23608 0.0299508 0)
(2.24048 0.0286923 0)
(2.24503 0.0275032 0)
(2.24936 0.0264623 0)
(2.25394 0.0254156 0)
(2.25811 0.0245109 0)
(2.26271 0.0235217 0)
(2.2666 0.0227036 0)
(2.27129 0.0217201 0)
(2.27472 0.0209912 0)
(2.27959 0.0200015 0)
(2.28231 0.0194151 0)
(2.28764 0.018431 0)
(2.28924 0.0180788 0)
(2.29553 0.0171105 0)
(2.28978 0.0347949 0)
(2.29497 0.0324203 0)
(2.29989 0.0303235 0)
(2.30458 0.028489 0)
(2.30902 0.026923 0)
(2.31345 0.0255266 0)
(2.31771 0.0243119 0)
(2.32208 0.023169 0)
(2.3262 0.0221701 0)
(2.33052 0.0211767 0)
(2.33443 0.020324 0)
(2.33871 0.0194095 0)
(2.3423 0.0186608 0)
(2.34662 0.0177784 0)
(2.34976 0.0171307 0)
(2.35424 0.016265 0)
(2.3567 0.0157565 0)
(2.36158 0.0149115 0)
(2.36302 0.0146118 0)
(2.36876 0.0137919 0)
(2.36325 0.029615 0)
(2.36855 0.0274881 0)
(2.37359 0.0255847 0)
(2.37838 0.0239017 0)
(2.38287 0.0224552 0)
(2.38727 0.0211624 0)
(2.39147 0.020038 0)
(2.39571 0.0189839 0)
(2.39969 0.0180649 0)
(2.40381 0.0171586 0)
(2.40751 0.0163853 0)
(2.41154 0.015568 0)
(2.4149 0.0149047 0)
(2.41891 0.0141353 0)
(2.42181 0.0135754 0)
(2.42593 0.0128372 0)
(2.42819 0.0124068 0)
(2.43265 0.0117002 0)
(2.43397 0.0114507 0)
(2.43918 0.0107784 0)
(2.43251 0.024261 0)
(2.43782 0.022417 0)
(2.4429 0.0207471 0)
(2.44771 0.0192604 0)
(2.4522 0.0179791 0)
(2.45654 0.0168344 0)
(2.46064 0.0158407 0)
(2.46474 0.0149129 0)
(2.46856 0.014107 0)
(2.47247 0.0133185 0)
(2.47597 0.0126497 0)
(2.47974 0.0119518 0)
(2.48288 0.0113896 0)
(2.48659 0.0107473 0)
(2.48927 0.0102827 0)
(2.49303 0.00968031 0)
(2.4951 0.00932976 0)
(2.49915 0.0087665 0)
(2.50035 0.00856639 0)
(2.50505 0.00804619 0)
(2.49805 0.0188884 0)
(2.50312 0.0173502 0)
(2.50801 0.0159436 0)
(2.51264 0.0146856 0)
(2.51694 0.0136012 0)
(2.52105 0.0126357 0)
(2.52491 0.011801 0)
(2.52872 0.0110266 0)
(2.53225 0.010357 0)
(2.53585 0.00970793 0)
(2.53905 0.00916055 0)
(2.54247 0.00859756 0)
(2.54531 0.0081465 0)
(2.54863 0.00764107 0)
(2.55103 0.00727578 0)
(2.55438 0.00681436 0)
(2.55622 0.00654362 0)
(2.55979 0.00612629 0)
(2.56085 0.00597406 0)
(2.56497 0.0056073 0)
(2.56021 0.013833 0)
(2.56469 0.0126021 0)
(2.56906 0.011468 0)
(2.57319 0.0104497 0)
(2.57701 0.00957288 0)
(2.58063 0.00879705 0)
(2.58399 0.00813048 0)
(2.58729 0.007518 0)
(2.59034 0.00699129 0)
(2.59342 0.00648748 0)
(2.59616 0.00606474 0)
(2.59905 0.00563871 0)
(2.60146 0.00529808 0)
(2.60424 0.00492748 0)
(2.60627 0.00465762 0)
(2.60905 0.00433187 0)
(2.61059 0.00413562 0)
(2.61354 0.00385638 0)
(2.61442 0.00374781 0)
(2.61781 0.00352419 0)
(2.61767 0.00949887 0)
(2.62127 0.00855083 0)
(2.62483 0.00767252 0)
(2.62819 0.00688113 0)
(2.63128 0.00620001 0)
(2.63416 0.00560234 0)
(2.63683 0.00509259 0)
(2.63941 0.00463048 0)
(2.64179 0.00423535 0)
(2.64417 0.00386453 0)
(2.64629 0.00355451 0)
(2.6485 0.00325144 0)
(2.65035 0.00300836 0)
(2.65246 0.00275611 0)
(2.65399 0.00256858 0)
(2.65608 0.00235944 0)
(2.65724 0.00222617 0)
(2.65945 0.00206305 0)
(2.66011 0.00199073 0)
(2.66264 0.00188428 0)
(2.66745 0.00610957 0)
(2.6701 0.00540649 0)
(2.67276 0.00475436 0)
(2.67527 0.00416622 0)
(2.67754 0.00366042 0)
(2.67961 0.00322048 0)
(2.6815 0.00284756 0)
(2.68329 0.00251463 0)
(2.68494 0.00223115 0)
(2.68656 0.0019714 0)
(2.688 0.00175445 0)
(2.68948 0.00155099 0)
(2.69071 0.00138621 0)
(2.69209 0.0012267 0)
(2.6931 0.00110353 0)
(2.69445 0.000982699 0)
(2.6952 0.000897675 0)
(2.69662 0.000818864 0)
(2.69704 0.00077381 0)
(2.69866 0.000747346 0)
(2.70666 0.00360702 0)
(2.70849 0.00311318 0)
(2.71036 0.00266032 0)
(2.71211 0.00225625 0)
(2.71365 0.00191125 0)
(2.715 0.00161433 0)
(2.71618 0.00136388 0)
(2.71726 0.00114331 0)
(2.71825 0.000955799 0)
(2.71917 0.000788066 0)
(2.72 0.000647719 0)
(2.72081 0.000522097 0)
(2.72148 0.000418897 0)
(2.7222 0.000327257 0)
(2.72273 0.000252584 0)
(2.72341 0.000191705 0)
(2.72379 0.000141788 0)
(2.72448 0.000114821 0)
(2.72468 8.92e-05 0)
(2.72547 0.000104427 0)
(2.73366 0.00190543 0)
(2.73489 0.00157499 0)
(2.73618 0.00128521 0)
(2.73736 0.00103813 0)
(2.73836 0.000833781 0)
(2.73915 0.000662053 0)
(2.73981 0.000518885 0)
(2.74035 0.000394573 0)
(2.74083 0.000289143 0)
(2.74123 0.000196803 0)
(2.74159 0.000119455 0)
(2.74189 5.31518e-05 0)
(2.74214 -2.10529e-06 0)
(2.74236 -4.64635e-05 0)
(2.74252 -8.46503e-05 0)
(2.74268 -0.000109326 0)
(2.74277 -0.000134101 0)
(2.74292 -0.000136961 0)
(2.74295 -0.000149206 0)
(2.74311 -0.000124652 0)
(2.74747 0.000770584 0)
(2.74838 0.000610782 0)
(2.74937 0.000477982 0)
(2.75025 0.000370669 0)
(2.75095 0.000285248 0)
(2.75144 0.000215713 0)
(2.75181 0.000158885 0)
(2.75205 0.0001107 0)
(2.75225 7.03432e-05 0)
(2.75237 3.58657e-05 0)
(2.75247 7.20679e-06 0)
(2.75249 -1.65787e-05 0)
(2.75251 -3.64533e-05 0)
(2.75245 -5.12333e-05 0)
(2.75241 -6.41456e-05 0)
(2.7523 -7.14657e-05 0)
(2.75223 -7.96224e-05 0)
(2.75208 -7.91138e-05 0)
(2.75202 -8.30731e-05 0)
(2.75183 -7.28455e-05 0)
(1.79049 0.142757 2.40754e-21)
(1.80113 0.131549 0)
(1.80254 0.120203 -4.58158e-22)
(1.7964 0.109057 -1.39201e-20)
(1.78091 0.0983899 2.43985e-20)
(1.76094 0.0891878 0)
(1.72951 0.0798258 2.14718e-20)
(1.6872 0.0751927 0)
(1.64518 0.0630142 2.02882e-20)
(1.46194 0.0543603 -3.04837e-22)
(1.84154 0.131373 -2.67382e-21)
(1.85067 0.122192 5.49511e-22)
(1.85115 0.112616 -5.50616e-22)
(1.84404 0.104417 -9.80098e-22)
(1.83032 0.0952652 -1.32125e-20)
(1.80694 0.0896447 -8.14016e-22)
(1.79043 0.081206 0)
(1.73348 0.0786845 -2.18167e-20)
(1.74461 0.0735362 0)
(1.59197 0.0618154 -1.90319e-20)
(1.89868 0.11998 5.47836e-21)
(1.90497 0.112485 0)
(1.90643 0.103831 -5.24431e-22)
(1.8948 0.0976379 -3.95828e-22)
(1.88701 0.0896649 1.40437e-20)
(1.85328 0.0856839 0)
(1.85257 0.0799204 2.43908e-20)
(1.78156 0.0757215 2.2446e-20)
(1.80581 0.0755657 0)
(1.69123 0.0660779 1.88362e-20)
(1.95967 0.109633 -2.46602e-21)
(1.96235 0.10331 1.01433e-20)
(1.96715 0.0958051 0)
(1.94963 0.0904853 1.64238e-20)
(1.9489 0.0842357 9.151e-22)
(1.90626 0.0796715 -1.75471e-21)
(1.91224 0.0765872 -2.3452e-20)
(1.84021 0.0706869 -7.71852e-22)
(1.85508 0.0715966 -2.29298e-20)
(1.76817 0.0669171 0)
(2.02239 0.1002 0)
(2.02195 0.0945437 -9.8906e-21)
(2.03025 0.088567 -1.11463e-20)
(2.00907 0.0833417 1.63913e-21)
(2.01233 0.078982 -1.05835e-21)
(1.96781 0.0736269 -8.84218e-22)
(1.97146 0.0719251 -2.61888e-20)
(1.9071 0.0666237 -1.56484e-21)
(1.90978 0.066336 -3.21125e-22)
(1.83563 0.065215 2.16796e-20)
(2.08499 0.0913316 3.08434e-21)
(2.08312 0.0860902 6.64149e-22)
(2.09323 0.081538 -1.60669e-21)
(2.07215 0.0764131 6.04958e-22)
(2.07576 0.073313 -1.72502e-20)
(2.03511 0.0682885 0)
(2.03395 0.0666483 2.86752e-20)
(1.97766 0.0632453 -8.49788e-22)
(1.97372 0.0613741 4.83579e-20)
(1.90278 0.0617665 -4.39579e-20)
(2.14613 0.0827305 -3.09952e-21)
(2.14458 0.0779836 -5.79921e-21)
(2.15493 0.0743707 1.03417e-20)
(2.13652 0.0698169 -1.83183e-20)
(2.13927 0.0671715 -1.76906e-21)
(2.10408 0.0633349 -1.63485e-20)
(2.1005 0.0611524 8.84847e-22)
(2.04935 0.059345 -1.69579e-21)
(2.04427 0.0565091 -2.3706e-20)
(1.97395 0.0573089 2.22723e-20)
(2.20508 0.074207 0)
(2.20471 0.0701493 1.24883e-20)
(2.21494 0.0670252 -1.3551e-21)
(2.19975 0.0633921 1.01257e-20)
(2.20256 0.0607832 -5.65117e-22)
(2.17191 0.0581866 3.22584e-20)
(2.16915 0.0555743 -1.46012e-20)
(2.12133 0.0546345 0)
(2.11812 0.0516171 0)
(2.04973 0.0524862 0)
(2.26158 0.0657176 0)
(2.26237 0.0624252 -1.13538e-20)
(2.27289 0.0595907 -7.24547e-22)
(2.26036 0.0568794 1.00745e-20)
(2.26455 0.0543085 1.85173e-20)
(2.23733 0.0525948 -1.79457e-20)
(2.23724 0.0499655 1.754e-20)
(2.1929 0.0494613 -9.42675e-22)
(2.19253 0.0467193 0)
(2.12845 0.0475854 1.23979e-20)
(2.31575 0.0572895 4.02749e-22)
(2.31734 0.0546825 6.46795e-21)
(2.32853 0.0521372 1.00842e-20)
(2.31798 0.0501425 -5.80143e-22)
(2.32408 0.0477842 1.254e-21)
(2.29991 0.0466212 -1.89788e-20)
(2.30276 0.0442946 1.85488e-20)
(2.26288 0.0440631 -9.6903e-22)
(2.26512 0.0417015 0)
(2.20756 0.0425801 -2.50014e-20)
(2.36826 0.0489943 0)
(2.37035 0.0469215 6.34855e-21)
(2.38207 0.0447184 1.9429e-22)
(2.37315 0.0432189 0)
(2.38077 0.0412019 0)
(2.35973 0.0403948 1.68139e-20)
(2.36475 0.0384645 -1.53938e-20)
(2.33016 0.038443 -9.22474e-22)
(2.3342 0.036415 4.87211e-22)
(2.28462 0.037363 1.3018e-20)
(2.42031 0.0409187 0)
(2.4227 0.0392614 -1.20616e-20)
(2.43439 0.0374267 -1.3284e-20)
(2.42698 0.0362711 2.03316e-21)
(2.4352 0.0346094 -1.30963e-21)
(2.41737 0.0340504 -1.11941e-21)
(2.42336 0.0324555 2.13253e-21)
(2.39432 0.0326029 1.38291e-20)
(2.39921 0.0308455 1.36079e-21)
(2.35797 0.0318895 -4.24764e-22)
(2.47318 0.0331683 0)
(2.4757 0.0318751 6.48822e-21)
(2.48664 0.0303998 -7.29531e-22)
(2.48063 0.0295067 7.23507e-22)
(2.4885 0.0281413 0)
(2.47376 0.0277593 0)
(2.47965 0.0264025 0)
(2.45583 0.0266631 -1.57127e-20)
(2.46076 0.0251301 1.47554e-20)
(2.42721 0.026209 0)
(2.52714 0.0260752 0)
(2.5296 0.0250874 4.1234e-21)
(2.53918 0.0239167 5.37475e-21)
(2.53445 0.023218 7.0719e-21)
(2.54135 0.0220721 -1.35377e-21)
(2.52945 0.0217894 8.51213e-21)
(2.53464 0.0206014 -7.75297e-21)
(2.51545 0.0208729 0)
(2.51992 0.0195366 7.31162e-22)
(2.49298 0.0205003 -1.40643e-20)
(2.58017 0.020014 -9.02655e-22)
(2.58246 0.0192436 -3.3391e-21)
(2.59046 0.0183072 -6.94616e-21)
(2.58698 0.0177266 -4.97346e-21)
(2.59276 0.0167518 0)
(2.58356 0.0164778 -1.0849e-20)
(2.58793 0.0154373 1.11107e-20)
(2.57294 0.015589 -1.05775e-21)
(2.57679 0.0144442 -7.29349e-21)
(2.55574 0.0151214 2.03754e-20)
(2.62827 0.0150554 9.07288e-22)
(2.63055 0.0144334 -2.57912e-21)
(2.6371 0.013693 2.34431e-21)
(2.63502 0.0131769 -5.84228e-21)
(2.63983 0.0123719 0)
(2.63339 0.0120478 0)
(2.63706 0.0111746 1.09298e-21)
(2.62623 0.0111291 -1.03676e-20)
(2.62943 0.0101867 -6.50912e-21)
(2.61411 0.0104974 -6.81023e-21)
(2.66779 0.0109688 0)
(2.6704 0.0104733 4.24495e-21)
(2.67583 0.00992353 -1.57441e-21)
(2.6753 0.00946825 5.19519e-21)
(2.67936 0.00885277 1.40057e-21)
(2.67571 0.00848839 -1.20448e-21)
(2.6788 0.00780708 2.27937e-21)
(2.67206 0.00759148 7.18884e-21)
(2.67462 0.00685648 0)
(2.66487 0.00686 0)
(2.69777 0.00740089 0)
(2.70082 0.00706769 1.72947e-21)
(2.70539 0.00672612 -3.20119e-21)
(2.70629 0.00638053 0)
(2.70972 0.00597071 -2.73802e-21)
(2.70853 0.00563342 -1.21368e-21)
(2.71107 0.00515134 -3.41208e-21)
(2.70792 0.00486111 -1.01135e-21)
(2.70987 0.00432262 5.21158e-22)
(2.70492 0.00414508 4.45911e-22)
(2.71894 0.0041551 0)
(2.72219 0.00403767 -1.73775e-21)
(2.72601 0.00392803 -1.59161e-21)
(2.72785 0.00376837 2.21884e-21)
(2.73069 0.00358202 1.3223e-21)
(2.73122 0.00337006 1.26101e-21)
(2.73326 0.00309548 5.69891e-21)
(2.73264 0.0028518 -4.19081e-21)
(2.73407 0.00250049 9.8066e-22)
(2.73254 0.00227361 0)
(2.73056 0.00116327 0)
(2.73376 0.00124203 8.5346e-22)
(2.73705 0.00132229 -8.19542e-22)
(2.73928 0.0013653 7.79445e-22)
(2.74173 0.00138575 0)
(2.74308 0.00136554 -1.26727e-21)
(2.74478 0.00130877 1.12131e-21)
(2.74542 0.0012242 1.0116e-21)
(2.74652 0.00109003 0)
(2.74671 0.000955576 0)
(1.14696 0.244802 0)
(1.08966 0.266816 -5.91304e-20)
(1.04399 0.296578 0)
(1.00679 0.335024 -1.96352e-19)
(0.974135 0.381687 7.39736e-20)
(0.943782 0.438306 2.17425e-21)
(0.912668 0.505303 6.6339e-20)
(0.862631 0.570908 -7.10827e-21)
(0.73334 0.578753 0)
(0.407304 0.353731 6.98004e-20)
(1.2347 0.24796 1.0838e-19)
(1.17912 0.276106 5.91289e-20)
(1.13398 0.304627 -5.68959e-20)
(1.0963 0.341827 6.60482e-20)
(1.06424 0.388335 -5.78822e-20)
(1.03674 0.444836 7.27954e-21)
(1.01005 0.511124 -6.80744e-20)
(0.962952 0.574443 -1.36338e-19)
(0.825674 0.577743 -3.62432e-20)
(0.458455 0.346838 -1.02451e-19)
(1.31726 0.24717 -4.87051e-20)
(1.26633 0.277472 5.05606e-20)
(1.22285 0.305359 5.6894e-20)
(1.18472 0.341657 5.85462e-20)
(1.15297 0.387549 6.00576e-20)
(1.12796 0.44304 6.1155e-20)
(1.10509 0.507213 8.64662e-21)
(1.05956 0.566037 6.01979e-20)
(0.912108 0.562759 2.44241e-20)
(0.502745 0.329425 -2.60723e-20)
(1.39725 0.243778 9.72698e-20)
(1.3497 0.27441 -5.05583e-20)
(1.30767 0.301368 0)
(1.26962 0.336197 0)
(1.23845 0.380382 0)
(1.21565 0.433569 4.75581e-20)
(1.19558 0.494034 -4.22577e-20)
(1.14944 0.546014 0)
(0.98877 0.534142 1.84036e-20)
(0.536728 0.302049 -3.78271e-20)
(1.47258 0.237479 -1.88695e-20)
(1.42701 0.267156 6.71012e-20)
(1.38614 0.292973 0)
(1.34877 0.325946 0)
(1.31866 0.367509 2.01625e-20)
(1.2978 0.417176 1.94121e-20)
(1.27922 0.472402 2.62258e-20)
(1.22959 0.5152 1.5421e-20)
(1.05148 0.492943 2.4471e-20)
(0.557215 0.266311 -4.25728e-21)
(1.54057 0.228671 5.5627e-20)
(1.49656 0.256202 2.03617e-20)
(1.45674 0.280473 0)
(1.42043 0.311226 0)
(1.3917 0.349453 -5.52284e-20)
(1.37242 0.394526 1.79382e-20)
(1.35365 0.443101 3.87629e-21)
(1.29687 0.47494 -3.34129e-22)
(1.09564 0.440941 -1.94117e-20)
(0.56215 0.224462 -7.78253e-21)
(1.60054 0.217377 -3.25703e-20)
(1.55762 0.241835 3.42692e-20)
(1.51857 0.264363 3.19085e-20)
(1.48338 0.292586 -3.37571e-20)
(1.45604 0.326888 -1.44599e-20)
(1.43762 0.3664 1.54008e-20)
(1.41642 0.406737 -1.02898e-20)
(1.34763 0.427071 1.10516e-20)
(1.11812 0.381009 0)
(0.550379 0.178708 0)
(1.65128 0.20411 -2.84189e-20)
(1.60957 0.225193 2.99018e-20)
(1.571 0.245519 0)
(1.53676 0.270896 0)
(1.51054 0.300771 0)
(1.49172 0.333892 4.81761e-21)
(1.46469 0.364914 -1.76159e-20)
(1.37801 0.372957 9.7565e-21)
(1.11655 0.315555 0)
(0.521231 0.132173 -1.40329e-21)
(1.69308 0.188948 -1.23052e-20)
(1.6517 0.206192 1.00428e-20)
(1.61332 0.225028 -2.79623e-21)
(1.57998 0.247137 0)
(1.55431 0.272121 -4.66201e-21)
(1.53311 0.298378 1.19361e-20)
(1.49593 0.319307 0)
(1.38524 0.314424 -1.64149e-21)
(1.08835 0.24718 -1.06693e-21)
(0.475295 0.0880962 2.05704e-21)
(1.72513 0.173132 0)
(1.68343 0.187376 2.90442e-21)
(1.64543 0.20355 2.79597e-21)
(1.61281 0.222065 0)
(1.58656 0.242028 1.84377e-21)
(1.56018 0.261071 -3.23425e-21)
(1.50759 0.271384 -7.19371e-22)
(1.36634 0.253578 -5.0164e-22)
(1.03164 0.179069 4.54568e-22)
(0.41497 0.0494754 0)
(0.477417 0.0140574 -1.90543e-20)
(0.45722 0.0161644 2.01977e-20)
(0.432605 0.0186405 1.08016e-20)
(0.402619 0.0215348 1.16816e-20)
(0.365883 0.0249798 -1.24041e-20)
(0.320474 0.0291201 -2.02757e-20)
(0.263874 0.0339457 7.28101e-21)
(0.191571 0.0385979 -1.59363e-20)
(0.10163 0.0391975 -1.74204e-20)
(0.027959 0.024418 0)
(0.49265 0.0420468 0)
(0.471995 0.0482996 -1.00877e-20)
(0.446805 0.0556837 -1.07657e-20)
(0.41643 0.0643097 0)
(0.379585 0.0745694 2.49384e-20)
(0.334347 0.0869049 1.34501e-20)
(0.27816 0.101309 0)
(0.206207 0.115226 -1.55032e-20)
(0.115171 0.117041 -6.06331e-23)
(0.0360234 0.0730327 -1.84618e-20)
(0.522624 0.0696566 7.57525e-20)
(0.501119 0.0798453 -7.9715e-20)
(0.474831 0.0920008 0)
(0.443713 0.106189 0)
(0.406676 0.123038 0)
(0.361811 0.143306 -7.98721e-20)
(0.306482 0.167029 1.14588e-19)
(0.235197 0.190055 -3.05576e-20)
(0.142106 0.193205 0)
(0.0521794 0.120804 3.6982e-20)
(0.566354 0.0965824 7.50448e-20)
(0.543725 0.110367 -7.89689e-20)
(0.515924 0.127072 -8.48282e-20)
(0.483785 0.146544 -9.3577e-22)
(0.446523 0.169616 1.44872e-19)
(0.40226 0.197379 -5.17962e-20)
(0.348254 0.229964 5.64615e-20)
(0.278029 0.261786 -1.21687e-19)
(0.182074 0.2665 6.589e-20)
(0.0762866 0.166952 0)
(0.622453 0.122423 -1.84082e-19)
(0.59857 0.139386 3.86383e-20)
(0.568983 0.160387 0)
(0.535659 0.184802 0)
(0.498214 0.213607 4.84124e-20)
(0.454827 0.248259 -1.51453e-19)
(0.402641 0.289046 1.0868e-19)
(0.333943 0.329161 -1.16791e-19)
(0.234488 0.335625 1.72139e-21)
(0.10806 0.210609 -6.66481e-20)
(0.689251 0.146689 2.53485e-19)
(0.664143 0.166248 -1.91444e-19)
(0.632615 0.191146 0)
(0.598003 0.220044 0)
(0.560465 0.254012 4.67489e-20)
(0.518278 0.294881 5.00992e-20)
(0.468457 0.343109 4.95848e-20)
(0.401846 0.390852 5.78637e-20)
(0.298446 0.399129 1.33518e-21)
(0.146998 0.250714 1.32011e-19)
(0.764811 0.169072 -1.44074e-19)
(0.738672 0.191072 -7.30942e-20)
(0.705271 0.219667 0)
(0.669489 0.252481 0)
(0.632077 0.290718 0)
(0.591414 0.336734 -9.4657e-20)
(0.544424 0.391261 9.61045e-20)
(0.480412 0.445601 0)
(0.372719 0.455486 -5.7271e-20)
(0.192297 0.286044 1.2222e-19)
(0.847872 0.187606 -6.97205e-20)
(0.820359 0.211179 7.30949e-20)
(0.784564 0.24301 7.40681e-20)
(0.747612 0.279486 7.83294e-20)
(0.710794 0.321717 8.27993e-20)
(0.672288 0.372338 8.74857e-20)
(0.628787 0.432245 -5.98381e-21)
(0.567941 0.492052 9.69915e-20)
(0.455669 0.503099 -5.2928e-20)
(0.242781 0.31527 5.64971e-20)
(0.937499 0.207091 -1.33217e-19)
(0.908311 0.232475 6.67346e-20)
(0.869902 0.266365 -7.40681e-20)
(0.831882 0.304376 -8.03289e-20)
(0.79567 0.348483 7.58801e-20)
(0.759376 0.401902 -5.73224e-21)
(0.719666 0.465521 -2.65686e-19)
(0.662377 0.529121 -1.82802e-19)
(0.545175 0.540443 5.06602e-20)
(0.296836 0.337064 -4.42852e-20)
(1.03428 0.216604 0)
(0.996357 0.242342 -6.67344e-20)
(0.955001 0.279781 0)
(0.91811 0.321069 6.86907e-20)
(0.884076 0.367807 -2.29458e-19)
(0.850684 0.423724 -1.59394e-19)
(0.815103 0.489945 1.6852e-19)
(0.761493 0.555634 8.87928e-20)
(0.638725 0.566057 0)
(0.352477 0.350234 9.5513e-20)
(0.588105 0.00116476 0)
(0.587381 0.00116429 -1.13251e-21)
(0.585879 0.00119056 1.12659e-21)
(0.584146 0.00125903 0)
(0.582393 0.00136828 -2.26239e-21)
(0.580541 0.00151592 2.25073e-21)
(0.578477 0.0017038 0)
(0.576125 0.00193657 0)
(0.573409 0.00222046 0)
(0.570282 0.00255869 0)
(0.566712 0.00296446 1.12858e-21)
(0.562617 0.00344898 0)
(0.557886 0.00402342 0)
(0.552397 0.00470203 9.08671e-21)
(0.546012 0.00550324 -9.0419e-21)
(0.538576 0.00644961 0)
(0.529898 0.0075696 1.02876e-20)
(0.519762 0.00889714 -1.82834e-20)
(0.507879 0.0104723 9.13451e-21)
(0.493956 0.0124215 9.25621e-21)
(0.600134 0.00342871 2.35286e-21)
(0.599444 0.00344178 4.49327e-21)
(0.598046 0.00354839 -4.47161e-21)
(0.596442 0.00377263 2.24104e-21)
(0.594807 0.00410822 2.24105e-21)
(0.593065 0.00455432 8.98719e-21)
(0.591109 0.00511934 -6.70326e-21)
(0.588869 0.00581724 -1.79842e-20)
(0.586259 0.00666103 3.81361e-20)
(0.583246 0.00768514 -1.79095e-20)
(0.579806 0.00891299 -1.69002e-20)
(0.575847 0.0103721 3.823e-20)
(0.571257 0.0120982 -3.37775e-20)
(0.565919 0.0141358 1.79854e-20)
(0.559702 0.0165401 2.25781e-21)
(0.552458 0.0193782 3.86253e-20)
(0.543999 0.0227353 -3.73337e-20)
(0.53414 0.0267114 0)
(0.522539 0.0314243 2.28241e-21)
(0.509383 0.0372584 0)
(0.623656 0.00564202 -6.99015e-21)
(0.623102 0.00568274 -4.66757e-24)
(0.621931 0.00588973 8.90236e-21)
(0.620557 0.00628434 -4.40123e-21)
(0.619135 0.00685519 -1.10962e-20)
(0.617598 0.00760635 -2.22473e-21)
(0.615847 0.00855411 -2.22714e-21)
(0.613806 0.00972326 -2.22836e-21)
(0.611416 0.0111298 3.13318e-20)
(0.608653 0.0128474 1.88465e-22)
(0.60546 0.0149096 -4.0172e-20)
(0.601755 0.017355 -2.24145e-21)
(0.597437 0.0202415 -4.48844e-21)
(0.592398 0.0236443 0)
(0.586516 0.0276552 -4.06951e-20)
(0.579658 0.0323838 3.15273e-20)
(0.57164 0.0379709 0)
(0.562349 0.0445779 -2.26968e-21)
(0.551307 0.0523875 -2.2864e-21)
(0.539672 0.0620738 -2.28429e-21)
(0.65796 0.00785308 2.2928e-21)
(0.657577 0.00792045 6.55954e-21)
(0.656704 0.00821638 0)
(0.655632 0.00877679 -1.97833e-20)
(0.654492 0.00958879 1.75383e-20)
(0.653227 0.0106578 1.98529e-20)
(0.651751 0.0120067 -1.31906e-20)
(0.649984 0.0136706 2.20983e-21)
(0.647899 0.0156609 -2.88679e-20)
(0.645485 0.0180711 -1.79979e-22)
(0.642647 0.0209654 3.32603e-20)
(0.639306 0.0244003 -3.57503e-20)
(0.635381 0.0284515 -3.38054e-20)
(0.63078 0.0332207 7.5951e-20)
(0.625394 0.0388346 2.24906e-21)
(0.619117 0.045443 6.75367e-21)
(0.611763 0.0532393 -7.25837e-20)
(0.603348 0.0624444 1.80068e-21)
(0.593139 0.0732661 -4.87458e-22)
(0.583726 0.086777 7.51589e-20)
(0.701984 0.00998508 4.50371e-21)
(0.701775 0.0100824 -1.71678e-20)
(0.701231 0.0104635 8.58457e-21)
(0.700507 0.0111892 4.31508e-21)
(0.699691 0.0122457 0)
(0.698742 0.0136325 0)
(0.697588 0.015376 -4.35494e-21)
(0.696125 0.0175017 0)
(0.69438 0.0201121 -4.38305e-21)
(0.692368 0.0232554 0)
(0.689961 0.0269993 4.41259e-21)
(0.687073 0.0314273 -7.09569e-20)
(0.683644 0.03664 -3.59285e-22)
(0.679608 0.0427668 -4.82795e-21)
(0.67487 0.0499645 7.13458e-20)
(0.669368 0.0584243 -4.49684e-21)
(0.662902 0.0683796 4.48666e-21)
(0.655688 0.0801289 -7.25154e-20)
(0.646598 0.0938034 7.69111e-20)
(0.640023 0.111137 1.45687e-19)
(0.754501 0.011925 4.39462e-21)
(0.754434 0.0120701 -4.18136e-21)
(0.754206 0.0125455 -4.20781e-21)
(0.753827 0.013441 -4.22604e-21)
(0.753321 0.0147513 -3.40448e-20)
(0.752662 0.0164762 6.39856e-20)
(0.751775 0.0186042 -3.8485e-20)
(0.750672 0.0212189 0)
(0.749383 0.0244475 -4.31862e-21)
(0.747792 0.0283248 -4.33694e-21)
(0.74582 0.0329133 -4.35528e-21)
(0.743423 0.0383196 6.59003e-20)
(0.740561 0.0446658 -1.45263e-19)
(0.737189 0.0521165 7.0597e-20)
(0.733235 0.0608464 0)
(0.728692 0.0711049 -4.44116e-21)
(0.723336 0.0831273 -1.52526e-19)
(0.717639 0.0973637 1.43586e-19)
(0.709992 0.113644 -4.53468e-21)
(0.706735 0.134837 0)
(0.814255 0.0135207 4.26207e-21)
(0.814265 0.0137567 -1.22656e-20)
(0.814279 0.0143678 4.03745e-21)
(0.814192 0.0154439 2.47338e-20)
(0.813966 0.0169769 4.15099e-21)
(0.813516 0.0189854 -2.51445e-20)
(0.81288 0.0215637 4.07172e-21)
(0.812147 0.0247714 3.37822e-20)
(0.811234 0.0286214 8.51197e-21)
(0.810023 0.0331922 7.29379e-20)
(0.808485 0.0385775 -6.01816e-20)
(0.8066 0.0449179 -6.07918e-20)
(0.80436 0.0523357 7.39705e-20)
(0.801734 0.0610479 4.36492e-21)
(0.798695 0.0712037 4.38416e-21)
(0.795287 0.0831614 8.84552e-21)
(0.791289 0.0970366 8.88188e-21)
(0.787418 0.113628 -4.42306e-21)
(0.781583 0.132099 0)
(0.781892 0.157193 1.42453e-19)
(0.88002 0.0146114 -1.24001e-20)
(0.88004 0.0149667 -1.50169e-23)
(0.880165 0.0157355 -3.98481e-21)
(0.880204 0.0170074 -3.62286e-20)
(0.880079 0.0188501 2.42475e-20)
(0.879865 0.0212588 -4.08716e-21)
(0.879582 0.0243046 0)
(0.879115 0.0280243 0)
(0.878439 0.0324358 -8.36144e-21)
(0.877528 0.0376538 -4.20396e-21)
(0.876401 0.0437724 -4.2549e-21)
(0.875023 0.0509841 -4.28784e-21)
(0.873446 0.0593717 0)
(0.871615 0.0692689 -8.6645e-21)
(0.869612 0.0807012 -4.38066e-21)
(0.867446 0.0943191 -8.75944e-21)
(0.865033 0.109777 -4.43185e-21)
(0.863252 0.128633 -1.36588e-19)
(0.859663 0.148449 1.41677e-19)
(0.864048 0.177313 0)
(0.950567 0.0152333 0)
(0.950573 0.0157511 3.8248e-21)
(0.950719 0.0167786 1.9341e-21)
(0.950886 0.0183436 0)
(0.950952 0.0205155 3.55218e-20)
(0.950855 0.0233407 -3.17933e-20)
(0.950629 0.0267768 6.64259e-20)
(0.950258 0.0309014 -6.48646e-20)
(0.949774 0.0357803 6.1524e-21)
(0.94913 0.0415778 2.08474e-21)
(0.948418 0.0483394 0)
(0.947543 0.0563462 0)
(0.946722 0.0655386 0)
(0.945754 0.0764825 1.41246e-19)
(0.945065 0.0887963 -2.75699e-19)
(0.944257 0.10387 4.71347e-21)
(0.943801 0.120339 1.39426e-19)
(0.943997 0.142082 0)
(0.94308 0.163223 0)
(0.952139 0.197629 1.38872e-19)
(1.02575 0.01582 0)
(1.02584 0.0164128 -1.47698e-20)
(1.02596 0.0175674 -1.31243e-20)
(1.02604 0.0193467 3.0178e-20)
(1.026 0.0217579 3.063e-20)
(1.02582 0.0248407 -9.29239e-20)
(1.02558 0.0285869 6.06341e-20)
(1.02526 0.0330868 0)
(1.02498 0.0383595 -2.00991e-21)
(1.02463 0.0446179 -6.28937e-20)
(1.02447 0.0518057 1.31177e-19)
(1.02419 0.0603433 -6.62614e-20)
(1.02445 0.0699182 0)
(1.02445 0.0815091 -1.34724e-19)
(1.02575 0.0939969 2.71631e-19)
(1.02649 0.109923 -1.36925e-19)
(1.03006 0.125678 0)
(1.03312 0.148933 -1.35826e-19)
(1.03891 0.167853 1.37246e-19)
(1.05502 0.209882 -2.13875e-21)
(1.10375 0.0155714 0)
(1.10355 0.0161594 0)
(1.10346 0.0173517 0)
(1.10338 0.0191725 0)
(1.10321 0.0216143 0)
(1.10287 0.0247231 0)
(1.10251 0.0284842 0)
(1.10205 0.033036 0)
(1.1018 0.0383669 0)
(1.10143 0.0447871 0)
(1.1016 0.0521227 0)
(1.10141 0.0610407 0)
(1.10263 0.0708682 0)
(1.10273 0.0833189 0)
(1.10646 0.0960925 0)
(1.10661 0.114123 0)
(1.11671 0.129427 0)
(1.11513 0.158087 0)
(1.14416 0.170957 0)
(1.13193 0.226227 0)
(1.1854 0.0147292 0)
(1.18536 0.0154133 0)
(1.18541 0.0168772 0)
(1.18541 0.018981 0)
(1.18532 0.021645 0)
(1.18504 0.0248888 0)
(1.18481 0.028669 0)
(1.18447 0.0331797 0)
(1.18452 0.0383727 0)
(1.18432 0.0446351 0)
(1.18507 0.0516475 0)
(1.18505 0.0602451 0)
(1.18737 0.0694032 0)
(1.18741 0.0812271 0)
(1.19339 0.0926399 0)
(1.19257 0.10931 0)
(1.20734 0.12208 0)
(1.20195 0.146632 0)
(1.23811 0.156344 0)
(1.21498 0.192374 0)
(1.27157 0.0157272 0)
(1.27219 0.0161111 0)
(1.27279 0.0171564 0)
(1.27309 0.0191336 0)
(1.27317 0.0218516 0)
(1.27293 0.0251389 0)
(1.27281 0.028863 0)
(1.27254 0.0332671 0)
(1.2729 0.0382743 0)
(1.27283 0.0443142 0)
(1.27412 0.0509533 0)
(1.27417 0.0590855 0)
(1.27744 0.0675255 0)
(1.27731 0.0784025 0)
(1.2849 0.0885687 0)
(1.2832 0.103194 0)
(1.30024 0.114122 0)
(1.29251 0.133817 0)
(1.32989 0.142262 0)
(1.30354 0.168146 0)
(1.3648 0.0168013 0)
(1.36491 0.0169298 0)
(1.36562 0.0176813 0)
(1.36621 0.0196391 0)
(1.36637 0.0223804 0)
(1.36591 0.0255897 0)
(1.3657 0.0291268 0)
(1.36534 0.0333116 0)
(1.3659 0.0380509 0)
(1.36584 0.0437828 0)
(1.36758 0.0500011 0)
(1.36759 0.0575882 0)
(1.37162 0.065333 0)
(1.37124 0.0752177 0)
(1.37995 0.0843222 0)
(1.3775 0.0970837 0)
(1.39573 0.106641 0)
(1.38646 0.122928 0)
(1.42402 0.130545 0)
(1.39597 0.151274 0)
(1.46246 0.0121252 0)
(1.46181 0.0127466 0)
(1.46241 0.0151776 0)
(1.46295 0.018578 0)
(1.46278 0.0220757 0)
(1.46187 0.0255248 0)
(1.46147 0.0290264 0)
(1.46098 0.0330712 0)
(1.46175 0.0375839 0)
(1.46167 0.043001 0)
(1.46381 0.0487849 0)
(1.46374 0.0557887 0)
(1.46842 0.0628395 0)
(1.46778 0.0717493 0)
(1.47735 0.0798641 0)
(1.47425 0.0910243 0)
(1.49323 0.0993739 0)
(1.48288 0.113179 0)
(1.52018 0.119815 0)
(1.49131 0.13702 0)
(1.55375 0.0122501 0)
(1.55644 0.0131761 0)
(1.55955 0.0160189 0)
(1.56049 0.0197623 0)
(1.55996 0.0231913 0)
(1.5586 0.0262649 0)
(1.55816 0.029333 0)
(1.55771 0.0330008 0)
(1.55878 0.0371433 0)
(1.55873 0.0421355 0)
(1.56128 0.0474097 0)
(1.56114 0.053775 0)
(1.56642 0.0601139 0)
(1.56556 0.0680799 0)
(1.57582 0.0752537 0)
(1.57223 0.0850188 0)
(1.59165 0.0922563 0)
(1.58069 0.104064 0)
(1.6172 0.109692 0)
(1.58855 0.124144 0)
(1.66134 0.00859535 0)
(1.66143 0.0108405 0)
(1.66277 0.0158915 0)
(1.66198 0.0209179 0)
(1.65964 0.0244303 0)
(1.65695 0.0270452 0)
(1.656 0.0296164 0)
(1.65526 0.0328687 0)
(1.65639 0.0366038 0)
(1.65617 0.0411199 0)
(1.65895 0.0458439 0)
(1.65868 0.0515448 0)
(1.6644 0.0571716 0)
(1.66336 0.0642361 0)
(1.67407 0.0705221 0)
(1.67024 0.0790508 0)
(1.68969 0.0852724 0)
(1.67871 0.0954105 0)
(1.71382 0.100128 0)
(1.68656 0.112385 0)
(1.75217 0.00543666 0)
(1.75754 0.00933083 0)
(1.76119 0.0167689 0)
(1.7588 0.022752 0)
(1.75458 0.0259852 0)
(1.75103 0.0279781 0)
(1.75019 0.0300013 0)
(1.74968 0.0327844 0)
(1.75115 0.0360378 0)
(1.75098 0.04 0)
(1.7541 0.0441212 0)
(1.75388 0.0491319 0)
(1.76002 0.0540439 0)
(1.75906 0.0602422 0)
(1.77005 0.0656818 0)
(1.76637 0.0730973 0)
(1.78549 0.0783884 0)
(1.77521 0.0871118 0)
(1.80833 0.0910227 0)
(1.78368 0.101501 0)
(1.84777 0.0161392 0)
(1.85398 0.0194582 0)
(1.85621 0.0247201 0)
(1.85046 0.0281641 0)
(1.84374 0.0293808 0)
(1.83929 0.030057 0)
(1.83861 0.0312086 0)
(1.83838 0.0332488 0)
(1.84021 0.0357644 0)
(1.84023 0.0389737 0)
(1.84374 0.0423625 0)
(1.84383 0.046616 0)
(1.85038 0.0507749 0)
(1.84985 0.0561187 0)
(1.86099 0.0607217 0)
(1.85802 0.0671182 0)
(1.8765 0.0715283 0)
(1.86774 0.0790424 0)
(1.89839 0.0821947 0)
(1.87749 0.0912271 0)
(1.92296 0.0358175 0)
(1.93029 0.0354544 0)
(1.93211 0.0338705 0)
(1.92497 0.031616 0)
(1.9179 0.0300043 0)
(1.91424 0.0297811 0)
(1.91477 0.030629 0)
(1.91559 0.0322824 0)
(1.91839 0.034249 0)
(1.91931 0.0368398 0)
(1.92371 0.0396131 0)
(1.92476 0.0432324 0)
(1.93204 0.046735 0)
(1.93254 0.0513413 0)
(1.94395 0.0551872 0)
(1.94233 0.0607097 0)
(1.96015 0.064316 0)
(1.95366 0.0708281 0)
(1.98175 0.0732716 0)
(1.96533 0.0811496 0)
(1.97228 0.073958 0)
(1.97873 0.0682144 0)
(1.9813 0.053553 0)
(1.9782 0.0401942 0)
(1.97615 0.0328381 0)
(1.97637 0.0304155 0)
(1.97943 0.0302672 0)
(1.98199 0.0310728 0)
(1.98625 0.0321723 0)
(1.98866 0.0339573 0)
(1.99437 0.0360113 0)
(1.99685 0.038967 0)
(2.00507 0.0418077 0)
(2.007 0.0457245 0)
(2.01879 0.048856 0)
(2.01889 0.0536102 0)
(2.03614 0.0564844 0)
(2.03221 0.0621519 0)
(2.058 0.0639597 0)
(2.04607 0.070887 0)
(2.03739 0.0835551 0)
(2.02952 0.0751689 0)
(2.02405 0.0569411 0)
(2.02511 0.0407544 0)
(2.03012 0.0317691 0)
(2.03492 0.0285373 0)
(2.03992 0.0278636 0)
(2.04343 0.028135 0)
(2.04853 0.0286379 0)
(2.05209 0.029825 0)
(2.05887 0.0312903 0)
(2.06269 0.0336739 0)
(2.07172 0.0359152 0)
(2.07505 0.0392142 0)
(2.0872 0.0416958 0)
(2.08901 0.0457721 0)
(2.10586 0.0479923 0)
(2.10434 0.052929 0)
(2.12834 0.0541828 0)
(2.12027 0.0602968 0)
(2.05054 0.0551437 0)
(2.04238 0.048632 0)
(2.04056 0.037898 0)
(2.05002 0.0285088 0)
(2.06401 0.0231868 0)
(2.0756 0.0214167 0)
(2.08505 0.0212801 0)
(2.09178 0.021752 0)
(2.09962 0.0222721 0)
(2.10593 0.023338 0)
(2.1151 0.0245642 0)
(2.12129 0.0266196 0)
(2.13207 0.0284607 0)
(2.1374 0.0313004 0)
(2.15066 0.0332986 0)
(2.15435 0.036832 0)
(2.17157 0.0385579 0)
(2.17209 0.0428841 0)
(2.19546 0.0437336 0)
(2.19002 0.0491477 0)
(2.08473 0.027448 0)
(2.07745 0.0244221 0)
(2.07887 0.0190885 0)
(2.09367 0.0144505 0)
(2.11341 0.0119993 0)
(2.12978 0.0115357 0)
(2.14267 0.0118977 0)
(2.15207 0.0125987 0)
(2.1622 0.0132924 0)
(2.1707 0.0144319 0)
(2.18176 0.015642 0)
(2.18969 0.0175387 0)
(2.20174 0.0191922 0)
(2.20834 0.0217221 0)
(2.22231 0.0234816 0)
(2.22697 0.0265994 0)
(2.24442 0.0281053 0)
(2.24568 0.0318924 0)
(2.26883 0.0326386 0)
(2.26398 0.0373431 0)
(2.19439 -0.000774802 0)
(2.18625 -0.000431936 0)
(2.18702 -0.00229486 0)
(2.20201 -0.00383754 0)
(2.22186 -0.00373484 0)
(2.23767 -0.00256681 0)
(2.24943 -0.00116107 0)
(2.25756 0.000372758 0)
(2.26635 0.00186655 0)
(2.27363 0.00361624 0)
(2.2833 0.00527946 0)
(2.28996 0.007336 0)
(2.30045 0.0091385 0)
(2.30579 0.0115552 0)
(2.31804 0.0133837 0)
(2.3215 0.0161854 0)
(2.33703 0.0177857 0)
(2.33726 0.0210166 0)
(2.35823 0.0220154 0)
(2.35261 0.0258448 0)
(2.38661 -0.037243 0)
(2.37397 -0.0286862 0)
(2.36775 -0.0196422 0)
(2.37613 -0.0132271 0)
(2.38931 -0.0101092 0)
(2.39833 -0.0088982 0)
(2.40356 -0.00805281 0)
(2.40575 -0.00667981 0)
(2.40878 -0.0049154 0)
(2.41081 -0.00293677 0)
(2.41518 -0.00112666 0)
(2.41734 0.000789651 0)
(2.42305 0.00254273 0)
(2.42471 0.00463545 0)
(2.43241 0.00641429 0)
(2.43307 0.00871986 0)
(2.44391 0.0103526 0)
(2.44243 0.0128535 0)
(2.45808 0.0140905 0)
(2.45241 0.0168583 0)
(2.58869 -0.0927687 0)
(2.57153 -0.0806853 0)
(2.55276 -0.0505908 0)
(2.54392 -0.0238935 0)
(2.54128 -0.0105934 0)
(2.53945 -0.00700755 0)
(2.53748 -0.0065373 0)
(2.53439 -0.00572609 0)
(2.5322 -0.0041837 0)
(2.52951 -0.00244447 0)
(2.52895 -0.000930517 0)
(2.52738 0.000426601 0)
(2.52881 0.0016478 0)
(2.52783 0.00301106 0)
(2.53136 0.00429116 0)
(2.53043 0.00581744 0)
(2.53661 0.00707209 0)
(2.53499 0.00870682 0)
(2.54474 0.00975384 0)
(2.54122 0.0115052 0)
(2.58613 -0.0702895 0)
(2.60083 -0.0659022 0)
(2.60688 -0.043972 0)
(2.59594 -0.0216375 0)
(2.58346 -0.0091284 0)
(2.57766 -0.00472292 0)
(2.57789 -0.00353745 0)
(2.5794 -0.00284377 0)
(2.58093 -0.00192811 0)
(2.58124 -0.000911393 0)
(2.58237 2.70739e-05 0)
(2.58278 0.00084662 0)
(2.58499 0.00157799 0)
(2.58581 0.00235075 0)
(2.58917 0.00312148 0)
(2.59002 0.00402631 0)
(2.59479 0.00482627 0)
(2.5954 0.00582728 0)
(2.60213 0.00651159 0)
(2.60208 0.0075963 0)
(2.61499 0.0429405 0)
(2.6327 0.0383384 0)
(2.64355 0.017222 0)
(2.63592 -0.00134386 0)
(2.62472 -0.00816408 0)
(2.6196 -0.00741348 0)
(2.62013 -0.00528928 0)
(2.62221 -0.00417046 0)
(2.62427 -0.0037719 0)
(2.62541 -0.00341185 0)
(2.62677 -0.00283137 0)
(2.62772 -0.00211791 0)
(2.62961 -0.00139275 0)
(2.63088 -0.000690471 0)
(2.63345 -1.85757e-05 0)
(2.6349 0.000688922 0)
(2.63828 0.00133526 0)
(2.63984 0.00206336 0)
(2.64434 0.00260465 0)
(2.64597 0.00333157 0)
(2.74514 0.0501642 0)
(2.72708 0.0458856 0)
(2.70957 0.0242314 0)
(2.70473 0.0040148 0)
(2.70424 -0.00453317 0)
(2.70099 -0.00511473 0)
(2.69558 -0.00379171 0)
(2.69018 -0.00304163 0)
(2.68593 -0.00285858 0)
(2.68233 -0.0027363 0)
(2.67949 -0.00244913 0)
(2.67688 -0.00205558 0)
(2.67515 -0.00165028 0)
(2.67362 -0.00127495 0)
(2.67314 -0.000927051 0)
(2.67263 -0.00058953 0)
(2.67329 -0.000276378 0)
(2.67367 4.47804e-05 0)
(2.67546 0.000303888 0)
(2.67675 0.000596277 0)
(1.21509 0.21372 -1.8149e-21)
(1.29809 0.204247 -1.09189e-19)
(1.37741 0.199889 0)
(1.45437 0.196322 -9.29499e-20)
(1.52786 0.191767 0)
(1.59394 0.186537 -7.45445e-20)
(1.65187 0.180248 3.43696e-20)
(1.70068 0.172657 -9.79122e-22)
(1.74043 0.164293 0)
(1.77055 0.15392 0)
(1.29385 0.186186 1.17167e-19)
(1.37932 0.181638 0)
(1.45972 0.180689 9.92027e-20)
(1.53256 0.180133 0)
(1.60124 0.177056 -2.47771e-21)
(1.66248 0.172301 3.9943e-20)
(1.71615 0.166068 1.98521e-22)
(1.76064 0.158916 -8.8531e-22)
(1.79681 0.150509 8.83998e-22)
(1.82355 0.141292 3.00215e-21)
(1.37841 0.167803 -1.15937e-19)
(1.46002 0.165943 0)
(1.53925 0.1643 -9.58125e-20)
(1.60891 0.163213 -2.93563e-21)
(1.67385 0.160256 8.2463e-20)
(1.73137 0.155738 -3.7539e-20)
(1.78256 0.149863 1.22375e-21)
(1.82371 0.143648 -1.0063e-21)
(1.85785 0.136048 0)
(1.8816 0.128586 -6.12458e-21)
(1.46782 0.152082 0)
(1.54494 0.151006 1.04035e-19)
(1.62175 0.148958 -2.90844e-21)
(1.68836 0.147511 5.58056e-21)
(1.7494 0.145097 -8.76023e-20)
(1.80247 0.141219 2.45954e-21)
(1.85097 0.135859 -3.41203e-20)
(1.88856 0.130296 0)
(1.92142 0.123564 -1.45691e-20)
(1.94195 0.117202 3.54014e-21)
(1.56003 0.137843 -1.08499e-19)
(1.63218 0.137377 1.91751e-21)
(1.70507 0.135505 -5.9578e-21)
(1.76826 0.133712 5.52186e-21)
(1.82556 0.131499 -2.65603e-21)
(1.8742 0.12807 -2.25701e-21)
(1.91994 0.123247 3.28912e-21)
(1.95414 0.118118 1.38522e-20)
(1.98603 0.112217 1.51572e-20)
(2.00352 0.106583 0)
(1.65365 0.12488 2.13258e-19)
(1.7206 0.12477 -2.0166e-19)
(1.78863 0.123144 -2.83214e-21)
(1.84792 0.121081 2.83517e-21)
(1.9014 0.118875 0)
(1.94581 0.115773 3.77445e-20)
(1.98846 0.111544 1.04229e-21)
(2.01959 0.106774 -1.7886e-20)
(2.0503 0.10167 9.56635e-22)
(2.06556 0.0965294 -3.37052e-21)
(1.74732 0.113006 -1.04791e-19)
(1.80871 0.113054 1.02556e-19)
(1.87118 0.11164 -5.80225e-21)
(1.92602 0.109439 2.80905e-21)
(1.97549 0.107138 4.04427e-20)
(2.01597 0.104232 -2.28466e-21)
(2.0553 0.100519 3.74188e-20)
(2.08383 0.0961185 0)
(2.11296 0.0916806 7.48951e-21)
(2.12699 0.0869889 3.38716e-21)
(1.83924 0.10195 0)
(1.89467 0.101996 0)
(1.95115 0.100692 0)
(2.00117 0.0984209 4.54969e-20)
(2.04658 0.0959812 -8.33743e-20)
(2.08345 0.0931909 -9.01637e-24)
(2.11952 0.0898781 -1.6495e-20)
(2.1458 0.0859128 -2.04903e-21)
(2.17318 0.0819993 -1.41469e-20)
(2.18665 0.07783 0)
(1.9272 0.0914108 -4.94731e-20)
(1.97653 0.0913145 0)
(2.02701 0.0900154 -2.74198e-21)
(2.0722 0.0877135 -3.74645e-20)
(2.11374 0.0851587 3.77147e-20)
(2.14742 0.0824572 -3.79137e-20)
(2.18055 0.0794562 -1.77388e-20)
(2.20487 0.0759746 -9.96182e-22)
(2.23062 0.0724956 1.63624e-20)
(2.24374 0.0689066 0)
(2.00924 0.0809993 9.7442e-20)
(2.05289 0.0806719 0)
(2.09791 0.0793287 -2.71629e-21)
(2.1387 0.0770475 -3.70874e-20)
(2.17685 0.0744645 -2.59599e-21)
(2.20784 0.0718777 2.29615e-21)
(2.23854 0.069161 1.66584e-20)
(2.26118 0.066176 -1.88556e-20)
(2.28555 0.0631184 -7.21279e-21)
(2.29829 0.0601076 4.69869e-22)
(2.08489 0.0704185 -4.65213e-20)
(2.12378 0.0698482 1.3374e-21)
(2.16427 0.068474 -2.85637e-21)
(2.20144 0.0662923 4.48804e-20)
(2.23682 0.063809 -2.58946e-21)
(2.26573 0.0614028 0)
(2.29451 0.0589912 3.6221e-23)
(2.31572 0.0564937 -7.72025e-23)
(2.33889 0.0538829 -7.91365e-21)
(2.35116 0.0514301 0)
(2.15517 0.0595587 -1.43398e-21)
(2.19063 0.0587771 4.23889e-21)
(2.22784 0.0574251 -5.49496e-21)
(2.2624 0.055443 5.2588e-21)
(2.29572 0.0532093 -2.58368e-21)
(2.32309 0.0510809 -2.3082e-21)
(2.35028 0.0490285 -1.46145e-20)
(2.37028 0.0470078 1.48494e-20)
(2.39219 0.0448684 1.69815e-20)
(2.4039 0.0429406 0)
(2.2231 0.0482509 0)
(2.25696 0.0473962 -4.49199e-20)
(2.29229 0.0462206 0)
(2.32515 0.0446033 2.08903e-20)
(2.35676 0.0428063 0)
(2.38275 0.0410832 0)
(2.40823 0.0394763 1.09765e-21)
(2.42688 0.0379194 -1.10693e-21)
(2.44712 0.0362798 -8.03556e-21)
(2.45805 0.034764 0)
(2.29671 0.0366095 4.37527e-20)
(2.32968 0.0360252 4.60406e-20)
(2.3632 0.0353087 0)
(2.39395 0.0342684 2.46944e-21)
(2.42307 0.033071 -2.25328e-20)
(2.44684 0.0318584 -2.31771e-21)
(2.46971 0.0307428 -6.75664e-21)
(2.48636 0.0296279 -1.04388e-21)
(2.50418 0.0284605 -3.021e-21)
(2.51389 0.0272899 0)
(2.38303 0.0257215 -6.69199e-20)
(2.41284 0.0257794 -2.19181e-20)
(2.44225 0.0257352 -2.60627e-21)
(2.46877 0.0253526 -1.55691e-20)
(2.49348 0.0247525 3.73229e-20)
(2.5135 0.0240233 0)
(2.53253 0.0233276 1.02383e-20)
(2.54635 0.0225801 -1.11906e-21)
(2.56105 0.0217815 4.09115e-21)
(2.56918 0.020926 9.64271e-22)
(2.47606 0.0173942 2.20063e-20)
(2.499 0.0180395 2.44256e-20)
(2.52145 0.0185049 1.58978e-20)
(2.54166 0.018559 2.64864e-21)
(2.56051 0.0183273 -1.99295e-20)
(2.57588 0.0178891 0)
(2.59052 0.0174454 9.16308e-21)
(2.60131 0.0169238 -5.42022e-21)
(2.61282 0.0163728 1.06545e-21)
(2.61944 0.0157363 -9.69251e-22)
(2.55641 0.0121719 2.15972e-20)
(2.57166 0.0128877 0)
(2.58707 0.0134058 -2.36852e-20)
(2.60135 0.0135299 1.53865e-20)
(2.61501 0.0133872 -2.55595e-21)
(2.62644 0.0130482 2.32794e-21)
(2.63751 0.0127166 -1.04424e-20)
(2.64599 0.0123205 -2.19505e-21)
(2.65499 0.0119342 1.072e-21)
(2.66065 0.0114554 0)
(2.6119 0.00803369 -9.41854e-21)
(2.62239 0.00851086 1.24075e-21)
(2.63345 0.00885837 -2.67784e-21)
(2.64409 0.00893189 2.46711e-21)
(2.6545 0.00883315 -2.55121e-21)
(2.66354 0.00860576 4.79314e-21)
(2.67231 0.00841198 0)
(2.67938 0.00817711 4.40192e-21)
(2.68669 0.00797427 -2.09053e-21)
(2.69185 0.00767929 4.93367e-22)
(2.65236 0.00367512 -1.05615e-20)
(2.65965 0.00400294 2.57388e-21)
(2.66767 0.00423378 6.76866e-25)
(2.67566 0.00430955 -7.58128e-21)
(2.68361 0.00431033 -2.47744e-21)
(2.69075 0.00426184 -9.53167e-21)
(2.69766 0.00425914 3.49923e-21)
(2.70353 0.00424527 -3.39406e-23)
(2.70942 0.00425787 2.10077e-21)
(2.71405 0.00421191 -4.95955e-22)
(2.67999 0.000767384 0)
(2.68437 0.000857577 0)
(2.68977 0.000866951 -7.73128e-21)
(2.69554 0.000816835 2.6175e-21)
(2.70153 0.000766498 2.49063e-21)
(2.70712 0.000741576 2.4157e-21)
(2.71261 0.000775521 1.13068e-21)
(2.71748 0.000845902 -3.34736e-21)
(2.72233 0.000951437 1.09444e-21)
(2.72643 0.00106253 0)
)
;

boundaryField
{
    bottom
    {
        type            symmetryPlane;
    }
    right
    {
        type            zeroGradient;
    }
    top
    {
        type            symmetryPlane;
    }
    left
    {
        type            zeroGradient;
    }
    cylinder
    {
        type            noSlip;
    }
    defaultFaces
    {
        type            empty;
    }
}


// ************************************************************************* //
