/*--------------------------------*- C++ -*----------------------------------*\
| =========                 |                                                 |
| \\      /  F ield         | OpenFOAM: The Open Source CFD Toolbox           |
|  \\    /   O peration     | Version:  4.1                                   |
|   \\  /    A nd           | Web:      www.OpenFOAM.org                      |
|    \\/     M anipulation  |                                                 |
\*---------------------------------------------------------------------------*/
FoamFile
{
    version     2.0;
    format      ascii;
    class       volVectorField;
    location    "12";
    object      U;
}
// * * * * * * * * * * * * * * * * * * * * * * * * * * * * * * * * * * * * * //

dimensions      [0 1 -1 0 0 0 0];

internalField   nonuniform List<vector> 
2000
(
(-0.0268398 0.0231118 -7.58617e-21)
(-0.00383356 0.0250864 0)
(0.0842843 0.0152508 -1.81388e-20)
(0.224525 0.00326458 -9.59668e-21)
(0.402912 -0.00476911 1.80049e-20)
(0.601137 -0.00674933 2.80748e-20)
(0.801881 -0.00226605 -8.88509e-21)
(0.986019 0.0044046 0)
(1.16639 0.0180775 8.77113e-21)
(1.27932 0.0283084 0)
(-0.0216111 0.0173349 3.91746e-21)
(0.034434 0.00835251 -4.67819e-21)
(0.174015 -0.0044464 1.4933e-20)
(0.372987 -0.0129704 2.47477e-20)
(0.602953 -0.0131134 -7.06018e-22)
(0.834179 -0.00567083 -9.61661e-21)
(1.04445 0.00654336 8.30121e-21)
(1.22175 0.0187721 8.79085e-21)
(1.36855 0.0331993 -8.77061e-21)
(1.45874 0.0350914 -1.73723e-20)
(-0.0100231 0.00977175 -2.6249e-21)
(0.0934576 -0.00968168 2.45867e-21)
(0.296899 -0.0207298 -7.38191e-21)
(0.555609 -0.0201337 -1.17499e-21)
(0.822014 -0.00901865 -8.30463e-21)
(1.05989 0.007592 -8.56922e-21)
(1.25217 0.0245806 -8.72951e-21)
(1.39719 0.0381499 -8.79057e-21)
(1.5025 0.0482742 -8.97975e-21)
(1.57711 0.0501248 9.07034e-21)
(0.0101143 0.000880442 -5.90354e-22)
(0.176634 -0.0261932 1.29001e-21)
(0.450477 -0.0287931 0)
(0.756372 -0.0145367 -8.11923e-21)
(1.03229 0.00754229 6.35118e-21)
(1.24876 0.0294071 0)
(1.40388 0.046401 0)
(1.50964 0.0566915 0)
(1.58447 0.0627017 8.98009e-21)
(1.63458 0.0613314 -1.86639e-20)
(0.0408167 -0.00816725 1.63079e-21)
(0.284617 -0.0368209 -6.18462e-23)
(0.624405 -0.0241991 -1.08745e-21)
(0.952588 0.00443927 -3.36191e-21)
(1.20987 0.0332761 -2.93562e-21)
(1.38749 0.055071 -3.67184e-21)
(1.50229 0.0681574 0)
(1.57747 0.0740297 -4.66375e-21)
(1.63156 0.0756132 2.4925e-20)
(1.67663 0.0716973 -3.37349e-20)
(0.0833772 -0.0155122 -5.55278e-21)
(0.41349 -0.0366961 1.47504e-21)
(0.801928 -0.00496 2.31272e-21)
(1.12414 0.0344117 -3.19028e-21)
(1.34439 0.0642931 9.59713e-21)
(1.47999 0.0819387 -2.58204e-21)
(1.56218 0.0896847 0)
(1.61731 0.0910483 4.66409e-21)
(1.66247 0.0889899 -4.96665e-21)
(1.70495 0.0841504 -2.29606e-20)
(0.137833 -0.0187623 0)
(0.554208 -0.022105 0)
(0.965882 0.0279328 5.65573e-22)
(1.26045 0.0720888 -5.26507e-22)
(1.43765 0.0982277 3.38944e-21)
(1.53684 0.109594 -3.18219e-21)
(1.59602 0.111675 -1.02326e-20)
(1.64005 0.108889 9.67214e-21)
(1.6811 0.103875 1.19806e-20)
(1.72367 0.0979379 -5.707e-21)
(0.202346 -0.0154265 2.86909e-21)
(0.694433 0.00809078 0)
(1.10442 0.0718171 6.65191e-22)
(1.35989 0.114845 -2.39515e-21)
(1.49628 0.134024 3.68102e-21)
(1.5673 0.138144 0)
(1.61182 0.134666 0)
(1.65021 0.128 0)
(1.6903 0.120348 1.35704e-20)
(1.73351 0.113368 -1.28995e-20)
(0.273072 -0.00358165 -1.62198e-21)
(0.822166 0.052381 -2.82537e-22)
(1.21211 0.123697 -4.34078e-22)
(1.42535 0.160805 -5.03898e-22)
(1.52701 0.171055 -4.22581e-22)
(1.57789 0.167619 -2.12091e-21)
(1.61378 0.158779 0)
(1.64988 0.148429 1.88607e-21)
(1.69001 0.13839 9.82115e-21)
(1.73373 0.129766 -7.42127e-21)
(0.344687 0.0176343 0)
(0.928647 0.107603 -8.85524e-22)
(1.28783 0.180682 0)
(1.46106 0.2085 3.77157e-23)
(1.5352 0.208764 4.97582e-23)
(1.57256 0.197786 1.33821e-21)
(1.60387 0.183756 0)
(1.63937 0.169805 -1.88625e-21)
(1.68001 0.157354 -2.01327e-21)
(1.72432 0.146546 -2.32772e-21)
(-0.00499978 0.00498146 0)
(-0.0210689 0.00978749 1.75225e-21)
(-0.0449071 0.0117979 0)
(-0.0687725 0.0124269 2.19281e-21)
(-0.0908583 0.0123789 6.6524e-22)
(-0.110867 0.0120733 -1.23074e-21)
(-0.128898 0.0117707 1.15905e-21)
(-0.145277 0.0116281 -1.05821e-21)
(-0.160497 0.0117609 -1.6129e-23)
(-0.175328 0.0122774 -9.14003e-22)
(-0.00599344 0.0143728 5.63365e-21)
(-0.0220417 0.0283508 -3.49496e-21)
(-0.0442925 0.0342532 3.13629e-21)
(-0.0658319 0.036065 -1.45605e-21)
(-0.0850947 0.0358291 -6.64564e-21)
(-0.101828 0.0347793 2.48644e-21)
(-0.116143 0.0336975 0)
(-0.128326 0.0330826 1.05466e-21)
(-0.138757 0.0333085 9.75244e-22)
(-0.148522 0.0347118 0)
(-0.00785433 0.0221765 -3.75921e-21)
(-0.0239753 0.044087 0)
(-0.0433736 0.0534415 -9.32604e-21)
(-0.0606558 0.0561902 1.14554e-20)
(-0.0746962 0.0555068 -2.66581e-21)
(-0.0853654 0.0533447 0)
(-0.0928169 0.0509801 0)
(-0.0973174 0.0493078 0)
(-0.0989928 0.0490601 -7.77545e-21)
(-0.0990481 0.0509133 7.38977e-21)
(-0.010349 0.0277803 0)
(-0.026799 0.0557271 6.61353e-21)
(-0.042577 0.0677081 -1.22075e-20)
(-0.0542103 0.0709409 5.66123e-21)
(-0.0612093 0.069427 -5.20514e-21)
(-0.0636784 0.0656583 1.45671e-20)
(-0.0618657 0.061291 -9.02523e-23)
(-0.0561175 0.0575867 -8.53556e-21)
(-0.0463443 0.0558315 -7.94854e-21)
(-0.0324719 0.0578748 1.13903e-20)
(-0.0132517 0.0311025 -7.06264e-21)
(-0.0303288 0.0627086 1.28341e-20)
(-0.0420569 0.0760767 -6.80122e-23)
(-0.0469713 0.0791074 4.57899e-23)
(-0.0453672 0.0763225 -5.18627e-21)
(-0.0376999 0.0705297 1.45715e-20)
(-0.0243757 0.0635544 0)
(-0.00586972 0.0568201 4.34999e-21)
(0.0181703 0.0522104 -4.15737e-21)
(0.0491977 0.0535666 1.52536e-20)
(-0.0164102 0.032486 -1.45456e-22)
(-0.0341636 0.0651218 -1.26003e-20)
(-0.041242 0.0782568 -5.89579e-21)
(-0.0380291 0.0801619 -5.33541e-21)
(-0.0256304 0.0756614 -5.16173e-21)
(-0.00489878 0.0677214 -4.85588e-21)
(0.0235475 0.0581478 0)
(0.0589014 0.0482106 -4.34975e-21)
(0.101249 0.0397741 -1.29528e-20)
(0.157247 0.0393496 3.76816e-21)
(-0.0197364 0.0324756 2.45734e-23)
(-0.0375022 0.0634595 -5.99383e-21)
(-0.0383772 0.0745273 0)
(-0.024267 0.0741825 1.10319e-20)
(0.00301865 0.0675276 -1.01428e-20)
(0.0422465 0.0576631 0)
(0.092486 0.0464389 0)
(0.152296 0.0348948 0)
(0.218648 0.0232227 8.75993e-21)
(0.312729 0.0217881 1.6084e-20)
(-0.0231058 0.0315413 6.07987e-21)
(-0.0389146 0.0583474 -5.69519e-21)
(-0.0300818 0.0654953 -1.07661e-20)
(0.000146287 0.0617852 2.38107e-22)
(0.0494429 0.0527013 -1.00843e-20)
(0.1159 0.0415328 -9.75593e-21)
(0.197555 0.0302976 -9.45048e-21)
(0.291714 0.0203916 -9.18226e-21)
(0.387943 0.0082359 -8.75897e-21)
(0.531955 0.0100605 8.93515e-21)
(-0.0260796 0.0298084 1.62593e-20)
(-0.0361493 0.0502135 5.79304e-21)
(-0.0112644 0.0519372 2.14966e-20)
(0.0436469 0.0442781 1.04487e-20)
(0.125324 0.0331684 2.01037e-22)
(0.22985 0.0220474 9.98766e-21)
(0.35236 0.0130099 -9.29419e-21)
(0.486599 0.0078762 9.18117e-21)
(0.61676 3.93517e-05 -8.93174e-21)
(0.80109 0.0102003 1.74562e-20)
(-0.0277489 0.0271342 -1.05755e-20)
(-0.0258385 0.0391581 0)
(0.0245372 0.0347695 -1.0241e-20)
(0.11577 0.0237513 7.11256e-23)
(0.241554 0.0124011 3.95041e-22)
(0.392919 0.00399995 -9.88012e-21)
(0.559621 0.000369981 2.78307e-20)
(0.727801 0.00117317 0)
(0.892403 0.00336633 8.93048e-21)
(1.07107 0.0209029 0)
(-0.190369 0.0130356 0)
(-0.206467 0.0129994 7.95961e-22)
(-0.222334 0.0126955 -1.56005e-21)
(-0.23786 0.0123075 6.70918e-22)
(-0.253003 0.0118481 0)
(-0.267664 0.0113111 -6.34469e-22)
(-0.281731 0.0106942 6.37613e-22)
(-0.295096 0.00999829 0)
(-0.307647 0.00922794 0)
(-0.319277 0.00839205 -5.79721e-23)
(-0.329891 0.00750405 0)
(-0.339411 0.00658226 0)
(-0.347781 0.00565015 0)
(-0.35498 0.0047363 0)
(-0.36102 0.00387357 4.84931e-23)
(-0.365954 0.003098 -4.87443e-23)
(-0.369937 0.00244783 0)
(-0.373266 0.00195522 8.38928e-24)
(-0.376135 0.00161783 -8.4334e-24)
(-0.377935 0.00139973 0)
(-0.159812 0.0369536 0)
(-0.173986 0.0370339 -2.0433e-22)
(-0.187952 0.0363771 0)
(-0.201746 0.0354816 -2.79159e-21)
(-0.215463 0.0343708 2.72112e-21)
(-0.229006 0.0330244 -1.65339e-22)
(-0.242262 0.0314323 1.172e-21)
(-0.25512 0.0295929 -2.39169e-21)
(-0.267465 0.0275146 1.92097e-21)
(-0.279177 0.025218 -1.03366e-21)
(-0.290141 0.0227368 -7.65386e-22)
(-0.300252 0.0201197 1.34338e-21)
(-0.309416 0.0174316 -6.66696e-22)
(-0.317565 0.0147548 -2.98069e-22)
(-0.324654 0.0121879 2.35287e-22)
(-0.330672 0.00984327 -4.07827e-23)
(-0.33571 0.00784402 -3.01885e-23)
(-0.340065 0.00630935 -3.1455e-23)
(-0.343969 0.00528168 3.16074e-23)
(-0.346558 0.00467495 -2.42681e-24)
(-0.103692 0.0547656 2.14088e-22)
(-0.114088 0.0552713 2.04689e-22)
(-0.124257 0.0548609 1.99156e-22)
(-0.134437 0.0541438 0)
(-0.145009 0.0530801 3.09559e-21)
(-0.155909 0.0516301 -2.41765e-21)
(-0.16703 0.0497697 0)
(-0.178276 0.0474844 2.83962e-22)
(-0.189542 0.0447736 1.281e-22)
(-0.200714 0.0416525 -1.5007e-21)
(-0.211669 0.0381563 2.20035e-22)
(-0.222275 0.0343429 1.70241e-21)
(-0.2324 0.030298 7.55016e-23)
(-0.241911 0.026139 6.34894e-23)
(-0.250678 0.0220188 5.03588e-23)
(-0.258574 0.0181243 -9.67431e-23)
(-0.26555 0.0146743 9.99193e-23)
(-0.271831 0.0119243 9.64874e-23)
(-0.277718 0.0101032 1.42228e-23)
(-0.281965 0.00919764 -2.03579e-24)
(-0.028745 0.0627949 6.58299e-21)
(-0.034464 0.0643551 -2.53946e-22)
(-0.0393915 0.0649032 -5.00961e-22)
(-0.0443762 0.0650699 -6.304e-21)
(-0.0501509 0.0648621 -5.48603e-22)
(-0.0567095 0.0641853 -1.67688e-22)
(-0.063974 0.062972 4.49362e-21)
(-0.0718886 0.0611888 -2.7768e-21)
(-0.0803983 0.0588175 -2.20089e-21)
(-0.0894362 0.055851 1.87414e-21)
(-0.0989175 0.0523011 -2.28961e-22)
(-0.108738 0.0482052 -1.80103e-21)
(-0.118773 0.0436326 -7.4874e-23)
(-0.128879 0.0386931 -5.69166e-22)
(-0.138882 0.0335486 3.95378e-22)
(-0.148568 0.0284203 2.59483e-22)
(-0.157712 0.0235873 -2.3433e-22)
(-0.166338 0.0194382 0)
(-0.174801 0.0165265 -2.37197e-23)
(-0.181706 0.015272 -1.32241e-24)
(0.0617293 0.0600442 -1.48931e-20)
(0.0617052 0.063367 6.35712e-21)
(0.0612901 0.0650585 -6.80804e-21)
(0.0615475 0.0663816 0)
(0.0611667 0.0674993 3.69402e-22)
(0.0597935 0.0681899 5.42752e-21)
(0.0574822 0.0682989 -1.12101e-22)
(0.0542676 0.0677759 -4.53339e-22)
(0.0501331 0.0665947 -4.56567e-21)
(0.0450584 0.0647245 -2.36679e-22)
(0.0390434 0.0621442 0)
(0.0321093 0.0588551 1.78976e-22)
(0.0242998 0.0548862 0)
(0.0156857 0.0502998 1.2374e-22)
(0.00637544 0.0452047 0)
(-0.00346865 0.0397706 0)
(-0.0135807 0.03424 -5.30056e-23)
(-0.02375 0.0289743 4.70954e-23)
(-0.0342817 0.0246658 -3.89952e-23)
(-0.0444935 0.0224351 6.87543e-24)
(0.176546 0.0489776 0)
(0.180183 0.0542321 4.42323e-22)
(0.181921 0.0568934 1.36729e-20)
(0.185386 0.0591641 -1.32435e-20)
(0.188992 0.0615276 4.06176e-22)
(0.19178 0.063604 0)
(0.193744 0.0651275 5.27852e-21)
(0.194966 0.0660517 -9.76713e-21)
(0.195379 0.0663642 5.11196e-21)
(0.194865 0.066019 2.65706e-22)
(0.193328 0.0649674 2.33991e-22)
(0.190695 0.063182 2.0209e-22)
(0.186905 0.0606594 0)
(0.181915 0.0574205 -8.08179e-22)
(0.175706 0.0535158 1.78908e-21)
(0.168297 0.0490386 -7.30468e-22)
(0.159798 0.044137 5.85979e-23)
(0.150382 0.038999 3.66372e-23)
(0.139807 0.0340052 -7.58596e-24)
(0.127674 0.0306075 7.66494e-24)
(0.334147 0.0347187 -1.65729e-20)
(0.337711 0.0417239 0)
(0.337618 0.0447253 4.63672e-22)
(0.340524 0.0474317 -8.79383e-22)
(0.344898 0.0506265 -8.33704e-22)
(0.349 0.0536212 -4.01898e-22)
(0.352693 0.056082 -3.75198e-22)
(0.356155 0.0580449 4.80386e-21)
(0.359298 0.0595344 -5.72862e-21)
(0.361917 0.0604923 -4.66416e-21)
(0.363841 0.0608516 3.87662e-21)
(0.364931 0.0605703 -4.17842e-22)
(0.365052 0.0596284 1.28328e-21)
(0.364071 0.0580239 -3.80346e-22)
(0.361869 0.0557782 -1.26646e-21)
(0.358338 0.052946 -9.35156e-23)
(0.353426 0.0496184 7.54633e-23)
(0.347064 0.0459293 -1.19426e-22)
(0.339431 0.0419226 -1.37635e-22)
(0.327971 0.0384657 -3.95581e-24)
(0.548441 0.0250204 0)
(0.54828 0.0321727 1.53041e-20)
(0.54345 0.0340552 -1.57023e-20)
(0.542694 0.0364764 4.51405e-22)
(0.544609 0.0398761 8.74916e-22)
(0.546899 0.0429909 4.01548e-22)
(0.549329 0.0455898 7.69226e-22)
(0.552131 0.0478923 0)
(0.555183 0.0499371 3.13608e-22)
(0.558231 0.0516271 2.8132e-22)
(0.561077 0.052878 2.69126e-22)
(0.563569 0.0536385 4.50375e-22)
(0.565548 0.0538791 0)
(0.566845 0.053583 0)
(0.567308 0.0527597 1.19898e-22)
(0.566749 0.0514467 8.7326e-22)
(0.565131 0.0497194 -6.08544e-22)
(0.561985 0.047701 5.10704e-23)
(0.558369 0.0455699 8.04378e-23)
(0.549971 0.0432569 -2.62171e-23)
(0.808743 0.0263411 -1.81831e-20)
(0.804676 0.0302468 0)
(0.797137 0.0293219 0)
(0.79389 0.0311294 1.50531e-20)
(0.79303 0.0340597 -1.12435e-21)
(0.792522 0.036387 -2.75873e-20)
(0.792358 0.0383105 1.29314e-20)
(0.792763 0.0401987 0)
(0.793587 0.0420412 0)
(0.794629 0.0437189 0)
(0.795771 0.045159 -1.22082e-22)
(0.796933 0.0463057 -3.57477e-22)
(0.79801 0.0471213 -3.04902e-21)
(0.798866 0.0475647 2.93669e-21)
(0.799405 0.0476446 -1.00383e-21)
(0.79938 0.047354 8.94441e-22)
(0.798948 0.0468086 0)
(0.797248 0.0459903 -1.97632e-23)
(0.795982 0.0453231 -2.74e-23)
(0.790744 0.0445105 0)
(1.08504 0.0298172 2.63921e-22)
(1.08588 0.0262822 1.63929e-20)
(1.08359 0.0250502 -1.62226e-20)
(1.08189 0.0277725 0)
(1.07915 0.0307835 -1.47734e-20)
(1.07551 0.0332843 2.86302e-20)
(1.07183 0.0356894 -1.38658e-20)
(1.0685 0.038069 0)
(1.06548 0.0402787 -5.54942e-21)
(1.06275 0.0422136 1.04951e-20)
(1.06033 0.0438491 -5.09277e-21)
(1.0582 0.0451461 1.23877e-22)
(1.05635 0.0461094 0)
(1.05469 0.046695 2.83989e-21)
(1.05323 0.0469736 -3.83322e-21)
(1.05166 0.0468906 1.09827e-21)
(1.05034 0.0466591 6.18172e-22)
(1.04827 0.0461531 -4.42215e-22)
(1.0472 0.0458371 -1.97192e-22)
(1.04373 0.0455305 0)
(1.39578 0.036707 0)
(1.37633 0.0337429 0)
(1.3626 0.0329353 0)
(1.35082 0.0334614 0)
(1.33995 0.0344557 0)
(1.33024 0.0357342 0)
(1.32187 0.0372119 0)
(1.31476 0.0387463 0)
(1.30866 0.0402541 0)
(1.3034 0.0416584 0)
(1.29884 0.0429388 0)
(1.29488 0.0440168 0)
(1.29145 0.044917 0)
(1.28841 0.0455498 0)
(1.2858 0.0460265 0)
(1.28327 0.046221 0)
(1.28127 0.0463743 0)
(1.27877 0.0463128 0)
(1.27743 0.0463659 0)
(1.27441 0.0465268 0)
(1.54138 0.0455032 0)
(1.53411 0.0461939 0)
(1.52891 0.046155 0)
(1.52392 0.0457556 0)
(1.51855 0.0455503 0)
(1.51318 0.0456937 0)
(1.50819 0.0461088 0)
(1.50372 0.0466497 0)
(1.49972 0.0472577 0)
(1.49616 0.0478433 0)
(1.49296 0.0484084 0)
(1.49012 0.0488436 0)
(1.48756 0.0492102 0)
(1.48524 0.0493648 0)
(1.48318 0.0494786 0)
(1.48114 0.0493421 0)
(1.47949 0.0492781 0)
(1.47742 0.0489801 0)
(1.47631 0.0489066 0)
(1.47376 0.0487105 0)
(1.64632 0.0490314 0)
(1.64357 0.0489102 0)
(1.64192 0.0488339 0)
(1.64089 0.0484644 0)
(1.63994 0.0482011 0)
(1.63901 0.0482358 0)
(1.63818 0.048538 0)
(1.63758 0.048953 0)
(1.63716 0.0494289 0)
(1.63694 0.0498573 0)
(1.63681 0.0502765 0)
(1.63683 0.0505555 0)
(1.63686 0.0508069 0)
(1.63703 0.0508387 0)
(1.63711 0.0508891 0)
(1.6373 0.0506666 0)
(1.63735 0.0505858 0)
(1.63748 0.0502046 0)
(1.63746 0.0501267 0)
(1.63747 0.0497605 0)
(1.72952 0.0507336 0)
(1.72956 0.0493554 0)
(1.72977 0.0486046 0)
(1.7306 0.0479722 0)
(1.73187 0.0475243 0)
(1.7334 0.0473517 0)
(1.73507 0.0474627 0)
(1.73698 0.0477192 0)
(1.739 0.04808 0)
(1.74127 0.0484144 0)
(1.74353 0.0487764 0)
(1.74602 0.0490168 0)
(1.74831 0.0492724 0)
(1.75093 0.049327 0)
(1.75307 0.0494379 0)
(1.75577 0.049291 0)
(1.75754 0.0492984 0)
(1.7604 0.0490214 0)
(1.7615 0.0490086 0)
(1.76488 0.0487534 0)
(1.80274 0.0505652 0)
(1.80458 0.0483501 0)
(1.80615 0.0469745 0)
(1.80812 0.0460304 0)
(1.81055 0.0453718 0)
(1.81334 0.0449646 0)
(1.81628 0.044828 0)
(1.8195 0.0448576 0)
(1.82278 0.0450338 0)
(1.8264 0.0452232 0)
(1.82993 0.0454786 0)
(1.83388 0.0456522 0)
(1.83746 0.0458733 0)
(1.84166 0.0459419 0)
(1.84504 0.0460796 0)
(1.84954 0.0460196 0)
(1.85237 0.0460839 0)
(1.85739 0.0459481 0)
(1.85916 0.0459799 0)
(1.86529 0.0458974 0)
(1.87488 0.0488 0)
(1.87773 0.0461946 0)
(1.8802 0.0444207 0)
(1.88284 0.0432056 0)
(1.8858 0.0423486 0)
(1.88915 0.0417383 0)
(1.89263 0.0413796 0)
(1.89641 0.0411932 0)
(1.9002 0.041176 0)
(1.90439 0.0412085 0)
(1.9084 0.041331 0)
(1.91299 0.0414144 0)
(1.91705 0.0415596 0)
(1.92202 0.0416083 0)
(1.92586 0.0417204 0)
(1.93132 0.0417081 0)
(1.93456 0.041777 0)
(1.94081 0.0417406 0)
(1.94284 0.0417809 0)
(1.95056 0.0418197 0)
(1.95021 0.0461295 0)
(1.95358 0.0434378 0)
(1.95655 0.0414541 0)
(1.95953 0.0400216 0)
(1.96268 0.0389777 0)
(1.96619 0.0381906 0)
(1.9698 0.0376436 0)
(1.97373 0.0372698 0)
(1.9776 0.0370719 0)
(1.98192 0.0369519 0)
(1.98598 0.0369349 0)
(1.99071 0.0369165 0)
(1.9948 0.0369644 0)
(1.99998 0.0369653 0)
(2.00384 0.0370199 0)
(2.00962 0.0370116 0)
(2.01287 0.037052 0)
(2.01958 0.0370572 0)
(2.0216 0.0370838 0)
(2.02995 0.0371727 0)
(2.02892 0.0430551 0)
(2.03258 0.0404092 0)
(2.03585 0.0383265 0)
(2.03905 0.0367369 0)
(2.04228 0.0355348 0)
(2.04583 0.0345996 0)
(2.04941 0.0338987 0)
(2.05333 0.0333698 0)
(2.05713 0.0330146 0)
(2.0614 0.0327558 0)
(2.06532 0.0326068 0)
(2.06999 0.0324859 0)
(2.07391 0.032434 0)
(2.07904 0.0323716 0)
(2.08273 0.0323581 0)
(2.08848 0.0323232 0)
(2.09157 0.0323224 0)
(2.0983 0.0323245 0)
(2.10021 0.0323298 0)
(2.10857 0.0324145 0)
(2.10901 0.0397043 0)
(2.11292 0.0371444 0)
(2.11647 0.0350344 0)
(2.11992 0.033355 0)
(2.12329 0.0320437 0)
(2.12691 0.0310002 0)
(2.13051 0.0301847 0)
(2.13444 0.0295381 0)
(2.13818 0.0290582 0)
(2.14239 0.0286849 0)
(2.14619 0.0284243 0)
(2.15076 0.0282121 0)
(2.15452 0.0280723 0)
(2.15952 0.027946 0)
(2.16302 0.0278694 0)
(2.16864 0.0277953 0)
(2.17155 0.0277544 0)
(2.17812 0.0277315 0)
(2.1799 0.0277162 0)
(2.18804 0.0277709 0)
(2.18803 0.0359895 0)
(2.19228 0.0335436 0)
(2.19619 0.0314663 0)
(2.19998 0.0297649 0)
(2.20362 0.0284028 0)
(2.20744 0.0272989 0)
(2.21116 0.0264124 0)
(2.21519 0.0256892 0)
(2.21897 0.0251237 0)
(2.22322 0.0246684 0)
(2.227 0.0243253 0)
(2.23153 0.0240438 0)
(2.23521 0.023837 0)
(2.24014 0.0236595 0)
(2.24352 0.023534 0)
(2.24903 0.0234252 0)
(2.25181 0.023353 0)
(2.25822 0.0233046 0)
(2.25991 0.0232733 0)
(2.2678 0.0232983 0)
(2.26432 0.0317773 0)
(2.26899 0.0294854 0)
(2.27337 0.027496 0)
(2.27761 0.0258347 0)
(2.28163 0.0244801 0)
(2.28576 0.0233669 0)
(2.28973 0.0224559 0)
(2.29396 0.0217003 0)
(2.29789 0.0210909 0)
(2.30227 0.0205919 0)
(2.30612 0.0202006 0)
(2.31071 0.0198797 0)
(2.31439 0.0196321 0)
(2.31933 0.0194263 0)
(2.32267 0.0192711 0)
(2.32812 0.0191453 0)
(2.33084 0.0190544 0)
(2.33714 0.018996 0)
(2.33877 0.0189553 0)
(2.34646 0.0189689 0)
(2.33787 0.0269733 0)
(2.343 0.0248827 0)
(2.34788 0.0230346 0)
(2.3526 0.0214713 0)
(2.35704 0.0201805 0)
(2.36152 0.0191108 0)
(2.36576 0.0182238 0)
(2.37023 0.0174828 0)
(2.37435 0.0168734 0)
(2.37888 0.0163729 0)
(2.38284 0.0159703 0)
(2.38751 0.0156454 0)
(2.39123 0.0153861 0)
(2.39618 0.0151819 0)
(2.3995 0.0150186 0)
(2.40491 0.0149018 0)
(2.40758 0.0148067 0)
(2.41377 0.0147633 0)
(2.41537 0.0147207 0)
(2.42285 0.014751 0)
(2.41078 0.0215975 0)
(2.41621 0.0197575 0)
(2.42143 0.0181067 0)
(2.4265 0.0166985 0)
(2.43123 0.0155259 0)
(2.43593 0.0145519 0)
(2.44034 0.0137376 0)
(2.44493 0.013059 0)
(2.44912 0.0124933 0)
(2.45369 0.0120344 0)
(2.45765 0.0116576 0)
(2.46229 0.0113658 0)
(2.46596 0.011124 0)
(2.4708 0.0109529 0)
(2.47404 0.0108033 0)
(2.47927 0.0107236 0)
(2.48185 0.0106387 0)
(2.48778 0.0106372 0)
(2.48931 0.0106002 0)
(2.49643 0.0106757 0)
(2.48631 0.0159124 0)
(2.49163 0.0143649 0)
(2.49681 0.0129617 0)
(2.50184 0.0117581 0)
(2.5065 0.0107492 0)
(2.51108 0.00991476 0)
(2.51533 0.00921394 0)
(2.51972 0.00863766 0)
(2.5237 0.00815236 0)
(2.528 0.00777099 0)
(2.53171 0.00745084 0)
(2.53603 0.00722236 0)
(2.53942 0.00702208 0)
(2.54388 0.00690932 0)
(2.54684 0.00679084 0)
(2.55162 0.00676945 0)
(2.55395 0.00670614 0)
(2.55933 0.00676541 0)
(2.56071 0.00673945 0)
(2.56713 0.00687924 0)
(2.5663 0.0104863 0)
(2.57094 0.00924741 0)
(2.57549 0.00811655 0)
(2.57993 0.00714226 0)
(2.584 0.00631967 0)
(2.58797 0.00564572 0)
(2.59161 0.00507868 0)
(2.59533 0.00462451 0)
(2.59869 0.00423822 0)
(2.60231 0.00395137 0)
(2.60541 0.00370351 0)
(2.60901 0.00355157 0)
(2.6118 0.00340424 0)
(2.6155 0.00335848 0)
(2.61792 0.00327874 0)
(2.62188 0.0033202 0)
(2.62377 0.00328282 0)
(2.6282 0.00340399 0)
(2.62931 0.00339104 0)
(2.63458 0.00359388 0)
(2.64832 0.00600413 0)
(2.65179 0.0050535 0)
(2.65522 0.0041819 0)
(2.65857 0.00342732 0)
(2.66161 0.00278447 0)
(2.66453 0.00226371 0)
(2.66715 0.00182473 0)
(2.66982 0.00148616 0)
(2.6722 0.00119462 0)
(2.67477 0.000995338 0)
(2.67693 0.000814651 0)
(2.67948 0.000730512 0)
(2.68141 0.000632405 0)
(2.68402 0.000642279 0)
(2.68568 0.000596972 0)
(2.68847 0.000685999 0)
(2.68976 0.000670748 0)
(2.6929 0.000834218 0)
(2.69365 0.000831942 0)
(2.69738 0.00107349 0)
(2.72556 0.00286563 0)
(2.7277 0.00216383 0)
(2.72987 0.00151924 0)
(2.73196 0.000957747 0)
(2.7338 0.000471352 0)
(2.7355 8.39117e-05 0)
(2.73696 -0.000243697 0)
(2.73844 -0.000486618 0)
(2.7397 -0.000698974 0)
(2.74109 -0.000830509 0)
(2.7422 -0.000957166 0)
(2.74356 -0.000995259 0)
(2.74452 -0.00105783 0)
(2.74591 -0.00101745 0)
(2.74672 -0.00104018 0)
(2.74822 -0.000932263 0)
(2.74884 -0.000934422 0)
(2.75054 -0.0007618 0)
(2.75089 -0.000758274 0)
(2.75293 -0.000516844 0)
(2.79024 0.00100354 0)
(2.79125 0.000515174 0)
(2.7923 7.22072e-05 0)
(2.79329 -0.000313027 0)
(2.79406 -0.000651816 0)
(2.79468 -0.000918799 0)
(2.79511 -0.00114572 0)
(2.7955 -0.00130825 0)
(2.79577 -0.00145282 0)
(2.79607 -0.00153405 0)
(2.79625 -0.00161699 0)
(2.79651 -0.0016294 0)
(2.79661 -0.00166795 0)
(2.79686 -0.00162153 0)
(2.79692 -0.00163191 0)
(2.79721 -0.00153353 0)
(2.79724 -0.00153043 0)
(2.79761 -0.00138172 0)
(2.79761 -0.00137658 0)
(2.79809 -0.00117388 0)
(2.83662 0.00021204 0)
(2.83683 -0.000124945 0)
(2.83708 -0.000409752 0)
(2.83725 -0.000638922 0)
(2.83724 -0.000833615 0)
(2.83705 -0.000986176 0)
(2.83672 -0.0011168 0)
(2.83631 -0.00120733 0)
(2.83584 -0.00128928 0)
(2.83534 -0.00133115 0)
(2.83481 -0.0013769 0)
(2.83425 -0.00137711 0)
(2.83371 -0.00139654 0)
(2.83311 -0.0013605 0)
(2.8326 -0.00136342 0)
(2.83199 -0.00129503 0)
(2.83158 -0.00129053 0)
(2.83093 -0.00119047 0)
(2.83068 -0.00118583 0)
(2.82997 -0.00105138 0)
(2.86088 0.000171565 0)
(2.86066 3.29671e-06 0)
(2.86051 -0.000129277 0)
(2.86026 -0.000226241 0)
(2.85983 -0.000303596 0)
(2.85921 -0.000363409 0)
(2.85847 -0.000414152 0)
(2.85763 -0.000449717 0)
(2.85676 -0.00048149 0)
(2.85581 -0.000498509 0)
(2.85491 -0.000516412 0)
(2.85391 -0.000517935 0)
(2.85302 -0.000525828 0)
(2.85196 -0.000514157 0)
(2.85116 -0.000515803 0)
(2.85005 -0.000492594 0)
(2.8494 -0.000491325 0)
(2.84821 -0.000457024 0)
(2.84782 -0.000455509 0)
(2.84647 -0.000409264 0)
(1.77163 0.133572 2.27437e-21)
(1.78037 0.122137 0)
(1.77954 0.110358 -4.24422e-22)
(1.77067 0.098621 -1.28836e-20)
(1.75225 0.0871195 2.22042e-20)
(1.7285 0.0768888 0)
(1.69366 0.0663278 1.9277e-20)
(1.6472 0.0600981 0)
(1.60126 0.0469454 1.81612e-20)
(1.42419 0.0372196 -2.75164e-22)
(1.82576 0.123258 -2.53798e-21)
(1.83295 0.113792 5.15854e-22)
(1.83127 0.103791 -5.1689e-22)
(1.82142 0.0949488 -1.00383e-21)
(1.80475 0.0850638 -1.22475e-20)
(1.7779 0.0783291 -7.49426e-22)
(1.75689 0.0688775 0)
(1.69739 0.0647885 -2.00053e-20)
(1.70087 0.0584676 0)
(1.55025 0.0455214 -1.73557e-20)
(1.88536 0.112898 5.20588e-21)
(1.88992 0.105081 0)
(1.8892 0.0960768 -4.91579e-22)
(1.87536 0.089228 -4.51278e-22)
(1.86422 0.080656 1.30129e-20)
(1.82818 0.07566 0)
(1.82186 0.0690257 2.25866e-20)
(1.74958 0.063631 2.05861e-20)
(1.76633 0.0624157 0)
(1.64943 0.0512569 1.71772e-20)
(1.94788 0.103535 -2.34625e-21)
(1.94926 0.0968981 9.62824e-21)
(1.95176 0.0890992 0)
(1.93291 0.083212 1.539e-20)
(1.92856 0.0764416 8.54312e-22)
(1.88472 0.0711041 -1.63526e-21)
(1.88522 0.0672599 -2.17103e-20)
(1.81161 0.0603417 -7.15376e-22)
(1.82092 0.0604809 -2.128e-20)
(1.72884 0.0537478 0)
(2.01103 0.0950483 0)
(2.00972 0.0891177 -9.38913e-21)
(2.01577 0.0828546 -1.0565e-20)
(1.99395 0.077189 1.54497e-21)
(1.99401 0.0723595 -9.96184e-22)
(1.94866 0.066387 -8.2657e-22)
(1.94819 0.0640846 -2.45156e-20)
(1.88127 0.0576783 -1.45791e-21)
(1.88043 0.0569771 -4.42389e-22)
(1.80018 0.0537852 2.02055e-20)
(2.07286 0.0870706 2.9506e-21)
(2.07036 0.0815923 6.31604e-22)
(2.07863 0.0767643 -1.54972e-21)
(2.05717 0.0712728 5.73319e-22)
(2.0586 0.067797 -1.62938e-20)
(2.01701 0.0621597 0)
(2.01347 0.0601527 2.684e-20)
(1.95422 0.0555651 -7.96591e-22)
(1.94827 0.0535937 4.52923e-20)
(1.87163 0.0521261 -4.10776e-20)
(2.13203 0.0792897 -2.96512e-21)
(2.12992 0.0743089 -5.53943e-21)
(2.13905 0.0704694 9.82851e-21)
(2.12026 0.0655485 -1.73994e-20)
(2.12196 0.0626714 -1.72497e-21)
(2.08579 0.0581821 -1.54515e-20)
(2.08131 0.0558787 8.33109e-22)
(2.02758 0.0529475 -1.59593e-21)
(2.02156 0.050197 -2.22561e-20)
(1.94667 0.0493982 2.08654e-20)
(2.18805 0.0714726 0)
(2.18714 0.067156 1.19369e-20)
(2.19677 0.0638834 -1.29202e-21)
(2.18118 0.0598572 9.59831e-21)
(2.18378 0.0571654 -5.7748e-22)
(2.15233 0.0539244 3.05299e-20)
(2.14961 0.0513686 -1.38225e-20)
(2.10006 0.0494557 0)
(2.09661 0.0465928 0)
(2.02518 0.0461429 0)
(2.24131 0.0635098 0)
(2.24166 0.0599342 -1.08686e-20)
(2.252 0.057028 -6.92739e-22)
(2.23911 0.0539224 9.58729e-21)
(2.24347 0.05138 1.75854e-20)
(2.21573 0.0490923 -1.70065e-20)
(2.21604 0.046605 1.66059e-20)
(2.17085 0.0453138 -8.92817e-22)
(2.17056 0.0427405 0)
(2.10507 0.0425984 1.17505e-20)
(2.29318 0.0553661 3.86455e-22)
(2.29452 0.0524741 6.19366e-21)
(2.30567 0.0499099 9.64672e-21)
(2.29478 0.0475621 -5.51573e-22)
(2.30097 0.0452889 1.19513e-21)
(2.27643 0.0436672 -1.80506e-20)
(2.27948 0.0415004 1.76269e-20)
(2.23933 0.0406956 -9.19772e-22)
(2.24155 0.0384965 0)
(2.1838 0.0386971 -2.37236e-20)
(2.34616 0.0470984 0)
(2.34817 0.0447656 6.09122e-21)
(2.35974 0.0425604 1.95852e-22)
(2.35037 0.0407849 0)
(2.35757 0.0388562 0)
(2.33597 0.037734 1.59922e-20)
(2.3405 0.0359382 -1.46289e-20)
(2.30563 0.035575 -8.76808e-22)
(2.30919 0.0336803 4.62991e-22)
(2.25967 0.0342706 1.2367e-20)
(2.40358 0.0387436 0)
(2.40592 0.036905 -1.15768e-20)
(2.41714 0.0350651 -1.27189e-20)
(2.40889 0.0337392 1.94311e-21)
(2.41594 0.0321293 -1.25083e-21)
(2.39689 0.0314116 -1.06636e-21)
(2.40146 0.0298957 2.03074e-21)
(2.37128 0.029922 1.31656e-20)
(2.37504 0.0282434 1.29511e-21)
(2.33279 0.0292077 -4.04329e-22)
(2.46843 0.0305875 0)
(2.47066 0.0292019 6.22894e-21)
(2.48074 0.0276894 -6.98495e-22)
(2.4732 0.0267238 6.92727e-22)
(2.47919 0.0253421 0)
(2.46208 0.0249306 0)
(2.46572 0.0235731 0)
(2.43907 0.0238736 -1.49584e-20)
(2.44231 0.0223488 1.40637e-20)
(2.4054 0.0235375 0)
(2.54119 0.023217 0)
(2.54283 0.0221839 3.96097e-21)
(2.5513 0.02092 5.15418e-21)
(2.54417 0.0202024 6.76899e-21)
(2.54884 0.0189626 -1.29482e-21)
(2.5332 0.0187104 8.12831e-21)
(2.53578 0.0174395 -7.39878e-21)
(2.51165 0.017807 0)
(2.51423 0.0164134 7.09143e-22)
(2.48103 0.0175398 -1.34131e-20)
(2.61802 0.0171014 -8.69383e-22)
(2.61887 0.0162988 -3.20824e-21)
(2.62574 0.0152348 -6.66138e-21)
(2.61909 0.0146369 -4.76044e-21)
(2.62279 0.0135228 0)
(2.60873 0.0132591 -1.03591e-20)
(2.61072 0.0120893 1.06037e-20)
(2.58915 0.0122844 -1.00938e-21)
(2.59127 0.011047 -6.95155e-21)
(2.56173 0.0118049 1.94375e-20)
(2.69146 0.0123958 8.73845e-22)
(2.69186 0.0117178 -2.48063e-21)
(2.69747 0.0108522 2.24991e-21)
(2.69187 0.0102748 -5.59894e-21)
(2.69509 0.00933482 0)
(2.68344 0.00894485 0)
(2.68532 0.0079467 1.04379e-21)
(2.66745 0.00783078 -9.90071e-21)
(2.66929 0.00679666 -6.21433e-21)
(2.64496 0.00704131 -6.5003e-21)
(2.75419 0.00880693 0)
(2.75483 0.00821845 4.08109e-21)
(2.75954 0.00757711 -1.51054e-21)
(2.75576 0.0070073 4.97994e-21)
(2.75872 0.00629774 1.34187e-21)
(2.75044 0.00579173 -1.15176e-21)
(2.7523 0.00502399 2.17903e-21)
(2.73946 0.00464016 6.86431e-21)
(2.74096 0.00383521 0)
(2.72355 0.00365741 0)
(2.80283 0.00581907 0)
(2.80418 0.00538133 1.6639e-21)
(2.80813 0.00499514 -3.07416e-21)
(2.80648 0.00451622 0)
(2.80908 0.00406273 -2.6235e-21)
(2.80447 0.0035595 -1.16125e-21)
(2.80608 0.00303549 -3.26476e-21)
(2.79858 0.00255005 -9.67157e-22)
(2.79958 0.00196779 4.98244e-22)
(2.78935 0.00157831 4.26605e-22)
(2.8373 0.00314919 0)
(2.83918 0.00295751 -1.67186e-21)
(2.84229 0.00284148 -1.52859e-21)
(2.84234 0.0025807 2.12845e-21)
(2.84437 0.00238657 1.26602e-21)
(2.8427 0.00204846 1.20747e-21)
(2.84383 0.00176258 5.45283e-21)
(2.84062 0.00137302 -4.01011e-21)
(2.84105 0.00100042 9.38365e-22)
(2.83654 0.000615099 0)
(2.85612 0.000799396 0)
(2.85811 0.000851628 8.20643e-22)
(2.86056 0.000934054 -7.87571e-22)
(2.86145 0.000939225 7.48381e-22)
(2.86299 0.000960458 0)
(2.86288 0.000893712 -1.21345e-21)
(2.8636 0.000835811 1.07325e-21)
(2.86269 0.000699563 9.67697e-22)
(2.8627 0.000560323 0)
(2.86127 0.000372365 0)
(1.12566 0.233426 0)
(1.06627 0.254364 -5.76585e-20)
(1.01899 0.282887 0)
(0.980565 0.31988 -1.9131e-19)
(0.946933 0.364918 7.20581e-20)
(0.915736 0.419646 2.12456e-21)
(0.88366 0.484226 6.48669e-20)
(0.832678 0.546767 -6.79398e-21)
(0.705092 0.552857 0)
(0.389744 0.336857 6.9005e-20)
(1.21453 0.236552 1.0572e-19)
(1.15666 0.263414 5.76573e-20)
(1.10939 0.290639 -5.54423e-20)
(1.06984 0.326425 6.43701e-20)
(1.03625 0.371363 -5.64311e-20)
(1.00742 0.426043 7.05633e-21)
(0.97933 0.490038 -6.63916e-20)
(0.930907 0.550595 -1.33292e-19)
(0.795285 0.552706 -3.54285e-20)
(0.439821 0.331181 -1.01286e-19)
(1.29809 0.235827 -4.7443e-20)
(1.24463 0.264819 4.92421e-20)
(1.19863 0.291387 5.54406e-20)
(1.15814 0.326277 5.70483e-20)
(1.12433 0.37063 5.85421e-20)
(1.09753 0.424371 5.96658e-20)
(1.07284 0.48641 8.40109e-21)
(1.0257 0.542863 5.90476e-20)
(0.880045 0.539071 2.42917e-20)
(0.483624 0.315418 -2.59309e-20)
(1.37887 0.232541 9.47488e-20)
(1.32851 0.261917 -4.92399e-20)
(1.28366 0.287596 0)
(1.2429 0.321052 0)
(1.20927 0.363744 0)
(1.18424 0.415268 4.64772e-20)
(1.16199 0.473778 -4.13062e-20)
(1.1141 0.52383 0)
(0.955611 0.512208 1.8442e-20)
(0.517884 0.290032 -3.80314e-20)
(1.45468 0.226423 -1.8318e-20)
(1.40608 0.254913 6.52268e-20)
(1.36218 0.279504 0)
(1.32184 0.311159 0)
(1.28896 0.351304 1.95986e-20)
(1.26553 0.399418 1.89095e-20)
(1.24448 0.452874 2.56792e-20)
(1.19311 0.494284 1.52181e-20)
(1.01804 0.473064 2.4698e-20)
(0.539361 0.256333 -4.11784e-21)
(1.52285 0.217851 5.38928e-20)
(1.47563 0.244243 1.97635e-20)
(1.43261 0.267358 0)
(1.39316 0.296861 0)
(1.36145 0.333769 -5.36766e-20)
(1.33935 0.377452 1.73884e-20)
(1.31795 0.424544 3.739e-21)
(1.25975 0.455357 -4.02591e-22)
(1.06267 0.423196 -1.9691e-20)
(0.545904 0.216615 -8.19713e-21)
(1.58266 0.206837 -3.14677e-20)
(1.53644 0.230245 3.31092e-20)
(1.49408 0.251624 3.0824e-20)
(1.45567 0.278657 -3.26098e-20)
(1.42522 0.311751 -1.39939e-20)
(1.40385 0.350041 1.49046e-20)
(1.38008 0.389172 -1.0066e-20)
(1.3105 0.409001 1.08113e-20)
(1.08631 0.365502 0)
(0.536449 0.172857 0)
(1.63302 0.193819 -2.73338e-20)
(1.58779 0.213869 2.87602e-20)
(1.54591 0.233151 0)
(1.50846 0.257356 0)
(1.47909 0.286143 0)
(1.45731 0.318223 4.67092e-21)
(1.42799 0.348325 -1.69966e-20)
(1.3414 0.356455 9.42894e-21)
(1.08682 0.302327 0)
(0.510298 0.128085 -1.30596e-21)
(1.67392 0.178957 -1.17676e-20)
(1.62909 0.195362 9.61456e-21)
(1.58749 0.212838 -2.65762e-21)
(1.55094 0.233874 0)
(1.52212 0.257907 -4.43085e-21)
(1.49812 0.283295 1.13547e-20)
(1.45916 0.303647 0)
(1.34979 0.299472 -1.61507e-21)
(1.0617 0.236154 -1.06839e-21)
(0.46789 0.085437 1.94311e-21)
(1.7046 0.163149 0)
(1.65981 0.176541 2.76703e-21)
(1.61862 0.191498 2.65738e-21)
(1.58282 0.209038 0)
(1.55356 0.228132 1.72285e-21)
(1.52469 0.246464 -3.04288e-21)
(1.47115 0.256576 -6.63427e-22)
(1.3329 0.240108 -4.44193e-22)
(1.00908 0.170081 4.71578e-22)
(0.41138 0.0478221 0)
(0.452583 0.0133041 -1.85601e-20)
(0.433435 0.015323 1.96532e-20)
(0.41007 0.0176955 1.04915e-20)
(0.381569 0.0204731 1.13203e-20)
(0.346604 0.023785 -1.20205e-20)
(0.303322 0.0277615 -1.96024e-20)
(0.249299 0.0323577 7.0355e-21)
(0.180355 0.0366786 -1.53713e-20)
(0.095176 0.0369986 -1.67879e-20)
(0.0260026 0.0228125 0)
(0.467788 0.0397982 0)
(0.448125 0.0457909 -9.81244e-21)
(0.424137 0.0528669 -1.04566e-20)
(0.395203 0.0611457 0)
(0.360078 0.0710094 2.41357e-20)
(0.316904 0.082859 1.29936e-20)
(0.263208 0.0965828 0)
(0.194494 0.109518 -1.49656e-20)
(0.108114 0.110508 -5.68832e-23)
(0.0335994 0.0682656 -1.77951e-20)
(0.497716 0.0659451 7.37492e-20)
(0.47709 0.075714 -7.76065e-20)
(0.451909 0.0873669 0)
(0.422143 0.100985 0)
(0.386724 0.117187 0)
(0.343798 0.136661 -7.72373e-20)
(0.290792 0.159279 1.10724e-19)
(0.222514 0.180709 -2.95344e-20)
(0.133868 0.182534 0)
(0.0488407 0.113033 3.56413e-20)
(0.541411 0.0914594 7.30742e-20)
(0.519493 0.104685 -7.68947e-20)
(0.492655 0.120711 -8.23826e-20)
(0.461734 0.139407 -7.9106e-22)
(0.425935 0.161597 1.40446e-19)
(0.383424 0.188286 -5.01706e-20)
(0.331494 0.219379 5.45649e-20)
(0.263942 0.249057 -1.17556e-19)
(0.172134 0.252009 6.36294e-20)
(0.0716338 0.15644 0)
(0.597514 0.115961 -1.79492e-19)
(0.574128 0.132249 3.76179e-20)
(0.545314 0.152412 0)
(0.513022 0.175863 0)
(0.476832 0.203575 4.6881e-20)
(0.43495 0.236907 -1.46786e-19)
(0.38452 0.275874 1.05176e-19)
(0.318074 0.313386 -1.1299e-19)
(0.222399 0.317736 1.61898e-21)
(0.101763 0.197709 -6.44962e-20)
(0.664386 0.138966 2.47031e-19)
(0.639514 0.157784 -1.86494e-19)
(0.608523 0.18173 0)
(0.574712 0.209509 0)
(0.538173 0.242202 4.53526e-20)
(0.49719 0.281537 4.85507e-20)
(0.448741 0.327671 4.81197e-20)
(0.383889 0.372442 5.59879e-20)
(0.283858 0.378355 1.22789e-21)
(0.138812 0.235857 1.27806e-19)
(0.740177 0.160171 -1.40544e-19)
(0.71397 0.181376 -7.12172e-20)
(0.680807 0.208914 0)
(0.645535 0.240478 0)
(0.608813 0.27731 0)
(0.569001 0.321647 -9.18323e-20)
(0.522949 0.373893 9.33623e-20)
(0.46015 0.425015 0)
(0.355395 0.432403 -5.55921e-20)
(0.182085 0.269717 1.18664e-19)
(0.823632 0.177694 -6.79925e-20)
(0.79565 0.20051 7.12181e-20)
(0.759733 0.231251 7.21346e-20)
(0.722959 0.266376 7.6223e-20)
(0.686482 0.307073 8.05173e-20)
(0.64844 0.355879 8.50354e-20)
(0.605418 0.413363 -5.68258e-21)
(0.545224 0.469806 9.43073e-20)
(0.435482 0.478334 -5.15115e-20)
(0.230513 0.298002 5.49852e-20)
(0.914098 0.196342 -1.3002e-19)
(0.883952 0.220874 6.50575e-20)
(0.844985 0.253616 -7.21348e-20)
(0.806724 0.290239 -7.81305e-20)
(0.770417 0.33278 7.39068e-20)
(0.734126 0.384344 -5.48495e-21)
(0.694385 0.4455 -2.58429e-19)
(0.637167 0.50573 -1.78034e-19)
(0.522131 0.514642 4.92609e-20)
(0.282597 0.319394 -4.35057e-20)
(1.01138 0.205484 0)
(0.972045 0.23034 -6.50574e-20)
(0.929803 0.266537 0)
(0.892328 0.306342 6.6895e-20)
(0.857824 0.351439 -2.23395e-19)
(0.824021 0.405452 -1.55159e-19)
(0.787927 0.469203 1.64064e-19)
(0.733839 0.531625 8.65105e-20)
(0.612956 0.539876 0)
(0.336437 0.332677 9.35157e-20)
(0.558689 0.00115533 0)
(0.557905 0.00115559 -1.12976e-21)
(0.556361 0.0011826 1.12384e-21)
(0.554627 0.00124895 0)
(0.552883 0.00135248 -2.24852e-21)
(0.551043 0.00149111 2.23693e-21)
(0.549 0.0016665 0)
(0.546688 0.00188291 0)
(0.544037 0.00214474 0)
(0.541006 0.00246404 0)
(0.537563 0.00284723 1.114e-21)
(0.533623 0.00330221 0)
(0.529083 0.00384036 0)
(0.523828 0.00447625 8.92943e-21)
(0.517732 0.0052278 -8.88539e-21)
(0.510646 0.00611672 0)
(0.50239 0.00717049 1.00703e-20)
(0.492757 0.00842133 -1.78838e-20)
(0.481472 0.00991242 8.92881e-21)
(0.46826 0.0117383 9.0227e-21)
(0.570839 0.00341176 2.348e-21)
(0.570095 0.00342611 4.48228e-21)
(0.568658 0.00353168 -4.46068e-21)
(0.567049 0.00374677 2.23139e-21)
(0.56542 0.00406418 2.22862e-21)
(0.563688 0.00448398 8.92092e-21)
(0.561751 0.00501471 -6.65525e-21)
(0.559545 0.00566981 -1.78075e-20)
(0.557007 0.00646012 3.77377e-20)
(0.554101 0.00741969 -1.77113e-20)
(0.550784 0.00856996 -1.66704e-20)
(0.546972 0.00993586 3.76877e-20)
(0.542567 0.0115516 -3.32562e-20)
(0.537459 0.0134605 1.76964e-20)
(0.531524 0.015716 2.21721e-21)
(0.524621 0.0183824 3.78583e-20)
(0.516574 0.021542 -3.65902e-20)
(0.507201 0.0252893 0)
(0.496186 0.0297533 2.22954e-21)
(0.483698 0.0352183 0)
(0.594626 0.00563189 -6.97445e-21)
(0.594022 0.00567291 -3.27916e-24)
(0.592812 0.00587428 8.86941e-21)
(0.591427 0.00625024 -4.39324e-21)
(0.590008 0.00678866 -1.104e-20)
(0.588481 0.00749473 -2.20956e-21)
(0.58675 0.00838492 -2.2093e-21)
(0.584748 0.00948304 -2.20766e-21)
(0.582425 0.0108074 3.09806e-20)
(0.579756 0.0124146 1.4183e-22)
(0.576681 0.0143419 -3.96726e-20)
(0.57312 0.0166292 -2.20961e-21)
(0.568982 0.019332 -4.41895e-21)
(0.564165 0.0225216 0)
(0.558553 0.0262864 -3.99393e-20)
(0.55202 0.0307315 3.09425e-20)
(0.544394 0.0359936 0)
(0.535556 0.0422226 -2.22009e-21)
(0.525077 0.0496283 -2.23344e-21)
(0.514025 0.0587028 -2.22851e-21)
(0.629336 0.00785945 2.2882e-21)
(0.628911 0.00792542 6.5472e-21)
(0.627997 0.00821138 0)
(0.62691 0.00874339 -1.9686e-20)
(0.625768 0.00950744 1.74509e-20)
(0.624512 0.010511 1.97061e-20)
(0.623058 0.0117779 -1.3095e-20)
(0.621333 0.0133412 2.1893e-21)
(0.619317 0.0152081 -2.8541e-20)
(0.616988 0.0174626 -1.33777e-22)
(0.614261 0.0201684 3.28486e-20)
(0.611059 0.0233822 -3.5217e-20)
(0.607305 0.0271776 -3.32128e-20)
(0.602914 0.0316514 7.47201e-20)
(0.597782 0.0369251 2.20852e-21)
(0.591806 0.0431422 6.6232e-21)
(0.584815 0.0504923 -7.10437e-20)
(0.576804 0.0591743 1.85348e-21)
(0.56712 0.0694527 -3.84302e-22)
(0.558177 0.0821154 7.33724e-20)
(0.673916 0.0100237 4.49204e-21)
(0.673674 0.0101173 -1.71325e-20)
(0.673089 0.0104829 8.56286e-21)
(0.672344 0.0111676 4.29618e-21)
(0.671525 0.0121555 0)
(0.670588 0.0134488 0)
(0.669466 0.0150749 -4.31958e-21)
(0.668047 0.0170559 0)
(0.666362 0.0195064 -4.33656e-21)
(0.664429 0.0224556 0)
(0.662129 0.0259618 4.35484e-21)
(0.659377 0.0301086 -6.98932e-20)
(0.656114 0.0349961 -2.65275e-22)
(0.652274 0.0407486 -4.65796e-21)
(0.647771 0.0475174 7.00986e-20)
(0.64254 0.0554833 -4.40991e-21)
(0.6364 0.0648803 4.39426e-21)
(0.629527 0.0759657 -7.08877e-20)
(0.620906 0.0889782 7.51821e-20)
(0.614665 0.105239 1.42068e-19)
(0.727141 0.0120188 4.38343e-21)
(0.727053 0.0121552 -4.17594e-21)
(0.726785 0.0126064 -4.19429e-21)
(0.726377 0.013445 -4.20717e-21)
(0.725864 0.0146653 -3.38294e-20)
(0.725219 0.0162699 6.35406e-20)
(0.724364 0.018251 -3.81904e-20)
(0.723331 0.0206898 0)
(0.722131 0.0237043 -4.27211e-21)
(0.720621 0.0273317 -4.28484e-21)
(0.718748 0.0316269 -4.29758e-21)
(0.716481 0.0366909 6.49046e-20)
(0.713777 0.0426439 -1.42983e-19)
(0.710588 0.0496438 6.94457e-20)
(0.706846 0.057862 0)
(0.702536 0.0675303 -4.35504e-21)
(0.697457 0.0788954 -1.49298e-19)
(0.692029 0.0923298 1.40542e-19)
(0.684769 0.107849 -4.4303e-21)
(0.6817 0.127741 0)
(0.787758 0.0137026 4.25427e-21)
(0.787762 0.0139173 -1.22312e-20)
(0.787743 0.0144848 4.04519e-21)
(0.78763 0.0154678 2.46332e-20)
(0.787408 0.0168799 4.12709e-21)
(0.786991 0.018746 -2.49468e-20)
(0.786421 0.0211489 4.08112e-21)
(0.785763 0.0241419 3.34807e-20)
(0.784924 0.0277223 8.42e-21)
(0.783805 0.0319807 7.20165e-20)
(0.782382 0.0370134 -5.94243e-20)
(0.780634 0.0429517 -5.98657e-20)
(0.778551 0.0499138 7.28475e-20)
(0.776098 0.058103 4.29065e-21)
(0.773246 0.0676691 4.3043e-21)
(0.77003 0.0789382 8.67395e-21)
(0.766245 0.0920662 8.6991e-21)
(0.762557 0.107726 -4.3271e-21)
(0.756966 0.125372 0)
(0.757339 0.148977 1.38982e-19)
(0.854569 0.0149225 -1.2373e-20)
(0.8546 0.0152372 -9.84252e-24)
(0.85469 0.015926 -3.97189e-21)
(0.854715 0.0170915 -3.60455e-20)
(0.854641 0.0187721 2.41284e-20)
(0.8545 0.0209711 -4.05838e-21)
(0.854292 0.0237733 0)
(0.853906 0.0272087 0)
(0.85333 0.0313012 -8.27062e-21)
(0.852541 0.0361609 -4.1529e-21)
(0.851552 0.0418802 -4.1982e-21)
(0.850325 0.0486393 -4.22538e-21)
(0.848901 0.0565238 0)
(0.847225 0.0658452 -8.51675e-21)
(0.845369 0.0766356 -4.30085e-21)
(0.843343 0.0894635 -8.58961e-21)
(0.841074 0.104052 -4.34069e-21)
(0.839391 0.12182 -1.33555e-19)
(0.835891 0.140741 1.38533e-19)
(0.840252 0.16808 0)
(0.92646 0.0156686 0)
(0.926465 0.0161314 3.81729e-21)
(0.926605 0.0170212 1.92774e-21)
(0.926783 0.0184043 0)
(0.926878 0.020347 3.5296e-20)
(0.926861 0.0228988 -3.1589e-20)
(0.926754 0.0260322 6.58297e-20)
(0.92652 0.0298296 -6.42811e-20)
(0.926183 0.0343523 6.08529e-21)
(0.925699 0.039748 2.05958e-21)
(0.925153 0.0460599 0)
(0.92445 0.0535448 0)
(0.923791 0.0621556 0)
(0.922967 0.0724308 1.38746e-19)
(0.922355 0.0840509 -2.70661e-19)
(0.921566 0.0983576 4.76705e-21)
(0.921156 0.114062 1.36655e-19)
(0.921377 0.13476 0)
(0.920548 0.155002 0)
(0.929609 0.187722 1.35538e-19)
(1.00329 0.0162455 0)
(1.00332 0.016771 -1.47323e-20)
(1.00339 0.0177469 -1.30552e-20)
(1.00348 0.0192284 3.00641e-20)
(1.00355 0.0213011 3.0435e-20)
(1.00353 0.0240371 -9.22494e-20)
(1.00348 0.0274262 6.01683e-20)
(1.00335 0.0315398 0)
(1.00326 0.0363933 -1.98791e-21)
(1.00311 0.042182 -6.20811e-20)
(1.00313 0.0488656 1.29404e-19)
(1.00303 0.0568385 -6.53247e-20)
(1.00344 0.0658161 0)
(1.00358 0.0767163 -1.32339e-19)
(1.005 0.0884937 2.66663e-19)
(1.00584 0.103594 -1.3434e-19)
(1.00949 0.118624 0)
(1.01238 0.140902 -1.328e-19)
(1.01813 0.1591 1.34189e-19)
(1.0337 0.199657 -2.08844e-21)
(1.08281 0.0162307 0)
(1.08263 0.0167038 0)
(1.08251 0.0176239 0)
(1.0825 0.019089 0)
(1.08254 0.0211843 0)
(1.08247 0.0239772 0)
(1.08238 0.0274337 0)
(1.0822 0.0316552 0)
(1.08219 0.0366296 0)
(1.08207 0.0426451 0)
(1.08247 0.0495601 0)
(1.08251 0.0579947 0)
(1.0839 0.0673471 0)
(1.08417 0.0792001 0)
(1.088 0.0914382 0)
(1.0882 0.108642 0)
(1.09831 0.123329 0)
(1.09642 0.150762 0)
(1.12553 0.163082 0)
(1.11181 0.216599 0)
(1.16667 0.0156376 0)
(1.16651 0.0161036 0)
(1.1665 0.0170903 0)
(1.16667 0.0186789 0)
(1.16695 0.0209283 0)
(1.16709 0.0238445 0)
(1.16725 0.0273291 0)
(1.16726 0.0315208 0)
(1.16762 0.0363778 0)
(1.16774 0.0422607 0)
(1.16875 0.0488908 0)
(1.169 0.057027 0)
(1.1715 0.0657432 0)
(1.1717 0.0769696 0)
(1.17776 0.0878808 0)
(1.17689 0.103723 0)
(1.19168 0.115961 0)
(1.18573 0.139333 0)
(1.22218 0.148617 0)
(1.19707 0.183094 0)
(1.25558 0.0167456 0)
(1.25598 0.0168076 0)
(1.25653 0.0171489 0)
(1.25721 0.0184434 0)
(1.25791 0.0206951 0)
(1.25828 0.0236644 0)
(1.25865 0.027114 0)
(1.2588 0.0312153 0)
(1.25952 0.0359065 0)
(1.25981 0.0415903 0)
(1.2614 0.0478823 0)
(1.26172 0.0555896 0)
(1.26518 0.0636379 0)
(1.26515 0.0739685 0)
(1.27282 0.0837053 0)
(1.27095 0.0976 0)
(1.28807 0.108112 0)
(1.27955 0.126828 0)
(1.31748 0.134994 0)
(1.28882 0.15964 0)
(1.35304 0.0175168 0)
(1.35265 0.0172257 0)
(1.35322 0.0171082 0)
(1.35447 0.0183255 0)
(1.35554 0.0206431 0)
(1.35586 0.0236042 0)
(1.35619 0.0269247 0)
(1.35625 0.0308496 0)
(1.35718 0.0353157 0)
(1.35745 0.0407366 0)
(1.35946 0.0466619 0)
(1.35967 0.0538818 0)
(1.36385 0.0613041 0)
(1.36346 0.0707216 0)
(1.37224 0.0794868 0)
(1.36944 0.0916382 0)
(1.3878 0.100889 0)
(1.3775 0.116375 0)
(1.41576 0.123804 0)
(1.38514 0.143499 0)
(1.4568 0.0120715 0)
(1.45548 0.0119883 0)
(1.45601 0.0134394 0)
(1.45749 0.0161928 0)
(1.45845 0.0194263 0)
(1.45834 0.0227781 0)
(1.45839 0.0261913 0)
(1.45819 0.0300872 0)
(1.45918 0.0344327 0)
(1.45928 0.0396351 0)
(1.46155 0.0452199 0)
(1.46148 0.0519432 0)
(1.46616 0.0587639 0)
(1.46529 0.067298 0)
(1.4748 0.0751738 0)
(1.47111 0.0858313 0)
(1.49015 0.0939806 0)
(1.47855 0.107106 0)
(1.51647 0.113657 0)
(1.48491 0.129941 0)
(1.55827 0.0102817 0)
(1.55964 0.0114389 0)
(1.56261 0.0138635 0)
(1.56459 0.0171847 0)
(1.5651 0.0204243 0)
(1.56424 0.0233953 0)
(1.56386 0.0263701 0)
(1.56326 0.0299189 0)
(1.56416 0.0339537 0)
(1.56388 0.0387921 0)
(1.56617 0.0439336 0)
(1.56564 0.0500795 0)
(1.57056 0.0562633 0)
(1.56912 0.0639229 0)
(1.57899 0.0709445 0)
(1.57452 0.0802824 0)
(1.59369 0.0874167 0)
(1.5813 0.09862 0)
(1.61806 0.104276 0)
(1.58683 0.117862 0)
(1.68388 5.49645e-05 0)
(1.68145 0.00356956 0)
(1.68053 0.0107804 0)
(1.67925 0.017379 0)
(1.67682 0.0215856 0)
(1.67362 0.0243703 0)
(1.67186 0.0269638 0)
(1.67023 0.030199 0)
(1.67047 0.0339218 0)
(1.66936 0.03835 0)
(1.67127 0.0429941 0)
(1.67007 0.0485099 0)
(1.67489 0.0540264 0)
(1.67284 0.0608163 0)
(1.68268 0.0670038 0)
(1.67767 0.0751371 0)
(1.69636 0.0813235 0)
(1.68387 0.0908839 0)
(1.71856 0.0957234 0)
(1.6891 0.107121 0)
(1.77918 -0.00461045 0)
(1.78485 0.000565335 0)
(1.78786 0.0109776 0)
(1.78406 0.0193448 0)
(1.77845 0.0236811 0)
(1.77375 0.026005 0)
(1.77182 0.0281472 0)
(1.7702 0.0309951 0)
(1.7705 0.0343104 0)
(1.76915 0.03824 0)
(1.77103 0.0423281 0)
(1.7696 0.0471835 0)
(1.77446 0.0520187 0)
(1.77226 0.0579603 0)
(1.78193 0.0633335 0)
(1.77699 0.0703645 0)
(1.79478 0.0756583 0)
(1.78318 0.0838092 0)
(1.81501 0.0878918 0)
(1.78892 0.0975091 0)
(1.88035 0.0135191 0)
(1.88686 0.0173807 0)
(1.88777 0.0233298 0)
(1.87947 0.0273866 0)
(1.8703 0.0289706 0)
(1.86403 0.0297706 0)
(1.86187 0.0309541 0)
(1.86026 0.0329805 0)
(1.86064 0.0354954 0)
(1.85927 0.0386358 0)
(1.86125 0.0419767 0)
(1.85998 0.0460709 0)
(1.86496 0.0501541 0)
(1.86314 0.0552439 0)
(1.8726 0.059784 0)
(1.86848 0.0658016 0)
(1.8851 0.0702168 0)
(1.87547 0.0771696 0)
(1.90391 0.0804896 0)
(1.88264 0.0886877 0)
(1.95192 0.0390952 0)
(1.9591 0.038145 0)
(1.95955 0.0357406 0)
(1.9501 0.0330281 0)
(1.94066 0.031346 0)
(1.93502 0.0311669 0)
(1.93386 0.0320355 0)
(1.93316 0.0336473 0)
(1.93434 0.03557 0)
(1.93377 0.0380673 0)
(1.93651 0.0407714 0)
(1.93619 0.0442298 0)
(1.94174 0.0476376 0)
(1.94108 0.0519939 0)
(1.95061 0.0557474 0)
(1.94814 0.0609057 0)
(1.96374 0.0644718 0)
(1.95698 0.070461 0)
(1.98215 0.0729987 0)
(1.96656 0.080125 0)
(1.98626 0.0791351 0)
(1.99248 0.0726565 0)
(1.99407 0.0571964 0)
(1.98927 0.0434101 0)
(1.98536 0.0359601 0)
(1.98395 0.0335481 0)
(1.98553 0.0333759 0)
(1.98682 0.034096 0)
(1.98971 0.0350919 0)
(1.99094 0.0367479 0)
(1.99525 0.0386814 0)
(1.99671 0.0414614 0)
(2.00347 0.0441501 0)
(2.00464 0.0478181 0)
(2.01478 0.050781 0)
(2.01455 0.0552011 0)
(2.02972 0.0579273 0)
(2.02621 0.0631534 0)
(2.04902 0.0648956 0)
(2.03889 0.0712351 0)
(2.0261 0.0891839 0)
(2.01847 0.0801838 0)
(2.01294 0.0614015 0)
(2.01335 0.0449957 0)
(2.01739 0.0359929 0)
(2.02127 0.0327763 0)
(2.02551 0.0320499 0)
(2.02845 0.0322154 0)
(2.03294 0.0325721 0)
(2.03606 0.0336129 0)
(2.04223 0.0349056 0)
(2.04572 0.0371094 0)
(2.05411 0.0391303 0)
(2.05733 0.0421983 0)
(2.06869 0.0444147 0)
(2.07072 0.048215 0)
(2.08642 0.0501469 0)
(2.0857 0.0547691 0)
(2.10784 0.0557477 0)
(2.10166 0.0615061 0)
(2.014 0.0611554 0)
(2.00662 0.0540487 0)
(2.00588 0.0427967 0)
(2.01594 0.0331427 0)
(2.03016 0.027712 0)
(2.0419 0.0258973 0)
(2.05163 0.0256558 0)
(2.05875 0.0259866 0)
(2.06705 0.0263067 0)
(2.07381 0.0272019 0)
(2.08346 0.0282026 0)
(2.0901 0.0300764 0)
(2.10136 0.0316393 0)
(2.10715 0.0342741 0)
(2.12089 0.0359304 0)
(2.12506 0.0392541 0)
(2.14273 0.0405808 0)
(2.14375 0.0447197 0)
(2.16749 0.0451248 0)
(2.16265 0.050395 0)
(2.03796 0.0333518 0)
(2.03191 0.0296693 0)
(2.03543 0.0235419 0)
(2.05203 0.0183889 0)
(2.07321 0.0156969 0)
(2.09071 0.0151603 0)
(2.10484 0.0154137 0)
(2.1154 0.0159779 0)
(2.12693 0.0164483 0)
(2.13654 0.0174039 0)
(2.14903 0.018368 0)
(2.15785 0.0200922 0)
(2.1714 0.0214604 0)
(2.17861 0.0238149 0)
(2.19429 0.025224 0)
(2.19913 0.0281791 0)
(2.21869 0.0292687 0)
(2.21943 0.0329382 0)
(2.24547 0.0331993 0)
(2.23891 0.0378552 0)
(2.16584 0.00406676 0)
(2.15893 0.00365424 0)
(2.1622 0.000377867 0)
(2.17955 -0.00214361 0)
(2.20138 -0.00231907 0)
(2.21858 -0.00104531 0)
(2.23183 0.000487778 0)
(2.24116 0.00205606 0)
(2.25159 0.00344486 0)
(2.25995 0.00506534 0)
(2.27133 0.00654616 0)
(2.27869 0.00847402 0)
(2.29104 0.0100636 0)
(2.29655 0.0123415 0)
(2.31106 0.0139013 0)
(2.31393 0.0165611 0)
(2.33249 0.0178389 0)
(2.33087 0.0209487 0)
(2.35628 0.0215662 0)
(2.34675 0.0253093 0)
(2.40407 -0.0349391 0)
(2.39209 -0.0260688 0)
(2.38797 -0.01758 0)
(2.39864 -0.0120302 0)
(2.41361 -0.00952874 0)
(2.42339 -0.00857041 0)
(2.42932 -0.00776487 0)
(2.43176 -0.00638518 0)
(2.43564 -0.00464417 0)
(2.43786 -0.00272455 0)
(2.44332 -0.00100015 0)
(2.44533 0.000831506 0)
(2.45236 0.00246959 0)
(2.45334 0.00444371 0)
(2.46286 0.00607246 0)
(2.46204 0.00823311 0)
(2.47557 0.00968469 0)
(2.47135 0.0120193 0)
(2.49117 0.0130405 0)
(2.4807 0.0156238 0)
(2.66449 -0.0974612 0)
(2.64653 -0.0846064 0)
(2.62724 -0.0523669 0)
(2.61808 -0.0237506 0)
(2.61532 -0.00960547 0)
(2.61295 -0.00601993 0)
(2.6106 -0.00582511 0)
(2.60672 -0.00521855 0)
(2.60433 -0.00373587 0)
(2.60086 -0.00202943 0)
(2.60042 -0.000566919 0)
(2.59792 0.00066138 0)
(2.59976 0.00176879 0)
(2.59753 0.00296108 0)
(2.60195 0.00412192 0)
(2.59923 0.00545369 0)
(2.60703 0.00658428 0)
(2.60273 0.00799282 0)
(2.61518 0.00890403 0)
(2.60759 0.010398 0)
(2.68049 -0.0750972 0)
(2.69726 -0.0706147 0)
(2.70573 -0.0467712 0)
(2.69499 -0.0220913 0)
(2.68168 -0.00816274 0)
(2.67503 -0.00337364 0)
(2.67526 -0.00227083 0)
(2.67687 -0.00173575 0)
(2.67893 -0.000907096 0)
(2.67921 1.36491e-05 0)
(2.68078 0.00086543 0)
(2.68088 0.00152104 0)
(2.68364 0.00212855 0)
(2.68389 0.00271324 0)
(2.68801 0.00336327 0)
(2.68788 0.00406518 0)
(2.69373 0.00474714 0)
(2.69278 0.00552927 0)
(2.70106 0.00609016 0)
(2.69866 0.00694559 0)
(2.72106 0.0497963 0)
(2.74145 0.0452855 0)
(2.75578 0.0219522 0)
(2.74936 0.000608369 0)
(2.73808 -0.00783049 0)
(2.73287 -0.0074601 0)
(2.734 -0.00515401 0)
(2.73684 -0.0039032 0)
(2.73988 -0.00350896 0)
(2.74161 -0.00325711 0)
(2.74376 -0.00274364 0)
(2.74501 -0.0021017 0)
(2.74759 -0.00140177 0)
(2.7489 -0.000774628 0)
(2.75214 -0.000139533 0)
(2.75333 0.000470247 0)
(2.75739 0.00106924 0)
(2.75834 0.00168564 0)
(2.76358 0.00216939 0)
(2.76416 0.00277975 0)
(2.88051 0.0569434 0)
(2.86103 0.052811 0)
(2.8422 0.0289258 0)
(2.8376 0.0058182 0)
(2.83821 -0.00449132 0)
(2.83564 -0.00555785 0)
(2.83034 -0.00412161 0)
(2.82466 -0.0032498 0)
(2.82028 -0.00304316 0)
(2.81651 -0.0029614 0)
(2.8137 -0.00269408 0)
(2.8109 -0.00230813 0)
(2.80917 -0.00188648 0)
(2.80735 -0.00151358 0)
(2.80685 -0.00115646 0)
(2.80595 -0.00083384 0)
(2.80657 -0.000519444 0)
(2.80644 -0.000221993 0)
(2.80814 3.34354e-05 0)
(2.80878 0.000297635 0)
(1.19615 0.203692 -1.77078e-21)
(1.28027 0.194179 -1.06512e-19)
(1.36076 0.189829 0)
(1.43879 0.186316 -9.04779e-20)
(1.51297 0.181929 0)
(1.57937 0.176933 -7.22565e-20)
(1.63722 0.170846 3.32069e-20)
(1.68555 0.163478 -9.44274e-22)
(1.72444 0.155014 0)
(1.75324 0.144763 0)
(1.27788 0.176741 1.14424e-19)
(1.36498 0.17224 0)
(1.4467 0.171424 9.67057e-20)
(1.52069 0.171008 0)
(1.59002 0.168174 -2.40439e-21)
(1.65147 0.1637 3.87134e-20)
(1.70487 0.157731 1.94508e-22)
(1.74873 0.150759 -8.50608e-22)
(1.78393 0.142432 8.49346e-22)
(1.80935 0.133249 2.86509e-21)
(1.36596 0.159255 -1.13224e-19)
(1.4494 0.15745 0)
(1.5299 0.156012 -9.34022e-20)
(1.60055 0.155156 -2.85976e-21)
(1.66593 0.152485 8.01109e-20)
(1.72345 0.148257 -3.63804e-20)
(1.77409 0.142662 1.18672e-21)
(1.81445 0.136607 -9.70906e-22)
(1.84744 0.129115 0)
(1.86989 0.121593 -5.84922e-21)
(1.45939 0.144303 0)
(1.53832 0.143344 1.01559e-19)
(1.61617 0.141581 -2.83335e-21)
(1.6834 0.140474 5.43196e-21)
(1.74441 0.138402 -8.51035e-20)
(1.7971 0.134823 2.38674e-21)
(1.84461 0.129734 -3.2976e-20)
(1.8812 0.124305 0)
(1.9126 0.117657 -1.39954e-20)
(1.93192 0.1112 3.38449e-21)
(1.55586 0.130887 -1.06066e-19)
(1.62945 0.130665 1.88812e-21)
(1.70287 0.129173 -5.80849e-21)
(1.76604 0.127799 5.37482e-21)
(1.82264 0.125954 -2.58298e-21)
(1.87037 0.122806 -2.18523e-21)
(1.91461 0.118202 3.18187e-21)
(1.94753 0.113169 1.33616e-20)
(1.97767 0.107303 1.45632e-20)
(1.99403 0.101559 0)
(1.65355 0.118885 2.08499e-19)
(1.72117 0.119147 -1.96906e-19)
(1.78889 0.11797 -2.7591e-21)
(1.84727 0.116353 2.76205e-21)
(1.89925 0.114499 0)
(1.94209 0.111632 3.66044e-20)
(1.98276 0.107546 1.00704e-21)
(2.01231 0.102821 -1.72525e-20)
(2.04108 0.0976916 9.2177e-22)
(2.05521 0.0924313 -3.23467e-21)
(1.75035 0.10817 -1.02465e-19)
(1.81123 0.108684 1.00143e-19)
(1.87228 0.107742 -5.65763e-21)
(1.92518 0.10595 2.73679e-21)
(1.97235 0.103933 3.93092e-20)
(2.0106 0.101176 -2.19829e-21)
(2.04761 0.0975128 3.62306e-20)
(2.07429 0.0930836 0)
(2.10149 0.088563 7.21619e-21)
(2.11438 0.0837241 3.25064e-21)
(1.84344 0.0984563 0)
(1.89695 0.0989928 0)
(1.95082 0.0981148 0)
(1.99792 0.096147 4.43028e-20)
(2.04037 0.0938701 -8.10554e-20)
(2.07458 0.0911052 1.04673e-23)
(2.10821 0.0877421 -1.59602e-20)
(2.1326 0.0836593 -1.98014e-21)
(2.15828 0.0796183 -1.36356e-20)
(2.17067 0.0752568 0)
(1.92964 0.0893517 -4.83939e-20)
(1.97569 0.0896799 0)
(2.02256 0.0886838 -2.67251e-21)
(2.06418 0.0865164 -3.64822e-20)
(2.10251 0.0839602 3.66696e-20)
(2.13351 0.0811385 -3.68034e-20)
(2.16449 0.0779863 -1.71859e-20)
(2.18722 0.0742987 -9.62285e-22)
(2.21175 0.0706604 1.57871e-20)
(2.22406 0.0668316 0)
(2.00633 0.0803337 9.53265e-20)
(2.04578 0.0802554 0)
(2.08679 0.0790046 -2.64847e-21)
(2.12407 0.0766422 -3.61511e-20)
(2.15945 0.0738712 -2.52801e-21)
(2.18842 0.0710208 2.22894e-21)
(2.21778 0.0680602 1.6157e-20)
(2.23955 0.0648024 -1.82516e-20)
(2.26343 0.0615669 -6.95953e-21)
(2.27585 0.0582907 4.53126e-22)
(2.07312 0.070881 -4.55172e-20)
(2.10802 0.0702709 1.30419e-21)
(2.14528 0.0687112 -2.78945e-21)
(2.18008 0.0662245 4.37448e-20)
(2.21409 0.0633884 -2.5232e-21)
(2.24238 0.0606158 0)
(2.27116 0.0578951 4.44031e-23)
(2.29265 0.0551031 -8.27911e-23)
(2.31623 0.0522951 -7.6465e-21)
(2.32882 0.0496305 0)
(2.1334 0.0605628 -1.4029e-21)
(2.16683 0.0594135 4.14366e-21)
(2.20309 0.0576107 -5.36653e-21)
(2.2376 0.0551617 5.13038e-21)
(2.27178 0.0524912 -2.51912e-21)
(2.30049 0.0499685 -2.24315e-21)
(2.32934 0.0476025 -1.41827e-20)
(2.35086 0.0453023 1.43806e-20)
(2.37413 0.0429792 1.64124e-20)
(2.38673 0.0408516 0)
(2.196 0.0490252 0)
(2.23127 0.0475717 -4.39671e-20)
(2.26894 0.0457964 0)
(2.30462 0.0436727 2.03976e-20)
(2.33953 0.0414604 0)
(2.36873 0.0394054 0)
(2.39731 0.0375342 1.06482e-21)
(2.41845 0.0357569 -1.07382e-21)
(2.4407 0.0339623 -7.76711e-21)
(2.45277 0.03227 0)
(2.27601 0.0365494 4.29151e-20)
(2.31393 0.0353304 4.50654e-20)
(2.35275 0.0340376 0)
(2.38857 0.0325752 2.4184e-21)
(2.42265 0.0310668 -2.19762e-20)
(2.45069 0.0296423 -2.25365e-21)
(2.4774 0.0283378 -6.56082e-21)
(2.49682 0.0270912 -1.01059e-21)
(2.51682 0.0257869 -2.92048e-21)
(2.52749 0.0245349 0)
(2.38417 0.0247089 -6.5651e-20)
(2.42078 0.0242812 -2.14868e-20)
(2.45672 0.0238216 -2.54844e-21)
(2.48893 0.0231633 -1.52072e-20)
(2.51883 0.0223827 3.63976e-20)
(2.54296 0.0215524 0)
(2.56558 0.0207476 9.94405e-21)
(2.58168 0.0199312 -1.08591e-21)
(2.59825 0.0190259 3.95648e-21)
(2.60677 0.0181237 9.30633e-22)
(2.51107 0.0158799 2.15984e-20)
(2.54012 0.0162547 2.39438e-20)
(2.56816 0.0164902 1.55673e-20)
(2.59296 0.0163918 2.59077e-21)
(2.61588 0.0160676 -1.94378e-20)
(2.63417 0.0155825 0)
(2.65143 0.0150773 8.90172e-21)
(2.66353 0.0145068 -5.25339e-21)
(2.67627 0.01387 1.03176e-21)
(2.6826 0.0131809 -9.3544e-22)
(2.62721 0.0109028 2.12122e-20)
(2.64633 0.0114658 0)
(2.66524 0.0118456 -2.31898e-20)
(2.68225 0.011854 1.50392e-20)
(2.69833 0.0116328 -2.49571e-21)
(2.71131 0.0112356 2.26394e-21)
(2.72383 0.0108504 -1.01481e-20)
(2.73269 0.0103905 -2.1286e-21)
(2.74229 0.00993245 1.03825e-21)
(2.74719 0.00937609 0)
(2.71082 0.00724323 -9.24965e-21)
(2.72329 0.00759411 1.21431e-21)
(2.73616 0.00782927 -2.62501e-21)
(2.7481 0.00779053 2.41004e-21)
(2.75969 0.00761087 -2.49131e-21)
(2.7693 0.00731078 4.66614e-21)
(2.77866 0.0070718 0)
(2.78556 0.00676951 4.26776e-21)
(2.79297 0.00652074 -2.02289e-21)
(2.79721 0.00614335 4.76437e-22)
(2.7715 0.00304804 -1.03739e-20)
(2.77949 0.0033129 2.52326e-21)
(2.78811 0.00349276 9.35185e-25)
(2.79639 0.00350838 -7.4084e-21)
(2.80461 0.0034691 -2.41694e-21)
(2.81161 0.00337866 -9.27704e-21)
(2.81845 0.00336351 3.40102e-21)
(2.82375 0.00331177 -3.40573e-23)
(2.8293 0.003315 2.03281e-21)
(2.83296 0.00321331 -4.78937e-22)
(2.81187 0.000458791 0)
(2.81593 0.000544166 0)
(2.82099 0.000551902 -7.57074e-21)
(2.82626 0.000492453 2.56153e-21)
(2.83179 0.000437098 2.42984e-21)
(2.83669 0.000402702 2.35178e-21)
(2.84158 0.000438544 1.09744e-21)
(2.84556 0.000498221 -3.24573e-21)
(2.84971 0.000605638 1.06014e-21)
(2.85276 0.000696012 0)
)
;

boundaryField
{
    bottom
    {
        type            symmetryPlane;
    }
    right
    {
        type            zeroGradient;
    }
    top
    {
        type            symmetryPlane;
    }
    left
    {
        type            zeroGradient;
    }
    cylinder
    {
        type            noSlip;
    }
    defaultFaces
    {
        type            empty;
    }
}


// ************************************************************************* //
