/*--------------------------------*- C++ -*----------------------------------*\
| =========                 |                                                 |
| \\      /  F ield         | OpenFOAM: The Open Source CFD Toolbox           |
|  \\    /   O peration     | Version:  4.1                                   |
|   \\  /    A nd           | Web:      www.OpenFOAM.org                      |
|    \\/     M anipulation  |                                                 |
\*---------------------------------------------------------------------------*/
FoamFile
{
    version     2.0;
    format      ascii;
    class       volVectorField;
    location    "10.7";
    object      U;
}
// * * * * * * * * * * * * * * * * * * * * * * * * * * * * * * * * * * * * * //

dimensions      [0 1 -1 0 0 0 0];

internalField   nonuniform List<vector> 
2000
(
(-0.0353491 0.0295679 -7.3693e-21)
(-0.0230841 0.0394199 0)
(0.0603997 0.0335638 -1.80437e-20)
(0.203409 0.0234342 -9.55764e-21)
(0.392628 0.0163857 1.79247e-20)
(0.608355 0.0151051 2.75409e-20)
(0.830795 0.0204976 -8.80556e-21)
(1.03587 0.0276435 0)
(1.23945 0.0420013 8.21525e-21)
(1.36606 0.0523 0)
(-0.0319837 0.0239567 3.83071e-21)
(0.0132038 0.0216813 -4.61839e-21)
(0.151681 0.0116718 1.45821e-20)
(0.360706 0.00458886 2.44343e-20)
(0.610248 0.00587192 -8.24207e-22)
(0.865903 0.0149566 -9.45517e-21)
(1.10035 0.0288382 7.98896e-21)
(1.29852 0.0421143 8.35541e-21)
(1.46076 0.0572398 -8.21469e-21)
(1.55939 0.0583666 -1.59205e-20)
(-0.0221802 0.0163983 -2.38687e-21)
(0.0719511 0.00236045 2.23572e-21)
(0.280999 -0.00657989 -7.16824e-21)
(0.559398 -0.00400886 -1.36965e-21)
(0.852852 0.0096764 -8.11604e-21)
(1.1173 0.028874 -8.3138e-21)
(1.33077 0.0477942 -8.38607e-21)
(1.48991 0.0622308 -8.35511e-21)
(1.60171 0.0720532 -8.48807e-21)
(1.68024 0.0729272 8.55488e-21)
(-0.00346196 0.00718422 -6.19369e-22)
(0.15764 -0.0158938 9.18824e-22)
(0.446841 -0.0160661 0)
(0.781412 0.00166025 -7.90134e-21)
(1.08695 0.0274649 5.89961e-21)
(1.32622 0.0521247 0)
(1.49523 0.0704968 0)
(1.6069 0.0806644 0)
(1.68264 0.0857035 8.48844e-21)
(1.73026 0.0828148 -1.75651e-20)
(0.0266336 -0.00267219 3.0708e-21)
(0.272026 -0.0284846 1.59238e-23)
(0.638117 -0.0117499 -5.33975e-22)
(0.999621 0.0220674 -3.21083e-21)
(1.28326 0.0549842 -2.52987e-21)
(1.47642 0.0789079 -3.32677e-21)
(1.59757 0.0923297 0)
(1.67326 0.0973303 -4.40637e-21)
(1.72432 0.0974579 2.37746e-20)
(1.76543 0.0916913 -3.21891e-20)
(0.0699997 -0.0112198 -8.25589e-21)
(0.411738 -0.0296854 1.66625e-21)
(0.83517 0.00865739 1.12476e-21)
(1.18962 0.0541593 -2.12365e-21)
(1.42958 0.0875566 8.31503e-21)
(1.57353 0.106292 -2.10435e-21)
(1.65679 0.113549 0)
(1.70906 0.113573 4.40672e-21)
(1.74969 0.109803 -4.73889e-21)
(1.787 0.103162 -2.21971e-20)
(0.127131 -0.015774 0)
(0.566869 -0.0149819 0)
(1.01737 0.0438285 -2.92968e-22)
(1.33916 0.0940416 2.72728e-22)
(1.52904 0.122685 2.85536e-21)
(1.63106 0.13421 -2.68077e-21)
(1.68788 0.135221 -9.59594e-21)
(1.72729 0.130814 9.0704e-21)
(1.76277 0.123969 1.1582e-20)
(1.79946 0.11617 -5.51407e-21)
(0.19648 -0.0134251 3.84845e-21)
(0.722996 0.0170304 0)
(1.17087 0.0906216 2.32357e-22)
(1.44712 0.138923 -5.61722e-22)
(1.5902 0.159524 2.54363e-21)
(1.66018 0.163043 0)
(1.70028 0.158096 0)
(1.73301 0.149621 0)
(1.76702 0.140031 1.32148e-20)
(1.80402 0.131214 -1.25616e-20)
(0.274058 -0.0018317 -2.09114e-21)
(0.865904 0.0645519 -2.71213e-22)
(1.28987 0.145777 -1.08192e-21)
(1.51755 0.18699 -2.25312e-22)
(1.62125 0.197632 -1.98168e-22)
(1.66856 0.192997 -1.80459e-21)
(1.69883 0.182393 0)
(1.7287 0.170077 1.82357e-21)
(1.76238 0.15802 9.63109e-21)
(1.79956 0.147502 -7.27891e-21)
(0.353956 0.0201494 0)
(0.985466 0.123959 -1.37467e-21)
(1.3736 0.206286 0)
(1.55575 0.236883 -1.13256e-22)
(1.62855 0.236595 -9.10718e-23)
(1.66075 0.223933 1.17279e-21)
(1.68575 0.207888 0)
(1.71466 0.191806 -1.82375e-21)
(1.74863 0.177212 -1.97306e-21)
(1.78627 0.164447 -2.31383e-21)
(-0.00721342 0.00710368 0)
(-0.029815 0.0136583 1.83208e-21)
(-0.0628982 0.0163137 0)
(-0.0958889 0.0171991 2.25187e-21)
(-0.126629 0.0173256 6.69181e-22)
(-0.154978 0.0172396 -1.22414e-21)
(-0.181183 0.0172356 1.15284e-21)
(-0.205688 0.0174606 -1.01924e-21)
(-0.229095 0.0180128 -2.34458e-23)
(-0.252241 0.0189768 -8.52615e-22)
(-0.00847857 0.0204127 5.90205e-21)
(-0.0307523 0.0395044 -3.65842e-21)
(-0.0614444 0.0473817 3.23419e-21)
(-0.0912288 0.0499971 -1.497e-21)
(-0.118231 0.0502745 -6.70038e-21)
(-0.142308 0.0498301 2.49876e-21)
(-0.163676 0.0495604 0)
(-0.182691 0.04995 1.01581e-21)
(-0.199805 0.0513293 9.1812e-22)
(-0.216249 0.0539668 0)
(-0.0108023 0.0312223 -3.9377e-21)
(-0.0326405 0.0612292 0)
(-0.0590751 0.0739681 -9.55915e-21)
(-0.0830579 0.0781622 1.16387e-20)
(-0.103239 0.0783225 -2.69844e-21)
(-0.119545 0.0770266 0)
(-0.132178 0.0757722 0)
(-0.141391 0.0754758 0)
(-0.147284 0.0768187 -7.11052e-21)
(-0.151419 0.0803653 6.75773e-21)
(-0.0138088 0.0385593 0)
(-0.0354505 0.0769662 6.74643e-21)
(-0.0566202 0.0937743 -1.24023e-20)
(-0.0731051 0.0992175 5.72795e-21)
(-0.0843447 0.0989062 -5.12925e-21)
(-0.0904793 0.0961486 1.41883e-20)
(-0.0917662 0.0929406 -2.59767e-22)
(-0.0884807 0.0906456 -8.10145e-21)
(-0.0802999 0.0904854 -7.19539e-21)
(-0.0677584 0.0939725 1.0264e-20)
(-0.0171409 0.0422949 -7.20191e-21)
(-0.0390688 0.0859036 1.29832e-20)
(-0.054736 0.105433 -6.09648e-23)
(-0.0627863 0.111513 8.34373e-23)
(-0.063661 0.110346 -5.04229e-21)
(-0.0578845 0.105669 1.42171e-20)
(-0.0458389 0.0997354 0)
(-0.0279801 0.0940878 4.06568e-21)
(-0.0038018 0.090544 -3.80407e-21)
(0.0288206 0.0928321 1.33431e-20)
(-0.0206031 0.0430223 -1.8677e-22)
(-0.0432281 0.0882741 -1.26852e-20)
(-0.053394 0.108582 -5.92062e-21)
(-0.0521736 0.114292 -5.28952e-21)
(-0.0410346 0.111828 -5.08238e-21)
(-0.0209652 0.105104 -4.71105e-21)
(0.00745841 0.0963841 0)
(0.0435425 0.0870497 -4.06543e-21)
(0.0873512 0.0789044 -1.17357e-20)
(0.147478 0.0783439 3.48192e-21)
(-0.0242044 0.0417476 2.95408e-23)
(-0.0473642 0.0851083 -5.98503e-21)
(-0.0513091 0.103784 0)
(-0.0389198 0.107688 1.09025e-20)
(-0.012413 0.103335 -1.00389e-20)
(0.0268641 0.0947041 0)
(0.078163 0.0840801 0)
(0.140408 0.0727752 0)
(0.209488 0.060638 8.10578e-21)
(0.312561 0.0575374 1.42489e-20)
(-0.0279869 0.0394434 6.05283e-21)
(-0.0503178 0.0777784 -5.66987e-21)
(-0.0453366 0.0922884 -1.0759e-20)
(-0.0172301 0.0927864 1.96812e-22)
(0.0314536 0.085935 -1.00302e-20)
(0.0989324 0.075784 -9.60856e-21)
(0.183726 0.0647981 -9.17735e-21)
(0.284019 0.0550207 -8.76582e-21)
(0.385235 0.0418754 -8.10484e-21)
(0.547076 0.0411031 8.19907e-21)
(-0.0317014 0.0367108 1.6143e-20)
(-0.0498356 0.067452 5.80312e-21)
(-0.0299746 0.0756919 2.15209e-20)
(0.0225477 0.0716746 1.04585e-20)
(0.104714 0.0623795 1.5595e-22)
(0.213116 0.0519145 9.75602e-21)
(0.343295 0.0427845 -9.15983e-21)
(0.489619 0.0377857 8.76472e-21)
(0.629463 0.0288748 -8.3376e-21)
(0.841016 0.0369025 1.58197e-20)
(-0.0346055 0.0335909 -1.04896e-20)
(-0.0423198 0.0546745 0)
(0.00241772 0.0555919 -1.02457e-20)
(0.0924597 0.0473235 6.60705e-23)
(0.222318 0.0372371 3.6643e-22)
(0.38332 0.0292483 -9.65811e-21)
(0.564822 0.0256983 2.72932e-20)
(0.75082 0.0267035 0)
(0.933092 0.0284956 8.3363e-21)
(1.13915 0.0452264 0)
(-0.275576 0.0201491 0)
(-0.300527 0.0200932 6.69777e-22)
(-0.325138 0.0197435 -1.28241e-21)
(-0.349408 0.0192574 5.40479e-22)
(-0.373202 0.0186124 0)
(-0.396298 0.0177856 -4.06926e-22)
(-0.418454 0.0167628 4.08942e-22)
(-0.439407 0.0155364 0)
(-0.458883 0.0141068 0)
(-0.476602 0.0124822 -1.92273e-23)
(-0.492294 0.0106802 0)
(-0.505704 0.00872951 0)
(-0.516609 0.00667072 0)
(-0.524841 0.00455478 0)
(-0.530322 0.00244096 -1.60779e-23)
(-0.533028 0.000416393 1.61612e-23)
(-0.532844 -0.00140193 0)
(-0.529693 -0.00298916 -3.83695e-24)
(-0.52466 -0.00435962 3.85713e-24)
(-0.521241 -0.00535722 0)
(-0.234119 0.0572937 0)
(-0.256237 0.0574015 -1.71685e-22)
(-0.277955 0.0566573 0)
(-0.299538 0.0555324 -2.0655e-21)
(-0.321014 0.0539647 2.02289e-21)
(-0.342194 0.0518797 -1.06118e-22)
(-0.362871 0.049226 6.42425e-22)
(-0.382814 0.0459717 -1.21164e-21)
(-0.401773 0.042106 8.05611e-22)
(-0.419484 0.0376405 -3.7144e-22)
(-0.435673 0.0326124 -1.0252e-22)
(-0.450066 0.02709 9.98866e-23)
(-0.462402 0.0211797 1.8732e-24)
(-0.472462 0.0150295 9.37844e-23)
(-0.480068 0.00882698 -7.34564e-23)
(-0.48504 0.0028118 2.9373e-23)
(-0.487247 -0.00273348 2.77499e-23)
(-0.486619 -0.0075375 2.61539e-23)
(-0.483926 -0.0115604 -2.62806e-23)
(-0.481793 -0.0144005 4.54859e-24)
(-0.159997 0.0855017 1.8433e-22)
(-0.176463 0.0862695 1.71988e-22)
(-0.192561 0.0858494 1.56437e-22)
(-0.208718 0.0848885 0)
(-0.225288 0.0832977 2.05923e-21)
(-0.242162 0.0809465 -1.60991e-21)
(-0.259192 0.0777325 0)
(-0.276222 0.073581 1.33666e-22)
(-0.293074 0.0684464 5.02461e-23)
(-0.309545 0.0623116 -2.69646e-22)
(-0.325408 0.0551928 2.59047e-22)
(-0.340404 0.0471481 6.49948e-23)
(-0.354256 0.0382905 -2.08316e-23)
(-0.366693 0.0288134 -2.05445e-23)
(-0.377458 0.0190078 -3.81663e-23)
(-0.38626 0.00924216 1.05935e-22)
(-0.392675 -2.45807e-05 -8.28599e-23)
(-0.396506 -0.00823183 -1.19797e-22)
(-0.398181 -0.0148651 -3.39e-23)
(-0.398735 -0.0192389 -8.0543e-25)
(-0.0654412 0.100289 5.51046e-21)
(-0.0745677 0.102329 -4.64937e-22)
(-0.0831803 0.102971 -6.73242e-22)
(-0.0918356 0.102941 -4.76329e-21)
(-0.101261 0.102242 -3.7112e-22)
(-0.111492 0.100687 -1.03761e-22)
(-0.12244 0.0981113 2.17595e-21)
(-0.13403 0.0943978 -1.56631e-21)
(-0.146191 0.0894641 -8.53264e-22)
(-0.158834 0.0832488 2.50822e-22)
(-0.171848 0.0757162 -2.80081e-22)
(-0.185092 0.0668644 8.27861e-23)
(-0.198378 0.0567342 2.06586e-23)
(-0.211475 0.0454693 3.99537e-22)
(-0.224162 0.0333431 -2.82728e-22)
(-0.236134 0.0207428 -3.64161e-22)
(-0.246899 0.00826335 3.04677e-22)
(-0.255915 -0.00332499 0)
(-0.263091 -0.0128673 8.21603e-23)
(-0.267811 -0.0187659 8.43148e-24)
(0.0421786 0.100433 -1.30083e-20)
(0.0410857 0.104347 5.04735e-21)
(0.0394456 0.106319 -5.41575e-21)
(0.0384476 0.107533 0)
(0.0368859 0.108219 2.48646e-22)
(0.0343282 0.108107 3.07493e-21)
(0.0307962 0.10693 -5.0473e-22)
(0.026337 0.104546 -6.82291e-22)
(0.0209399 0.100864 -1.73019e-21)
(0.014573 0.0957972 -4.60404e-23)
(0.00721488 0.0892737 0)
(-0.00115285 0.0812481 -2.64684e-23)
(-0.0105032 0.0717189 0)
(-0.0207173 0.0607448 -7.90093e-23)
(-0.0317339 0.0484369 0)
(-0.0434838 0.0350322 0)
(-0.055664 0.0209905 9.74844e-23)
(-0.0678248 0.00703787 -1.59425e-22)
(-0.0795821 -0.00544606 1.48028e-22)
(-0.0894955 -0.0137414 -4.86787e-23)
(0.169298 0.0885608 0)
(0.174564 0.0947397 3.61626e-22)
(0.177265 0.0978603 1.03678e-20)
(0.181638 0.100116 -1.00491e-20)
(0.186347 0.102141 2.7984e-22)
(0.190289 0.103532 0)
(0.193357 0.103889 2.6128e-21)
(0.195646 0.103061 -4.36895e-21)
(0.197108 0.100976 2.01384e-21)
(0.197609 0.097539 6.20156e-23)
(0.197022 0.0926533 1.93959e-23)
(0.195237 0.0862535 -2.00506e-23)
(0.192147 0.0783317 0)
(0.18767 0.0689259 6.92959e-22)
(0.181722 0.0580784 -1.77058e-21)
(0.174215 0.0459131 8.9073e-22)
(0.165127 0.0327077 -1.13743e-22)
(0.154598 0.0188269 -1.00293e-22)
(0.142464 0.00513562 5.24091e-23)
(0.129501 -0.00577136 -5.29506e-23)
(0.337498 0.0710346 -1.4792e-20)
(0.344601 0.0791959 0)
(0.347142 0.0827401 3.69304e-22)
(0.352599 0.0854711 -6.59329e-22)
(0.359861 0.0884121 -5.81799e-22)
(0.367024 0.0908532 -2.5955e-22)
(0.373772 0.0922788 -2.16177e-22)
(0.380288 0.092611 2.05057e-21)
(0.386516 0.0918281 -2.428e-21)
(0.39223 0.0898239 -9.14444e-22)
(0.397207 0.0864824 7.51474e-22)
(0.401266 0.0817231 2.33846e-23)
(0.404215 0.0755242 -5.05992e-22)
(0.405878 0.0679035 -1.19849e-22)
(0.406035 0.0589474 8.9839e-22)
(0.404515 0.0487526 1.04108e-22)
(0.40104 0.0375977 -2.00138e-22)
(0.395612 0.0256794 1.75581e-22)
(0.387938 0.0136643 4.05593e-22)
(0.37687 0.00176978 2.85842e-23)
(0.566939 0.0569041 0)
(0.570791 0.0653229 1.25344e-20)
(0.569182 0.0676 -1.285e-20)
(0.571656 0.0698865 3.41638e-22)
(0.577332 0.0730201 6.26252e-22)
(0.583741 0.0756355 2.59325e-22)
(0.590446 0.0772495 4.5413e-22)
(0.597692 0.0779831 0)
(0.605384 0.0778455 1.25015e-22)
(0.613219 0.0766782 7.98921e-23)
(0.620907 0.0743442 5.83252e-23)
(0.628245 0.0707461 1.36766e-23)
(0.634956 0.0658739 0)
(0.640859 0.0597046 0)
(0.645579 0.052389 -8.97165e-23)
(0.649013 0.0439438 -9.64657e-22)
(0.650614 0.0348842 6.69893e-22)
(0.650528 0.0250383 -8.12988e-23)
(0.64834 0.0161668 -2.15423e-22)
(0.642616 0.00518221 6.10298e-23)
(0.850747 0.0542721 -1.64731e-20)
(0.849524 0.0596693 0)
(0.844603 0.0589615 0)
(0.844346 0.0602983 1.14114e-20)
(0.847273 0.0626833 -1.56175e-21)
(0.851086 0.0641809 -1.8733e-20)
(0.855607 0.0647721 8.41306e-21)
(0.861112 0.0648091 0)
(0.867431 0.064276 0)
(0.8743 0.0629753 0)
(0.881447 0.0607973 -1.54305e-23)
(0.888764 0.0576194 -3.84285e-23)
(0.895909 0.0534688 3.83894e-22)
(0.902837 0.0482241 -3.6853e-22)
(0.908967 0.0421663 5.56239e-22)
(0.914497 0.0350559 -4.67667e-22)
(0.918503 0.0278411 0)
(0.921576 0.0194857 4.64358e-23)
(0.922528 0.0132182 5.7376e-23)
(0.921582 0.00412737 0)
(1.15458 0.0561145 2.32758e-22)
(1.15752 0.0533433 1.37039e-20)
(1.15724 0.0515602 -1.35615e-20)
(1.15835 0.0536658 0)
(1.15937 0.0560438 -1.07837e-20)
(1.15997 0.057444 2.01966e-20)
(1.16092 0.0582146 -9.42638e-21)
(1.16266 0.0584629 0)
(1.16511 0.0580392 -2.64372e-21)
(1.16823 0.0567457 4.54435e-21)
(1.17184 0.0545759 -1.94932e-21)
(1.17599 0.0513891 2.11094e-23)
(1.18031 0.0473546 0)
(1.18495 0.042229 -3.95637e-22)
(1.18917 0.036583 7.33382e-22)
(1.19345 0.0298149 -3.50486e-22)
(1.19657 0.0234747 -4.55813e-22)
(1.19955 0.015725 2.91187e-22)
(1.20082 0.0107393 1.89977e-22)
(1.2016 0.00287957 0)
(1.49553 0.0602322 0)
(1.47651 0.0564255 0)
(1.46415 0.0546837 0)
(1.45455 0.0543161 0)
(1.44642 0.0541563 0)
(1.43987 0.0538939 0)
(1.43508 0.0534829 0)
(1.43199 0.0527391 0)
(1.43024 0.0515788 0)
(1.42968 0.0498145 0)
(1.42996 0.0475117 0)
(1.43109 0.044416 0)
(1.4326 0.0408264 0)
(1.43463 0.0362847 0)
(1.43652 0.0316064 0)
(1.43859 0.0257844 0)
(1.44001 0.0207675 0)
(1.44129 0.0141303 0)
(1.44175 0.0103069 0)
(1.44128 0.00343556 0)
(1.64734 0.0666534 0)
(1.64267 0.0665785 0)
(1.64024 0.0658266 0)
(1.63811 0.0644165 0)
(1.63572 0.0627904 0)
(1.63352 0.0610999 0)
(1.63186 0.0593358 0)
(1.6309 0.0573041 0)
(1.63052 0.0549942 0)
(1.63069 0.0521901 0)
(1.63123 0.0490478 0)
(1.63213 0.0452292 0)
(1.63315 0.0411799 0)
(1.63429 0.036276 0)
(1.63527 0.031557 0)
(1.63603 0.0257399 0)
(1.63651 0.021049 0)
(1.63623 0.0147181 0)
(1.63602 0.0113103 0)
(1.63406 0.00496972 0)
(1.75025 0.0678484 0)
(1.75076 0.0669156 0)
(1.75219 0.0659234 0)
(1.75412 0.0643247 0)
(1.75616 0.0624805 0)
(1.75829 0.0605603 0)
(1.7606 0.0585934 0)
(1.76311 0.0563576 0)
(1.76577 0.0538852 0)
(1.7685 0.0509175 0)
(1.77123 0.0477009 0)
(1.77385 0.0438277 0)
(1.77632 0.0398768 0)
(1.77847 0.0350942 0)
(1.78034 0.0306912 0)
(1.78161 0.0251917 0)
(1.78262 0.0209908 0)
(1.78261 0.0151387 0)
(1.78277 0.0122468 0)
(1.78129 0.00648975 0)
(1.82658 0.0669139 0)
(1.82995 0.0645567 0)
(1.8332 0.0626912 0)
(1.83686 0.0607155 0)
(1.84094 0.0586663 0)
(1.84528 0.0565671 0)
(1.84978 0.0544754 0)
(1.85436 0.0521678 0)
(1.85898 0.0497172 0)
(1.86353 0.0468245 0)
(1.86796 0.0437915 0)
(1.87213 0.0401543 0)
(1.87603 0.0365686 0)
(1.87948 0.0321991 0)
(1.88252 0.0283321 0)
(1.88493 0.0234044 0)
(1.88687 0.0198305 0)
(1.88807 0.0146521 0)
(1.88888 0.0122867 0)
(1.88898 0.00715428 0)
(1.89028 0.0639659 0)
(1.89531 0.0606961 0)
(1.89981 0.058147 0)
(1.90442 0.0558596 0)
(1.90942 0.0536642 0)
(1.9147 0.0514342 0)
(1.92014 0.0492369 0)
(1.92561 0.0468701 0)
(1.93109 0.0444515 0)
(1.93645 0.0416666 0)
(1.94167 0.0388435 0)
(1.94663 0.0354926 0)
(1.95127 0.0322908 0)
(1.95553 0.0283827 0)
(1.95927 0.0250399 0)
(1.9626 0.020716 0)
(1.96519 0.0177112 0)
(1.96756 0.0132041 0)
(1.96883 0.0112559 0)
(1.97055 0.0067386 0)
(1.95196 0.0594849 0)
(1.95776 0.0558603 0)
(1.96294 0.0529479 0)
(1.96798 0.0504411 0)
(1.97324 0.0481376 0)
(1.97873 0.0458308 0)
(1.98437 0.0435782 0)
(1.99002 0.0411934 0)
(1.99563 0.0388252 0)
(2.00114 0.0361644 0)
(2.00647 0.0335431 0)
(2.0116 0.0304748 0)
(2.01638 0.0276181 0)
(2.02092 0.0241436 0)
(2.02485 0.0212516 0)
(2.02865 0.0174802 0)
(2.03147 0.0149411 0)
(2.03457 0.011036 0)
(2.03605 0.00941473 0)
(2.03888 0.00547871 0)
(2.01698 0.0543476 0)
(2.02297 0.0507159 0)
(2.02836 0.0476592 0)
(2.03342 0.0450057 0)
(2.03854 0.0426142 0)
(2.04382 0.0402632 0)
(2.04921 0.0379951 0)
(2.05462 0.0356291 0)
(2.05996 0.0333264 0)
(2.06521 0.0307952 0)
(2.07026 0.0283583 0)
(2.07517 0.0255506 0)
(2.0797 0.0229904 0)
(2.08412 0.0198999 0)
(2.08789 0.0173808 0)
(2.09173 0.0140873 0)
(2.09448 0.0119221 0)
(2.09785 0.00853874 0)
(2.09935 0.00717831 0)
(2.10267 0.0037593 0)
(2.08642 0.0491522 0)
(2.09226 0.0456492 0)
(2.09754 0.0425729 0)
(2.10243 0.0398478 0)
(2.10724 0.0374059 0)
(2.11212 0.0350437 0)
(2.11708 0.0327936 0)
(2.12203 0.0304764 0)
(2.1269 0.028253 0)
(2.13168 0.0258527 0)
(2.13625 0.0235833 0)
(2.14071 0.02101 0)
(2.14481 0.0187028 0)
(2.14885 0.0159438 0)
(2.15227 0.0137319 0)
(2.15586 0.0108438 0)
(2.15838 0.00898042 0)
(2.16165 0.00604052 0)
(2.16303 0.00488612 0)
(2.16636 0.00191232 0)
(2.15905 0.044097 0)
(2.16459 0.0407673 0)
(2.16965 0.0377603 0)
(2.17428 0.0350472 0)
(2.17874 0.0326122 0)
(2.18319 0.0302801 0)
(2.18765 0.0280816 0)
(2.19209 0.025842 0)
(2.19644 0.0237145 0)
(2.20067 0.0214506 0)
(2.20471 0.0193395 0)
(2.20863 0.0169806 0)
(2.21222 0.0148943 0)
(2.21578 0.0124243 0)
(2.21876 0.0104702 0)
(2.22194 0.00792762 0)
(2.22414 0.00631102 0)
(2.22706 0.00374772 0)
(2.22827 0.00275749 0)
(2.23128 0.000169108 0)
(2.23277 0.0392025 0)
(2.23799 0.0360837 0)
(2.2428 0.0332203 0)
(2.24717 0.0305976 0)
(2.25132 0.0282305 0)
(2.25536 0.0259733 0)
(2.25937 0.0238605 0)
(2.26331 0.0217269 0)
(2.26715 0.0197153 0)
(2.27085 0.0175983 0)
(2.27437 0.0156449 0)
(2.27774 0.0134893 0)
(2.28084 0.0116039 0)
(2.28386 0.00939322 0)
(2.28641 0.00766248 0)
(2.28908 0.00542114 0)
(2.29096 0.00401156 0)
(2.2934 0.00177323 0)
(2.29443 0.000919154 0)
(2.29692 -0.0013295 0)
(2.30527 0.03446 0)
(2.31022 0.0315943 0)
(2.31481 0.0289306 0)
(2.31895 0.0264599 0)
(2.32283 0.024215 0)
(2.32652 0.0220761 0)
(2.33015 0.0200829 0)
(2.33365 0.0180836 0)
(2.33705 0.0162098 0)
(2.34026 0.0142544 0)
(2.34332 0.0124644 0)
(2.34618 0.0105096 0)
(2.34883 0.00881492 0)
(2.35133 0.00684529 0)
(2.35349 0.00531597 0)
(2.35563 0.00334608 0)
(2.35721 0.00211696 0)
(2.3591 0.000167945 0)
(2.35996 -0.000568771 0)
(2.36185 -0.00251015 0)
(2.37432 0.0298447 0)
(2.37906 0.0272666 0)
(2.38348 0.0248421 0)
(2.38745 0.02257 0)
(2.39113 0.0204938 0)
(2.39455 0.0185146 0)
(2.39787 0.0166754 0)
(2.401 0.0148395 0)
(2.40404 0.0131269 0)
(2.40683 0.0113514 0)
(2.4095 0.00973578 0)
(2.4119 0.00798607 0)
(2.41417 0.00647989 0)
(2.41618 0.00474302 0)
(2.41799 0.00340303 0)
(2.41963 0.00168728 0)
(2.42093 0.000622632 0)
(2.42228 -0.00105768 0)
(2.42299 -0.00169003 0)
(2.42425 -0.00334783 0)
(2.43818 0.0253137 0)
(2.44273 0.023049 0)
(2.44701 0.0208954 0)
(2.45083 0.0188609 0)
(2.45435 0.0169946 0)
(2.45755 0.0152143 0)
(2.46062 0.0135633 0)
(2.46344 0.0119208 0)
(2.46617 0.0103942 0)
(2.46859 0.00881888 0)
(2.47094 0.00739232 0)
(2.47292 0.00585722 0)
(2.47486 0.00454323 0)
(2.47642 0.00303827 0)
(2.47794 0.00188257 0)
(2.47909 0.000412772 0)
(2.48016 -0.000495672 0)
(2.48098 -0.00192009 0)
(2.48155 -0.00245595 0)
(2.4822 -0.00384633 0)
(2.49568 0.020868 0)
(2.5 0.0189357 0)
(2.50409 0.0170798 0)
(2.50772 0.0153153 0)
(2.51106 0.0136931 0)
(2.51402 0.0121452 0)
(2.51684 0.0107125 0)
(2.51935 0.0092898 0)
(2.52179 0.00797149 0)
(2.52385 0.00661544 0)
(2.52589 0.0053921 0)
(2.52749 0.00408204 0)
(2.52912 0.00296579 0)
(2.53026 0.0016946 0)
(2.5315 0.000721934 0)
(2.5322 -0.000506116 0)
(2.53305 -0.00126378 0)
(2.53337 -0.00244195 0)
(2.53381 -0.00288608 0)
(2.53388 -0.00402087 0)
(2.5459 0.0166155 0)
(2.54985 0.0150227 0)
(2.55363 0.0134793 0)
(2.55698 0.0120037 0)
(2.56004 0.0106462 0)
(2.56269 0.00935101 0)
(2.56521 0.00815486 0)
(2.56737 0.00696839 0)
(2.56948 0.00587199 0)
(2.57117 0.00474629 0)
(2.57288 0.00373432 0)
(2.5741 0.00265432 0)
(2.57542 0.00173783 0)
(2.57615 0.000698073 0)
(2.57711 -9.30876e-05 0)
(2.5774 -0.00108634 0)
(2.57802 -0.00169898 0)
(2.57789 -0.00264203 0)
(2.5782 -0.00299858 0)
(2.57774 -0.00389309 0)
(2.58765 0.0127286 0)
(2.59111 0.0114645 0)
(2.59447 0.0102305 0)
(2.59743 0.00904549 0)
(2.60014 0.00795592 0)
(2.60242 0.00691701 0)
(2.60458 0.00596026 0)
(2.60635 0.00501171 0)
(2.6081 0.00413789 0)
(2.60941 0.00324147 0)
(2.61078 0.00243893 0)
(2.61161 0.00158437 0)
(2.61262 0.000862072 0)
(2.61298 4.59474e-05 0)
(2.61367 -0.000572118 0)
(2.61357 -0.00134503 0)
(2.61399 -0.00182113 0)
(2.61346 -0.00254598 0)
(2.61365 -0.00282084 0)
(2.61274 -0.00349701 0)
(2.6198 0.00929696 0)
(2.62276 0.00833879 0)
(2.62567 0.00739985 0)
(2.62823 0.00649675 0)
(2.63056 0.00566851 0)
(2.63247 0.00487956 0)
(2.63427 0.00415515 0)
(2.63567 0.00343671 0)
(2.63708 0.00277693 0)
(2.63803 0.00210015 0)
(2.63909 0.00149711 0)
(2.63959 0.000855792 0)
(2.64031 0.0003161 0)
(2.64036 -0.00029102 0)
(2.64081 -0.000749951 0)
(2.64041 -0.00132151 0)
(2.64064 -0.00167238 0)
(2.6398 -0.00220137 0)
(2.63989 -0.00240228 0)
(2.63865 -0.00288738 0)
(2.64225 0.00627225 0)
(2.64478 0.00559405 0)
(2.64732 0.00493324 0)
(2.64954 0.00430165 0)
(2.65155 0.00372678 0)
(2.65314 0.00318033 0)
(2.65463 0.00268006 0)
(2.65573 0.00218284 0)
(2.65685 0.00172725 0)
(2.65753 0.00125927 0)
(2.65832 0.00084409 0)
(2.65857 0.00040221 0)
(2.65907 3.31772e-05 0)
(2.65889 -0.000382924 0)
(2.65915 -0.000696047 0)
(2.65854 -0.00108527 0)
(2.65863 -0.0013229 0)
(2.65759 -0.00167911 0)
(2.6576 -0.0018141 0)
(2.65616 -0.00213547 0)
(2.65614 0.00367429 0)
(2.65836 0.00323532 0)
(2.66062 0.00282088 0)
(2.66258 0.0024361 0)
(2.66435 0.00209381 0)
(2.66572 0.00177186 0)
(2.66698 0.00147955 0)
(2.66786 0.0011885 0)
(2.66877 0.000923198 0)
(2.66925 0.000649502 0)
(2.66986 0.000408711 0)
(2.66994 0.00015097 0)
(2.67028 -6.19613e-05 0)
(2.66995 -0.000303556 0)
(2.67008 -0.000483278 0)
(2.66934 -0.000708082 0)
(2.66934 -0.000843599 0)
(2.6682 -0.00104775 0)
(2.66815 -0.00112409 0)
(2.6666 -0.0013056 0)
(2.66274 0.00139575 0)
(2.66479 0.00119962 0)
(2.6669 0.00102465 0)
(2.66873 0.000870305 0)
(2.67038 0.000738081 0)
(2.67161 0.000617617 0)
(2.67275 0.000510757 0)
(2.67351 0.000406371 0)
(2.6743 0.000312841 0)
(2.67468 0.000217333 0)
(2.67519 0.000134663 0)
(2.67518 4.65564e-05 0)
(2.67544 -2.56097e-05 0)
(2.67503 -0.000106869 0)
(2.6751 -0.000166432 0)
(2.6743 -0.000241159 0)
(2.67424 -0.000285647 0)
(2.67305 -0.000353014 0)
(2.67298 -0.000377843 0)
(2.67138 -0.000437123 0)
(1.82677 0.149241 2.26084e-21)
(1.8395 0.13784 0)
(1.84327 0.12639 -4.15933e-22)
(1.83997 0.115169 -1.25932e-20)
(1.82738 0.104518 2.14286e-20)
(1.81119 0.0953962 0)
(1.78327 0.0861337 1.82299e-20)
(1.74513 0.0818518 0)
(1.70895 0.0698546 1.66408e-20)
(1.52383 0.0609717 -2.45833e-22)
(1.874 0.136798 -2.53989e-21)
(1.88516 0.127496 5.11199e-22)
(1.88788 0.117832 -5.1223e-22)
(1.88355 0.10967 -1.02609e-21)
(1.87288 0.100512 -1.18965e-20)
(1.85274 0.09509 -7.21632e-22)
(1.84092 0.0867083 0)
(1.7861 0.084383 -1.84646e-20)
(1.80496 0.0794948 0)
(1.65383 0.0678341 -1.53361e-20)
(1.9276 0.124335 5.21386e-21)
(1.93553 0.116798 0)
(1.93929 0.108041 -4.84821e-22)
(1.92981 0.101921 -4.79685e-22)
(1.92566 0.0939205 1.26336e-20)
(1.89402 0.0900572 0)
(1.89902 0.0843818 2.14557e-20)
(1.8294 0.0801481 1.90092e-20)
(1.86011 0.0800608 0)
(1.75014 0.0710293 1.51786e-20)
(1.98546 0.113093 -2.3522e-21)
(1.98917 0.106731 9.6109e-21)
(1.99636 0.0991416 0)
(1.98015 0.0938246 1.51321e-20)
(1.98334 0.0875827 8.28914e-22)
(1.94211 0.0829714 -1.57778e-21)
(1.95349 0.0799713 -2.06096e-20)
(1.88378 0.0740423 -6.76684e-22)
(1.90309 0.0747678 -1.97111e-20)
(1.8225 0.0707485 0)
(2.04559 0.102959 0)
(2.04561 0.0972255 -9.37413e-21)
(2.05609 0.0912066 -1.05007e-20)
(2.03564 0.0858853 1.52242e-21)
(2.04231 0.0815487 -9.79084e-22)
(1.99927 0.076089 -7.96761e-22)
(2.00702 0.0743739 -2.35436e-20)
(1.94621 0.0692126 -1.37734e-21)
(1.95192 0.0685556 -4.97736e-22)
(1.88455 0.0680207 1.84411e-20)
(2.10624 0.0936144 2.96203e-21)
(2.10447 0.0882565 6.29741e-22)
(2.1161 0.0836665 -1.54989e-21)
(2.09554 0.0783938 5.68401e-22)
(2.10146 0.0752481 -1.5999e-20)
(2.06258 0.0701591 0)
(2.06407 0.0683491 2.57682e-20)
(2.01187 0.0651713 -7.60932e-22)
(2.01009 0.0628337 4.22607e-20)
(1.94582 0.0636326 -3.76484e-20)
(2.16613 0.0847782 -2.97661e-21)
(2.16449 0.0799038 -5.54035e-21)
(2.17549 0.076204 9.77848e-21)
(2.15751 0.0714955 -1.72299e-20)
(2.16135 0.0686783 -1.72314e-21)
(2.12795 0.0647984 -1.50689e-20)
(2.12578 0.0622922 7.98409e-22)
(2.07851 0.0606433 -1.51966e-21)
(2.07489 0.0573082 -2.08124e-20)
(2.01087 0.0583513 1.91997e-20)
(2.2244 0.0762771 0)
(2.22379 0.0721001 1.19406e-20)
(2.23387 0.0688184 -1.28681e-21)
(2.219 0.0650277 9.49304e-21)
(2.22188 0.0621235 -5.93866e-22)
(2.19273 0.0594349 2.98136e-20)
(2.19035 0.0563855 -1.33826e-20)
(2.14582 0.0554607 0)
(2.14332 0.0519368 0)
(2.08053 0.0528839 0)
(2.28025 0.0680621 0)
(2.2807 0.0646612 -1.08806e-20)
(2.29052 0.0616113 -6.92009e-22)
(2.27818 0.0587223 9.50307e-21)
(2.28176 0.0557723 1.73188e-20)
(2.25568 0.0538781 -1.66209e-20)
(2.25518 0.050746 1.60843e-20)
(2.21342 0.0500965 -8.61943e-22)
(2.21301 0.0468355 0)
(2.15351 0.0475721 1.10209e-20)
(2.33295 0.0601136 3.8767e-22)
(2.33417 0.0574094 6.19961e-21)
(2.3444 0.0546228 9.62918e-21)
(2.33404 0.0524218 -5.42851e-22)
(2.33925 0.0496484 1.18353e-21)
(2.316 0.0482157 -1.77188e-20)
(2.31802 0.0453624 1.71664e-20)
(2.28008 0.0448241 -8.90715e-22)
(2.28176 0.0419321 0)
(2.22757 0.0424389 -2.2311e-20)
(2.38208 0.0524045 0)
(2.38387 0.0502532 6.10646e-21)
(2.39468 0.0478232 2.05926e-22)
(2.38614 0.0461004 0)
(2.39301 0.0436841 0)
(2.37292 0.0425374 1.57055e-20)
(2.37718 0.0401023 -1.42432e-20)
(2.34414 0.039624 -8.435e-22)
(2.34751 0.0370839 4.49716e-22)
(2.30032 0.0374258 1.16643e-20)
(2.4277 0.0449346 0)
(2.43001 0.0431996 -1.1611e-20)
(2.44112 0.0411803 -1.27074e-20)
(2.43443 0.0397997 1.9329e-21)
(2.4424 0.0378067 -1.24231e-21)
(2.42585 0.0368674 -1.04654e-21)
(2.43161 0.0348451 1.98576e-21)
(2.40419 0.0344292 1.27932e-20)
(2.4087 0.0322246 1.2464e-21)
(2.36956 0.0324951 -3.86409e-22)
(2.4702 0.0378296 0)
(2.47301 0.036394 6.24875e-21)
(2.48387 0.0347612 -6.97575e-22)
(2.4791 0.0336331 6.91815e-22)
(2.48742 0.0320292 0)
(2.47456 0.0312545 0)
(2.48096 0.0295862 0)
(2.45938 0.0292491 -1.45319e-20)
(2.46442 0.0273653 1.35814e-20)
(2.43357 0.0276198 0)
(2.50962 0.0311012 0)
(2.51286 0.0299551 3.97842e-21)
(2.52293 0.0286796 5.162e-21)
(2.52007 0.0277568 6.7538e-21)
(2.52805 0.0264742 -1.28916e-21)
(2.51881 0.0258316 8.04254e-21)
(2.52516 0.024453 -7.26831e-21)
(2.50921 0.0241827 0)
(2.51428 0.0225925 7.20975e-22)
(2.49129 0.0228175 -1.28835e-20)
(2.54503 0.024934 -8.75818e-22)
(2.54864 0.0240612 -3.2235e-21)
(2.55757 0.0230942 -6.67179e-21)
(2.55652 0.0223426 -4.75065e-21)
(2.56376 0.0213198 0)
(2.55792 0.0207764 -1.02419e-20)
(2.56378 0.0196411 1.04227e-20)
(2.55301 0.0193941 -9.89825e-22)
(2.55774 0.0180711 -6.71677e-21)
(2.54187 0.0182103 1.86855e-20)
(2.57455 0.0195255 8.80313e-22)
(2.5786 0.0188465 -2.49566e-21)
(2.58632 0.0181115 2.25476e-21)
(2.587 0.017498 -5.59583e-21)
(2.59334 0.0166901 0)
(2.59059 0.0162196 0)
(2.59578 0.015301 1.0249e-21)
(2.58958 0.0150415 -9.69567e-21)
(2.59378 0.0139689 -6.02542e-21)
(2.58411 0.0139871 -6.26007e-21)
(2.59696 0.0146687 0)
(2.60151 0.0141655 4.1028e-21)
(2.60822 0.0136317 -1.51418e-21)
(2.61041 0.0131575 4.98109e-21)
(2.61593 0.0125461 1.33862e-21)
(2.61577 0.0121506 -1.13831e-21)
(2.62026 0.011436 2.14767e-21)
(2.61781 0.0111683 6.71995e-21)
(2.62144 0.0103321 0)
(2.61678 0.0102492 0)
(2.61287 0.0101585 0)
(2.61784 0.00984801 1.67349e-21)
(2.62374 0.00951234 -3.08294e-21)
(2.62704 0.00919648 0)
(2.63188 0.0087783 -2.61238e-21)
(2.63357 0.00847912 -1.14813e-21)
(2.63747 0.00796169 -3.21592e-21)
(2.63767 0.00771282 -9.44778e-22)
(2.64079 0.00709622 4.89823e-22)
(2.63967 0.00694999 4.13647e-22)
(2.62381 0.00589474 0)
(2.62887 0.00579758 -1.68151e-21)
(2.63413 0.00567846 -1.53213e-21)
(2.63799 0.0055547 2.12671e-21)
(2.64228 0.00535069 1.25771e-21)
(2.64503 0.00518835 1.19727e-21)
(2.64846 0.00488147 5.37375e-21)
(2.65021 0.00469567 -3.93172e-21)
(2.65294 0.00429131 9.16941e-22)
(2.6539 0.00412147 0)
(2.62984 0.00177174 0)
(2.63481 0.00185941 8.2438e-22)
(2.63964 0.00193477 -7.90066e-22)
(2.64367 0.00199446 7.49593e-22)
(2.64763 0.002007 0)
(2.65078 0.0020082 -1.20321e-21)
(2.65394 0.00193761 1.05562e-21)
(2.65633 0.00187605 9.45694e-22)
(2.65883 0.00172077 0)
(2.66069 0.00160771 0)
(1.17944 0.257757 0)
(1.12424 0.281294 -5.94431e-20)
(1.08026 0.312796 0)
(1.04443 0.353323 -1.97431e-19)
(1.0129 0.402353 7.46337e-20)
(0.983544 0.461743 2.29239e-21)
(0.953645 0.532293 6.57953e-20)
(0.904993 0.602641 -7.65107e-21)
(0.773808 0.614173 0)
(0.433401 0.378251 6.75619e-20)
(1.26672 0.260597 1.0872e-19)
(1.21341 0.290677 5.94415e-20)
(1.17061 0.32101 -5.69488e-20)
(1.13503 0.360244 6.6422e-20)
(1.10476 0.409068 -5.75601e-20)
(1.07882 0.46828 7.73311e-21)
(1.05393 0.538018 -6.78046e-20)
(1.00882 0.605813 -1.34876e-19)
(0.869861 0.612228 -3.58447e-20)
(0.486741 0.369952 -9.90193e-20)
(1.34906 0.259323 -4.86365e-20)
(1.30067 0.291657 5.04528e-20)
(1.25997 0.32141 5.69467e-20)
(1.2245 0.359756 5.85042e-20)
(1.19509 0.407956 5.98679e-20)
(1.17221 0.466101 6.07364e-20)
(1.15172 0.53358 9.16415e-21)
(1.10867 0.5965 5.88306e-20)
(0.959539 0.595625 2.28928e-20)
(0.532553 0.350509 -2.44376e-20)
(1.4292 0.255433 9.71324e-20)
(1.38447 0.288049 -5.04505e-20)
(1.34551 0.316832 0)
(1.31048 0.353678 0)
(1.28211 0.40013 0)
(1.26195 0.455887 4.63029e-20)
(1.24478 0.519478 -4.04385e-20)
(1.20146 0.575096 0)
(1.03882 0.564786 1.65063e-20)
(0.567125 0.320558 -3.35787e-20)
(1.50502 0.24859 -1.85778e-20)
(1.46252 0.280167 6.65633e-20)
(1.42493 0.307725 0)
(1.39081 0.342632 0)
(1.36383 0.386366 1.95605e-20)
(1.34604 0.438482 1.86059e-20)
(1.33078 0.496634 2.55517e-20)
(1.28415 0.542467 1.38933e-20)
(1.10328 0.52091 2.01351e-20)
(0.58726 0.282065 -4.55972e-21)
(1.57372 0.239197 5.48018e-20)
(1.53299 0.268499 2.00894e-20)
(1.4966 0.294421 0)
(1.46372 0.327012 0)
(1.43838 0.367271 -5.31114e-20)
(1.42251 0.414599 1.71307e-20)
(1.40738 0.465814 4.14314e-21)
(1.35347 0.500188 -2.75738e-22)
(1.14824 0.465961 -1.48517e-20)
(0.590971 0.237287 -4.95253e-21)
(1.6346 0.227306 -3.18152e-20)
(1.59514 0.253391 3.34747e-20)
(1.55963 0.277446 3.07863e-20)
(1.528 0.307387 -3.25699e-20)
(1.5042 0.343561 -1.35699e-20)
(1.48944 0.385119 1.44529e-20)
(1.47199 0.42779 -8.75956e-21)
(1.40559 0.450079 9.40807e-21)
(1.17057 0.40288 0)
(0.577011 0.188611 0)
(1.6865 0.213429 -2.75034e-20)
(1.64828 0.235949 2.89385e-20)
(1.61336 0.257733 0)
(1.58276 0.284725 0)
(1.56019 0.316293 0)
(1.54515 0.351218 4.14371e-21)
(1.52179 0.384241 -1.46076e-20)
(1.43669 0.393605 6.99854e-21)
(1.16775 0.334165 0)
(0.544675 0.139313 -2.8917e-21)
(1.72966 0.197787 -1.17761e-20)
(1.69183 0.216321 9.64009e-21)
(1.65712 0.236349 -2.61587e-21)
(1.62745 0.25996 0)
(1.60549 0.286504 -4.12048e-21)
(1.58805 0.31436 1.04437e-20)
(1.5542 0.336911 0)
(1.44385 0.33267 -1.15856e-21)
(1.13704 0.262526 -2.3668e-21)
(0.494637 0.0927993 4.25759e-21)
(1.76323 0.181429 0)
(1.72523 0.196843 2.75044e-21)
(1.69086 0.214126 2.61562e-21)
(1.66184 0.234008 0)
(1.63928 0.255363 1.55801e-21)
(1.61651 0.275792 -2.78822e-21)
(1.56661 0.287315 -5.31427e-22)
(1.42393 0.269434 3.17835e-24)
(1.07644 0.191239 1.08737e-21)
(0.429524 0.052224 0)
(0.509748 0.0149882 -1.94729e-20)
(0.488255 0.0172118 2.06629e-20)
(0.46208 0.0198273 1.10711e-20)
(0.430221 0.0228796 1.2005e-20)
(0.391234 0.026506 -1.27475e-20)
(0.343097 0.0308669 -2.08939e-20)
(0.283174 0.0359955 7.50836e-21)
(0.206544 0.0410906 -1.64694e-20)
(0.110386 0.0421012 -1.80244e-20)
(0.0306748 0.0266083 0)
(0.525042 0.0448199 0)
(0.503173 0.0514174 -1.03232e-20)
(0.476488 0.0592163 -1.10342e-20)
(0.444299 0.0683138 0)
(0.405272 0.0791139 2.5663e-20)
(0.357387 0.0921055 1.38667e-20)
(0.297985 0.10741 0)
(0.221856 0.122643 -1.59959e-20)
(0.124745 0.125673 -6.41492e-23)
(0.039382 0.0795418 -1.90899e-20)
(0.555126 0.0742167 7.74182e-20)
(0.532569 0.0849626 -8.14686e-20)
(0.504915 0.0977975 0)
(0.472101 0.112761 0)
(0.433018 0.130499 0)
(0.385671 0.151841 -8.2248e-20)
(0.327342 0.177034 1.18097e-19)
(0.252177 0.202205 -3.14769e-20)
(0.153283 0.207323 0)
(0.0567998 0.131434 3.82536e-20)
(0.599 0.102839 7.66396e-20)
(0.575555 0.117368 -8.0648e-20)
(0.546578 0.134997 -8.68676e-20)
(0.512922 0.155533 -1.09492e-21)
(0.473814 0.179819 1.48647e-19)
(0.427313 0.209046 -5.31974e-20)
(0.370625 0.243624 5.81436e-20)
(0.296945 0.278348 -1.25368e-19)
(0.195579 0.285711 6.79124e-20)
(0.0827307 0.18137 0)
(0.655258 0.130252 -1.87613e-19)
(0.630858 0.148121 3.94146e-20)
(0.600342 0.170274 0)
(0.565739 0.196024 0)
(0.526719 0.226343 4.97187e-20)
(0.481413 0.262807 -1.55281e-19)
(0.426952 0.306043 1.11594e-19)
(0.355341 0.349714 -1.19957e-19)
(0.250956 0.359401 1.87529e-21)
(0.116808 0.228369 -6.83897e-20)
(0.722214 0.155925 2.58209e-19)
(0.696942 0.176498 -1.95117e-19)
(0.664785 0.20273 0)
(0.629183 0.233194 0)
(0.590396 0.268944 4.7862e-20)
(0.546678 0.311939 5.13503e-20)
(0.495073 0.363019 5.05795e-20)
(0.426188 0.414868 5.94017e-20)
(0.318404 0.426831 1.50497e-21)
(0.158424 0.271274 1.35336e-19)
(0.797892 0.179582 -1.46603e-19)
(0.771983 0.202708 -7.43099e-20)
(0.738303 0.232824 0)
(0.701876 0.267408 0)
(0.663598 0.307626 0)
(0.621846 0.355988 -9.66763e-20)
(0.573628 0.413651 9.7804e-20)
(0.508055 0.472498 0)
(0.396557 0.48639 -5.83775e-20)
(0.206653 0.308784 1.24537e-19)
(0.881027 0.199055 -7.08454e-20)
(0.854216 0.223746 7.43106e-20)
(0.81854 0.257203 7.5174e-20)
(0.781332 0.295638 7.95485e-20)
(0.744079 0.34007 8.412e-20)
(0.704971 0.393268 8.88822e-20)
(0.66083 0.45656 -6.4903e-21)
(0.599167 0.521159 9.83437e-20)
(0.48365 0.536408 -5.36197e-20)
(0.260187 0.339519 5.72352e-20)
(0.970471 0.219488 -1.34969e-19)
(0.942493 0.246127 6.75158e-20)
(0.904626 0.28173 -7.51738e-20)
(0.866802 0.321745 -8.17039e-20)
(0.830672 0.368097 7.66586e-20)
(0.794345 0.424166 -6.17226e-21)
(0.754651 0.491274 -2.69053e-19)
(0.697328 0.559771 -1.84523e-19)
(0.577404 0.575327 5.13007e-20)
(0.317302 0.36215 -4.38408e-20)
(1.06757 0.229005 0)
(1.03127 0.256098 -6.75154e-20)
(0.990771 0.295468 0)
(0.954467 0.338965 6.9266e-20)
(0.92096 0.388103 -2.32001e-19)
(0.888038 0.446789 -1.61e-19)
(0.853086 0.516576 1.701e-19)
(0.800187 0.587146 8.94721e-20)
(0.675158 0.601636 0)
(0.375899 0.375427 9.53327e-20)
(0.626327 0.00116993 0)
(0.625681 0.00116939 -1.1345e-21)
(0.624235 0.00119581 1.12857e-21)
(0.622507 0.00126812 0)
(0.620738 0.00138573 -2.2726e-21)
(0.618865 0.00154554 2.26089e-21)
(0.616767 0.00174873 0)
(0.614357 0.00199949 0)
(0.611554 0.00230487 0)
(0.6083 0.00267065 0)
(0.604558 0.00311074 1.13964e-21)
(0.600251 0.00363561 0)
(0.595262 0.00425634 0)
(0.58946 0.00498792 9.20999e-21)
(0.582697 0.00584989 -9.16458e-21)
(0.574807 0.0068661 0)
(0.565587 0.00806612 1.04632e-20)
(0.554811 0.0094871 -1.86088e-20)
(0.542173 0.0111623 9.30295e-21)
(0.527354 0.0132637 9.45246e-21)
(0.638201 0.0034304 2.35834e-21)
(0.63758 0.0034444 4.50118e-21)
(0.636233 0.00355564 -4.47949e-21)
(0.634635 0.00379534 2.24803e-21)
(0.632987 0.00415873 2.25011e-21)
(0.631224 0.00464403 9.0361e-21)
(0.629231 0.00526028 -6.73874e-21)
(0.62693 0.00602223 -1.81161e-20)
(0.624236 0.00694875 3.84343e-20)
(0.621102 0.00804857 -1.80582e-20)
(0.617496 0.00936594 -1.7075e-20)
(0.613329 0.0109372 3.86437e-20)
(0.608486 0.0127974 -3.41789e-20)
(0.602843 0.0149907 1.82086e-20)
(0.596257 0.0175748 2.28942e-21)
(0.588571 0.0206201 3.9235e-20)
(0.579586 0.024215 -3.79252e-20)
(0.569109 0.0284698 0)
(0.55677 0.0334789 2.32536e-21)
(0.542771 0.0397688 0)
(0.661383 0.005624 -7.00721e-21)
(0.66089 0.00566856 -5.64148e-24)
(0.65977 0.00588814 8.92606e-21)
(0.658406 0.00631232 -4.40682e-21)
(0.656975 0.00693083 -1.1137e-20)
(0.655421 0.00774628 -2.23572e-21)
(0.65364 0.00877486 -2.24025e-21)
(0.651555 0.0100419 -2.24348e-21)
(0.649062 0.0115674 3.15922e-20)
(0.646145 0.0134245 2.25821e-22)
(0.642795 0.0156485 -4.05454e-20)
(0.638905 0.0182841 -2.26561e-21)
(0.634353 0.0213933 -4.54124e-21)
(0.629027 0.0250535 0)
(0.622796 0.0293608 -4.12825e-20)
(0.615524 0.0344306 3.1982e-20)
(0.60701 0.0404079 0)
(0.597149 0.0474751 -2.30884e-21)
(0.585406 0.0557652 -2.32943e-21)
(0.573028 0.0662085 -2.32927e-21)
(0.695168 0.00780748 2.29794e-21)
(0.694835 0.00788245 6.56825e-21)
(0.694006 0.00819838 0)
(0.692947 0.00880173 -1.98527e-20)
(0.691799 0.0096807 1.76008e-20)
(0.690514 0.010838 1.99589e-20)
(0.689001 0.0122949 -1.32598e-20)
(0.687174 0.0140884 2.22483e-21)
(0.685 0.0162272 -2.91079e-20)
(0.68247 0.0188364 -2.15622e-22)
(0.679486 0.0219688 3.35643e-20)
(0.675965 0.025675 -3.61483e-20)
(0.671819 0.030036 -3.42536e-20)
(0.666952 0.0351608 7.68757e-20)
(0.661246 0.0411824 2.28017e-21)
(0.654594 0.0482604 6.85319e-21)
(0.64679 0.0565905 -7.37816e-20)
(0.637875 0.0664328 1.74778e-21)
(0.627025 0.0779004 -5.81779e-22)
(0.61701 0.0924641 7.65766e-20)
(0.738478 0.00989905 4.51547e-21)
(0.738305 0.0100084 -1.71925e-20)
(0.7378 0.0104178 8.59974e-21)
(0.73709 0.0112021 4.32845e-21)
(0.736264 0.0123499 0)
(0.735289 0.0138572 0)
(0.734092 0.0157502 -4.38028e-21)
(0.73257 0.0180606 0)
(0.730743 0.0208717 -4.41669e-21)
(0.728628 0.0242529 0)
(0.726087 0.0282832 4.4548e-21)
(0.723034 0.0330468 -7.17332e-20)
(0.719407 0.0386455 -4.33292e-22)
(0.715135 0.0452164 -4.9599e-21)
(0.710117 0.0529222 7.22681e-20)
(0.704296 0.0619705 -4.56266e-21)
(0.697444 0.0725886 4.555e-21)
(0.689824 0.0851455 -7.3756e-20)
(0.680186 0.0996055 7.82276e-20)
(0.673176 0.118276 1.48482e-19)
(0.790072 0.0117798 4.40569e-21)
(0.790024 0.0119444 -4.18507e-21)
(0.789828 0.0124603 -4.21694e-21)
(0.789465 0.013432 -4.23881e-21)
(0.78895 0.0148532 -3.41933e-20)
(0.788263 0.0167212 6.4293e-20)
(0.787338 0.0190351 -3.86885e-20)
(0.786155 0.0218628 0)
(0.78476 0.0253447 -4.35064e-21)
(0.783077 0.0295163 -4.37291e-21)
(0.780995 0.0344484 -4.39526e-21)
(0.778458 0.0402549 6.66074e-20)
(0.775427 0.0470597 -1.46883e-19)
(0.77186 0.055038 7.14178e-20)
(0.767679 0.0643672 0)
(0.762886 0.0753251 -4.50206e-21)
(0.75723 0.0881221 -1.54876e-19)
(0.751245 0.103332 1.45803e-19)
(0.743181 0.120508 -4.61289e-21)
(0.739685 0.143309 0)
(0.848678 0.0132857 4.27042e-21)
(0.848687 0.0135547 -1.22887e-20)
(0.848719 0.0142315 4.03235e-21)
(0.848636 0.0154315 2.48007e-20)
(0.848383 0.0171084 4.16668e-21)
(0.847903 0.019285 -2.52779e-20)
(0.847206 0.0220551 4.06536e-21)
(0.846384 0.0254983 3.39858e-20)
(0.845395 0.0296478 8.57423e-21)
(0.844102 0.0345697 7.35655e-20)
(0.842464 0.0403537 -6.06969e-20)
(0.840458 0.047152 -6.14262e-20)
(0.838083 0.0550895 7.47403e-20)
(0.835311 0.064403 4.41485e-21)
(0.832113 0.0752356 4.43795e-21)
(0.828542 0.0879962 8.96401e-21)
(0.82436 0.102739 9.00834e-21)
(0.820342 0.120463 -4.48752e-21)
(0.814274 0.139911 0)
(0.814545 0.166882 1.44839e-19)
(0.913024 0.0142581 -1.24264e-20)
(0.913035 0.0146677 -1.83168e-23)
(0.913188 0.0155315 -3.99292e-21)
(0.913215 0.0169183 -3.63455e-20)
(0.913014 0.0189394 2.4323e-20)
(0.912711 0.0215751 -4.10617e-21)
(0.912344 0.0248679 0)
(0.911814 0.0288809 0)
(0.911071 0.0336299 -8.42069e-21)
(0.910079 0.0392345 -4.2366e-21)
(0.908865 0.0457883 -4.29277e-21)
(0.907395 0.0535022 -4.32965e-21)
(0.905731 0.0624532 0)
(0.903818 0.0730092 -8.76137e-21)
(0.901747 0.0851677 -4.43441e-21)
(0.899531 0.0996724 -8.87067e-21)
(0.897083 0.116082 -4.49325e-21)
(0.895314 0.136244 -1.38547e-19)
(0.891758 0.157076 1.43711e-19)
(0.8963 0.187977 0)
(0.981805 0.014751 0)
(0.981798 0.0153425 3.82951e-21)
(0.981905 0.0165245 1.93829e-21)
(0.982025 0.0182615 0)
(0.982049 0.0206466 3.56631e-20)
(0.981864 0.0237224 -3.19211e-20)
(0.981537 0.0274509 6.67987e-20)
(0.981072 0.0319 -6.52295e-20)
(0.980507 0.0371361 6.19465e-21)
(0.979783 0.0433449 2.10158e-21)
(0.979006 0.0505674 0)
(0.978072 0.059118 0)
(0.977223 0.0689158 0)
(0.976242 0.0805914 1.42797e-19)
(0.975594 0.0936825 -2.78815e-19)
(0.974899 0.109719 4.69649e-21)
(0.974615 0.127084 1.41123e-19)
(0.975008 0.150185 0)
(0.974287 0.172356 0)
(0.983638 0.209063 1.40697e-19)
(1.0547 0.0153519 0)
(1.05483 0.0160297 -1.47914e-20)
(1.05497 0.0173778 -1.31647e-20)
(1.05497 0.0194338 3.02445e-20)
(1.05482 0.022116 3.07462e-20)
(1.05451 0.025468 -9.33263e-20)
(1.05415 0.0295017 6.09119e-20)
(1.05372 0.0343318 0)
(1.05337 0.039976 -2.02335e-21)
(1.05295 0.0466719 -6.33757e-20)
(1.05277 0.0543413 1.32228e-19)
(1.05249 0.0634516 -6.68159e-20)
(1.05281 0.0736304 0)
(1.05288 0.0859706 -1.36102e-19)
(1.05435 0.0992008 2.74477e-19)
(1.05527 0.11613 -1.38394e-19)
(1.05913 0.132723 0)
(1.06264 0.157284 -1.37396e-19)
(1.06892 0.17699 1.38832e-19)
(1.086 0.221155 -2.16444e-21)
(1.13032 0.0150973 0)
(1.13014 0.0157916 0)
(1.13004 0.0172122 0)
(1.12984 0.0193084 0)
(1.12947 0.0219965 0)
(1.12893 0.0253291 0)
(1.12842 0.0293219 0)
(1.12785 0.0341539 0)
(1.12755 0.0398022 0)
(1.12713 0.0466102 0)
(1.12733 0.05436 0)
(1.12717 0.063803 0)
(1.12853 0.0741456 0)
(1.12876 0.0873153 0)
(1.1328 0.100692 0)
(1.1332 0.119768 0)
(1.14383 0.135704 0)
(1.14285 0.166069 0)
(1.17259 0.179295 0)
(1.16225 0.237405 0)
(1.20902 0.0142447 0)
(1.20907 0.0151003 0)
(1.20913 0.016902 0)
(1.2089 0.0193394 0)
(1.20851 0.0222401 0)
(1.20794 0.0256662 0)
(1.20754 0.029632 0)
(1.20707 0.0343827 0)
(1.20708 0.0398453 0)
(1.20684 0.0464468 0)
(1.20766 0.0538045 0)
(1.2077 0.0628712 0)
(1.21025 0.0724627 0)
(1.21049 0.0849653 0)
(1.21691 0.0968776 0)
(1.21648 0.114567 0)
(1.23191 0.127809 0)
(1.22739 0.153948 0)
(1.26411 0.163849 0)
(1.24337 0.202145 0)
(1.29184 0.0152476 0)
(1.29261 0.0158955 0)
(1.29317 0.0174599 0)
(1.29308 0.0198546 0)
(1.29268 0.0227743 0)
(1.29206 0.0261689 0)
(1.29175 0.0300091 0)
(1.29137 0.0345953 0)
(1.2917 0.0398104 0)
(1.29162 0.0461257 0)
(1.29302 0.0530356 0)
(1.2932 0.0615651 0)
(1.29677 0.0703512 0)
(1.29693 0.0818195 0)
(1.30502 0.0923797 0)
(1.30389 0.107886 0)
(1.32156 0.119157 0)
(1.31498 0.140147 0)
(1.35269 0.148671 0)
(1.32904 0.176324 0)
(1.38087 0.0163814 0)
(1.38137 0.0168105 0)
(1.38204 0.0182229 0)
(1.38201 0.0206278 0)
(1.38149 0.0235168 0)
(1.38064 0.0267685 0)
(1.38028 0.0303664 0)
(1.37988 0.03468 0)
(1.38048 0.0395649 0)
(1.38048 0.0455038 0)
(1.38239 0.0519165 0)
(1.38262 0.0598195 0)
(1.38702 0.0678208 0)
(1.38706 0.0781915 0)
(1.39631 0.0875857 0)
(1.39459 0.101073 0)
(1.41341 0.110864 0)
(1.40549 0.128205 0)
(1.44325 0.13584 0)
(1.41803 0.15804 0)
(1.47293 0.0136882 0)
(1.47322 0.0146051 0)
(1.47406 0.0171906 0)
(1.4739 0.0205109 0)
(1.47305 0.0237939 0)
(1.47185 0.0270658 0)
(1.47148 0.0304784 0)
(1.4711 0.0345256 0)
(1.47202 0.0390665 0)
(1.47212 0.0445851 0)
(1.47454 0.0504654 0)
(1.47482 0.0576904 0)
(1.47995 0.0649028 0)
(1.47985 0.0741912 0)
(1.49 0.0824947 0)
(1.48775 0.0942422 0)
(1.50731 0.102729 0)
(1.4984 0.117408 0)
(1.53591 0.124002 0)
(1.50973 0.142464 0)
(1.56123 0.0147199 0)
(1.56401 0.0156241 0)
(1.56657 0.0183143 0)
(1.56663 0.0217014 0)
(1.56551 0.024791 0)
(1.5641 0.0276843 0)
(1.5639 0.0306632 0)
(1.56375 0.0342925 0)
(1.56515 0.0383957 0)
(1.56546 0.043417 0)
(1.56844 0.048715 0)
(1.56881 0.0552268 0)
(1.57465 0.0616502 0)
(1.57445 0.0699051 0)
(1.58534 0.0771845 0)
(1.58267 0.0874223 0)
(1.6027 0.0947199 0)
(1.59312 0.107252 0)
(1.62998 0.112788 0)
(1.60362 0.128296 0)
(1.6582 0.0150857 0)
(1.66005 0.0162558 0)
(1.66236 0.0194535 0)
(1.66176 0.0229354 0)
(1.65985 0.0256481 0)
(1.65792 0.0279868 0)
(1.65778 0.0304505 0)
(1.6578 0.0336403 0)
(1.65963 0.0373068 0)
(1.6601 0.0418249 0)
(1.66358 0.0465465 0)
(1.66404 0.0523609 0)
(1.67049 0.0580379 0)
(1.67024 0.0653372 0)
(1.68169 0.0716867 0)
(1.67876 0.0806029 0)
(1.69895 0.0868478 0)
(1.6891 0.0975786 0)
(1.72486 0.102197 0)
(1.69918 0.115314 0)
(1.74798 0.0153954 0)
(1.75276 0.0175049 0)
(1.75661 0.0215913 0)
(1.75548 0.0250211 0)
(1.75286 0.0269805 0)
(1.75073 0.0284414 0)
(1.75103 0.0302012 0)
(1.75147 0.032834 0)
(1.75384 0.0359784 0)
(1.75454 0.0399232 0)
(1.75853 0.0440377 0)
(1.75916 0.0491514 0)
(1.76614 0.0541167 0)
(1.76598 0.0605256 0)
(1.77781 0.0660359 0)
(1.7749 0.0737822 0)
(1.7949 0.0791155 0)
(1.78535 0.0883217 0)
(1.81947 0.0921846 0)
(1.79549 0.10334 0)
(1.84397 0.018527 0)
(1.84846 0.0211139 0)
(1.85086 0.0253586 0)
(1.8474 0.0279945 0)
(1.84319 0.0287275 0)
(1.84063 0.0291542 0)
(1.84134 0.0301764 0)
(1.84222 0.0321704 0)
(1.84509 0.0346731 0)
(1.8461 0.0379314 0)
(1.8506 0.0413732 0)
(1.85158 0.0457556 0)
(1.85907 0.0500144 0)
(1.85927 0.0555676 0)
(1.87133 0.0602946 0)
(1.86889 0.066986 0)
(1.88839 0.0715112 0)
(1.87989 0.0794189 0)
(1.91183 0.0826314 0)
(1.8907 0.0921798 0)
(1.92111 0.0288552 0)
(1.92802 0.0293416 0)
(1.9307 0.0293373 0)
(1.92583 0.0282356 0)
(1.92131 0.0271256 0)
(1.91974 0.0270795 0)
(1.9219 0.0280332 0)
(1.92404 0.0298158 0)
(1.92803 0.0319287 0)
(1.93002 0.0346851 0)
(1.93549 0.0376254 0)
(1.93742 0.0414397 0)
(1.94566 0.0451384 0)
(1.94679 0.0499855 0)
(1.95911 0.0540579 0)
(1.9578 0.0598697 0)
(1.97661 0.0637134 0)
(1.96999 0.0705623 0)
(1.99938 0.0732191 0)
(1.98212 0.0814904 0)
(1.98035 0.0645216 0)
(1.98712 0.0600391 0)
(1.99055 0.0470524 0)
(1.98891 0.0349125 0)
(1.98856 0.0281848 0)
(1.99038 0.0260707 0)
(1.9948 0.0261597 0)
(1.99847 0.0272126 0)
(2.0037 0.0285906 0)
(2.00694 0.0306523 0)
(2.01347 0.0330062 0)
(2.01657 0.0362488 0)
(2.02546 0.0394183 0)
(2.02776 0.0436417 0)
(2.04013 0.0471403 0)
(2.04029 0.0522157 0)
(2.05815 0.0554842 0)
(2.05388 0.0614725 0)
(2.08048 0.0636766 0)
(2.06758 0.0709164 0)
(2.06724 0.0748346 0)
(2.05871 0.0675463 0)
(2.05242 0.0504137 0)
(2.05318 0.0349266 0)
(2.05836 0.0263598 0)
(2.06346 0.0234269 0)
(2.06867 0.023054 0)
(2.07225 0.0236325 0)
(2.07731 0.0244889 0)
(2.08079 0.0260131 0)
(2.08744 0.0278666 0)
(2.0911 0.0305944 0)
(2.09993 0.0332626 0)
(2.10302 0.0369119 0)
(2.1149 0.0398713 0)
(2.11637 0.044288 0)
(2.1329 0.0470331 0)
(2.13091 0.0522699 0)
(2.1546 0.0540846 0)
(2.14588 0.0604274 0)
(2.09976 0.0473707 0)
(2.09026 0.0417473 0)
(2.08617 0.0319202 0)
(2.09371 0.0231765 0)
(2.10631 0.0183024 0)
(2.11681 0.0168616 0)
(2.12514 0.0170549 0)
(2.13075 0.0178538 0)
(2.13732 0.0187542 0)
(2.14247 0.0201709 0)
(2.15035 0.021812 0)
(2.15549 0.0242147 0)
(2.16497 0.0265087 0)
(2.1694 0.02969 0)
(2.18126 0.0321992 0)
(2.18429 0.0360483 0)
(2.19992 0.0383481 0)
(2.20011 0.0429241 0)
(2.22155 0.0444152 0)
(2.21634 0.049965 0)
(2.1369 0.0217789 0)
(2.12788 0.0193441 0)
(2.12608 0.0149133 0)
(2.13785 0.0110345 0)
(2.1551 0.00907609 0)
(2.16945 0.00889442 0)
(2.18037 0.0095107 0)
(2.18794 0.0104753 0)
(2.19602 0.0114998 0)
(2.20281 0.0129485 0)
(2.21183 0.0145288 0)
(2.21832 0.0167268 0)
(2.22833 0.0187829 0)
(2.23388 0.0216065 0)
(2.24564 0.0238204 0)
(2.2498 0.027205 0)
(2.26461 0.0292279 0)
(2.26624 0.0332205 0)
(2.28591 0.0345575 0)
(2.28285 0.0393591 0)
(2.22137 -0.00408375 0)
(2.21176 -0.00340724 0)
(2.20951 -0.00412519 0)
(2.22148 -0.00459434 0)
(2.23878 -0.00394173 0)
(2.25269 -0.00260237 0)
(2.26263 -0.00111309 0)
(2.26924 0.000527424 0)
(2.27619 0.00221329 0)
(2.2821 0.00416134 0)
(2.2899 0.00607519 0)
(2.29558 0.00835064 0)
(2.30415 0.0104437 0)
(2.30901 0.0130935 0)
(2.31906 0.0152485 0)
(2.3228 0.0182774 0)
(2.33549 0.0202483 0)
(2.33718 0.0236833 0)
(2.3541 0.0251017 0)
(2.35187 0.0290832 0)
(2.36454 -0.0371815 0)
(2.3514 -0.0293032 0)
(2.34345 -0.0200646 0)
(2.34975 -0.0130034 0)
(2.36123 -0.00930902 0)
(2.36942 -0.00775353 0)
(2.37399 -0.00671721 0)
(2.37591 -0.00522798 0)
(2.37826 -0.00335677 0)
(2.38008 -0.00125933 0)
(2.38365 0.000702696 0)
(2.38593 0.00281309 0)
(2.39068 0.00476049 0)
(2.39291 0.00705534 0)
(2.39929 0.00903624 0)
(2.40121 0.0115649 0)
(2.41005 0.0134155 0)
(2.41094 0.0161596 0)
(2.42336 0.0176258 0)
(2.42185 0.0206492 0)
(2.51276 -0.0862544 0)
(2.49649 -0.0751113 0)
(2.47854 -0.0472613 0)
(2.47019 -0.0225051 0)
(2.4679 -0.010028 0)
(2.46677 -0.00641048 0)
(2.46541 -0.00565526 0)
(2.46318 -0.00460802 0)
(2.46147 -0.00295355 0)
(2.45966 -0.00109958 0)
(2.45943 0.000519705 0)
(2.45889 0.00205593 0)
(2.46038 0.00343677 0)
(2.46068 0.00503015 0)
(2.46392 0.00647592 0)
(2.46474 0.00825837 0)
(2.47012 0.0096657 0)
(2.47099 0.011587 0)
(2.47906 0.0127718 0)
(2.47924 0.0148439 0)
(2.49324 -0.0645566 0)
(2.50617 -0.0603445 0)
(2.51045 -0.0402941 0)
(2.49981 -0.0200933 0)
(2.48852 -0.00877847 0)
(2.48378 -0.00463549 0)
(2.48433 -0.00334737 0)
(2.48604 -0.00248091 0)
(2.48753 -0.00144596 0)
(2.48822 -0.000291639 0)
(2.48944 0.000754254 0)
(2.49051 0.00173237 0)
(2.49279 0.00259947 0)
(2.49451 0.00359633 0)
(2.49781 0.0045195 0)
(2.49992 0.00566876 0)
(2.50444 0.006599 0)
(2.50682 0.0078607 0)
(2.51293 0.00865687 0)
(2.51537 0.0100226 0)
(2.51072 0.0373561 0)
(2.52612 0.0327202 0)
(2.53432 0.0137061 0)
(2.52622 -0.00233645 0)
(2.51563 -0.00775283 0)
(2.511 -0.00670024 0)
(2.51142 -0.00470527 0)
(2.51325 -0.00365563 0)
(2.51497 -0.00321122 0)
(2.51607 -0.00273231 0)
(2.51733 -0.00206131 0)
(2.51856 -0.00124241 0)
(2.52048 -0.000462091 0)
(2.52229 0.000350168 0)
(2.52496 0.0010846 0)
(2.52722 0.00192706 0)
(2.53074 0.0026299 0)
(2.53346 0.00350178 0)
(2.53808 0.00409165 0)
(2.54128 0.00497699 0)
(2.61512 0.0441743 0)
(2.59863 0.0398329 0)
(2.58276 0.020299 0)
(2.57813 0.00270081 0)
(2.57714 -0.00433464 0)
(2.57382 -0.00453843 0)
(2.56885 -0.00330384 0)
(2.56417 -0.00263765 0)
(2.56055 -0.00245252 0)
(2.55763 -0.0022783 0)
(2.55537 -0.00195776 0)
(2.5535 -0.00153914 0)
(2.55242 -0.00113363 0)
(2.55178 -0.000740285 0)
(2.552 -0.000391937 0)
(2.55248 -2.27951e-05 0)
(2.5539 0.000292611 0)
(2.55542 0.00064926 0)
(2.55805 0.000909177 0)
(2.56065 0.00124626 0)
(1.24528 0.224517 -1.82292e-21)
(1.32806 0.214458 -1.09523e-19)
(1.40701 0.209633 0)
(1.48381 0.20562 -9.26211e-20)
(1.55753 0.200562 0)
(1.6241 0.194853 -7.35092e-20)
(1.68275 0.188107 3.36976e-20)
(1.73253 0.180135 -9.56497e-22)
(1.77351 0.171364 0)
(1.8051 0.160662 0)
(1.32126 0.195513 1.17705e-19)
(1.40617 0.190444 0)
(1.48615 0.189067 9.90602e-20)
(1.55869 0.188139 0)
(1.62754 0.184604 -2.45089e-21)
(1.68922 0.179386 3.94149e-20)
(1.74361 0.172704 2.12824e-22)
(1.78901 0.16519 -8.59269e-22)
(1.82631 0.156425 8.57999e-22)
(1.8544 0.146938 2.88018e-21)
(1.40263 0.1756 -1.16468e-19)
(1.48354 0.173289 0)
(1.56245 0.17116 -9.56811e-20)
(1.6319 0.169654 -2.9259e-21)
(1.69706 0.166268 8.17304e-20)
(1.75501 0.16134 -3.70369e-20)
(1.80698 0.155079 1.21478e-21)
(1.84891 0.148595 -9.84714e-22)
(1.88413 0.140714 0)
(1.90899 0.133103 -5.88353e-21)
(1.48856 0.158493 0)
(1.56506 0.156985 1.04065e-19)
(1.64177 0.154449 -2.89696e-21)
(1.7084 0.152578 5.54969e-21)
(1.76984 0.149806 -8.68234e-20)
(1.8234 0.145605 2.43236e-21)
(1.87276 0.139949 -3.34921e-20)
(1.91103 0.134183 0)
(1.94495 0.127256 -1.4138e-20)
(1.96625 0.12079 3.40716e-21)
(1.5774 0.142904 -1.08688e-19)
(1.64923 0.14201 1.84126e-21)
(1.72237 0.139692 -5.94037e-21)
(1.78597 0.137512 5.48844e-21)
(1.84392 0.135032 -2.63553e-21)
(1.89317 0.131385 -2.22194e-21)
(1.93984 0.126388 3.23296e-21)
(1.97461 0.121127 1.35342e-20)
(2.00749 0.115124 1.47137e-20)
(2.0254 0.109412 0)
(1.66821 0.128652 2.13538e-19)
(1.73536 0.128154 -2.01511e-19)
(1.80412 0.126169 -2.81789e-21)
(1.86426 0.123816 2.82091e-21)
(1.91867 0.121461 0)
(1.96384 0.118262 3.72279e-20)
(2.0074 0.11399 1.02127e-21)
(2.03901 0.109163 -1.74759e-20)
(2.07049 0.10404 9.32454e-22)
(2.08588 0.0988368 -3.25791e-21)
(1.7602 0.115606 -1.04884e-19)
(1.82247 0.115352 1.02441e-19)
(1.88618 0.113706 -5.77866e-21)
(1.9423 0.111358 2.79345e-21)
(1.99289 0.10905 4.00142e-20)
(2.03422 0.106182 -2.26038e-21)
(2.07429 0.102549 3.67553e-20)
(2.10316 0.0981724 0)
(2.13269 0.0937809 7.28682e-21)
(2.14664 0.0890497 3.27399e-21)
(1.85217 0.103565 0)
(1.90913 0.103446 0)
(1.96725 0.102074 0)
(2.01877 0.0998312 4.51312e-20)
(2.06529 0.0975382 -8.24744e-20)
(2.1029 0.0949195 -2.18065e-23)
(2.13935 0.091792 -1.62039e-20)
(2.16574 0.0879311 -2.00387e-21)
(2.19303 0.084105 -1.37658e-20)
(2.20622 0.0799281 0)
(1.9422 0.0922947 -4.94053e-20)
(1.99341 0.092216 0)
(2.04558 0.0910436 -2.72371e-21)
(2.09214 0.0889552 -3.7167e-20)
(2.13442 0.0866952 3.72927e-20)
(2.16844 0.0842838 -3.73703e-20)
(2.20141 0.0815471 -1.74207e-20)
(2.22545 0.0782344 -9.72319e-22)
(2.25058 0.074866 1.59359e-20)
(2.26318 0.0712992 0)
(2.02795 0.0814659 9.7271e-20)
(2.07327 0.0813733 0)
(2.11949 0.0803632 -2.69658e-21)
(2.16102 0.0784667 -3.67483e-20)
(2.19915 0.0762993 -2.56935e-21)
(2.22978 0.0740865 2.25856e-21)
(2.25959 0.0716819 1.63523e-20)
(2.28141 0.0689021 -1.84504e-20)
(2.30462 0.0659613 -7.02252e-21)
(2.3166 0.0629889 4.5682e-22)
(2.10769 0.0708031 -4.64232e-20)
(2.14734 0.0707044 1.32752e-21)
(2.18792 0.0698622 -2.84142e-21)
(2.2247 0.0682002 4.44682e-20)
(2.25897 0.0662079 -2.56157e-21)
(2.28655 0.0642105 0)
(2.31359 0.0621255 3.61558e-23)
(2.33339 0.0598346 -8.09299e-23)
(2.35493 0.0573357 -7.71775e-21)
(2.36624 0.0548923 0)
(2.18057 0.0602761 -1.42803e-21)
(2.21514 0.0601757 4.21608e-21)
(2.25077 0.0595015 -5.45524e-21)
(2.28341 0.0581064 5.20717e-21)
(2.31427 0.0563698 -2.55471e-21)
(2.33925 0.0546234 -2.26998e-21)
(2.36387 0.0528706 -1.43496e-20)
(2.3819 0.0510226 1.45348e-20)
(2.40182 0.0489933 1.65684e-20)
(2.41248 0.0470114 0)
(2.24684 0.0497998 0)
(2.27757 0.0497238 -4.4637e-20)
(2.30932 0.0492532 0)
(2.3386 0.0481883 2.06705e-20)
(2.36648 0.0468052 0)
(2.38918 0.0453785 0)
(2.41148 0.0439842 1.07659e-21)
(2.42786 0.0425616 -1.0857e-21)
(2.446 0.0409746 -7.84176e-21)
(2.45597 0.0394941 0)
(2.31048 0.0393278 4.35073e-20)
(2.33824 0.0394398 4.57513e-20)
(2.36659 0.0393067 0)
(2.39265 0.0386792 2.43428e-21)
(2.41736 0.0377484 -2.22445e-20)
(2.43754 0.0367034 -2.27976e-21)
(2.4572 0.0356957 -6.63574e-21)
(2.47172 0.0346488 -1.02111e-21)
(2.48776 0.0334962 -2.9494e-21)
(2.49689 0.0323632 0)
(2.37597 0.0294593 -6.65297e-20)
(2.39988 0.0299788 -2.17478e-20)
(2.42386 0.0302979 -2.58021e-21)
(2.44579 0.0301413 -1.54014e-20)
(2.46649 0.0296607 3.68386e-20)
(2.48347 0.0289763 0)
(2.49994 0.0283134 1.00579e-20)
(2.51231 0.02756 -1.0982e-21)
(2.52586 0.0267821 3.99618e-21)
(2.53401 0.025856 9.39119e-22)
(2.44012 0.0214361 2.18688e-20)
(2.45834 0.0222953 2.42333e-20)
(2.47667 0.0229227 1.57448e-20)
(2.49362 0.0230647 2.62148e-21)
(2.50976 0.0228646 -1.96726e-20)
(2.52329 0.022414 0)
(2.53648 0.021966 9.00649e-21)
(2.54676 0.0214217 -5.31228e-21)
(2.5579 0.0208765 1.04293e-21)
(2.56521 0.0201963 -9.43969e-22)
(2.49132 0.0156315 2.14479e-20)
(2.50398 0.0164404 0)
(2.51724 0.0170314 -2.34559e-20)
(2.52996 0.017202 1.52147e-20)
(2.54241 0.0170797 -2.52537e-21)
(2.55328 0.0167363 2.29102e-21)
(2.56398 0.0164041 -1.02681e-20)
(2.57278 0.0160006 -2.15294e-21)
(2.58212 0.0156254 1.0496e-21)
(2.58894 0.0151385 0)
(2.52395 0.0105543 -9.35605e-21)
(2.53355 0.0110983 1.22763e-21)
(2.54395 0.0114979 -2.65351e-21)
(2.55431 0.0116157 2.43705e-21)
(2.56461 0.0115453 -2.52063e-21)
(2.57398 0.011331 4.72271e-21)
(2.58315 0.0111413 0)
(2.59112 0.0109113 4.31628e-21)
(2.59924 0.0107158 -2.04427e-21)
(2.60582 0.0104289 4.80934e-22)
(2.54769 0.00536426 -1.04877e-20)
(2.55526 0.00571355 2.55036e-21)
(2.56369 0.00595555 5.02165e-25)
(2.57232 0.00604558 -7.49429e-21)
(2.581 0.00605454 -2.44554e-21)
(2.58912 0.00601035 -9.38909e-21)
(2.59705 0.00600014 3.44157e-21)
(2.60423 0.00598696 -3.47249e-23)
(2.61135 0.00599305 2.05428e-21)
(2.61756 0.00595993 -4.83456e-22)
(2.56486 0.00141696 0)
(2.57042 0.00149614 0)
(2.57705 0.00149163 -7.6532e-21)
(2.58416 0.00143346 2.58979e-21)
(2.5915 0.00137723 2.45854e-21)
(2.59857 0.00134989 2.38015e-21)
(2.60552 0.00137791 1.11026e-21)
(2.612 0.00144961 -3.28271e-21)
(2.61838 0.00155202 1.07184e-21)
(2.62418 0.00167539 0)
)
;

boundaryField
{
    bottom
    {
        type            symmetryPlane;
    }
    right
    {
        type            zeroGradient;
    }
    top
    {
        type            symmetryPlane;
    }
    left
    {
        type            zeroGradient;
    }
    cylinder
    {
        type            noSlip;
    }
    defaultFaces
    {
        type            empty;
    }
}


// ************************************************************************* //
