/*--------------------------------*- C++ -*----------------------------------*\
| =========                 |                                                 |
| \\      /  F ield         | OpenFOAM: The Open Source CFD Toolbox           |
|  \\    /   O peration     | Version:  4.1                                   |
|   \\  /    A nd           | Web:      www.OpenFOAM.org                      |
|    \\/     M anipulation  |                                                 |
\*---------------------------------------------------------------------------*/
FoamFile
{
    version     2.0;
    format      ascii;
    class       surfaceScalarField;
    location    "7.7";
    object      phi;
}
// * * * * * * * * * * * * * * * * * * * * * * * * * * * * * * * * * * * * * //

dimensions      [0 3 -1 0 0 0 0];

internalField   nonuniform List<scalar> 
3890
(
0.000319914
0.00247049
-0.00279041
0.00252734
0.000514877
-0.0027223
0.00750116
-0.00613371
0.00115989
0.0156397
-0.0160349
0.00789634
0.026568
-0.0274945
0.0165662
0.0392759
-0.0388192
0.0261114
0.0525328
-0.0487692
0.0355122
0.0653594
-0.0568442
0.0440176
0.0769241
-0.0629091
0.0513444
-0.0668576
0.057473
0.0863087
0.000622232
0.00184826
0.00391586
-0.00277875
0.0107799
-0.0129977
0.0210672
-0.0263222
0.0335265
-0.0399539
0.0465259
-0.0518186
0.0587536
-0.0609969
0.0694227
-0.0675133
0.0781927
-0.0716791
-0.07432
0.085655
0.00105304
0.000795218
0.0056981
-0.00742382
0.0144978
-0.0217975
0.0262604
-0.0380847
0.0388813
-0.0525748
0.0506139
-0.0635512
0.0605573
-0.0709403
0.0685209
-0.0754769
0.074887
-0.0780452
-0.079575
0.080142
0.00160766
-0.00081244
0.00775303
-0.0135692
0.0180833
-0.0321277
0.0301579
-0.0501594
0.0415734
-0.0639902
0.0510828
-0.0730606
0.0584936
-0.0783511
0.0642073
-0.0811906
0.0688095
-0.0826474
-0.0835085
0.072743
0.00227201
-0.00308445
0.00983718
-0.0211344
0.0208539
-0.0431445
0.032047
-0.0613525
0.0414429
-0.0733861
0.0485882
-0.0802059
0.0538808
-0.0836436
0.0579547
-0.0852645
0.0613748
-0.0860674
-0.0866651
0.0645314
0.00301162
-0.00609607
0.0116092
-0.0297319
0.022311
-0.0538463
0.0318357
-0.0708772
0.0390355
-0.0805858
0.0441312
-0.0853017
0.0478063
-0.0873187
0.0507034
-0.0881616
0.0532741
-0.0886382
-0.0890836
0.0556927
0.00374555
-0.00984162
0.0127467
-0.038733
0.0223314
-0.0634311
0.029888
-0.0784338
0.035074
-0.0857718
0.0385154
-0.088743
0.0409597
-0.089763
0.0429491
-0.090151
0.044775
-0.0904641
-0.0908623
0.0465536
0.00435521
-0.0141968
0.0130652
-0.047443
0.0210873
-0.0714531
0.0267002
-0.0840467
0.0301642
-0.0892358
0.0322864
-0.0908652
0.03375
-0.0912267
0.0349574
-0.0913583
0.0360907
-0.0915974
-0.0919665
0.0371949
0.00472659
-0.0189234
0.0125666
-0.055283
0.0188758
-0.0777623
0.0227212
-0.0878921
0.0247474
-0.091262
0.0257905
-0.0919083
0.0264136
-0.0918498
0.0268948
-0.0918395
0.027328
-0.0920307
-0.0923752
0.0277368
0.00479492
-0.0237183
0.0114155
-0.0619036
0.0160151
-0.082362
0.018306
-0.090183
0.0191254
-0.0920814
0.0192441
-0.0920269
0.0190972
-0.091703
0.018866
-0.0916083
0.0186011
-0.0917658
0.0183046
-0.0920787
-0.000974688
0.000974688
-0.00283077
0.00185609
-0.00509176
0.00226098
-0.00752316
0.00243141
-0.0100041
0.0024809
-0.0124723
0.00246821
-0.0148982
0.00242591
-0.0172732
0.00237502
-0.0196099
0.00233667
0.00234286
-0.0219527
-0.00085433
0.00182902
-0.00249823
0.00349998
-0.00449818
0.00426093
-0.00661819
0.00455143
-0.00872597
0.00458868
-0.0107432
0.00448542
-0.0126216
0.00430434
-0.0143352
0.00408857
-0.0158765
0.00387797
0.00375088
-0.0172845
-0.000644207
0.00247322
-0.00191722
0.00477299
-0.00344714
0.00579086
-0.00500717
0.00611145
-0.00645252
0.00603404
-0.00768212
0.00571501
-0.00861786
0.00524009
-0.00920339
0.0046741
-0.00940338
0.00407795
0.00351607
-0.00916857
-0.000401482
0.00287471
-0.00122061
0.00559212
-0.00215918
0.00672943
-0.00300689
0.00695916
-0.00361233
0.00663948
-0.00385736
0.00596004
-0.00363582
0.00501855
-0.0028434
0.00388168
-0.00138976
0.00262431
0.00143346
0.000692839
-0.000183801
0.00305851
-0.000552609
0.00596093
-0.000867814
0.00704463
-0.000937389
0.00702873
-0.000603652
0.00630574
0.000267077
0.00508931
0.00180083
0.0034848
0.00412081
0.00156169
0.00732409
-0.000578962
-0.00299338
0.0117509
-3.33635e-05
0.00309187
-1.24663e-05
0.00594003
0.000258634
0.00677353
0.000989815
0.00629755
0.00235799
0.00493756
0.00452659
0.00292071
0.00764258
0.000368815
0.0118527
-0.00264845
0.0171391
-0.00586536
-0.0100523
0.024198
3.69827e-05
0.00305489
0.000350605
0.00562641
0.0011852
0.00593893
0.00277549
0.00470726
0.00535667
0.00235639
0.00914427
-0.000866891
0.0143055
-0.00479238
0.0209475
-0.00929052
0.0288201
-0.0137379
-0.0199712
0.038739
5.32844e-05
0.0030016
0.000630145
0.00504955
0.00207208
0.004497
0.00470712
0.00207222
0.00884903
-0.00178552
0.0147357
-0.00675354
0.022451
-0.0125077
0.0319101
-0.0187496
0.0427223
-0.0245502
-0.0323662
0.0551173
6.87125e-05
0.00293289
0.000974887
0.00414337
0.00322487
0.00224702
0.00727165
-0.00197456
0.0134541
-0.00796797
0.0218676
-0.0151671
0.0323126
-0.0229527
0.0442928
-0.0307298
0.0574668
-0.0377242
-0.0455692
0.0706697
0.000142485
0.00156356
0.00497047
0.0108923
0.0194905
0.0304348
0.0429944
0.0562822
0.0699025
0.0818063
-0.023225
0.00127226
-0.0243635
0.00113853
-0.0253369
0.000973339
-0.0261334
0.000796487
-0.0267403
0.000606961
-0.0271444
0.000404055
-0.0273302
0.000185814
-0.0272849
-4.53294e-05
-0.0270217
-0.000263213
-0.026522
-0.000499687
-0.0257738
-0.000748214
-0.0247665
-0.00100728
-0.0234896
-0.00127691
-0.021931
-0.00155858
-0.0200747
-0.00185628
-0.0178962
-0.00217851
-0.0153645
-0.00253174
-0.0124675
-0.00289697
-0.00925212
-0.00321538
-0.00365735
-0.0182611
0.00224893
-0.0191304
0.00200782
-0.0198546
0.00169747
-0.0204206
0.00136258
-0.0208148
0.00100108
-0.0210226
0.000611915
-0.0210236
0.00018678
-0.0208345
-0.000234395
-0.0204323
-0.000665486
-0.0198075
-0.0011244
-0.0189512
-0.00160457
-0.0178557
-0.00210275
-0.0165152
-0.00261743
-0.0149251
-0.00314866
-0.0130818
-0.00369957
-0.0109755
-0.00428485
-0.00860467
-0.00490254
-0.00593369
-0.00556796
-0.00294733
-0.00620173
-0.00647017
-0.00963258
0.00271293
-0.0100042
0.00237941
-0.0102788
0.00197212
-0.0104302
0.00151394
-0.010442
0.00101294
-0.010297
0.000466852
-0.00999028
-0.000119919
-0.00952935
-0.000695325
-0.00887812
-0.00131672
-0.00803175
-0.00197077
-0.00698412
-0.0026522
-0.00573081
-0.00335606
-0.0042699
-0.00407833
-0.00260261
-0.00481596
-0.000735232
-0.00556694
0.00130387
-0.00632395
0.00351488
-0.00711356
0.0058852
-0.00793828
0.00840877
-0.0087253
-0.00943551
0.00104702
0.00235875
0.0012718
0.00215463
0.00155799
0.00168593
0.00193785
0.00113408
0.00241993
0.000530859
0.00301752
-0.000130734
0.00369544
-0.000797837
0.00452274
-0.00152263
0.0054987
-0.00229268
0.00663017
-0.00310224
0.00792241
-0.00394444
0.00937767
-0.00481132
0.0109946
-0.00569527
0.0127661
-0.00658745
0.0146797
-0.00748054
0.0167232
-0.00836745
0.0188567
-0.0092471
0.0210468
-0.0101283
0.0232697
-0.0109482
-0.0118592
0.012629
0.00148069
0.0135012
0.00128237
0.0143848
0.000802386
0.0153456
0.000173285
0.0163479
-0.000471426
0.0173927
-0.00117559
0.0185352
-0.0019403
0.0197772
-0.00276465
0.0211274
-0.0036429
0.0225912
-0.00456598
0.0241715
-0.00552474
0.0258672
-0.00650707
0.0276741
-0.00750216
0.0295811
-0.0084944
0.0315744
-0.00947388
0.0336315
-0.0104245
0.0357208
-0.0113364
0.0378039
-0.0122115
0.039831
-0.0129753
-0.0138611
0.0255059
0.000172793
0.0268625
-7.41849e-05
0.0282274
-0.000562575
0.0296107
-0.00120993
0.0310485
-0.00190925
0.0325353
-0.00266242
0.0340829
-0.00348794
0.0357004
-0.00438214
0.0373922
-0.00533465
0.0391593
-0.00633309
0.0410011
-0.00736657
0.0429112
-0.00841711
0.0448815
-0.00947253
0.0468952
-0.0105081
0.0489375
-0.0115162
0.0509789
-0.0124659
0.0529973
-0.0133548
0.054948
-0.0141622
0.0568047
-0.0148319
-0.0155645
0.0403324
-0.00142054
0.0418526
-0.00159436
0.0434157
-0.00212571
0.0450428
-0.00283706
0.0467204
-0.00358687
0.0484539
-0.00439589
0.0502467
-0.00528076
0.0520958
-0.00623121
0.0539969
-0.00723578
0.0559433
-0.00827948
0.0579275
-0.00935072
0.0599351
-0.0104248
0.061954
-0.0114914
0.0639609
-0.012515
0.065942
-0.0134973
0.0678629
-0.0143868
0.0697141
-0.0152061
0.0714434
-0.0158914
0.0730675
-0.0164561
-0.0169723
0.0565214
-0.00282464
0.0579627
-0.00303565
0.0595182
-0.00368118
0.0611365
-0.00445537
0.0628267
-0.00527707
0.0645929
-0.00616205
0.0664221
-0.00710996
0.0682977
-0.00810687
0.0702065
-0.0091446
0.0721333
-0.0102062
0.074063
-0.0112805
0.0759757
-0.0123375
0.0778558
-0.0133714
0.0796787
-0.0143379
0.0814325
-0.0152511
0.0830855
-0.0160398
0.0846385
-0.0167591
0.0860421
-0.017295
0.0873437
-0.0177577
-0.0180602
0.0717294
-0.00388435
0.0730906
-0.00439683
0.0745459
-0.00513647
0.0760593
-0.00596881
0.0776497
-0.00686744
0.0793046
-0.00781695
0.0809988
-0.00880417
0.0827118
-0.00981985
0.0844277
-0.0108605
0.0861299
-0.0119084
0.087803
-0.0129536
0.0894297
-0.0139642
0.0909965
-0.0149383
0.0924865
-0.0158278
0.0938908
-0.0166554
0.0951913
-0.0173403
0.0963909
-0.0179588
0.0974586
-0.0183627
0.0984349
-0.018734
-0.0188672
0.0832519
-0.00532992
0.0847111
-0.00585603
0.0861321
-0.00655752
0.0875467
-0.00738335
0.0889672
-0.00828796
0.0903922
-0.00924195
0.0918158
-0.0102278
0.0932295
-0.0112336
0.0946246
-0.0122556
0.095992
-0.0132758
0.0973239
-0.0142854
0.0986119
-0.0152522
0.0998485
-0.0161749
0.101027
-0.0170066
0.102142
-0.0177703
0.103191
-0.0183888
0.104169
-0.0189371
0.105078
-0.0192711
0.105915
-0.0195719
-0.0195579
0.112358
-0.00451831
-0.113169
0.111901
-0.00539898
0.111576
-0.00623297
0.111327
-0.00713422
0.111128
-0.00808883
0.110952
-0.00906572
0.110771
-0.0100472
0.11056
-0.011023
0.110298
-0.0119928
0.109964
-0.0129419
0.109545
-0.0138664
0.109031
-0.0147385
0.108417
-0.0155609
0.107703
-0.0162923
0.106889
-0.0169565
0.105986
-0.0174859
0.104997
-0.0179479
0.103945
-0.018219
0.102824
-0.0184514
-0.0183832
0.117941
-0.00406814
-0.118392
0.117562
-0.00501987
0.117251
-0.00592195
0.116946
-0.00682903
0.116618
-0.00776085
0.116256
-0.00870406
0.115854
-0.00964446
0.1154
-0.0105694
0.114885
-0.0114772
0.114298
-0.0123549
0.113632
-0.0132009
0.112885
-0.0139915
0.112055
-0.0147311
0.111147
-0.0153837
0.110162
-0.015972
0.109113
-0.0164368
0.108004
-0.0168387
0.106853
-0.0170679
0.105664
-0.0172628
-0.0172179
0.120979
-0.00362788
-0.121419
0.120597
-0.00463856
0.120254
-0.00557848
0.119907
-0.00648171
0.119524
-0.0073787
0.119094
-0.00827371
0.11861
-0.00916035
0.118067
-0.0100264
0.117459
-0.0108689
0.11678
-0.0116762
0.116027
-0.0124482
0.115201
-0.0131653
0.114302
-0.0138321
0.113337
-0.0144181
0.112308
-0.0149432
0.111229
-0.0153575
0.110102
-0.0157123
0.108952
-0.0159174
0.107779
-0.0160897
-0.0160518
0.122707
-0.00329187
-0.123043
0.122362
-0.00429344
0.122017
-0.00523303
0.121654
-0.00611873
0.121251
-0.00697662
0.120797
-0.00781937
0.120285
-0.00864817
0.119712
-0.00945346
0.119075
-0.010232
0.118372
-0.0109728
0.1176
-0.0116768
0.116762
-0.0123273
0.11586
-0.0129297
0.114899
-0.0134575
0.113885
-0.0139288
0.112828
-0.0143007
0.111734
-0.0146179
0.110621
-0.0148045
0.109489
-0.0149578
-0.0149331
0.123847
-0.00304321
-0.124095
0.123549
-0.00399572
0.123223
-0.00490735
0.122867
-0.00576207
0.122466
-0.00657627
0.122012
-0.00736506
0.121499
-0.00813503
0.120925
-0.00887982
0.12029
-0.00959657
0.119592
-0.0102751
0.118832
-0.0109165
0.118011
-0.0115065
0.117132
-0.0120511
0.116202
-0.012527
0.115224
-0.0129511
0.114209
-0.0132859
0.113162
-0.0135709
0.112099
-0.0137408
0.11102
-0.0138789
-0.0138644
0.124857
-0.00284432
-0.125056
0.124598
-0.00373689
0.124294
-0.00460321
0.123948
-0.00541529
0.123553
-0.00618154
0.123104
-0.0069161
0.122597
-0.00762816
0.122031
-0.00831401
0.121406
-0.00897166
0.120723
-0.00959158
0.119981
-0.0101752
0.119185
-0.0107099
0.118336
-0.0112019
0.11744
-0.0116308
0.116501
-0.0120126
0.115529
-0.0123138
0.114528
-0.0125701
0.113512
-0.0127243
0.112482
-0.0128491
-0.0128407
0.125942
-0.00267651
-0.12611
0.125708
-0.00350301
0.125417
-0.00431258
0.125076
-0.00507363
0.124683
-0.0057887
0.124236
-0.00646926
0.123733
-0.00712504
0.123173
-0.00775405
0.122557
-0.00835531
0.121885
-0.00892007
0.12116
-0.00944995
0.120384
-0.00993361
0.119559
-0.0103776
0.118692
-0.0107636
0.117786
-0.0111068
0.11685
-0.0113772
0.115887
-0.0116075
0.114909
-0.0117465
0.113919
-0.011859
-0.0118539
0.127139
-0.00252493
-0.127291
0.126917
-0.00328018
0.126631
-0.00402662
0.126289
-0.00473164
0.125893
-0.00539329
0.125444
-0.00602003
0.12494
-0.00662101
0.124381
-0.00719523
0.123769
-0.00774259
0.123104
-0.00825518
0.122388
-0.00873478
0.121626
-0.00917107
0.120819
-0.00957069
0.119973
-0.00991714
0.119091
-0.010225
0.118181
-0.010467
0.117247
-0.0106734
0.116298
-0.0107978
0.115338
-0.0108988
-0.0108951
0.128417
-0.002375
-0.128567
0.128195
-0.00305826
0.127907
-0.0037391
0.127561
-0.00438535
0.12716
-0.00499201
0.126705
-0.00556493
0.126196
-0.00611224
0.125634
-0.00663345
0.12502
-0.00712908
0.124357
-0.00759201
0.123647
-0.00802418
0.122892
-0.00841614
0.122096
-0.00877451
0.121263
-0.00908429
0.120397
-0.00935946
0.119505
-0.00957511
0.118591
-0.00975933
0.117663
-0.00986988
0.116725
-0.0099602
-0.00995673
0.129723
-0.00221786
-0.129881
0.129496
-0.00283107
0.129203
-0.00344593
0.12885
-0.00403201
0.12844
-0.00458269
0.127977
-0.00510176
0.127461
-0.00559628
0.126894
-0.00606594
0.126276
-0.00651166
0.125611
-0.00692703
0.124901
-0.0073141
0.124149
-0.00766422
0.123359
-0.00798387
0.122534
-0.00825938
0.121678
-0.00850405
0.120798
-0.00869514
0.119898
-0.00885869
0.118984
-0.00895617
0.11806
-0.00903638
-0.00903257
0.131014
-0.00204988
-0.131182
0.130778
-0.00259501
0.130476
-0.00314432
0.130114
-0.00366976
0.129696
-0.00416398
0.129223
-0.00462931
0.128699
-0.00507177
0.128124
-0.00549111
0.127501
-0.00588843
0.126831
-0.00625799
0.126119
-0.00660185
0.125367
-0.00691218
0.124578
-0.00719514
0.123757
-0.00743838
0.122908
-0.00765437
0.122035
-0.00782243
0.121143
-0.00796658
0.120239
-0.00805176
0.119325
-0.00812243
-0.00811809
0.132252
-0.00186923
-0.132432
0.132005
-0.00234796
0.131693
-0.00283253
0.131321
-0.00329745
0.130892
-0.0037352
0.13041
-0.00414706
0.129876
-0.00453816
0.129293
-0.00490822
0.128663
-0.0052584
0.127989
-0.0055836
0.127273
-0.00588582
0.126519
-0.00615803
0.125729
-0.00640598
0.12491
-0.00661859
0.124063
-0.00680738
0.123194
-0.00695373
0.122307
-0.00707952
0.121408
-0.00715316
0.120501
-0.00721478
-0.00720996
0.133407
-0.00167481
-0.133602
0.133148
-0.0020889
0.132826
-0.00250978
0.132443
-0.00291466
0.132004
-0.00329621
0.131512
-0.00365502
0.130969
-0.00399541
0.130378
-0.0043171
0.129741
-0.00462121
0.12906
-0.00490326
0.12834
-0.00516513
0.127582
-0.00540058
0.126791
-0.00561489
0.125971
-0.00579824
0.125125
-0.00596104
0.124258
-0.00608681
0.123373
-0.00619512
0.122478
-0.0062579
0.121574
-0.00631091
-0.0063058
0.134459
-0.0014664
-0.134667
0.134187
-0.00181773
0.133854
-0.00217606
0.133461
-0.00252153
0.133012
-0.00284733
0.13251
-0.00315358
0.131959
-0.00344389
0.13136
-0.003718
0.130715
-0.00397696
0.130029
-0.00421687
0.129303
-0.00443945
0.128542
-0.00463928
0.127748
-0.00482105
0.126926
-0.00497625
0.126079
-0.00511408
0.125213
-0.00522019
0.124329
-0.00531175
0.123436
-0.00536431
0.122534
-0.00540906
-0.00540392
0.135388
-0.00124469
-0.13561
0.135106
-0.00153501
0.134761
-0.00183193
0.134359
-0.00211866
0.1339
-0.00238919
0.13339
-0.00264338
0.132831
-0.00288422
0.132224
-0.00311147
0.131573
-0.00332603
0.130881
-0.00352466
0.13015
-0.00370882
0.129385
-0.00387396
0.128588
-0.00402409
0.127764
-0.00415207
0.126915
-0.00426573
0.126048
-0.00435296
0.125165
-0.00442836
0.124272
-0.00447126
0.123371
-0.00450807
-0.00450317
0.136183
-0.00101094
-0.136417
0.13589
-0.00124182
0.135537
-0.00147833
0.135125
-0.00170696
0.134658
-0.0019227
0.13414
-0.00212534
0.133573
-0.00231724
0.13296
-0.00249823
0.132303
-0.00266905
0.131606
-0.0028271
0.13087
-0.00297354
0.130101
-0.00310475
0.129301
-0.00322396
0.128474
-0.00332548
0.127624
-0.0034156
0.126756
-0.00348463
0.125872
-0.00354434
0.124979
-0.00357806
0.124078
-0.00360718
-0.00360282
0.136834
-0.000766824
-0.137078
0.136531
-0.000939561
0.13617
-0.00111653
0.13575
-0.00128761
0.135277
-0.00144898
0.134752
-0.00160052
0.134179
-0.00174395
0.13356
-0.00187923
0.132897
-0.00200682
0.132195
-0.00212487
0.131456
-0.00223414
0.130683
-0.00233207
0.12988
-0.00242089
0.129051
-0.00249658
0.128199
-0.00256362
0.127329
-0.00261502
0.126444
-0.00265937
0.125551
-0.00268434
0.12465
-0.00270598
-0.0027024
0.137331
-0.000514485
-0.137583
0.137021
-0.000630047
0.136653
-0.000748098
0.136227
-0.000862016
0.135748
-0.00096937
0.135217
-0.0010702
0.134639
-0.00116557
0.134015
-0.00125557
0.133349
-0.00134035
0.132643
-0.00141887
0.1319
-0.00149138
0.131124
-0.00155651
0.130319
-0.00161534
0.129488
-0.00166571
0.128634
-0.00170999
0.127764
-0.00174425
0.126878
-0.00177342
0.125983
-0.00179006
0.125082
-0.00180425
-0.00180177
0.137666
-0.000256743
-0.137924
0.137352
-0.000315828
0.136979
-0.00037518
0.136549
-0.000432113
0.136065
-0.000485633
0.135531
-0.000535994
0.134949
-0.000583577
0.134322
-0.00062863
0.133652
-0.000670877
0.132944
-0.000710222
0.132199
-0.000746206
0.131421
-0.000778951
0.130614
-0.000807932
0.129781
-0.000833515
0.128926
-0.000854953
0.128055
-0.000872854
0.127168
-0.000886286
0.126274
-0.000895984
0.125371
-0.000901288
-0.000901501
0.137833
-0.13809
0.137517
0.137142
0.13671
0.136224
0.135688
0.135105
0.134476
0.133805
0.133095
0.132349
0.13157
0.130762
0.129928
0.129073
0.1282
0.127314
0.126418
0.125517
0.0942335
0.016633
-0.0925619
0.0961386
0.0258317
0.0983061
0.0350274
0.10071
0.0441493
0.103393
0.0530098
0.106331
0.0615937
0.109192
0.0698817
0.112424
0.0769103
0.113118
0.0849606
0.0862575
0.0947633
0.0151012
-0.0932315
0.0965775
0.0240175
0.0986992
0.0329057
0.101152
0.0416963
0.103823
0.0503388
0.107015
0.0584017
0.110021
0.0668764
0.11386
0.0730704
0.116928
0.0818931
0.084794
0.0954833
0.0137285
-0.0941106
0.0971924
0.0223084
0.0991991
0.0308989
0.101638
0.0392575
0.10425
0.047727
0.10746
0.0551917
0.110693
0.0636433
0.114357
0.0694058
0.118494
0.0777568
0.0818688
0.096329
0.0124908
-0.0950913
0.0979485
0.020689
0.0998597
0.0289878
0.102233
0.0368846
0.104842
0.0451173
0.107918
0.0521165
0.111356
0.0602053
0.11484
0.0659217
0.119212
0.0733847
0.0780375
0.0972583
0.0113569
-0.0961245
0.0987983
0.019149
0.100666
0.02712
0.10296
0.034591
0.105613
0.042464
0.10857
0.0491589
0.112093
0.0566823
0.115605
0.0624104
0.119889
0.0691003
0.0738311
0.0982357
0.0103012
-0.0971799
0.0997026
0.017682
0.101558
0.0252646
0.103795
0.0323541
0.106487
0.0397718
0.109422
0.0462242
0.112941
0.0531627
0.11656
0.0587923
0.120732
0.0649278
0.0695069
0.0992289
0.00930863
-0.0982364
0.100635
0.0162763
0.102482
0.0234174
0.104698
0.0301383
0.107406
0.0370634
0.110384
0.0432463
0.113882
0.049665
0.117594
0.05508
0.121736
0.0607861
0.0651329
0.100212
0.0083732
-0.099277
0.101572
0.0149163
0.103406
0.0215836
0.105627
0.0279171
0.108341
0.0343495
0.111382
0.0402059
0.114886
0.046161
0.118679
0.0512871
0.122862
0.0566024
0.0607041
0.101168
0.00749173
-0.100287
0.102495
0.0135891
0.104314
0.0197654
0.106552
0.0256786
0.109277
0.031625
0.112378
0.0371042
0.115923
0.0426159
0.119797
0.0474133
0.124059
0.0523401
0.056197
0.102082
0.00666034
-0.101251
0.103385
0.0122863
0.105191
0.0179599
0.107449
0.0234201
0.110195
0.0288794
0.113354
0.033945
0.11696
0.0390101
0.120917
0.0434564
0.125272
0.0479848
0.0515886
0.102945
0.00587374
-0.102158
0.104228
0.0110034
0.106025
0.0161621
0.108303
0.0211423
0.111077
0.0261052
0.114291
0.0307316
0.117963
0.0353381
0.122004
0.0394147
0.126458
0.0435312
0.0468644
0.103746
0.00512613
-0.102998
0.105011
0.00973766
0.106806
0.0143678
0.109102
0.0188461
0.111907
0.0232999
0.115172
0.0274669
0.118909
0.0316009
0.123036
0.035288
0.127588
0.0389794
0.0420197
0.104477
0.00441202
-0.103763
0.105728
0.00848677
0.107522
0.0125742
0.109835
0.0165327
0.112671
0.0204638
0.115985
0.0241535
0.119784
0.0278014
0.123993
0.0310789
0.128639
0.0343335
0.0370568
0.105132
0.0037265
-0.104447
0.106371
0.00724867
0.108165
0.0107799
0.110494
0.0142031
0.11336
0.0175987
0.116718
0.0207947
0.120575
0.0239445
0.124861
0.0267931
0.129594
0.0296008
0.0319835
0.105707
0.00306523
-0.105046
0.106934
0.00602144
0.10873
0.00898419
0.111074
0.0118589
0.113965
0.0147075
0.117365
0.0173952
0.121273
0.0200363
0.125627
0.0224386
0.130437
0.0247908
0.0268109
0.106196
0.00242517
-0.105556
0.107414
0.00480316
0.109211
0.0071872
0.111568
0.00950208
0.114482
0.0117938
0.117917
0.0139603
0.121869
0.0160841
0.126283
0.0180249
0.131159
0.0199145
0.0215529
0.106598
0.00179953
-0.105972
0.107808
0.00359305
0.109606
0.00538953
0.111973
0.00713487
0.114905
0.00886151
0.118369
0.0104964
0.122357
0.0120957
0.12682
0.0135624
0.13175
0.014984
0.0162255
0.106907
0.0011893
-0.106297
0.108111
0.0023897
0.109908
0.00359178
0.112283
0.00476014
0.115229
0.0059153
0.118716
0.00701017
0.122732
0.00807952
0.127231
0.00906259
0.132203
0.0100122
0.0108457
0.107119
0.000592876
-0.106522
0.108316
0.00119211
0.110113
0.00179499
0.112492
0.00238087
0.115448
0.00295989
0.118949
0.00350883
0.122984
0.00404454
0.127509
0.00453744
0.132509
0.00501278
0.0054309
0.107227
-0.106634
0.108419
0.110214
0.112595
0.115555
0.119064
0.123108
0.127646
0.132659
0.0453552
0.060359
-0.0550097
-0.0507046
0.0396492
0.0603609
-0.0546548
0.0340319
0.0607537
-0.0551365
0.0284872
0.0616157
-0.056071
0.0229696
0.0628837
-0.0573661
0.0174536
0.0646056
-0.0590895
0.0119419
0.0667814
-0.0612697
0.00661077
0.0683301
-0.062999
0.00213349
0.0639027
-0.0594254
0.0384613
-0.0363278
0.0418126
0.0658742
-0.0473278
0.0363593
0.0658142
0.0310082
0.0661048
0.0257615
0.0668624
0.0205671
0.0680781
0.0153852
0.0697875
0.0102415
0.0719251
0.00537707
0.0731946
0.00152143
0.0677584
0.0399827
0.037766
0.0710171
-0.0429089
0.0326227
0.0709575
0.0275593
0.0711682
0.0226111
0.0718106
0.0177489
0.0729403
0.0129359
0.0746004
0.00822562
0.0766354
0.00392643
0.0774938
0.000794623
0.0708902
0.0407774
0.0329163
0.0757298
-0.0376291
0.028207
0.0756668
0.0235416
0.0758336
0.0189755
0.0763767
0.0145073
0.0774085
0.0101176
0.0789901
0.00589091
0.0808621
0.002256
0.0811287
-7.73187e-05
0.0732235
0.0407
0.027312
0.0799845
-0.0315667
0.0230823
0.0798965
0.0189008
0.0800152
0.0148081
0.0804694
0.010813
0.0814037
0.00692229
0.0828808
0.00325236
0.0845321
0.000256911
0.0841241
-0.000834354
0.0743148
0.0398657
0.0209713
0.0837124
-0.0246992
0.01729
0.0835779
0.0136645
0.0836406
0.0101219
0.084012
0.00667778
0.0848478
0.00337642
0.0861821
0.000428537
0.08748
-0.00156602
0.0861187
-0.00167913
0.0744279
0.0381866
0.0139882
0.0868237
-0.0170995
0.010919
0.086647
0.00790507
0.0866545
0.00497083
0.0869462
0.00214477
0.0876739
-0.000503946
0.0888308
-0.00265468
0.0896307
-0.00361106
0.087075
-0.00252941
0.0733462
0.0356571
0.00644208
0.0892675
-0.00888585
0.00402577
0.0890633
0.00168602
0.0889943
-0.000585041
0.0892173
-0.00277088
0.0898597
-0.0046949
0.0907549
-0.00595126
0.0908871
-0.00574795
0.0868717
-0.0033415
0.0709398
0.0323156
-0.0015763
0.0911366
-0.000292873
-0.00329627
0.0907833
-0.00495768
0.0906557
-0.00655813
0.0908177
-0.00801858
0.0913202
-0.00913263
0.0918689
-0.0093675
0.0911219
-0.00784747
0.0853517
-0.00404405
0.0671364
0.0282716
-0.00997504
0.00903295
-0.0109575
-0.0119101
-0.0127954
-0.0135022
-0.0137146
-0.0127757
-0.00978603
-0.00455325
0.0493813
0.00466378
-0.0540451
0.0445475
0.00483379
0.0395167
0.00503081
0.0342653
0.00525138
0.0287614
0.00550387
0.0229617
0.00579977
0.0168152
0.00614643
0.0103407
0.00647454
0.00403382
0.00630687
0.00403382
0.0496128
0.00940683
-0.0543558
0.0447108
0.00973581
0.0396234
0.0101182
0.0343271
0.0105477
0.0287896
0.0110413
0.022967
0.0116225
0.016806
0.0123073
0.0103236
0.012957
0.00402919
0.0126012
0.00806301
0.0500277
0.014299
-0.0549199
0.0449975
0.014766
0.0398037
0.0153119
0.0344226
0.0159288
0.0288212
0.0166428
0.0229546
0.017489
0.0167698
0.0184921
0.0102846
0.0194422
0.0040029
0.0188829
0.0120659
0.0505339
0.0193873
-0.0556222
0.0453348
0.0199651
0.0400005
0.0206462
0.0345075
0.0214218
0.0288226
0.0223277
0.0229009
0.0234108
0.016689
0.024704
0.0102062
0.025925
0.00395648
0.0251327
0.0160224
0.0510072
0.0246938
-0.0563137
0.0456183
0.0253541
0.0401267
0.0261377
0.0345117
0.0270368
0.0287402
0.0280992
0.0227655
0.0293855
0.0165344
0.0309351
0.0100704
0.032389
0.00387979
0.0313232
0.0199022
0.0513277
0.0301977
-0.0568315
0.0457578
0.0309239
0.0401103
0.0317852
0.0343752
0.0327719
0.0285231
0.0339513
0.0225068
0.0354018
0.0162738
0.0371681
0.00985542
0.0388074
0.00376279
0.0374159
0.023665
0.0512987
0.035891
-0.056992
0.045555
0.0366677
0.0397781
0.0375621
0.0339628
0.0385872
0.02807
0.0398441
0.0220496
0.0414223
0.0158541
0.0433636
0.00952867
0.0451328
0.00359697
0.0433476
0.0272619
0.0510145
0.0417184
-0.0568419
0.0450945
0.0425876
0.0392016
0.043455
0.0333228
0.044466
0.0274026
0.0457643
0.0213944
0.0474305
0.0152623
0.0494957
0.00907229
0.0513228
0.0033709
0.049049
0.0306328
0.0497624
0.047888
-0.0559319
0.0437327
0.0486173
0.0379069
0.0492808
0.0321197
0.0502531
0.0262959
0.0515881
0.0204041
0.0533223
0.0144213
0.0554785
0.00844324
0.0573009
0.0030529
0.0544393
0.0336857
0.0483738
-0.0554956
0.0423363
0.0364806
0.0306628
0.0248848
0.0191176
0.0133263
0.00762823
0.00264208
0.0587531
-0.000225334
0.0589789
-0.000225808
0.059201
-0.000222122
0.0594122
-0.000211145
0.0596055
-0.000193329
0.0597749
-0.000169341
0.0599138
-0.000138935
0.0600151
-0.000101259
0.0600698
-5.47912e-05
0.0600662
3.6891e-06
0.0600036
6.25703e-05
0.0598682
0.00013537
0.0596467
0.000221505
0.0593241
0.000322617
0.0588832
0.000440885
0.0583037
0.000579532
0.0575628
0.000740905
0.0566301
0.000932652
0.0554818
0.0011483
0.00143676
0.0593697
-0.000456007
0.0595901
-0.000446257
0.0598026
-0.000434574
0.0600023
-0.000410812
0.0601836
-0.000374634
0.0603405
-0.000326276
0.0604665
-0.00026492
0.0605541
-0.000188834
0.0605942
-9.49066e-05
0.0605783
1.96079e-05
0.0605009
0.000139888
0.0603499
0.000286451
0.0601117
0.000459634
0.0597715
0.000662866
0.0593119
0.000900432
0.0587125
0.00117898
0.0579505
0.00150286
0.0569947
0.00188848
0.0558224
0.00232058
0.00290336
0.0605837
-0.000656488
0.0607799
-0.000642513
0.0609687
-0.00062334
0.0611441
-0.000586165
0.0613001
-0.000530649
0.0614307
-0.000456881
0.0615292
-0.000363478
0.061588
-0.000247631
0.0615976
-0.000104513
0.0615542
6.30974e-05
0.0614461
0.000247981
0.0612622
0.000470322
0.0609894
0.000732386
0.0606126
0.00103971
0.0601145
0.00139852
0.0594741
0.00181942
0.0586691
0.00230784
0.0576661
0.00289147
0.056446
0.00354066
0.00442953
0.062342
-0.000814497
0.0624968
-0.000797249
0.0626435
-0.000770036
0.0627762
-0.000718871
0.0628887
-0.000643148
0.0629746
-0.000542848
0.0630273
-0.000416189
0.0630386
-0.000258908
0.0629977
-6.36211e-05
0.0629074
0.000153374
0.0627489
0.000406523
0.0625117
0.000707487
0.0621832
0.00106089
0.0617479
0.00147505
0.0611887
0.00195773
0.0604835
0.00252462
0.0596112
0.00318011
0.0585345
0.0039682
0.0572408
0.00483436
0.00604809
0.0645746
-0.000904863
0.0646655
-0.00088817
0.064747
-0.000851595
0.0648136
-0.000785453
0.0648589
-0.000688475
0.0648764
-0.000560326
0.0648588
-0.000398567
0.0647978
-0.000197951
0.064687
4.72252e-05
0.0645242
0.000316212
0.06429
0.000640683
0.0639743
0.00102317
0.0635647
0.00147053
0.063045
0.00199475
0.0623987
0.00260404
0.0616017
0.00332153
0.0606355
0.00414636
0.0594561
0.00514758
0.0580614
0.00622912
0.00779571
0.0671958
-0.000902561
0.0671952
-0.000887606
0.067183
-0.000839364
0.0671542
-0.000756689
0.0671031
-0.000637386
0.0670232
-0.000480417
0.0669068
-0.000282148
0.0667401
-3.12418e-05
0.0665391
0.000248192
0.0662711
0.000584268
0.0659311
0.000980626
0.0655075
0.00144685
0.0649876
0.00199042
0.064354
0.0026283
0.0635916
0.00336643
0.0626728
0.0042404
0.0615831
0.00523604
0.0602686
0.00646208
0.0587423
0.00775538
0.00970651
0.0701159
-0.00078053
0.0699901
-0.000761764
0.0698499
-0.00069913
0.0696909
-0.000597756
0.0695087
-0.000455138
0.0692961
-0.000267824
0.0690418
-2.78113e-05
0.0687576
0.000252936
0.0684158
0.00059001
0.06801
0.000990074
0.0675312
0.00145933
0.0669663
0.00201177
0.066304
0.0026528
0.0655242
0.00340804
0.0646157
0.00427498
0.0635445
0.00531153
0.0623059
0.00647471
0.0608272
0.0079407
0.0591316
0.00945105
0.011846
0.0732491
-0.000501914
0.0729586
-0.000471253
0.0726507
-0.000391203
0.0723223
-0.000269369
0.0719702
-0.000103022
0.0715878
0.000114555
0.0711738
0.000386215
0.0707127
0.000714041
0.0701977
0.00110495
0.0696182
0.00156958
0.0689652
0.00211234
0.0682234
0.00275362
0.0673835
0.00349262
0.0664212
0.00437041
0.0653314
0.00536471
0.0640703
0.00657265
0.0626526
0.00789245
0.0609838
0.00960952
0.0591383
0.0112965
0.0141425
0.0765252
-2.06214e-05
0.0760232
3.07741e-05
0.0755026
0.000129385
0.0749633
0.000269962
0.0744015
0.000458777
0.0738118
0.000704204
0.0731878
0.00101023
0.072518
0.00138388
0.0717949
0.00182806
0.0710062
0.00235823
0.0701442
0.00297436
0.0691905
0.00370728
0.068141
0.00454219
0.0669626
0.00554876
0.0656643
0.00666301
0.0641721
0.00806484
0.0625402
0.00952436
0.0605798
0.01157
0.0585275
0.0133488
0.016738
0.0799188
0.000779659
0.0791339
0.000815762
0.0783497
0.000913555
0.0775551
0.00106457
0.0767422
0.00127169
0.0759036
0.00154281
0.0750319
0.00188188
0.0741168
0.00229898
0.0731503
0.00279455
0.072119
0.00338952
0.0710172
0.00407617
0.0698243
0.00490022
0.0685442
0.00582225
0.067138
0.00695495
0.0656453
0.0081557
0.0639705
0.00973967
0.0622756
0.0112193
0.0602428
0.0136028
0.0584007
0.0151909
0.0196431
0.0770697
0.000763173
0.0770606
0.000824858
0.0770506
0.000923517
0.0770429
0.0010723
0.0770378
0.00127677
0.0770354
0.0015452
0.0770381
0.00187926
0.0770466
0.00229046
0.0770663
0.0027748
0.0770983
0.00335753
0.0771559
0.00401856
0.0772375
0.00481868
0.0773759
0.00568388
0.0775548
0.00677596
0.0778591
0.00785143
0.0782202
0.00937853
0.078867
0.0105725
0.0796345
0.0128353
0.0812275
0.0135979
0.0170434
0.0838272
0.0805078
0.000774598
0.0804981
0.000834609
0.0804942
0.000927382
0.0804972
0.00106934
0.0805071
0.0012668
0.0805242
0.00152814
0.0805509
0.00185259
0.0805891
0.00225219
0.080645
0.00271892
0.0807218
0.00328079
0.0808319
0.00390838
0.08098
0.0046706
0.0811911
0.00547281
0.0814712
0.00649585
0.0818665
0.00745609
0.0824015
0.0088436
0.0831345
0.00983946
0.0842094
0.0117604
0.0853944
0.0124129
0.0152007
0.0872371
0.0841117
0.000813489
0.0841026
0.000843692
0.0841048
0.000925212
0.0841175
0.00105665
0.0841405
0.00124377
0.0841743
0.00149429
0.0842218
0.00180516
0.0842857
0.00218828
0.0843721
0.0026325
0.0844862
0.0031667
0.0846385
0.00375605
0.0848385
0.00447058
0.0851026
0.00520875
0.0854519
0.00614649
0.0859025
0.00700556
0.0865161
0.00823001
0.0872552
0.00910031
0.0883069
0.0107088
0.0893725
0.0113473
0.0134769
0.0910964
0.0878141
0.000818965
0.0878132
0.000844585
0.0878225
0.000915957
0.0878443
0.00103485
0.0878793
0.00120882
0.0879281
0.00144543
0.0879937
0.00173959
0.0880796
0.00210241
0.0881915
0.00252054
0.088336
0.00302217
0.0885218
0.00357028
0.0887609
0.00423149
0.0890635
0.00490614
0.0894557
0.00575428
0.0899381
0.00652316
0.0905729
0.00759523
0.0913076
0.00836566
0.0922992
0.00971712
0.0933559
0.0102906
0.0119845
0.0948483
0.0915659
0.000812621
0.0915741
0.000836413
0.091591
0.000899047
0.0916215
0.00100439
0.0916672
0.00116312
0.0917292
0.00138342
0.0918102
0.00165856
0.0919143
0.00199833
0.0920469
0.00238789
0.0922152
0.00285384
0.0924265
0.00335903
0.0926933
0.00396472
0.0930222
0.00457716
0.093438
0.00533848
0.0939369
0.00602435
0.0945702
0.00696188
0.0952975
0.00763835
0.0962313
0.00878332
0.0972447
0.00927715
0.0106859
0.0985433
0.0953176
0.000801887
0.0953327
0.000821377
0.0953571
0.000874663
0.0953958
0.000965647
0.0954511
0.00110784
0.0955243
0.00131021
0.0956181
0.0015648
0.0957367
0.00187973
0.0958853
0.00223927
0.0960712
0.00266791
0.0963006
0.00312965
0.0965854
0.00367996
0.0969303
0.00423226
0.0973567
0.00491207
0.0978603
0.00552068
0.0984822
0.00634
0.0991912
0.00692935
0.100067
0.00790711
0.101015
0.00832978
0.00951934
0.102181
0.0990221
0.00078465
0.0990432
0.000800275
0.0990743
0.000843576
0.0991205
0.000919477
0.0991839
0.00104438
0.0992662
0.00122793
0.0993698
0.00146115
0.0994993
0.0017503
0.0996594
0.00207917
0.0998573
0.00247002
0.100098
0.00288872
0.100393
0.0033851
0.100745
0.00387997
0.101173
0.00448409
0.101673
0.0050214
0.102276
0.0057365
0.102957
0.0062483
0.103778
0.00708665
0.104659
0.00744884
0.00845504
0.105723
0.102637
0.000761401
0.102664
0.000773514
0.102701
0.000806463
0.102753
0.000866861
0.102824
0.000974302
0.102913
0.00113888
0.103023
0.00135058
0.10316
0.00161364
0.103327
0.00191183
0.103532
0.00226519
0.103779
0.00264194
0.104077
0.0030865
0.10443
0.00352713
0.104853
0.00406127
0.105341
0.00453348
0.105921
0.00515621
0.10657
0.00559996
0.107337
0.00631888
0.108157
0.00662971
0.00748015
0.109131
0.106123
0.000732594
0.106155
0.000741365
0.106198
0.000763619
0.106256
0.000808513
0.106331
0.000899091
0.106425
0.00104532
0.10654
0.00123594
0.10668
0.0014731
0.106851
0.00174106
0.107058
0.00205777
0.107306
0.00239411
0.107603
0.00278931
0.107951
0.00317909
0.108364
0.00364861
0.108836
0.00406172
0.10939
0.00460199
0.110004
0.00498597
0.110722
0.00560101
0.111483
0.00586813
0.00658552
0.112378
0.109443
0.000698773
0.10948
0.000703773
0.109529
0.000714595
0.109593
0.000744669
0.109672
0.000820137
0.109768
0.000949528
0.109884
0.0011199
0.110025
0.00133164
0.110196
0.00157016
0.110403
0.0018514
0.110648
0.00214914
0.110939
0.00249754
0.111279
0.00283981
0.111678
0.00324967
0.11213
0.00360909
0.112657
0.00407528
0.113236
0.00440647
0.113907
0.00493039
0.114615
0.00516002
0.00576292
0.115438
0.11256
0.000659494
0.112605
0.000659046
0.112662
0.000657369
0.112732
0.000674951
0.112813
0.000738823
0.112909
0.000853685
0.113024
0.00100479
0.113164
0.00119171
0.113333
0.00140181
0.113535
0.00164905
0.113774
0.00191008
0.114057
0.00221421
0.114385
0.00251209
0.114768
0.00286675
0.1152
0.00317723
0.115699
0.00357655
0.116244
0.00386072
0.116871
0.00430423
0.117529
0.00450116
0.00500492
0.118287
0.11544
0.000610471
0.115498
0.000600774
0.115568
0.000587364
0.115645
0.000598654
0.115727
0.0006569
0.11582
0.000759968
0.115933
0.000892484
0.116069
0.00105526
0.116233
0.00123822
0.116429
0.00145306
0.116659
0.00167919
0.116932
0.00194141
0.117247
0.0021977
0.117612
0.00250118
0.118023
0.00276674
0.118494
0.0031054
0.119007
0.00334723
0.119592
0.00371939
0.120206
0.00388721
0.0043047
0.120906
0.118047
0.000534831
0.118135
0.000513172
0.118224
0.00049779
0.118307
0.000516313
0.118386
0.00057734
0.118476
0.000670597
0.118584
0.00078451
0.118715
0.000924003
0.118872
0.00108129
0.11906
0.00126529
0.119281
0.00145806
0.119542
0.00168045
0.119842
0.00189754
0.12019
0.00215336
0.120579
0.00237735
0.121024
0.00266069
0.121507
0.0028639
0.122054
0.00317234
0.122628
0.0033137
0.00365573
0.123277
0.120358
0.000374243
0.120499
0.000372142
0.120612
0.000383882
0.120696
0.000432983
0.120768
0.000505019
0.120851
0.000587649
0.120953
0.000682343
0.121077
0.000799775
0.121226
0.000932768
0.121404
0.00108695
0.121615
0.00124739
0.121864
0.00143165
0.12215
0.00161151
0.12248
0.0018227
0.12285
0.0020078
0.12327
0.00224034
0.123726
0.00240785
0.12424
0.00265901
0.124778
0.00277579
0.00305148
0.125382
0.122378
0.00014951
0.12258
0.000169941
0.12271
0.000253815
0.12278
0.000362911
0.122839
0.000445951
0.122915
0.000512171
0.12301
0.000587379
0.123126
0.000684078
0.123265
0.000793129
0.123435
0.000917519
0.123636
0.00104602
0.123874
0.00119348
0.124148
0.00133767
0.124464
0.00150678
0.124816
0.00165517
0.125216
0.00184076
0.125649
0.00197492
0.126134
0.00217428
0.126642
0.00226794
0.00248498
0.127208
0.124125
-0.000185895
0.124364
-6.91066e-05
0.124459
0.000158778
0.124494
0.000328188
0.124539
0.00040044
0.12461
0.000441061
0.124701
0.000497034
0.124812
0.00057307
0.124948
0.000656885
0.125114
0.000750858
0.125313
0.00084792
0.125546
0.000960155
0.125813
0.0010704
0.12612
0.00119996
0.126461
0.00131385
0.126846
0.00145609
0.127262
0.00155915
0.127724
0.00171155
0.128209
0.00178353
0.00194851
0.128745
0.125721
-0.000142475
0.125707
-5.48089e-05
0.125695
0.000170747
0.125717
0.000305911
0.12578
0.000337725
0.125867
0.000353816
0.125969
0.000394777
0.126093
0.000449479
0.126242
0.000507429
0.126421
0.000572461
0.126628
0.000640821
0.126867
0.000721069
0.127137
0.000800354
0.127443
0.000893826
0.127781
0.000976212
0.128158
0.0010791
0.128563
0.00115384
0.129011
0.00126379
0.129478
0.00131586
0.00143432
0.129993
0.127111
0.000476753
0.126633
0.000423857
0.126453
0.000350225
0.126499
0.000260388
0.126611
0.000225648
0.126729
0.000235621
0.126861
0.000262439
0.127016
0.0002949
0.127194
0.000329296
0.127396
0.000370513
0.127621
0.000415698
0.127873
0.000469114
0.128151
0.000521837
0.128462
0.000583647
0.1288
0.00063828
0.129173
0.000706066
0.129571
0.000755559
0.130007
0.000827317
0.130462
0.00086124
0.000937211
0.130959
0.127452
0.00127548
0.127001
0.000874312
0.126961
0.000390545
0.127091
0.000130032
0.127262
5.47383e-05
0.127428
6.92923e-05
0.12759
0.000101139
0.127765
0.000119558
0.127957
0.000136886
0.128168
0.000160396
0.128396
0.000187144
0.128648
0.000217417
0.128923
0.000246458
0.129227
0.000279374
0.129557
0.000308292
0.12992
0.000343358
0.130307
0.00036904
0.130729
0.000405402
0.131168
0.000422157
0.000457565
0.131647
0.126744
0.127619
0.128009
0.128139
0.128194
0.128263
0.128365
0.128484
0.128621
0.128781
0.128969
0.129186
0.129432
0.129712
0.13002
0.130363
0.130732
0.131138
0.13156
0.132018
0.0841628
-0.0510402
0.084952
-0.048117
0.0857886
-0.0437455
0.0865035
-0.038344
0.0872176
-0.0322808
0.0879941
-0.0254758
0.0888826
-0.017988
0.08993
-0.00993328
0.091149
-0.00151187
0.0076201
0.087948
-0.0517511
0.0882421
-0.0484111
0.0886284
-0.0441318
0.0889753
-0.0386909
0.0892955
-0.0326009
0.0897031
-0.0258834
0.0902804
-0.0185653
0.0910297
-0.0106826
0.0919686
-0.00245075
0.00635712
0.0913787
-0.0520335
0.0912656
-0.048298
0.0911935
-0.0440597
0.0912244
-0.0387217
0.0912785
-0.032655
0.0914201
-0.026025
0.0917414
-0.0188867
0.0922639
-0.011205
0.0930291
-0.0032159
0.00527555
0.0946773
-0.0518625
0.0942665
-0.0478872
0.0938192
-0.0436124
0.0935027
-0.0384052
0.0932738
-0.0324261
0.093157
-0.0259083
0.0932344
-0.0189641
0.0935619
-0.0115325
0.0941507
-0.00380467
0.00433496
0.0979309
-0.0512501
0.097194
-0.0471503
0.0964024
-0.0428208
0.0957393
-0.0377422
0.0952254
-0.0319122
0.0948716
-0.0255544
0.0947293
-0.0188218
0.094874
-0.0116771
0.0953089
-0.00423962
0.00351941
0.101126
-0.0501952
0.100033
-0.0460572
0.098916
-0.0417034
0.0979273
-0.0367534
0.0971322
-0.0311171
0.0965501
-0.0249723
0.0962079
-0.0184797
0.0961821
-0.0116513
0.0964798
-0.0045374
0.00281934
0.104232
-0.0487046
0.10277
-0.0445952
0.101336
-0.0402688
0.100044
-0.0354615
0.0989793
-0.0300527
0.0981759
-0.0241688
0.0976511
-0.0179549
0.097467
-0.0114672
0.0976427
-0.0047131
0.00222571
0.107218
-0.046791
0.105389
-0.0427663
0.103644
-0.0385242
0.10207
-0.0338867
0.100752
-0.0287355
0.0997371
-0.0231536
0.0990426
-0.0172603
0.0987134
-0.011138
0.0987786
-0.00477832
0.00172728
0.110058
-0.0444708
0.107873
-0.040581
0.105828
-0.0364792
0.103988
-0.0320475
0.102437
-0.0271837
0.101222
-0.0219392
0.100369
-0.0164069
0.0999075
-0.0106767
0.0998713
-0.00474208
0.00131196
0.11273
-0.0417636
0.110205
-0.0380557
0.107873
-0.0341474
0.105787
-0.0299614
0.104019
-0.0254157
0.102621
-0.0205404
0.101619
-0.0154052
0.101038
-0.0100955
0.100908
-0.00461256
0.000968905
0.115216
-0.0386921
0.112371
-0.0352111
0.10977
-0.0315457
0.107455
-0.0276464
0.105489
-0.0234499
0.103922
-0.0189733
0.102783
-0.0142665
0.102093
-0.00940551
0.101879
-0.00439807
0.000689271
0.117497
-0.0352831
0.114357
-0.0320712
0.111506
-0.0286945
0.108981
-0.0251215
0.106836
-0.0213048
0.105117
-0.017254
0.103854
-0.0130031
0.103065
-0.0086173
0.102775
-0.0041071
0.000465705
0.11956
-0.0315663
0.116152
-0.0286631
0.113074
-0.0256165
0.110359
-0.022407
0.108054
-0.0189994
0.106199
-0.0153992
0.104824
-0.0116283
0.103948
-0.00774112
0.103589
-0.00374819
0.000291707
0.12139
-0.0275748
0.117744
-0.0250163
0.114464
-0.0223371
0.111582
-0.0195245
0.109135
-0.0165528
0.107162
-0.0134256
0.105689
-0.0101554
0.104735
-0.00678726
0.104316
-0.00332975
0.000161207
0.122978
-0.0233452
0.119126
-0.0211634
0.115672
-0.0188836
0.112645
-0.016497
0.110077
-0.0139849
0.108001
-0.0113499
0.106444
-0.00859835
0.105423
-0.00576588
0.104953
-0.00286005
6.85349e-05
0.124317
-0.0189171
0.120293
-0.0171388
0.116694
-0.0152848
0.113545
-0.0133484
0.110876
-0.0113158
0.108715
-0.00918895
0.107087
-0.00697052
0.106009
-0.00468764
0.105494
-0.00234545
6.91989e-06
0.125407
-0.0143317
0.121246
-0.0129775
0.117531
-0.0115697
0.114285
-0.0101021
0.111533
-0.00856453
0.109303
-0.00695854
0.107617
-0.00528446
0.106492
-0.00356294
0.105944
-0.001797
-2.16161e-05
0.126254
-0.00962717
0.121989
-0.00871222
0.118185
-0.0077656
0.114863
-0.00678037
0.112048
-0.00574917
0.109763
-0.00467331
0.108031
-0.00355234
0.106868
-0.00240024
0.106289
-0.00121843
-2.93051e-05
0.126857
-0.00483648
0.122518
-0.0043739
0.118652
-0.00389898
0.115276
-0.00340484
0.112414
-0.0028875
0.110089
-0.00234794
0.108323
-0.00178608
0.107131
-0.00120831
0.106528
-0.000615758
-2.34316e-05
0.127181
0.122807
0.118908
0.115503
0.112616
0.110268
0.108482
0.107274
0.106658
)
;

boundaryField
{
    bottom
    {
        type            symmetryPlane;
        value           uniform 0;
    }
    right
    {
        type            calculated;
        value           nonuniform List<scalar> 
30
(
-0.00559477
-0.000134514
0.0113741
0.0256934
0.0418329
0.0585081
0.0744753
0.0884316
0.0992419
0.106606
0.10165
0.104499
0.106612
0.10837
0.109951
0.111458
0.112932
0.114379
0.115786
0.117136
0.11841
0.119592
0.12067
0.121632
0.12247
0.123177
0.123749
0.124181
0.124471
0.124615
)
;
    }
    top
    {
        type            symmetryPlane;
        value           uniform 0;
    }
    left
    {
        type            calculated;
        value           nonuniform List<scalar> 
30
(
-0.0585278
-0.059139
-0.0603832
-0.062184
-0.0644842
-0.0671981
-0.070238
-0.0735277
-0.0770065
-0.0807191
-0.0770532
-0.0805192
-0.0841506
-0.0878196
-0.0915596
-0.0953069
-0.0990049
-0.102614
-0.106094
-0.109409
-0.112521
-0.115391
-0.117972
-0.120197
-0.122153
-0.123789
-0.125764
-0.12773
-0.12825
-0.125469
)
;
    }
    cylinder
    {
        type            calculated;
        value           uniform 0;
    }
    defaultFaces
    {
        type            empty;
        value           nonuniform 0();
    }
}


// ************************************************************************* //
