/*--------------------------------*- C++ -*----------------------------------*\
| =========                 |                                                 |
| \\      /  F ield         | OpenFOAM: The Open Source CFD Toolbox           |
|  \\    /   O peration     | Version:  4.1                                   |
|   \\  /    A nd           | Web:      www.OpenFOAM.org                      |
|    \\/     M anipulation  |                                                 |
\*---------------------------------------------------------------------------*/
FoamFile
{
    version     2.0;
    format      ascii;
    class       volVectorField;
    location    "7.7";
    object      U;
}
// * * * * * * * * * * * * * * * * * * * * * * * * * * * * * * * * * * * * * //

dimensions      [0 1 -1 0 0 0 0];

internalField   nonuniform List<vector> 
2000
(
(-0.0410175 0.0351215 5.30579e-20)
(-0.0139659 0.039357 0)
(0.107959 0.021295 8.54339e-20)
(0.308748 -0.00405927 3.83974e-20)
(0.564779 -0.0267524 -7.15435e-20)
(0.841399 -0.0431473 -9.68804e-20)
(1.1064 -0.0517549 3.05952e-20)
(1.33225 -0.0598743 0)
(1.52741 -0.0563353 -2.46927e-20)
(1.64146 -0.0711035 0)
(-0.0357059 0.0274756 -2.62953e-20)
(0.0339017 0.0158643 2.34566e-20)
(0.225984 -0.00806849 -9.00392e-20)
(0.506497 -0.0295787 -1.2064e-19)
(0.824291 -0.0415665 -9.66182e-22)
(1.12682 -0.0447822 3.18892e-20)
(1.37968 -0.04274 -3.03857e-20)
(1.57164 -0.0409672 -2.67311e-20)
(1.70507 -0.0357865 2.46919e-20)
(1.77459 -0.0459499 4.24129e-20)
(-0.0227865 0.0176779 2.83062e-20)
(0.10865 -0.00908309 -2.65133e-20)
(0.388173 -0.0316995 4.52854e-20)
(0.744985 -0.0407172 -1.69903e-21)
(1.09537 -0.0373845 3.67584e-20)
(1.38363 -0.0283821 3.3131e-20)
(1.59204 -0.0193493 2.97944e-20)
(1.72691 -0.0145657 2.6731e-20)
(1.80544 -0.0111055 2.29206e-20)
(1.85161 -0.0194126 -2.02598e-20)
(0.000510504 0.00607322 -7.49674e-22)
(0.215285 -0.0318961 -2.82409e-20)
(0.58992 -0.0428313 0)
(0.99837 -0.0331275 4.03538e-20)
(1.34064 -0.0156259 -3.94066e-20)
(1.58213 0.000268066 0)
(1.73167 0.0103523 0)
(1.81441 0.013721 0)
(1.85847 0.0144179 -2.2922e-20)
(1.87556 0.00563754 3.89343e-20)
(0.0370105 -0.0061613 6.67072e-20)
(0.355304 -0.0465673 5.55213e-23)
(0.814639 -0.0357676 2.65018e-20)
(1.23555 -0.00728282 2.13023e-20)
(1.53584 0.0185462 1.9591e-20)
(1.71746 0.0351131 1.66251e-20)
(1.81382 0.0423346 0)
(1.86015 0.04276 1.19715e-20)
(1.88061 0.0398383 -5.05955e-20)
(1.89226 0.0303088 6.61378e-20)
(0.0890204 -0.0167221 -1.04663e-19)
(0.52357 -0.0460572 2.07339e-21)
(1.03805 -0.00884534 -5.26343e-20)
(1.43438 0.0328931 4.72673e-20)
(1.67634 0.0602829 -5.68617e-20)
(1.80152 0.0731999 1.8365e-20)
(1.85769 0.0758569 0)
(1.88019 0.072489 -1.19726e-20)
(1.89049 0.0661803 1.01947e-20)
(1.89697 0.0567771 3.04168e-20)
(0.157325 -0.0223286 0)
(0.707007 -0.0253997 0)
(1.23884 0.0357196 -2.69582e-20)
(1.58709 0.0831543 2.50957e-20)
(1.7692 0.106771 -1.82673e-20)
(1.84819 0.113531 1.71506e-20)
(1.87651 0.110744 2.44382e-20)
(1.88575 0.10336 -2.31e-20)
(1.89036 0.0939992 -1.65314e-20)
(1.89607 0.0839735 7.91139e-21)
(0.240252 -0.0194166 2.04897e-20)
(0.888193 0.0162148 0)
(1.40504 0.0942311 -1.27143e-20)
(1.69536 0.140288 4.74131e-20)
(1.82393 0.15639 -2.97502e-20)
(1.8682 0.155594 0)
(1.87887 0.147069 0)
(1.88088 0.135542 0)
(1.88373 0.123266 -1.40447e-20)
(1.8891 0.112416 1.33505e-20)
(0.333215 -0.00510337 -1.04785e-20)
(1.0516 0.0759827 -3.78424e-22)
(1.5325 0.162897 -1.46025e-20)
(1.76448 0.201915 5.59421e-21)
(1.84894 0.208038 5.31602e-21)
(1.86881 0.199034 7.63729e-21)
(1.86899 0.184639 0)
(1.86784 0.168902 -1.81067e-21)
(1.87015 0.153837 -6.85714e-21)
(1.87568 0.141179 5.25439e-21)
(0.429353 0.0220865 0)
(1.18734 0.149497 -8.99783e-21)
(1.62142 0.238154 0)
(1.80023 0.266144 -3.15107e-21)
(1.85054 0.26081 -2.91393e-21)
(1.85428 0.243321 -3.40664e-21)
(1.84888 0.222975 0)
(1.84675 0.202913 1.81085e-21)
(1.84957 0.184932 1.3291e-21)
(1.85574 0.169837 5.98891e-22)
(-0.010092 0.00957357 0)
(-0.0397181 0.0174178 -4.77957e-21)
(-0.0810823 0.0199301 0)
(-0.120585 0.020154 -6.28013e-21)
(-0.155752 0.0193665 -1.98998e-21)
(-0.186471 0.0181734 3.7274e-21)
(-0.21294 0.0168961 -3.5103e-21)
(-0.235559 0.0157304 3.35504e-21)
(-0.254997 0.0148545 1.23307e-23)
(-0.272493 0.0144677 3.01368e-21)
(-0.0116888 0.0274613 -1.51425e-20)
(-0.0404666 0.0503085 9.46726e-21)
(-0.0783106 0.0578172 -8.97712e-21)
(-0.113346 0.058509 4.1636e-21)
(-0.143436 0.0560781 1.97899e-20)
(-0.168428 0.0523108 -7.43444e-21)
(-0.188443 0.0481711 0)
(-0.203728 0.0442887 -3.34374e-21)
(-0.214642 0.0412369 -3.17489e-21)
(-0.222789 0.0396758 0)
(-0.0146049 0.0418445 1.01e-20)
(-0.0420443 0.0777309 0)
(-0.0735817 0.0900064 2.71363e-20)
(-0.100495 0.0911901 -3.39479e-20)
(-0.121295 0.0869895 7.9918e-21)
(-0.135872 0.080236 0)
(-0.144291 0.0724781 0)
(-0.146674 0.0648144 0)
(-0.142764 0.0583065 2.58125e-20)
(-0.133658 0.0543073 -2.45318e-20)
(-0.0183345 0.0513638 0)
(-0.0445055 0.0971813 -1.98442e-20)
(-0.0681358 0.113503 3.68722e-20)
(-0.0844247 0.115074 -1.7213e-20)
(-0.0928631 0.109013 1.63124e-20)
(-0.0935615 0.0989503 -4.61294e-20)
(-0.0866093 0.0868179 -1.23041e-22)
(-0.0722931 0.0739576 2.75583e-20)
(-0.050215 0.0620335 2.60495e-20)
(-0.017015 0.054785 -3.71159e-20)
(-0.0223918 0.055856 2.12657e-20)
(-0.0477886 0.107551 -4.06515e-20)
(-0.0629922 0.126437 -1.3561e-22)
(-0.0671076 0.127888 1.54235e-22)
(-0.060815 0.119802 1.64826e-20)
(-0.0445946 0.106348 -4.66651e-20)
(-0.0186348 0.0896205 0)
(0.016674 0.0709048 -1.39623e-20)
(0.06136 0.0521531 1.31984e-20)
(0.123751 0.0391209 -5.0123e-20)
(-0.0265014 0.0561739 -2.86251e-22)
(-0.0515748 0.109134 4.11454e-20)
(-0.0582451 0.128272 1.89545e-20)
(-0.0487598 0.128357 1.81306e-20)
(-0.0249378 0.11766 1.658e-20)
(0.0124362 0.100698 1.56225e-20)
(0.0631285 0.0797369 0)
(0.126804 0.0561164 1.39611e-20)
(0.198864 0.0306265 3.91644e-20)
(0.305599 0.00990548 -1.29244e-20)
(-0.0306557 0.0537482 5.5539e-23)
(-0.0550797 0.103461 2.11715e-20)
(-0.0521675 0.11976 0)
(-0.0263406 0.116468 -3.5555e-20)
(0.0200644 0.102025 3.36325e-20)
(0.0859815 0.081137 0)
(0.170679 0.0563835 0)
(0.274541 0.0301586 0)
(0.378998 0.000361066 -2.64759e-20)
(0.546575 -0.0251504 -4.98829e-20)
(-0.0348288 0.0499933 -2.31426e-20)
(-0.0567211 0.092483 2.16783e-20)
(-0.0405462 0.102632 3.9893e-20)
(0.00793822 0.0937979 4.5565e-22)
(0.0863054 0.0744839 3.39671e-20)
(0.192628 0.0496158 3.16882e-20)
(0.323434 0.022008 2.97046e-20)
(0.478511 -0.00386157 2.78502e-20)
(0.619844 -0.0336368 2.6472e-20)
(0.850255 -0.0560618 -2.43304e-20)
(-0.0386859 0.0457234 -7.2469e-20)
(-0.0535189 0.0777531 -2.15754e-20)
(-0.0162566 0.0791355 -8.00125e-20)
(0.0663449 0.0633275 -3.67413e-20)
(0.190825 0.0392008 4.09698e-22)
(0.3513 0.012049 -3.14262e-20)
(0.537715 -0.0148582 2.98823e-20)
(0.74159 -0.0374403 -2.78461e-20)
(0.921879 -0.0613904 2.60436e-20)
(1.17813 -0.0734769 -4.91065e-20)
(-0.0412859 0.0409621 4.87064e-20)
(-0.0410849 0.0600294 0)
(0.0299884 0.0513489 4.07583e-20)
(0.162915 0.0290319 -5.79704e-23)
(0.348904 0.00274369 5.41529e-22)
(0.571359 -0.0222237 3.17715e-20)
(0.809663 -0.0421632 -8.97502e-20)
(1.04003 -0.0588424 0)
(1.24793 -0.069848 -2.60398e-20)
(1.46069 -0.0742894 0)
(-0.289173 0.0144014 0)
(-0.306452 0.0130234 -2.93169e-21)
(-0.321606 0.0113549 5.86287e-21)
(-0.334652 0.00957676 -2.56444e-21)
(-0.345455 0.00767768 0)
(-0.353778 0.0056564 2.78697e-21)
(-0.359395 0.0035292 -2.80078e-21)
(-0.362123 0.00130292 0)
(-0.361913 -0.00110243 0)
(-0.358658 -0.00363943 3.07675e-22)
(-0.352112 -0.00629253 0)
(-0.342076 -0.00905937 0)
(-0.328364 -0.0119498 0)
(-0.310768 -0.0149896 0)
(-0.288968 -0.0182333 -3.27564e-22)
(-0.262576 -0.0217786 3.29262e-22)
(-0.231641 -0.0256362 0)
(-0.19645 -0.0295341 -5.8203e-23)
(-0.152613 -0.0331616 5.85093e-23)
(-0.0900084 -0.0375127 0)
(-0.23173 0.0394284 0)
(-0.24503 0.0354126 7.50335e-22)
(-0.256013 0.0305785 0)
(-0.264957 0.0254097 1.13288e-20)
(-0.271882 0.0198783 -1.1011e-20)
(-0.27652 0.0139985 7.25155e-22)
(-0.278634 0.00777554 -5.49788e-21)
(-0.278239 0.00119004 1.15177e-20)
(-0.27518 -0.00585644 -9.74106e-21)
(-0.269232 -0.0132627 5.42075e-21)
(-0.260236 -0.0209833 4.47144e-21)
(-0.248042 -0.0289948 -8.04373e-21)
(-0.232522 -0.0372998 4.12108e-21)
(-0.213572 -0.0459378 2.06005e-21)
(-0.191065 -0.0550235 -1.62116e-21)
(-0.164738 -0.0648212 3.20755e-22)
(-0.134631 -0.0753526 2.50753e-22)
(-0.101818 -0.086442 2.57664e-22)
(-0.0651204 -0.0963733 -2.58913e-22)
(-0.00404218 -0.103193 8.23003e-24)
(-0.130042 0.0542665 -7.64955e-22)
(-0.135958 0.0477575 -7.51652e-22)
(-0.139405 0.040322 -7.63933e-22)
(-0.14101 0.03225 0)
(-0.140996 0.0235531 -1.32952e-20)
(-0.139106 0.0142968 1.03841e-20)
(-0.135202 0.0044897 0)
(-0.129327 -0.00609056 -1.39443e-21)
(-0.121201 -0.0172781 -6.60407e-22)
(-0.110579 -0.0289865 8.63996e-21)
(-0.0973853 -0.0411525 -6.79927e-22)
(-0.0815335 -0.0537085 -1.04365e-20)
(-0.0629672 -0.0666028 -5.23164e-22)
(-0.0416984 -0.0798087 -4.43731e-22)
(-0.0178526 -0.0933496 -4.07758e-22)
(0.00886016 -0.10732 8.5926e-22)
(0.038129 -0.12202 -8.12514e-22)
(0.0689787 -0.137714 -8.92762e-22)
(0.101944 -0.152728 -1.76923e-22)
(0.150702 -0.162777 2.90051e-23)
(0.00106475 0.0532944 -2.3963e-20)
(0.00385171 0.0462166 1.21488e-22)
(0.0101461 0.0372597 9.1244e-22)
(0.0177221 0.026965 2.46932e-20)
(0.026494 0.0159405 2.28984e-21)
(0.0366373 0.00414209 7.41661e-22)
(0.0479215 -0.00870596 -2.17136e-20)
(0.0606089 -0.022498 1.27365e-20)
(0.0751721 -0.0370034 1.12716e-20)
(0.091578 -0.0521771 -1.09408e-20)
(0.109873 -0.0679168 6.66508e-22)
(0.130092 -0.0840945 1.13906e-20)
(0.152233 -0.100586 5.18813e-22)
(0.176223 -0.117262 4.53497e-21)
(0.201932 -0.134003 -3.16944e-21)
(0.229235 -0.150648 -2.50662e-21)
(0.257685 -0.167459 2.20934e-21)
(0.287227 -0.184564 0)
(0.315169 -0.200941 3.65249e-22)
(0.356563 -0.217567 2.57427e-23)
(0.155706 0.0367842 4.95298e-20)
(0.170477 0.0305662 -2.35476e-20)
(0.184603 0.0207294 2.51681e-20)
(0.201229 0.00917167 0)
(0.219086 -0.00346105 -1.53633e-21)
(0.237348 -0.0172445 -2.42164e-20)
(0.256232 -0.0322407 -8.94191e-22)
(0.276249 -0.0481708 7.5048e-22)
(0.297412 -0.0650222 2.29879e-20)
(0.319702 -0.0826655 1.3302e-21)
(0.343121 -0.100931 0)
(0.367611 -0.119614 -1.16976e-21)
(0.393113 -0.138513 0)
(0.419459 -0.157384 -9.60707e-22)
(0.446465 -0.176033 0)
(0.473985 -0.194227 0)
(0.501186 -0.211792 5.62717e-22)
(0.52936 -0.228842 -6.80655e-22)
(0.552311 -0.243922 6.026e-22)
(0.58808 -0.261301 -1.67269e-22)
(0.346007 0.00849119 0)
(0.370139 0.00236131 -1.58854e-21)
(0.390599 -0.00771531 -5.06044e-20)
(0.413461 -0.0199855 4.90257e-20)
(0.437903 -0.0335511 -1.56229e-21)
(0.462989 -0.0483279 0)
(0.488437 -0.0643157 -2.38941e-20)
(0.514336 -0.0815112 4.55921e-20)
(0.540769 -0.0997601 -2.45979e-20)
(0.567655 -0.118839 -1.36321e-21)
(0.594914 -0.13853 -1.28904e-21)
(0.622331 -0.158527 -1.20213e-21)
(0.649826 -0.178581 0)
(0.677051 -0.198297 6.42193e-21)
(0.703864 -0.217466 -1.46491e-20)
(0.730024 -0.235654 6.372e-21)
(0.754555 -0.252652 -5.82719e-22)
(0.7794 -0.268394 -4.25699e-22)
(0.797546 -0.281251 1.72687e-22)
(0.82583 -0.295653 -1.69259e-22)
(0.58806 -0.0248475 4.98116e-20)
(0.616922 -0.0305527 0)
(0.639656 -0.0417504 -1.58703e-21)
(0.664484 -0.054868 3.14987e-21)
(0.691822 -0.0687293 3.11734e-21)
(0.719939 -0.0838415 1.53212e-21)
(0.748219 -0.100416 1.50094e-21)
(0.776639 -0.118231 -2.16349e-20)
(0.805178 -0.137051 2.58753e-20)
(0.833527 -0.156605 2.37477e-20)
(0.861567 -0.176655 -1.97347e-20)
(0.888799 -0.196775 2.36543e-21)
(0.915286 -0.216727 -8.25499e-21)
(0.940241 -0.235926 1.9066e-21)
(0.964014 -0.254289 8.97873e-21)
(0.985597 -0.271052 7.06821e-22)
(1.00525 -0.286335 -8.38616e-22)
(1.02308 -0.299463 1.04274e-21)
(1.03598 -0.309765 1.58548e-21)
(1.0528 -0.319468 8.0667e-23)
(0.8839 -0.0539977 0)
(0.908615 -0.060663 -5.12558e-20)
(0.928823 -0.0732557 5.26234e-20)
(0.951701 -0.0867626 -1.57619e-21)
(0.977186 -0.101001 -3.08511e-21)
(1.00353 -0.116675 -1.53071e-21)
(1.03009 -0.133688 -2.9634e-21)
(1.05653 -0.151683 0)
(1.08267 -0.170452 -1.39616e-21)
(1.10788 -0.189688 -1.3298e-21)
(1.13218 -0.20916 -1.22409e-21)
(1.15463 -0.228341 -2.29678e-21)
(1.17578 -0.247077 0)
(1.19401 -0.264604 0)
(1.21097 -0.281081 -8.23488e-22)
(1.22376 -0.295359 -6.26566e-21)
(1.23587 -0.308173 4.33633e-21)
(1.24259 -0.317878 -3.85209e-22)
(1.24935 -0.325615 -7.94575e-22)
(1.25093 -0.330337 2.28671e-22)
(1.19955 -0.0734665 5.12073e-20)
(1.21625 -0.0827398 0)
(1.23168 -0.0958976 0)
(1.24972 -0.109649 -4.90768e-20)
(1.26971 -0.124536 2.12189e-21)
(1.29028 -0.140733 9.47812e-20)
(1.31085 -0.157868 -4.51947e-20)
(1.33068 -0.17561 0)
(1.34958 -0.193802 0)
(1.36671 -0.212095 0)
(1.38243 -0.230287 6.27419e-22)
(1.39536 -0.247816 1.65285e-21)
(1.40687 -0.264629 1.51388e-20)
(1.41433 -0.279882 -1.46028e-20)
(1.42122 -0.293949 5.65074e-21)
(1.42219 -0.305429 -4.95972e-21)
(1.42498 -0.315597 0)
(1.41865 -0.321977 1.95426e-22)
(1.41892 -0.32741 2.25771e-22)
(1.40446 -0.327852 0)
(1.48322 -0.0826834 -8.03863e-22)
(1.49897 -0.0947669 -5.01438e-20)
(1.51128 -0.107633 4.96222e-20)
(1.52264 -0.121167 0)
(1.53377 -0.135768 4.64176e-20)
(1.54445 -0.151205 -9.09936e-20)
(1.5545 -0.167269 4.45934e-20)
(1.56316 -0.183803 0)
(1.57058 -0.200672 1.97837e-20)
(1.57581 -0.217502 -3.81682e-20)
(1.57976 -0.234082 1.89695e-20)
(1.58068 -0.249859 -5.26766e-22)
(1.58079 -0.26478 0)
(1.57658 -0.278049 -1.27308e-20)
(1.57313 -0.290046 1.74046e-20)
(1.56305 -0.29944 -5.16427e-21)
(1.55745 -0.307577 -3.20416e-21)
(1.54046 -0.311886 2.26868e-21)
(1.53568 -0.315755 1.06794e-21)
(1.50929 -0.313846 0)
(1.73974 -0.0749806 0)
(1.73595 -0.0882697 0)
(1.73011 -0.100074 0)
(1.7244 -0.112717 0)
(1.7202 -0.126596 0)
(1.71716 -0.141223 0)
(1.7148 -0.156219 0)
(1.7119 -0.17134 0)
(1.70863 -0.186531 0)
(1.70376 -0.201543 0)
(1.69846 -0.216303 0)
(1.69061 -0.230358 0)
(1.68291 -0.243733 0)
(1.67125 -0.255746 0)
(1.66147 -0.266754 0)
(1.64522 -0.27566 0)
(1.63483 -0.283508 0)
(1.61275 -0.288329 0)
(1.60497 -0.292488 0)
(1.57393 -0.292304 0)
(1.82071 -0.0658829 0)
(1.82314 -0.0800838 0)
(1.81929 -0.0933317 0)
(1.81271 -0.10713 0)
(1.8064 -0.12173 0)
(1.80065 -0.136735 0)
(1.79515 -0.151813 0)
(1.78869 -0.16672 0)
(1.7816 -0.181419 0)
(1.77277 -0.1957 0)
(1.76358 -0.209531 0)
(1.75195 -0.222512 0)
(1.74079 -0.2347 0)
(1.7259 -0.245486 0)
(1.71335 -0.255237 0)
(1.69458 -0.262956 0)
(1.68221 -0.269665 0)
(1.65838 -0.273504 0)
(1.64942 -0.276852 0)
(1.61761 -0.275917 0)
(1.86704 -0.0589248 0)
(1.87047 -0.074015 0)
(1.86657 -0.0883958 0)
(1.85922 -0.102639 0)
(1.85189 -0.116988 0)
(1.84506 -0.131345 0)
(1.8384 -0.145576 0)
(1.83065 -0.159499 0)
(1.82217 -0.173081 0)
(1.81188 -0.186134 0)
(1.80129 -0.198647 0)
(1.78835 -0.210291 0)
(1.77604 -0.221136 0)
(1.76016 -0.230674 0)
(1.74683 -0.239231 0)
(1.72748 -0.245976 0)
(1.71475 -0.25177 0)
(1.69079 -0.255084 0)
(1.68188 -0.257874 0)
(1.65039 -0.257098 0)
(1.89364 -0.0529634 0)
(1.89742 -0.0684148 0)
(1.89383 -0.0831862 0)
(1.8865 -0.0972927 0)
(1.8789 -0.111021 0)
(1.87164 -0.12451 0)
(1.86454 -0.137784 0)
(1.85632 -0.150709 0)
(1.8474 -0.163243 0)
(1.83669 -0.175208 0)
(1.82576 -0.186606 0)
(1.81256 -0.197158 0)
(1.80013 -0.206947 0)
(1.78426 -0.215534 0)
(1.77106 -0.223212 0)
(1.75204 -0.229271 0)
(1.73964 -0.234444 0)
(1.71638 -0.23746 0)
(1.70782 -0.239941 0)
(1.67749 -0.239458 0)
(1.91111 -0.0484683 0)
(1.91502 -0.0636089 0)
(1.91206 -0.0781165 0)
(1.90524 -0.0917538 0)
(1.89783 -0.104777 0)
(1.89054 -0.117417 0)
(1.88335 -0.129779 0)
(1.87508 -0.141766 0)
(1.86617 -0.153333 0)
(1.85551 -0.16431 0)
(1.84471 -0.174709 0)
(1.83173 -0.184292 0)
(1.8196 -0.193147 0)
(1.80416 -0.200894 0)
(1.79145 -0.207801 0)
(1.77309 -0.213252 0)
(1.76129 -0.21789 0)
(1.73895 -0.220633 0)
(1.73089 -0.222869 0)
(1.70188 -0.222558 0)
(1.92681 -0.0452275 0)
(1.93056 -0.0595491 0)
(1.9281 -0.0733844 0)
(1.92183 -0.0863589 0)
(1.91472 -0.0986351 0)
(1.9075 -0.110438 0)
(1.90033 -0.121904 0)
(1.89212 -0.132971 0)
(1.88334 -0.143603 0)
(1.87287 -0.153643 0)
(1.86233 -0.163111 0)
(1.84968 -0.171798 0)
(1.83796 -0.179799 0)
(1.82302 -0.18678 0)
(1.81085 -0.192994 0)
(1.79318 -0.197897 0)
(1.78198 -0.202066 0)
(1.76052 -0.20456 0)
(1.75294 -0.206578 0)
(1.72514 -0.206395 0)
(1.94397 -0.0426185 0)
(1.94724 -0.0558959 0)
(1.945 -0.0688674 0)
(1.93914 -0.0810688 0)
(1.93227 -0.0925608 0)
(1.9251 -0.103527 0)
(1.91792 -0.114115 0)
(1.90973 -0.124285 0)
(1.90105 -0.13402 0)
(1.89074 -0.143177 0)
(1.88043 -0.15178 0)
(1.86806 -0.159645 0)
(1.85668 -0.166869 0)
(1.84215 -0.173157 0)
(1.83045 -0.178748 0)
(1.81333 -0.183155 0)
(1.80265 -0.186904 0)
(1.78191 -0.189162 0)
(1.77473 -0.190986 0)
(1.7479 -0.190879 0)
(1.96308 -0.040234 0)
(1.96563 -0.0524223 0)
(1.96337 -0.0644469 0)
(1.95775 -0.0758035 0)
(1.95105 -0.086477 0)
(1.94389 -0.0966068 0)
(1.93665 -0.106335 0)
(1.92841 -0.115642 0)
(1.91975 -0.124522 0)
(1.90952 -0.132849 0)
(1.89935 -0.140649 0)
(1.88715 -0.147755 0)
(1.87602 -0.154268 0)
(1.86179 -0.159921 0)
(1.85043 -0.164944 0)
(1.83372 -0.168896 0)
(1.82342 -0.172262 0)
(1.80321 -0.174291 0)
(1.79633 -0.175934 0)
(1.77024 -0.175864 0)
(1.98349 -0.0379108 0)
(1.98521 -0.049011 0)
(1.98278 -0.0600417 0)
(1.9773 -0.0705016 0)
(1.9707 -0.0803271 0)
(1.96351 -0.089619 0)
(1.95616 -0.0985067 0)
(1.94782 -0.10698 0)
(1.93911 -0.115044 0)
(1.92888 -0.122584 0)
(1.91877 -0.12963 0)
(1.90666 -0.136029 0)
(1.89568 -0.141883 0)
(1.88162 -0.146949 0)
(1.8705 -0.151448 0)
(1.85406 -0.154978 0)
(1.84404 -0.15799 0)
(1.8242 -0.159801 0)
(1.81755 -0.161275 0)
(1.79198 -0.161217 0)
(2.00439 -0.0355506 0)
(2.00524 -0.0455661 0)
(2.00257 -0.0555782 0)
(1.99713 -0.0651098 0)
(1.99057 -0.0740683 0)
(1.98331 -0.0825219 0)
(1.97584 -0.090584 0)
(1.96736 -0.0982483 0)
(1.95856 -0.105527 0)
(1.94828 -0.112317 0)
(1.93817 -0.118648 0)
(1.92608 -0.124382 0)
(1.91518 -0.129619 0)
(1.90121 -0.134138 0)
(1.89024 -0.138151 0)
(1.87396 -0.141289 0)
(1.86413 -0.143972 0)
(1.84453 -0.145575 0)
(1.83805 -0.146889 0)
(1.81284 -0.146831 0)
(2.02504 -0.0330593 0)
(2.02504 -0.0420043 0)
(2.02206 -0.0509955 0)
(2.0166 -0.0595875 0)
(2.01005 -0.0676709 0)
(2.0027 -0.0752885 0)
(1.99508 -0.082538 0)
(1.98645 -0.0894142 0)
(1.97754 -0.0959329 0)
(1.96716 -0.102001 0)
(1.95702 -0.107651 0)
(1.9449 -0.112754 0)
(1.93403 -0.117409 0)
(1.92009 -0.121415 0)
(1.90921 -0.124972 0)
(1.89301 -0.127744 0)
(1.88332 -0.130118 0)
(1.86386 -0.131526 0)
(1.8575 -0.132689 0)
(1.83253 -0.132624 0)
(2.04486 -0.0303751 0)
(2.04403 -0.0382765 0)
(2.04071 -0.046259 0)
(2.03519 -0.0539123 0)
(2.02861 -0.0611198 0)
(2.02116 -0.067906 0)
(2.01341 -0.0743545 0)
(2.00461 -0.0804599 0)
(1.99558 -0.0862398 0)
(1.98509 -0.0916109 0)
(1.97489 -0.096605 0)
(1.96271 -0.101107 0)
(1.95184 -0.105209 0)
(1.93788 -0.10873 0)
(1.92706 -0.111855 0)
(1.91089 -0.114282 0)
(1.90129 -0.116366 0)
(1.8819 -0.11759 0)
(1.87563 -0.11861 0)
(1.85081 -0.118538 0)
(2.06337 -0.0274751 0)
(2.06177 -0.034364 0)
(2.0581 -0.0413544 0)
(2.05248 -0.0480753 0)
(2.04586 -0.0544104 0)
(2.03831 -0.0603714 0)
(2.03041 -0.0660292 0)
(2.02146 -0.0713788 0)
(2.0123 -0.0764379 0)
(2.0017 -0.0811324 0)
(1.99143 -0.0854928 0)
(1.97918 -0.0894161 0)
(1.96829 -0.092988 0)
(1.95429 -0.0960466 0)
(1.94348 -0.0987621 0)
(1.92731 -0.100863 0)
(1.91777 -0.10267 0)
(1.89842 -0.103722 0)
(1.8922 -0.104606 0)
(1.86746 -0.104528 0)
(2.08021 -0.0243566 0)
(2.07791 -0.0302628 0)
(2.0739 -0.0362783 0)
(2.06818 -0.0420756 0)
(2.0615 -0.0475442 0)
(2.05385 -0.0526874 0)
(2.04582 -0.0575649 0)
(2.03671 -0.062172 0)
(2.02743 -0.0665254 0)
(2.01672 -0.0705605 0)
(2.00637 -0.0743053 0)
(1.99405 -0.0776693 0)
(1.98311 -0.08073 0)
(1.96907 -0.0833454 0)
(1.95826 -0.0856675 0)
(1.94207 -0.0874578 0)
(1.93256 -0.0890009 0)
(1.9132 -0.0898906 0)
(1.90703 -0.0906448 0)
(1.88234 -0.0905639 0)
(2.09511 -0.0210256 0)
(2.09219 -0.0259763 0)
(2.08786 -0.0310343 0)
(2.08203 -0.0359183 0)
(2.07529 -0.0405281 0)
(2.06755 -0.0448618 0)
(2.05939 -0.048969 0)
(2.05015 -0.0528454 0)
(2.04075 -0.0565062 0)
(2.02993 -0.0598962 0)
(2.01951 -0.0630402 0)
(2.00711 -0.0658609 0)
(1.99613 -0.0684258 0)
(1.98203 -0.0706135 0)
(1.97121 -0.0725561 0)
(1.95498 -0.074049 0)
(1.94549 -0.0753382 0)
(1.92612 -0.0760745 0)
(1.91997 -0.0767039 0)
(1.8953 -0.0766248 0)
(2.10786 -0.0174948 0)
(2.1044 -0.021515 0)
(2.0998 -0.0256319 0)
(2.09386 -0.0296131 0)
(2.08706 -0.0333722 0)
(2.07922 -0.036905 0)
(2.07096 -0.0402513 0)
(2.06159 -0.0434079 0)
(2.05209 -0.0463873 0)
(2.04118 -0.0491445 0)
(2.03069 -0.0517001 0)
(2.01821 -0.0539905 0)
(2.00719 -0.056072 0)
(1.99303 -0.057845 0)
(1.9822 -0.0594193 0)
(1.96593 -0.0606258 0)
(1.95644 -0.0616693 0)
(1.93704 -0.0622601 0)
(1.93091 -0.062769 0)
(1.90624 -0.0626962 0)
(2.1183 -0.0137939 0)
(2.11439 -0.0169047 0)
(2.10955 -0.0200941 0)
(2.10351 -0.0231806 0)
(2.09665 -0.0260953 0)
(2.08874 -0.028834 0)
(2.08038 -0.0314271 0)
(2.07091 -0.0338726 0)
(2.06132 -0.0361799 0)
(2.05032 -0.0383143 0)
(2.03977 -0.0402912 0)
(2.02723 -0.0420621 0)
(2.01617 -0.0436701 0)
(2.00196 -0.045039 0)
(1.99111 -0.0462535 0)
(1.9748 -0.0471831 0)
(1.96531 -0.0479871 0)
(1.94589 -0.0484395 0)
(1.93976 -0.0488311 0)
(1.91507 -0.0487692 0)
(2.12627 -0.00996686 0)
(2.12202 -0.012186 0)
(2.117 -0.0144582 0)
(2.11088 -0.0166555 0)
(2.10397 -0.018729 0)
(2.09599 -0.0206773 0)
(2.08755 -0.0225216 0)
(2.078 -0.0242619 0)
(2.06834 -0.0259026 0)
(2.05727 -0.0274215 0)
(2.04667 -0.0288261 0)
(2.03407 -0.0300859 0)
(2.02298 -0.0312267 0)
(2.00873 -0.0322004 0)
(1.99786 -0.0330603 0)
(1.98151 -0.0337218 0)
(1.97203 -0.034289 0)
(1.95257 -0.034611 0)
(1.94646 -0.0348856 0)
(1.92175 -0.0348398 0)
(2.13164 -0.0059678 0)
(2.12717 -0.00732477 0)
(2.12202 -0.00870133 0)
(2.11585 -0.0100252 0)
(2.1089 -0.0112695 0)
(2.10088 -0.0124376 0)
(2.09238 -0.0135412 0)
(2.08277 -0.0145841 0)
(2.07306 -0.0155649 0)
(2.06194 -0.0164757 0)
(2.05131 -0.0173135 0)
(2.03867 -0.01807 0)
(2.02756 -0.0187478 0)
(2.01327 -0.0193349 0)
(2.00239 -0.0198419 0)
(1.98602 -0.020245 0)
(1.97653 -0.020574 0)
(1.95706 -0.0207764 0)
(1.95094 -0.0209294 0)
(1.92623 -0.0209084 0)
(2.13429 -0.00183262 0)
(2.12972 -0.00233095 0)
(2.12453 -0.00282229 0)
(2.11834 -0.00328647 0)
(2.11138 -0.00371698 0)
(2.10333 -0.00411793 0)
(2.09481 -0.00449363 0)
(2.08517 -0.00484775 0)
(2.07543 -0.0051784 0)
(2.0643 -0.00548602 0)
(2.05364 -0.00576631 0)
(2.04099 -0.00602151 0)
(2.02986 -0.0062464 0)
(2.01556 -0.00644537 0)
(2.00467 -0.00661143 0)
(1.98828 -0.00675022 0)
(1.97879 -0.00685502 0)
(1.95931 -0.00692817 0)
(1.95319 -0.0069737 0)
(1.92847 -0.00697092 0)
(1.86419 0.151666 -5.85178e-22)
(1.88341 0.130075 0)
(1.896 0.107647 3.46702e-22)
(1.90417 0.0845652 1.10295e-20)
(1.90498 0.0610348 -3.10111e-20)
(1.90384 0.0380169 0)
(1.89515 0.0142148 -3.78571e-20)
(1.87438 -0.0072194 0)
(1.86817 -0.0312639 -4.43842e-20)
(1.74182 -0.0581864 6.91459e-22)
(1.8762 0.136479 1.40047e-22)
(1.89347 0.117755 -2.03514e-22)
(1.90547 0.097931 2.03926e-22)
(1.91157 0.0784913 -1.97289e-21)
(1.9154 0.0574307 1.07226e-20)
(1.90795 0.0380384 8.48834e-22)
(1.91463 0.0166754 0)
(1.87774 -0.00355866 3.35244e-20)
(1.90891 -0.0213813 0)
(1.8148 -0.0495221 3.95257e-20)
(1.89306 0.121371 -9.40623e-23)
(1.90631 0.104921 0)
(1.91924 0.0869976 2.27907e-22)
(1.91956 0.0698337 -2.07849e-21)
(1.92939 0.0512423 -1.15842e-20)
(1.91182 0.0333738 0)
(1.93033 0.0161329 -2.52955e-20)
(1.8861 -0.00474063 -3.4301e-20)
(1.91859 -0.0177017 0)
(1.85929 -0.0431166 -3.91242e-20)
(1.91251 0.108141 -5.2854e-23)
(1.92152 0.0932149 -5.67788e-22)
(1.93631 0.077516 0)
(1.93099 0.0615733 -7.64331e-21)
(1.94503 0.0460757 -6.06453e-22)
(1.9222 0.028454 1.31956e-21)
(1.9417 0.0150471 2.46423e-20)
(1.90303 -0.00552143 8.11046e-22)
(1.9225 -0.0166451 2.81915e-20)
(1.88543 -0.0378401 0)
(1.93295 0.0963568 0)
(1.939 0.082586 5.23129e-22)
(1.95447 0.0693311 1.31934e-21)
(1.9468 0.0541915 -5.15423e-22)
(1.96063 0.041574 3.87676e-22)
(1.93927 0.0245552 6.08938e-22)
(1.95249 0.0134021 1.81493e-20)
(1.92341 -0.00516394 1.48857e-21)
(1.93136 -0.0161807 -3.96464e-21)
(1.90342 -0.0340058 -2.74355e-20)
(1.9534 0.0857364 5.04484e-22)
(1.95832 0.0730007 -1.28895e-23)
(1.97254 0.0618044 -5.37562e-22)
(1.96575 0.047637 -8.53117e-23)
(1.97633 0.0369188 5.07555e-21)
(1.95956 0.021343 0)
(1.96595 0.0110256 -2.00226e-20)
(1.9437 -0.00497842 6.05142e-22)
(1.94567 -0.0161703 -4.62443e-20)
(1.91993 -0.0316525 5.11957e-20)
(1.97353 0.0760186 -5.06966e-22)
(1.97855 0.0644195 -6.10354e-22)
(1.99046 0.0546661 -5.08829e-22)
(1.98584 0.0418238 1.77559e-21)
(1.9929 0.0321201 -1.03693e-21)
(1.98025 0.0184031 5.52052e-21)
(1.98251 0.00836792 -5.16035e-22)
(1.96354 -0.00544396 1.10684e-21)
(1.96345 -0.0163891 2.08734e-20)
(1.93808 -0.030141 -2.37956e-20)
(1.99328 0.0670767 0)
(1.99871 0.0567251 1.52509e-21)
(2.00846 0.0479587 -4.48178e-23)
(2.0057 0.0366114 -1.56267e-21)
(2.01046 0.0275436 -1.14198e-21)
(2.00029 0.0156035 -9.49718e-21)
(2.001 0.0059569 5.34724e-21)
(1.98355 -0.00617892 0)
(1.98309 -0.0164437 0)
(1.95834 -0.0288599 0)
(2.01256 0.0588776 0)
(2.01818 0.0497695 -1.84926e-21)
(2.02641 0.0417924 -8.6651e-23)
(2.02476 0.0318696 -4.511e-22)
(2.02845 0.023429 -2.69509e-21)
(2.01965 0.01298 4.60574e-21)
(2.02008 0.00398937 -6.31891e-21)
(2.00386 -0.00683667 3.56627e-22)
(2.00341 -0.0162456 0)
(1.97996 -0.027575 -7.77704e-21)
(2.03112 0.051395 9.30076e-23)
(2.03666 0.0434311 1.10334e-21)
(2.04395 0.0362086 1.31539e-21)
(2.04288 0.0275306 6.802e-23)
(2.04617 0.0198172 -1.93711e-23)
(2.03837 0.0105906 2.49786e-21)
(2.03886 0.00241113 -4.09217e-21)
(2.02405 -0.00732885 2.89494e-22)
(2.02354 -0.0158672 0)
(2.00201 -0.0262228 1.43381e-20)
(2.04868 0.0445778 0)
(2.054 0.0376314 1.45801e-21)
(2.06065 0.0311779 3.75165e-22)
(2.06 0.0235724 0)
(2.06309 0.0166548 0)
(2.05627 0.00846954 -2.12786e-21)
(2.05678 0.00113961 3.42585e-21)
(2.04364 -0.00763164 2.97674e-22)
(2.04293 -0.0153092 -1.16245e-22)
(2.02375 -0.0247285 -6.7472e-21)
(2.06498 0.0383557 0)
(2.07009 0.0323185 -2.92327e-21)
(2.07621 0.0266397 -2.12416e-21)
(2.07598 0.0199851 1.80249e-22)
(2.07886 0.0138804 -8.22449e-23)
(2.07312 0.00663597 1.03835e-22)
(2.07353 0.000148839 -2.81168e-22)
(2.0622 -0.00770035 -2.59311e-21)
(2.06123 -0.0145214 -3.86949e-22)
(2.04457 -0.0230179 1.45945e-22)
(2.07983 0.0326535 0)
(2.08478 0.0274484 1.62686e-21)
(2.09043 0.0225314 -1.18559e-22)
(2.09065 0.0167534 1.17579e-22)
(2.0933 0.0114493 0)
(2.08867 0.00509705 0)
(2.08891 -0.0005639 0)
(2.0794 -0.00750586 2.99766e-21)
(2.07814 -0.0134824 -3.17346e-21)
(2.064 -0.0210581 0)
(2.09312 0.0273988 0)
(2.09797 0.0229742 1.1413e-21)
(2.10317 0.0187956 1.18382e-21)
(2.10385 0.0138512 1.08205e-21)
(2.10625 0.00932512 -1.6151e-22)
(2.1027 0.00384245 3.1787e-22)
(2.10275 -0.001013 2.94674e-22)
(2.09498 -0.00705263 0)
(2.09343 -0.0122036 5.05359e-22)
(2.08167 -0.0188482 3.39399e-21)
(2.10474 0.0225269 -3.17605e-22)
(2.10953 0.0188458 -9.48007e-22)
(2.11433 0.0153784 -1.53813e-21)
(2.11546 0.0112422 -7.70439e-22)
(2.11761 0.0074701 0)
(2.11505 0.00284517 -3.15421e-22)
(2.11491 -0.00122665 -3.51949e-22)
(2.10872 -0.00636315 5.44496e-23)
(2.10689 -0.0107063 1.5178e-21)
(2.0973 -0.0163996 -4.63619e-21)
(2.11464 0.0180016 3.19236e-22)
(2.1194 0.0150314 -8.17003e-22)
(2.12383 0.0122445 5.69245e-22)
(2.12538 0.00889521 -1.13144e-21)
(2.12729 0.00585128 0)
(2.1256 0.00207532 0)
(2.12528 -0.00123376 -2.65783e-23)
(2.12047 -0.00546184 4.84652e-22)
(2.11838 -0.00901117 9.17817e-22)
(2.11068 -0.0137287 1.35913e-21)
(2.12276 0.0137123 0)
(2.12748 0.0114518 1.28355e-21)
(2.13162 0.0093324 -3.76051e-22)
(2.1335 0.00675887 1.06359e-21)
(2.13521 0.00442253 2.41327e-22)
(2.13425 0.00149058 -6.72973e-23)
(2.13377 -0.00107325 6.25082e-23)
(2.13008 -0.0043851 -3.67921e-22)
(2.12778 -0.00715274 0)
(2.12162 -0.0108686 0)
(2.12905 0.00962797 0)
(2.13373 0.00807682 5.53457e-22)
(2.13762 0.00661484 -8.33953e-22)
(2.13974 0.00480776 0)
(2.1413 0.00316083 -4.32192e-22)
(2.14087 0.00106591 -8.48906e-23)
(2.14027 -0.000770087 -1.27791e-22)
(2.13745 -0.00316487 4.42009e-23)
(2.13497 -0.00516518 3.29593e-24)
(2.13 -0.00786671 -4.47594e-23)
(2.13338 0.00576837 0)
(2.138 0.0049033 -5.56114e-22)
(2.14171 0.00409106 -4.10571e-22)
(2.14398 0.00305361 4.63297e-22)
(2.14542 0.00209647 1.63106e-22)
(2.14536 0.000844922 1.37304e-22)
(2.14466 -0.000266235 2.37037e-22)
(2.14242 -0.00173816 8.5374e-24)
(2.13982 -0.00298194 -3.06485e-23)
(2.13564 -0.00466516 0)
(2.13558 0.00180656 0)
(2.14017 0.0016416 2.55534e-22)
(2.14377 0.00148702 -2.26866e-22)
(2.14612 0.0012357 1.92648e-22)
(2.14749 0.000985681 0)
(2.1476 0.000607342 -1.37991e-22)
(2.14685 0.000248471 3.38741e-23)
(2.1449 -0.000258905 -3.57792e-23)
(2.14221 -0.000713 0)
(2.13842 -0.00133344 0)
(1.28437 0.322937 0)
(1.24545 0.353854 -4.61474e-20)
(1.21586 0.393759 0)
(1.19235 0.444053 -1.51742e-19)
(1.17161 0.504198 6.03919e-20)
(1.15196 0.576459 3.06615e-21)
(1.13179 0.662739 4.10248e-20)
(1.0931 0.753483 -1.09336e-20)
(0.958912 0.781831 0)
(0.559293 0.499182 2.8001e-20)
(1.35969 0.324571 8.23271e-20)
(1.32427 0.363401 4.61456e-20)
(1.30044 0.402123 -4.07422e-20)
(1.28202 0.450751 5.12852e-20)
(1.26653 0.510201 -3.6677e-20)
(1.25373 0.5817 1.06564e-20)
(1.24196 0.666425 -4.45533e-20)
(1.21003 0.753162 -7.97749e-20)
(1.0697 0.773241 -2.10188e-20)
(0.621513 0.482075 -3.92479e-20)
(1.43244 0.320594 -3.35745e-20)
(1.40376 0.361427 3.41222e-20)
(1.38486 0.399481 4.07403e-20)
(1.37013 0.447258 4.05817e-20)
(1.35921 0.505951 3.9823e-20)
(1.35298 0.575928 3.7984e-20)
(1.34891 0.657522 1.24228e-20)
(1.32179 0.737434 2.75383e-20)
(1.17191 0.746768 1.48999e-21)
(0.673168 0.451173 -1.59054e-21)
(1.50567 0.313425 6.72306e-20)
(1.48243 0.353705 -3.41203e-20)
(1.467 0.390195 0)
(1.45519 0.436164 0)
(1.4484 0.492801 0)
(1.44814 0.55987 1.82833e-20)
(1.45041 0.636578 -7.43058e-21)
(1.4251 0.707027 0)
(1.26121 0.703323 -7.12736e-21)
(0.709343 0.407463 1.80033e-20)
(1.576 0.302551 -9.05546e-21)
(1.55699 0.340833 3.96313e-20)
(1.54442 0.375313 0)
(1.53541 0.418716 0)
(1.53251 0.472012 6.19282e-21)
(1.53741 0.534771 3.34221e-21)
(1.54418 0.605145 1.06452e-20)
(1.51709 0.662791 -7.10276e-21)
(1.33226 0.644788 -3.07997e-20)
(0.727578 0.35533 -6.39821e-21)
(1.64032 0.287844 2.73238e-20)
(1.62512 0.322953 1.04149e-20)
(1.61521 0.355111 0)
(1.60905 0.395483 0)
(1.60985 0.444447 -1.09862e-20)
(1.61902 0.501403 1.7638e-21)
(1.6281 0.563559 5.77154e-21)
(1.59411 0.607841 -7.57733e-23)
(1.37996 0.573968 3.76412e-20)
(0.726866 0.296343 2.5162e-20)
(1.69805 0.269491 -1.18475e-20)
(1.68606 0.300418 1.24653e-20)
(1.67842 0.330048 6.52486e-21)
(1.6749 0.367005 -6.90288e-21)
(1.67886 0.41096 1.76661e-21)
(1.69095 0.461023 -1.88156e-21)
(1.69899 0.513308 1.18197e-20)
(1.65142 0.543726 -1.26947e-20)
(1.40241 0.494351 0)
(0.705775 0.233578 0)
(1.74842 0.247859 -6.38358e-21)
(1.7392 0.274409 6.71664e-21)
(1.73338 0.30125 0)
(1.73206 0.334513 0)
(1.73851 0.372845 0)
(1.75158 0.415163 -5.30869e-21)
(1.75416 0.456515 2.68828e-20)
(1.68588 0.472274 -2.85811e-20)
(1.39691 0.408652 0)
(0.663442 0.170973 -1.91702e-20)
(1.79207 0.223786 -6.74934e-22)
(1.78438 0.245222 1.00731e-21)
(1.7797 0.269714 7.43532e-22)
(1.7802 0.29888 0)
(1.78814 0.331312 4.37054e-21)
(1.79946 0.365586 -1.24916e-20)
(1.79129 0.395209 0)
(1.69462 0.395768 4.80615e-21)
(1.36041 0.320039 -1.73523e-20)
(0.600765 0.112518 2.85852e-20)
(1.8283 0.197645 0)
(1.82117 0.215609 -2.97118e-22)
(1.81747 0.236746 -7.43461e-22)
(1.8192 0.261338 0)
(1.82697 0.287728 -2.86336e-21)
(1.83309 0.313704 4.16306e-21)
(1.80777 0.33117 2.16446e-21)
(1.67434 0.316794 6.39417e-21)
(1.29077 0.232285 8.53341e-21)
(0.520923 0.061896 0)
(0.677701 0.0199245 -1.93035e-20)
(0.649386 0.022761 2.05384e-20)
(0.615001 0.0261021 1.1073e-20)
(0.573275 0.0299631 1.2158e-20)
(0.522464 0.0344986 -1.29099e-20)
(0.460073 0.0399223 -2.14215e-20)
(0.382961 0.0464313 7.73144e-21)
(0.284708 0.0535847 -1.71352e-20)
(0.157536 0.0568965 -1.88787e-20)
(0.0459549 0.0385609 0)
(0.691391 0.0595021 0)
(0.663407 0.0679075 -1.02653e-20)
(0.629069 0.0778637 -1.10361e-20)
(0.587518 0.0893732 0)
(0.537205 0.102882 2.60947e-20)
(0.475657 0.119035 1.41787e-20)
(0.399739 0.138441 0)
(0.302863 0.159785 -1.63904e-20)
(0.175675 0.169601 -6.31107e-23)
(0.0579658 0.114987 -1.98385e-20)
(0.718338 0.0982668 7.62177e-20)
(0.691028 0.111922 -8.02089e-20)
(0.656809 0.128286 0)
(0.61563 0.147223 0)
(0.566323 0.169416 0)
(0.506475 0.195939 -8.35933e-20)
(0.432973 0.227827 1.20463e-19)
(0.338759 0.262937 -3.19382e-20)
(0.2116 0.278986 0)
(0.0818216 0.189069 3.99053e-20)
(0.757674 0.135638 7.47547e-20)
(0.731396 0.154031 -7.86688e-20)
(0.697427 0.176451 -8.5477e-20)
(0.656873 0.202423 -1.61969e-21)
(0.609097 0.2328 1.47449e-19)
(0.551792 0.269097 -5.29912e-20)
(0.481887 0.312767 5.86466e-20)
(0.391606 0.360895 -1.26722e-19)
(0.264537 0.382822 6.87903e-20)
(0.116951 0.259046 0)
(0.808181 0.170948 -1.80286e-19)
(0.783293 0.193519 3.76734e-20)
(0.749772 0.221667 0)
(0.710177 0.254253 0)
(0.664514 0.292167 4.92943e-20)
(0.610597 0.337369 -1.51639e-19)
(0.545422 0.391762 1.09498e-19)
(0.46029 0.451762 -1.17793e-19)
(0.333326 0.478955 2.84196e-21)
(0.162462 0.323264 -6.64017e-20)
(0.868475 0.203371 2.44351e-19)
(0.845386 0.22917 -1.85239e-19)
(0.812518 0.26232 0)
(0.774159 0.300814 0)
(0.731131 0.345532 4.62731e-20)
(0.681428 0.398824 4.98527e-20)
(0.622096 0.462907 4.63373e-20)
(0.543296 0.533506 5.79622e-20)
(0.416387 0.565207 2.67315e-21)
(0.217125 0.380063 1.30245e-19)
(0.936743 0.232911 -1.38055e-19)
(0.915916 0.262125 -6.80337e-20)
(0.88405 0.300177 0)
(0.847336 0.343744 0)
(0.807459 0.393825 0)
(0.762634 0.453475 -9.00268e-20)
(0.710046 0.525371 8.75486e-20)
(0.638598 0.604571 0)
(0.511611 0.639544 -5.3089e-20)
(0.279348 0.427854 1.12938e-19)
(1.01257 0.255128 -6.51088e-20)
(0.993743 0.286286 6.80334e-20)
(0.962512 0.328651 6.66881e-20)
(0.927788 0.377263 7.04956e-20)
(0.891861 0.432755 7.43227e-20)
(0.852722 0.498397 7.80782e-20)
(0.807601 0.57705 -9.87827e-21)
(0.744132 0.663053 8.40541e-20)
(0.616632 0.699882 -4.56993e-20)
(0.347297 0.465096 4.87797e-20)
(1.0946 0.281029 -1.19717e-19)
(1.0768 0.314478 5.78005e-20)
(1.04535 0.359027 -6.66869e-20)
(1.01283 0.409079 -7.36074e-20)
(0.981463 0.466469 6.3227e-20)
(0.94875 0.535183 -9.14496e-21)
(0.91189 0.617996 -2.26496e-19)
(0.856957 0.708073 -1.49794e-19)
(0.728459 0.744554 4.3026e-20)
(0.418624 0.490205 -2.80301e-20)
(1.18692 0.287789 0)
(1.16333 0.323406 -5.77995e-20)
(1.13101 0.373364 0)
(1.10205 0.42799 5.53426e-20)
(1.07578 0.488902 -1.92977e-19)
(1.04945 0.560757 -1.31374e-19)
(1.02086 0.646538 1.37416e-19)
(0.974308 0.738393 7.08978e-20)
(0.843798 0.772159 0)
(0.490414 0.501832 6.8115e-20)
(0.825796 0.000999784 0)
(0.825589 0.00100919 -1.12811e-21)
(0.8246 0.00104931 1.12221e-21)
(0.823088 0.00115283 0)
(0.821381 0.00132433 -2.24298e-21)
(0.819497 0.00155939 2.23142e-21)
(0.817307 0.001858 0)
(0.814677 0.00222457 0)
(0.811506 0.00266776 0)
(0.807669 0.00319369 0)
(0.803078 0.0038247 1.11368e-21)
(0.797659 0.00457261 0)
(0.791269 0.00545044 0)
(0.783729 0.00647754 8.99444e-21)
(0.774843 0.00767709 -8.95009e-21)
(0.764386 0.00908171 0)
(0.752114 0.0107159 1.02529e-20)
(0.737708 0.0126547 -1.826e-20)
(0.720856 0.0148369 9.13916e-21)
(0.701005 0.0177457 9.34827e-21)
(0.834957 0.00285668 2.37799e-21)
(0.834715 0.00290611 4.47532e-21)
(0.833774 0.00307572 -4.45375e-21)
(0.832367 0.0034243 2.2255e-21)
(0.830765 0.00395761 2.22193e-21)
(0.828973 0.00467056 8.89503e-21)
(0.82687 0.00557041 -6.63701e-21)
(0.824331 0.00667328 -1.77614e-20)
(0.821253 0.00800534 3.76486e-20)
(0.817531 0.00958562 -1.7675e-20)
(0.813082 0.0114749 -1.66732e-20)
(0.807816 0.0137119 3.77141e-20)
(0.801594 0.0163374 -3.33429e-20)
(0.794246 0.0194094 1.77586e-20)
(0.785585 0.0229962 2.23019e-21)
(0.775398 0.0271966 3.83202e-20)
(0.763443 0.0320806 -3.70473e-20)
(0.749444 0.0378822 0)
(0.73302 0.0443954 2.2775e-21)
(0.714101 0.0531101 0)
(0.852644 0.00457676 -7.05913e-21)
(0.852471 0.00468926 -1.92809e-24)
(0.851696 0.00502796 8.84691e-21)
(0.850486 0.00565121 -4.3852e-21)
(0.849068 0.00656131 -1.10063e-20)
(0.847449 0.00775908 -2.20025e-21)
(0.845517 0.00926413 -2.20183e-21)
(0.84316 0.0111072 -2.1973e-21)
(0.840271 0.0133313 3.08769e-20)
(0.836772 0.0159674 1.63899e-22)
(0.832598 0.0191049 -3.95635e-20)
(0.827633 0.0228152 -2.20894e-21)
(0.821745 0.0271688 -4.41865e-21)
(0.814781 0.0322626 0)
(0.806575 0.0382054 -4.01654e-20)
(0.796934 0.0451666 3.11193e-20)
(0.785622 0.0532488 0)
(0.772451 0.0628731 -2.24546e-21)
(0.756912 0.0736122 -2.2815e-21)
(0.739825 0.0881004 -2.27311e-21)
(0.878339 0.00626319 2.3148e-21)
(0.878252 0.00644223 6.53638e-21)
(0.877685 0.006937 0)
(0.87672 0.00782324 -1.96078e-20)
(0.875537 0.00910551 1.73834e-20)
(0.874144 0.0107872 1.96092e-20)
(0.872446 0.0128945 -1.30344e-20)
(0.870342 0.0154731 2.17904e-21)
(0.867719 0.0185743 -2.8389e-20)
(0.864535 0.0222668 -1.45045e-22)
(0.860748 0.0266452 3.26898e-20)
(0.856221 0.0318086 -3.50893e-20)
(0.850826 0.0378583 -3.31759e-20)
(0.844437 0.0449345 7.4535e-20)
(0.836914 0.0531792 2.21361e-21)
(0.828099 0.0628432 6.63031e-21)
(0.817773 0.0740317 -7.15216e-20)
(0.805866 0.087413 1.63347e-21)
(0.79171 0.102186 -6.5609e-22)
(0.77727 0.122403 7.4407e-20)
(0.911124 0.00783037 4.53668e-21)
(0.911108 0.00808317 -1.70971e-20)
(0.910757 0.00873462 8.54046e-21)
(0.91006 0.00988175 4.27909e-21)
(0.909135 0.0115343 0)
(0.907991 0.0136968 0)
(0.906556 0.0163993 -4.29304e-21)
(0.904738 0.0197065 0)
(0.90245 0.0236491 -4.30689e-21)
(0.89968 0.0283843 0)
(0.89637 0.0339878 4.32614e-21)
(0.892385 0.0405719 -6.93513e-20)
(0.887625 0.0482651 -3.11151e-22)
(0.881991 0.0572612 -4.70745e-21)
(0.875382 0.0677206 6.9673e-20)
(0.867677 0.0799994 -4.40634e-21)
(0.858701 0.0941451 4.36409e-21)
(0.848506 0.11118 -7.09649e-20)
(0.836298 0.129674 7.52427e-20)
(0.8252 0.155553 1.42888e-19)
(0.949848 0.00918997 4.42131e-21)
(0.949874 0.00953446 -4.16922e-21)
(0.949717 0.0103559 -4.17503e-21)
(0.949278 0.0117661 -4.18062e-21)
(0.948605 0.0137839 -3.35718e-20)
(0.947708 0.0164128 6.30226e-20)
(0.946551 0.0196941 -3.78445e-20)
(0.945015 0.0236758 0)
(0.943111 0.0284862 -4.21604e-21)
(0.940849 0.0342323 -4.2243e-21)
(0.938084 0.0409996 -4.23312e-21)
(0.934724 0.048937 6.40799e-20)
(0.930729 0.058187 -1.41124e-19)
(0.926021 0.0690107 6.85491e-20)
(0.920562 0.0815524 0)
(0.914246 0.0963289 -4.281e-21)
(0.907007 0.113222 -1.47633e-19)
(0.898956 0.133797 1.38982e-19)
(0.889323 0.155595 -4.41338e-21)
(0.882137 0.187047 0)
(0.993276 0.0102645 4.28852e-21)
(0.993313 0.0107215 -1.21787e-20)
(0.993299 0.0117261 4.0591e-21)
(0.993075 0.0133953 2.44757e-20)
(0.992614 0.0157632 4.08617e-21)
(0.991938 0.0188426 -2.46583e-20)
(0.991 0.022678 4.08903e-21)
(0.98981 0.0273566 3.30493e-20)
(0.988387 0.0329963 8.29242e-21)
(0.986602 0.0396791 7.08116e-20)
(0.984408 0.0475094 -5.8427e-20)
(0.981752 0.0566969 -5.87265e-20)
(0.978657 0.0673688 7.1476e-20)
(0.975041 0.0798849 4.18513e-21)
(0.970982 0.0942917 4.19252e-21)
(0.966346 0.111366 8.48123e-21)
(0.961284 0.130615 8.49853e-21)
(0.955819 0.154469 -4.19142e-21)
(0.949413 0.178929 0)
(0.946385 0.215921 1.34982e-19)
(1.04025 0.0109646 -1.24468e-20)
(1.04025 0.0115602 2.99756e-25)
(1.0403 0.0127741 -3.9444e-21)
(1.04021 0.0146948 -3.56982e-20)
(1.03991 0.0173807 2.39001e-20)
(1.03941 0.0208805 -4.01021e-21)
(1.03875 0.0252265 0)
(1.03791 0.0305514 0)
(1.03686 0.0368948 -8.10931e-21)
(1.03554 0.0444075 -4.0525e-21)
(1.03397 0.0531886 -4.11269e-21)
(1.0321 0.0635213 -4.13317e-21)
(1.03003 0.0754486 0)
(1.02764 0.0895132 -8.26881e-21)
(1.02521 0.105495 -4.18921e-21)
(1.02246 0.124674 -8.30244e-21)
(1.01999 0.145686 -4.21429e-21)
(1.01749 0.172498 -1.2808e-19)
(1.01517 0.198186 1.32899e-19)
(1.01728 0.240257 0)
(1.08972 0.0112341 0)
(1.08967 0.0120013 3.80138e-21)
(1.08969 0.0134735 1.91708e-21)
(1.08964 0.015637 0)
(1.08945 0.0185711 3.47865e-20)
(1.08911 0.0223811 -3.11241e-20)
(1.08867 0.0271342 6.45e-20)
(1.08811 0.0329259 -6.29837e-20)
(1.08746 0.0398229 5.94224e-21)
(1.08665 0.0480398 2.02171e-21)
(1.0858 0.05761 0)
(1.08477 0.0689351 0)
(1.08389 0.0818711 0)
(1.08283 0.0973109 1.33208e-19)
(1.08233 0.114505 -2.59315e-19)
(1.08157 0.135796 5.14467e-21)
(1.08212 0.158296 1.30109e-19)
(1.08258 0.189121 0)
(1.08496 0.216664 0)
(1.09316 0.26638 1.24786e-19)
(1.14088 0.0115532 0)
(1.14093 0.0123458 -1.46257e-20)
(1.14089 0.0138536 -1.28593e-20)
(1.14075 0.0160836 2.97422e-20)
(1.14057 0.019118 2.99041e-20)
(1.14035 0.0230908 -9.04316e-20)
(1.14014 0.0280702 5.89143e-20)
(1.13989 0.034188 0)
(1.13973 0.0414692 -1.93447e-21)
(1.13951 0.050183 -5.99083e-20)
(1.13956 0.060256 1.24653e-19)
(1.13954 0.0722408 -6.28044e-20)
(1.14024 0.0856988 0)
(1.1408 0.101932 -1.25502e-19)
(1.14309 0.119369 2.52138e-19)
(1.145 0.141467 -1.26644e-19)
(1.15075 0.163093 0)
(1.15592 0.194661 -1.21781e-19)
(1.16709 0.219076 1.23053e-19)
(1.1847 0.274094 -1.8981e-21)
(1.19226 0.0119174 0)
(1.19218 0.0127101 0)
(1.19204 0.0142291 0)
(1.19187 0.0165489 0)
(1.19177 0.0197517 0)
(1.1917 0.0239644 0)
(1.19173 0.029229 0)
(1.19178 0.0357143 0)
(1.19207 0.0433967 0)
(1.19235 0.0526375 0)
(1.19325 0.0632234 0)
(1.19398 0.0759972 0)
(1.19623 0.0900644 0)
(1.19776 0.107642 0)
(1.20303 0.125567 0)
(1.20566 0.150425 0)
(1.21792 0.171184 0)
(1.22161 0.20964 0)
(1.25261 0.225905 0)
(1.25573 0.297474 0)
(1.24543 0.0120552 0)
(1.24537 0.0128223 0)
(1.24526 0.0143024 0)
(1.2452 0.0165748 0)
(1.2453 0.0197165 0)
(1.24549 0.0238517 0)
(1.24589 0.0289858 0)
(1.24632 0.035304 0)
(1.24716 0.0427135 0)
(1.24798 0.0516369 0)
(1.24975 0.0616796 0)
(1.2512 0.0738832 0)
(1.25484 0.0868845 0)
(1.25719 0.103479 0)
(1.26474 0.119344 0)
(1.26801 0.142414 0)
(1.28404 0.159473 0)
(1.28719 0.193091 0)
(1.32145 0.204824 0)
(1.31895 0.253586 0)
(1.30122 0.0122847 0)
(1.30116 0.0129847 0)
(1.30107 0.0143284 0)
(1.3011 0.0164521 0)
(1.30139 0.0194409 0)
(1.30181 0.023414 0)
(1.30251 0.0283388 0)
(1.30327 0.0344037 0)
(1.30459 0.0414576 0)
(1.30587 0.0499502 0)
(1.30834 0.0593687 0)
(1.31037 0.0708168 0)
(1.31502 0.0827269 0)
(1.31801 0.0979439 0)
(1.32688 0.111998 0)
(1.33066 0.1323 0)
(1.34782 0.146791 0)
(1.35084 0.174032 0)
(1.3837 0.184189 0)
(1.38059 0.219773 0)
(1.3588 0.0124701 0)
(1.35864 0.0130991 0)
(1.35851 0.0142707 0)
(1.35863 0.0161975 0)
(1.35911 0.0189893 0)
(1.35975 0.0227609 0)
(1.36073 0.0274442 0)
(1.36177 0.0332185 0)
(1.36348 0.0398913 0)
(1.36514 0.0479104 0)
(1.36817 0.0567099 0)
(1.37067 0.0673604 0)
(1.37602 0.0782852 0)
(1.3795 0.0921054 0)
(1.38908 0.104699 0)
(1.3932 0.122431 0)
(1.4105 0.135151 0)
(1.41342 0.157713 0)
(1.44473 0.167052 0)
(1.44121 0.195607 0)
(1.4173 0.012447 0)
(1.41696 0.0130354 0)
(1.41673 0.0140624 0)
(1.41693 0.0157886 0)
(1.41759 0.0183601 0)
(1.41843 0.021897 0)
(1.41965 0.0263037 0)
(1.42093 0.0317424 0)
(1.42296 0.037993 0)
(1.42493 0.0454831 0)
(1.42838 0.0536343 0)
(1.43124 0.0634399 0)
(1.43707 0.0733999 0)
(1.44087 0.0858473 0)
(1.45081 0.0971073 0)
(1.45508 0.112604 0)
(1.47219 0.123792 0)
(1.47497 0.142907 0)
(1.50474 0.151155 0)
(1.50081 0.17492 0)
(1.47585 0.0122828 0)
(1.47531 0.0128402 0)
(1.47492 0.0137306 0)
(1.47516 0.0152468 0)
(1.47601 0.017575 0)
(1.47704 0.0208466 0)
(1.47847 0.024946 0)
(1.47994 0.0300124 0)
(1.48222 0.0358084 0)
(1.48442 0.042731 0)
(1.48817 0.0502126 0)
(1.49128 0.0591561 0)
(1.4974 0.0681672 0)
(1.5014 0.079307 0)
(1.51145 0.0893176 0)
(1.51576 0.102867 0)
(1.53244 0.112643 0)
(1.53509 0.128972 0)
(1.56312 0.136047 0)
(1.55915 0.156014 0)
(1.53378 0.0120358 0)
(1.53299 0.0125583 0)
(1.53237 0.0133008 0)
(1.53262 0.0145903 0)
(1.53363 0.016656 0)
(1.53484 0.019641 0)
(1.53644 0.0234134 0)
(1.53806 0.0280856 0)
(1.54052 0.03341 0)
(1.54288 0.0397489 0)
(1.54682 0.0465588 0)
(1.55009 0.0546532 0)
(1.55635 0.0627506 0)
(1.56044 0.0726715 0)
(1.5704 0.0815261 0)
(1.57471 0.0933641 0)
(1.59072 0.101863 0)
(1.59335 0.11585 0)
(1.61945 0.121887 0)
(1.61587 0.138742 0)
(1.59046 0.0117038 0)
(1.58937 0.0121889 0)
(1.58843 0.0127758 0)
(1.58865 0.0138287 0)
(1.5898 0.0156237 0)
(1.59118 0.018313 0)
(1.59292 0.0217506 0)
(1.59464 0.0260193 0)
(1.5972 0.0308674 0)
(1.59966 0.0366223 0)
(1.6037 0.0427726 0)
(1.60706 0.0500468 0)
(1.61332 0.0572777 0)
(1.61745 0.0660712 0)
(1.62715 0.0738683 0)
(1.63145 0.0841908 0)
(1.64661 0.0915613 0)
(1.64932 0.103553 0)
(1.67338 0.108723 0)
(1.67051 0.12298 0)
(1.64529 0.0112859 0)
(1.64383 0.0117315 0)
(1.64251 0.0121595 0)
(1.64265 0.0129747 0)
(1.64394 0.0145022 0)
(1.64546 0.0168986 0)
(1.64731 0.0200032 0)
(1.64908 0.023868 0)
(1.65168 0.028244 0)
(1.65419 0.0334241 0)
(1.65824 0.0389358 0)
(1.66163 0.0454262 0)
(1.66779 0.0518428 0)
(1.67192 0.0595953 0)
(1.68123 0.066431 0)
(1.68553 0.0754037 0)
(1.69971 0.0817855 0)
(1.70261 0.0920569 0)
(1.72455 0.0965003 0)
(1.72262 0.108548 0)
(1.69768 0.0107895 0)
(1.69581 0.0111882 0)
(1.69403 0.0114529 0)
(1.69407 0.0120378 0)
(1.69548 0.0133145 0)
(1.69715 0.0154327 0)
(1.69906 0.0182141 0)
(1.70085 0.0216807 0)
(1.70343 0.0255948 0)
(1.70594 0.0302161 0)
(1.70993 0.0351157 0)
(1.71332 0.0408615 0)
(1.71927 0.0465168 0)
(1.72339 0.0533081 0)
(1.7322 0.0592719 0)
(1.73653 0.0670356 0)
(1.74964 0.0725493 0)
(1.75282 0.0813199 0)
(1.77264 0.085143 0)
(1.77178 0.0952918 0)
(1.74708 0.0102262 0)
(1.74475 0.0105565 0)
(1.74247 0.0106466 0)
(1.74239 0.0110205 0)
(1.74393 0.0120811 0)
(1.74573 0.0139481 0)
(1.74767 0.016421 0)
(1.74944 0.0194993 0)
(1.75196 0.0229658 0)
(1.75444 0.027049 0)
(1.75831 0.0313654 0)
(1.76166 0.0364065 0)
(1.76735 0.0413512 0)
(1.77143 0.0472545 0)
(1.77969 0.0524255 0)
(1.78407 0.0591011 0)
(1.79608 0.063846 0)
(1.79959 0.071296 0)
(1.81732 0.0745813 0)
(1.8176 0.0830881 0)
(1.79298 0.00958456 0)
(1.79015 0.0098054 0)
(1.78734 0.00971263 0)
(1.78719 0.00992135 0)
(1.78887 0.0108252 0)
(1.79079 0.0124775 0)
(1.79271 0.0146579 0)
(1.79444 0.0173592 0)
(1.79684 0.0203951 0)
(1.79927 0.0239632 0)
(1.80297 0.0277254 0)
(1.80627 0.0321002 0)
(1.81164 0.0363807 0)
(1.81569 0.0414619 0)
(1.82336 0.0459084 0)
(1.8278 0.0515997 0)
(1.83871 0.0556565 0)
(1.84259 0.0619375 0)
(1.8583 0.0647484 0)
(1.85974 0.0718293 0)
(1.8349 0.00872925 0)
(1.83153 0.00880173 0)
(1.82826 0.0085724 0)
(1.82811 0.00872933 0)
(1.82994 0.00957 0)
(1.83192 0.0110474 0)
(1.83379 0.0129488 0)
(1.83544 0.0152874 0)
(1.8377 0.0179137 0)
(1.84006 0.0209911 0)
(1.84355 0.0242257 0)
(1.84679 0.0279691 0)
(1.85182 0.0316259 0)
(1.85583 0.0359437 0)
(1.86289 0.0397227 0)
(1.86741 0.0445192 0)
(1.87725 0.0479524 0)
(1.88152 0.0531928 0)
(1.89535 0.0555769 0)
(1.89789 0.0614137 0)
(1.87243 0.00725812 0)
(1.86853 0.00723383 0)
(1.86493 0.00709718 0)
(1.86487 0.00744937 0)
(1.86679 0.00835082 0)
(1.86875 0.00967777 0)
(1.87051 0.0113065 0)
(1.87206 0.0133023 0)
(1.87417 0.0155444 0)
(1.87643 0.0181552 0)
(1.8797 0.0208848 0)
(1.88286 0.0240274 0)
(1.88755 0.0270945 0)
(1.89153 0.0306998 0)
(1.89801 0.0338581 0)
(1.90261 0.037836 0)
(1.91146 0.0406964 0)
(1.9161 0.0450045 0)
(1.92821 0.0469962 0)
(1.9318 0.0517421 0)
(1.90512 0.00457797 0)
(1.90087 0.00477085 0)
(1.89717 0.0053498 0)
(1.89715 0.00631326 0)
(1.89896 0.00735565 0)
(1.90075 0.00848065 0)
(1.90235 0.0098033 0)
(1.90381 0.0114577 0)
(1.90577 0.0133249 0)
(1.90794 0.0154782 0)
(1.911 0.0177132 0)
(1.91409 0.0202766 0)
(1.91847 0.0227792 0)
(1.92244 0.0257137 0)
(1.92841 0.0282876 0)
(1.9331 0.0315104 0)
(1.94107 0.0338373 0)
(1.94607 0.0373041 0)
(1.95667 0.0389275 0)
(1.96121 0.0427117 0)
(1.93239 -0.00060974 0)
(1.92824 0.000433855 0)
(1.9246 0.00285659 0)
(1.92416 0.00503794 0)
(1.92539 0.00634574 0)
(1.92689 0.0072735 0)
(1.92843 0.00831424 0)
(1.92992 0.00965719 0)
(1.93183 0.0111672 0)
(1.93398 0.0128775 0)
(1.93692 0.0146354 0)
(1.94004 0.0166469 0)
(1.94421 0.0186131 0)
(1.94824 0.0209174 0)
(1.95381 0.0229411 0)
(1.95863 0.0254665 0)
(1.96589 0.0272947 0)
(1.97124 0.0299991 0)
(1.98059 0.0312744 0)
(1.98595 0.034206 0)
(1.94959 -0.00470419 0)
(1.94776 -0.00262144 0)
(1.94518 0.0017507 0)
(1.944 0.0047443 0)
(1.94445 0.00591473 0)
(1.94591 0.00646098 0)
(1.94779 0.00711803 0)
(1.94966 0.00805001 0)
(1.95178 0.00911688 0)
(1.95414 0.0103363 0)
(1.95717 0.0116022 0)
(1.96047 0.0130719 0)
(1.96461 0.0145194 0)
(1.9688 0.0162267 0)
(1.97414 0.0177305 0)
(1.97916 0.0196102 0)
(1.98589 0.0209737 0)
(1.99157 0.0229849 0)
(1.99995 0.0239339 0)
(2.00601 0.026102 0)
(1.95889 -0.000140777 0)
(1.96068 0.000160917 0)
(1.95935 0.00199888 0)
(1.95694 0.00347298 0)
(1.95675 0.00422547 0)
(1.95862 0.00472588 0)
(1.96121 0.00526442 0)
(1.96373 0.00590353 0)
(1.96631 0.00659393 0)
(1.96908 0.00739747 0)
(1.97238 0.00825477 0)
(1.97598 0.0092669 0)
(1.98021 0.0102695 0)
(1.98461 0.0114534 0)
(1.98982 0.0124993 0)
(1.99503 0.0138045 0)
(2.00138 0.0147555 0)
(2.00732 0.0161475 0)
(2.01496 0.016806 0)
(2.02153 0.0182873 0)
(1.96007 0.0179109 0)
(1.96372 0.0149748 0)
(1.96526 0.00818654 0)
(1.96537 0.00334615 0)
(1.96668 0.00180725 0)
(1.96934 0.00201856 0)
(1.97239 0.00257013 0)
(1.97522 0.00304257 0)
(1.97801 0.00347044 0)
(1.98097 0.00397827 0)
(1.98433 0.00454071 0)
(1.98801 0.00519837 0)
(1.99215 0.00584345 0)
(1.99656 0.00658613 0)
(2.00155 0.00724081 0)
(2.00676 0.00804109 0)
(2.01273 0.00862896 0)
(2.01876 0.00946768 0)
(2.02579 0.00987107 0)
(2.03262 0.0107363 0)
(1.98958 0.0153632 0)
(1.98205 0.0133744 0)
(1.97674 0.00730754 0)
(1.97782 0.00252987 0)
(1.98114 0.000663755 0)
(1.98379 0.000483804 0)
(1.98549 0.000682141 0)
(1.98692 0.000838314 0)
(1.98862 0.00096725 0)
(1.99078 0.00113913 0)
(1.99347 0.00134387 0)
(1.9966 0.00158462 0)
(2.00022 0.00181967 0)
(2.00425 0.00208477 0)
(2.00883 0.00231739 0)
(2.01381 0.002597 0)
(2.01938 0.00280178 0)
(2.0253 0.00309132 0)
(2.03187 0.00322696 0)
(2.03872 0.00352252 0)
(1.33347 0.279933 -1.41511e-21)
(1.40783 0.2664 -8.28899e-20)
(1.47541 0.259389 0)
(1.54237 0.252627 -6.13559e-20)
(1.60755 0.244122 0)
(1.66684 0.234061 -3.76526e-20)
(1.71973 0.222104 1.45033e-20)
(1.76604 0.207777 -3.56798e-22)
(1.80583 0.19194 0)
(1.83874 0.172579 0)
(1.38521 0.244071 9.27277e-20)
(1.45954 0.236666 0)
(1.52591 0.234025 6.96891e-20)
(1.58634 0.230928 0)
(1.64516 0.22399 -1.37946e-21)
(1.69885 0.214288 2.08843e-20)
(1.74683 0.202384 5.34981e-22)
(1.78825 0.188652 -2.40007e-22)
(1.82391 0.172767 2.39652e-22)
(1.85279 0.155258 2.92361e-22)
(1.4394 0.217827 -9.17497e-20)
(1.50846 0.213746 0)
(1.57326 0.209994 -6.73878e-20)
(1.62945 0.206227 -1.98577e-21)
(1.68312 0.199592 4.89937e-20)
(1.73217 0.190344 -1.95441e-20)
(1.77658 0.179282 9.65851e-22)
(1.81358 0.16702 -4.03467e-22)
(1.84624 0.152722 0)
(1.87116 0.137817 -7.52141e-22)
(1.49508 0.195349 0)
(1.55832 0.192495 7.66336e-20)
(1.62011 0.188288 -1.95509e-21)
(1.67264 0.184219 3.61838e-21)
(1.72129 0.178486 -5.20519e-20)
(1.76541 0.170187 1.38855e-21)
(1.80639 0.160066 -1.53819e-20)
(1.83945 0.148841 0)
(1.8699 0.136161 -4.22877e-21)
(1.89108 0.122751 5.55232e-22)
(1.5506 0.174748 -8.34003e-20)
(1.60805 0.172739 8.20884e-22)
(1.66559 0.16879 -4.12355e-21)
(1.71465 0.164443 3.57036e-21)
(1.75893 0.15922 -1.65247e-21)
(1.79848 0.15177 -1.14007e-21)
(1.83606 0.142671 1.58679e-21)
(1.8657 0.132354 5.56538e-21)
(1.89406 0.121185 4.48342e-21)
(1.91215 0.109002 0)
(1.60508 0.155881 1.63254e-19)
(1.65709 0.154458 -1.47074e-19)
(1.70982 0.150996 -1.88955e-21)
(1.75531 0.146595 1.89157e-21)
(1.79566 0.14172 0)
(1.83113 0.135053 2.06178e-20)
(1.86521 0.12702 4.65412e-22)
(1.89199 0.117547 -7.1884e-21)
(1.91807 0.107746 3.55475e-22)
(1.93404 0.0966 -8.64967e-22)
(1.65794 0.138702 -7.98867e-20)
(1.70483 0.137666 7.45003e-20)
(1.75257 0.134706 -3.98407e-21)
(1.79436 0.13047 1.87022e-21)
(1.83106 0.125871 2.43038e-20)
(1.86296 0.119875 -9.86136e-22)
(1.89358 0.112823 1.85806e-20)
(1.91794 0.10422 0)
(1.94157 0.0955798 2.70333e-21)
(1.95623 0.0854513 8.69237e-22)
(1.7087 0.123025 0)
(1.75073 0.122245 0)
(1.79357 0.11973 0)
(1.83158 0.115801 2.92703e-20)
(1.86486 0.111479 -5.02548e-20)
(1.89359 0.106071 1.86438e-22)
(1.92095 0.0998718 -8.03829e-21)
(1.94315 0.0921722 -8.99746e-22)
(1.96436 0.0845038 -5.1966e-21)
(1.97811 0.0754154 0)
(1.75694 0.108663 -3.70158e-20)
(1.79436 0.108072 0)
(1.83252 0.105942 -1.82173e-21)
(1.86678 0.102392 -2.41412e-20)
(1.89683 0.0983775 2.26919e-20)
(1.92271 0.0935 -2.11075e-20)
(1.9471 0.0880317 -8.93338e-21)
(1.96728 0.0812265 -4.18152e-22)
(1.98629 0.074398 6.35618e-21)
(1.99919 0.0663376 0)
(1.8023 0.0954676 7.27457e-20)
(1.83539 0.0950279 0)
(1.86914 0.093231 -1.80405e-21)
(1.89978 0.090082 -2.39472e-20)
(1.92679 0.0864061 -1.62705e-21)
(1.95005 0.0820202 1.24066e-21)
(1.97181 0.0771879 8.55417e-21)
(1.99008 0.0712268 -8.77264e-21)
(2.00716 0.0651636 -2.79343e-21)
(2.01916 0.0580743 1.74063e-22)
(1.84445 0.0833159 -3.46769e-20)
(1.87351 0.0829984 8.87386e-22)
(1.90317 0.0814915 -1.99364e-21)
(1.93037 0.0787348 2.89361e-20)
(1.95454 0.0754194 -1.62676e-21)
(1.97543 0.0714981 0)
(1.99486 0.067236 1.32984e-22)
(2.01134 0.0620481 -1.89079e-22)
(2.02674 0.0567074 -3.32417e-21)
(2.03784 0.050512 0)
(1.88313 0.0720951 -1.04238e-21)
(1.90846 0.0718748 2.99796e-21)
(1.93438 0.0706189 -3.74257e-21)
(1.9584 0.0682329 3.40542e-21)
(1.97995 0.0652873 -1.62702e-21)
(1.99867 0.0618112 -1.27087e-21)
(2.01606 0.0580744 -7.63183e-21)
(2.03093 0.0535884 7.03928e-21)
(2.04484 0.0489376 7.25255e-21)
(2.05508 0.0435622 0)
(1.91808 0.0616989 0)
(1.94004 0.0615518 -3.19145e-20)
(1.96258 0.0605113 0)
(1.98371 0.0584689 1.35488e-20)
(2.00287 0.0558922 0)
(2.01966 0.0528471 0)
(2.03526 0.0496042 5.60476e-22)
(2.0487 0.0457596 -5.65211e-22)
(2.06129 0.0417664 -3.46082e-21)
(2.07077 0.0371508 0)
(1.94908 0.0520245 3.22347e-20)
(1.96804 0.0519262 3.27287e-20)
(1.98761 0.0510678 0)
(2.00617 0.0493407 1.58598e-21)
(2.0232 0.0471255 -1.39346e-20)
(2.0383 0.0445014 -1.29555e-21)
(2.05233 0.0417301 -3.60354e-21)
(2.06454 0.0384811 -4.89956e-22)
(2.07598 0.0351129 -1.32981e-21)
(2.08479 0.0312105 0)
(1.97595 0.0429674 -4.92581e-20)
(1.99232 0.0428944 -1.55457e-20)
(2.00934 0.0421877 -1.73562e-21)
(2.02568 0.0407491 -1.01105e-20)
(2.04087 0.0388847 2.30023e-20)
(2.0545 0.0366746 0)
(2.06721 0.0343598 5.50691e-21)
(2.07839 0.031674 -5.82894e-22)
(2.08881 0.0289046 1.83166e-21)
(2.09708 0.0256785 3.90112e-22)
(1.99857 0.0344148 1.61854e-20)
(2.01279 0.0343496 1.72871e-20)
(2.02769 0.0337718 1.08361e-20)
(2.04219 0.0325998 1.76596e-21)
(2.05583 0.0310761 -1.23241e-20)
(2.06825 0.0292764 0)
(2.07985 0.0274046 5.00766e-21)
(2.09017 0.0252634 -2.70963e-21)
(2.09975 0.0230587 5.12148e-22)
(2.10755 0.020518 -3.92126e-22)
(2.01695 0.0262516 1.5872e-20)
(2.02946 0.0261856 0)
(2.04268 0.0257253 -1.61066e-20)
(2.0557 0.0248092 1.00429e-20)
(2.0681 0.0236256 -1.6279e-21)
(2.07953 0.0222348 1.32068e-21)
(2.09023 0.0208038 -5.77707e-21)
(2.09987 0.019181 -1.12501e-21)
(2.10877 0.017521 5.19454e-22)
(2.11618 0.0156087 0)
(2.0312 0.0183768 -6.93899e-21)
(2.04242 0.018301 8.28619e-22)
(2.05436 0.0179475 -1.86446e-21)
(2.06624 0.0172859 1.57763e-21)
(2.07767 0.0164545 -1.62679e-21)
(2.08832 0.0154863 2.81502e-21)
(2.09832 0.014507 0)
(2.1074 0.0133896 2.23376e-21)
(2.11575 0.0122682 -9.73736e-22)
(2.12285 0.0109161 2.06976e-22)
(2.04133 0.0107641 -7.76292e-21)
(2.0516 0.0106388 1.79233e-21)
(2.06263 0.0103381 -9.40297e-26)
(2.07371 0.00989151 -4.91247e-21)
(2.08444 0.00939453 -1.54001e-21)
(2.09453 0.00885646 -5.55646e-21)
(2.104 0.00833543 1.94914e-21)
(2.11267 0.0077526 -4.07888e-23)
(2.12059 0.00717019 9.78492e-22)
(2.12745 0.00647192 -2.08061e-22)
(2.04678 0.00350337 0)
(2.05648 0.00332979 0)
(2.06702 0.00305795 -5.23997e-21)
(2.07771 0.0027609 1.74869e-21)
(2.08809 0.00250549 1.54815e-21)
(2.09788 0.00230428 1.419e-21)
(2.10706 0.00216684 6.00102e-22)
(2.11548 0.00206191 -1.70874e-21)
(2.12317 0.00198518 5.35557e-22)
(2.12985 0.00191438 0)
)
;

boundaryField
{
    bottom
    {
        type            symmetryPlane;
    }
    right
    {
        type            zeroGradient;
    }
    top
    {
        type            symmetryPlane;
    }
    left
    {
        type            zeroGradient;
    }
    cylinder
    {
        type            noSlip;
    }
    defaultFaces
    {
        type            empty;
    }
}


// ************************************************************************* //
